2.041426279805353261e+04 2.021845570106836749e+04
2.071234797173054903e+04 2.050836140598462589e+04
2.100635142316901329e+04 2.079397358723522848e+04
2.129570324358988000e+04 2.107472670888107677e+04
2.157981934892671779e+04 2.135004199999953198e+04
2.185808349835802437e+04 2.161931206252366974e+04
2.212984488938572031e+04 2.188189901813388860e+04
2.239443990635152295e+04 2.213715360116398369e+04
2.265118772100547358e+04 2.238441096632010158e+04
2.289937012236624651e+04 2.262297160051452374e+04
2.313825407583942069e+04 2.285212291555507545e+04
2.336709944975298640e+04 2.307114674400268268e+04
2.358513554605433819e+04 2.327929786284253714e+04
2.379156616684450637e+04 2.347580887177422846e+04
2.398559498978801639e+04 2.365991378700217319e+04
2.416641919553155822e+04 2.383084249873139925e+04
2.433321212385406398e+04 2.398780529124928944e+04
2.448515131724508319e+04 2.413001851744347732e+04
2.462142604884890898e+04 2.425671168131323429e+04
2.474121858863704256e+04 2.436711107192300551e+04
2.484371622011716681e+04 2.446045076418567987e+04
2.492813203947181319e+04 2.453599140730994259e+04
2.499370488326561826e+04 2.459302112132709226e+04
2.503969777300011629e+04 2.463085523765151811e+04
2.506541294942529930e+04 2.464884857934641695e+04
2.507020035717684004e+04 2.464640344491740325e+04
2.505347662739556472e+04 2.462299004659700222e+04
2.501472236653358414e+04 2.457814236059989707e+04
2.495347930120156525e+04 2.451145378181209526e+04
2.486938913866051735e+04 2.442261604332720162e+04
2.476222134194281534e+04 2.431144684717279961e+04
2.463182241931890530e+04 2.417783787145046153e+04
2.447813444003425320e+04 2.402177269783098382e+04
2.430131045011448077e+04 2.384344139339760295e+04
2.410162920625153856e+04 2.364315505289458088e+04
2.387944515803300965e+04 2.342129559512414926e+04
2.363533427315973677e+04 2.317846055336944482e+04
2.337013016239217905e+04 2.291549866396280777e+04
2.308473011423555727e+04 2.263331665373450596e+04
2.278014915913748700e+04 2.233293338415388644e+04
2.245777357418369502e+04 2.201573356683564270e+04
2.211909673292330626e+04 2.168320340558277894e+04
2.176562313519110467e+04 2.133683491563264397e+04
2.139918425912340172e+04 2.097844583307256471e+04
2.102190445969920256e+04 2.061014566070584260e+04
2.063584531325387070e+04 2.023397656243930760e+04
2.024307419242401375e+04 1.985198708480712958e+04
1.984587522499083934e+04 1.946645497559790238e+04
1.944646832035640546e+04 1.907959320048189329e+04
1.904694891267771163e+04 1.869348832026170930e+04
1.864952442390065335e+04 1.831035838827404586e+04
1.825643262734944074e+04 1.793246581525735019e+04
1.786973717358971408e+04 1.756189661423853977e+04
1.749147422934334463e+04 1.720072600942368081e+04
1.712387737736461349e+04 1.685127229238789732e+04
1.676904117647475505e+04 1.651572065878858484e+04
1.642863515376500800e+04 1.619583590088655001e+04
1.610268645458504398e+04 1.589176526033288610e+04
1.579062691055434516e+04 1.560306535485934546e+04
1.549177799542074536e+04 1.532917653598640754e+04
1.520459793497133614e+04 1.506866445230109639e+04
1.492728514384604932e+04 1.481982213325492012e+04
1.465791020936945824e+04 1.458078988464190115e+04
1.439387336151870659e+04 1.434898041528773138e+04
1.413256771193544955e+04 1.412176674964762788e+04
1.387105771661000472e+04 1.389610778224945352e+04
1.360612296664649693e+04 1.366858670390884254e+04
1.333451530216217179e+04 1.343567550660644156e+04
1.305252558979162495e+04 1.319321478747546280e+04
1.275666524269173351e+04 1.293718336364247079e+04
1.244369590245586915e+04 1.266366007217592232e+04
1.211093258680803410e+04 1.236921739280181828e+04
1.175715849071474804e+04 1.205191274840968254e+04
1.138231625267736126e+04 1.171102314047333311e+04
1.098861670789544951e+04 1.134834012731491566e+04
1.057963459757230885e+04 1.096722967709361365e+04
1.016089861133344311e+04 1.057337936194334543e+04
9.738649772818489510e+03 1.017342607525490712e+04
9.319855980110682140e+03 9.775015105783115359e+03
8.911487450435353821e+03 9.385973507576030897e+03
8.520218574255804924e+03 9.013966534798380962e+03
8.152044900070699441e+03 8.666045070330390445e+03
7.812263328807054677e+03 8.348626650771653658e+03
7.504439651443365619e+03 8.066290142695978830e+03
7.230481150297326167e+03 7.821833350649636486e+03
6.988976851856614303e+03 7.614274674414104084e+03
6.776088361029084808e+03 7.439768819790679117e+03
6.584593115953482084e+03 7.290296158424295754e+03
6.405640888849834482e+03 7.155536912815110554e+03
6.229435201095678167e+03 7.023545848165030293e+03
6.046701390576386075e+03 6.882442519040555453e+03
5.849917917986864268e+03 6.722040105548645442e+03
5.634257345834662374e+03 6.535215206318786841e+03
5.398712733047544134e+03 6.319662592710494209e+03
5.146413848366202728e+03 6.078618319220729063e+03
4.884107491264861892e+03 5.820381052190990886e+03
4.621079385743084458e+03 5.556965839755727757e+03
4.367694428587988114e+03 5.302115938812096829e+03
4.133948056642394477e+03 5.069292295785105125e+03
3.927610482816205604e+03 4.869180299725542682e+03
3.751979832948870353e+03 4.706706077330931294e+03
3.604350114929466145e+03 4.578906434265826647e+03
3.476664747270336193e+03 4.475537158677820116e+03
3.358274380566734635e+03 4.382445664719418346e+03
3.238715551666875399e+03 4.285152253599431788e+03
3.109407081199146887e+03 4.171261579347268707e+03
2.965687774618055755e+03 4.033649231546888586e+03
2.809379298207586089e+03 3.874531915264663439e+03
2.648673140490951027e+03 3.705543355873554901e+03
2.494140536845643510e+03 3.541918772456187980e+03
2.354521290724412211e+03 3.396280716624293291e+03
2.234597044647035091e+03 3.275585909229103436e+03
2.133657114761610046e+03 3.179025248989220927e+03
2.045274864461632205e+03 3.097653300047818448e+03
1.960260476877689598e+03 3.018410787267426258e+03
1.870819846430560801e+03 2.930036973699858663e+03
1.773809243914834724e+03 2.827976737982220129e+03
1.672548009285507078e+03 2.717198154572770818e+03
1.574355942149466273e+03 2.608492745406571430e+03
1.485548000016513470e+03 2.511022470366640846e+03
1.408670946969129773e+03 2.428391002159886739e+03
1.341323670655761134e+03 2.357151081709740083e+03
1.277521334536116456e+03 2.288860952517211445e+03
1.212300719308653242e+03 2.216632115190621789e+03
1.144734577216184562e+03 2.139386053233036819e+03
1.077932040730334847e+03 2.061702485364310633e+03
1.016258387430120820e+03 1.989698654826614984e+03
9.613854740359511197e+02 1.925584391883261787e+03
9.114546030557781933e+02 1.866780406211097443e+03
8.631928330615544382e+02 1.808971559796098063e+03
8.148085247862388769e+02 1.749971624645396332e+03
7.674055578058877245e+02 1.691396850243744211e+03
7.231929128534876554e+02 1.636120938553257474e+03
6.828646569479485606e+02 1.584955984947775050e+03
6.451801234366342896e+02 1.536349405779929839e+03
6.086203973189860790e+02 1.488548745903353392e+03
5.731196805990595067e+02 1.441587013933426306e+03
5.396342929397565058e+02 1.396600919118010324e+03
5.085888836523343457e+02 1.354032508554177411e+03
4.793535862257614326e+02 1.313186932604765616e+03
4.513098142298688913e+02 1.273454533729657896e+03
4.245866007587608237e+02 1.235001065403225539e+03
3.995287316381248388e+02 1.198152889851480268e+03
3.759933127727159103e+02 1.162754178822146741e+03
3.536407926790685678e+02 1.128499884052007928e+03
3.324422549438183410e+02 1.095367046022799514e+03
3.125040094896425558e+02 1.063424375333794615e+03
2.937177588043083460e+02 1.032565087252682133e+03
2.759724245063638364e+02 1.002691282435114658e+03
2.592285839363806303e+02 9.737567004753237825e+02
2.434369804378171978e+02 9.457008742643895403e+02
2.285494524325912380e+02 9.184665473470350889e+02
2.145197522563335326e+02 8.920007629288504631e+02
2.013035151076853140e+02 8.662545898428413693e+02
1.888582146672195279e+02 8.411827909321045809e+02
1.771427190554033757e+02 8.167399731355704944e+02
1.661172187514380028e+02 7.928794418247049407e+02
1.557438181604232170e+02 7.695582868898284232e+02
1.459865042184763979e+02 7.467375646607844146e+02
1.368110669363703948e+02 7.243820820576984261e+02
1.281850223102544248e+02 7.024601984314441552e+02
1.200775376012743862e+02 6.809436425363674061e+02
1.124593639902949178e+02 6.598076463655125963e+02
1.053028129312815082e+02 6.390337471898707236e+02
9.858165356204052898e+01 6.186079215092099730e+02
9.227101112345469858e+01 5.985182186636232018e+02
8.634730651020394987e+01 5.787546155102569401e+02
8.078819828761943711e+01 5.593089077134180798e+02
7.557252659029971653e+01 5.401746026600130790e+02
7.068025889711013576e+01 5.213468134135888477e+02
6.609243159922478128e+01 5.028243233895242952e+02
6.179108332145652582e+01 4.846157726404908885e+02
5.775923019530029734e+01 4.667317090856269601e+02
5.398082515732211561e+01 4.491820033936978689e+02
5.044071156035420245e+01 4.319758316834261791e+02
4.712457869045098136e+01 4.151216606539209693e+02
4.401891914047099874e+01 3.986272351846882316e+02
4.111098794679642054e+01 3.824996015229364730e+02
3.838876022987611947e+01 3.667476911763325802e+02
3.584089264741541569e+01 3.513836148459738524e+02
3.345669390126285236e+01 3.364179916735948837e+02
3.122609090801440246e+01 3.218595386298255789e+02
2.913959590023756618e+01 3.077151588210058435e+02
2.718827506572374730e+01 2.939900333809027870e+02
2.536371866861087199e+01 2.806877160602014669e+02
2.365801238764693437e+01 2.678102734573027419e+02
2.206370756936309263e+01 2.553589574130272126e+02
2.057379707236732003e+01 2.433340195779179851e+02
1.918169326478047410e+01 2.317342827093362985e+02
1.788120459529026718e+01 2.205572427231411723e+02
1.666651329053538433e+01 2.097991826229138610e+02
1.553215419448072865e+01 1.994552839149397983e+02
1.447299469974667829e+01 1.895197349451002822e+02
1.348421538803565944e+01 1.799857976966283388e+02
1.256129077646911441e+01 1.708457632244466993e+02
1.169997382119546359e+01 1.620912177382005837e+02
1.089628030508953138e+01 1.537132017040812002e+02
1.014647343252379486e+01 1.457022909501252173e+02
9.447049261555378052e+00 1.380486731534946330e+02
8.794722933210811888e+00 1.307422196818315854e+02
