1.600684647965304066e+04 1.590423325241373459e+04
1.620410666749069605e+04 1.609733244955988994e+04
1.639636262863606316e+04 1.628531876744876536e+04
1.658316311920425869e+04 1.646774206433213476e+04
1.676403690809643376e+04 1.664413391883697477e+04
1.693850006913605830e+04 1.681401443896118144e+04
1.710606513572829499e+04 1.697690076254547967e+04
1.726623106638855097e+04 1.713229709557839305e+04
1.741847521628221875e+04 1.727968676483830859e+04
1.756227324682922699e+04 1.741855205469524662e+04
1.769709980084110066e+04 1.754837498154968853e+04
1.782241181400881396e+04 1.766862117202353693e+04
1.793766334011664367e+04 1.777875433857168537e+04
1.804231614872801583e+04 1.787824663788357793e+04
1.813582743466016109e+04 1.796656683589056775e+04
1.821764751758815692e+04 1.804317816666609360e+04
1.828724085319620281e+04 1.810755876750391326e+04
1.834408632137029417e+04 1.815920210844187750e+04
1.838766600219159955e+04 1.819760649495233520e+04
1.841748123586031215e+04 1.822229041265208798e+04
1.843306075089882870e+04 1.823280036429747270e+04
1.843395764343810879e+04 1.822870858693504488e+04
1.841975298083279631e+04 1.820961654762330727e+04
1.839006529053483246e+04 1.817516355928751727e+04
1.834455860331746953e+04 1.812503506556160210e+04
1.828295545460854919e+04 1.805897635242986507e+04
1.820502822472899788e+04 1.797678274484905342e+04
1.811060208455398970e+04 1.787830223526082773e+04
1.799959513106624945e+04 1.776347640335635879e+04
1.787200742663576239e+04 1.763232890843266432e+04
1.772789385739702266e+04 1.748493742977721558e+04
1.756740772679754446e+04 1.732147747172896561e+04
1.739085501613006636e+04 1.714227686901838752e+04
1.719860532869287999e+04 1.694772563885790441e+04
1.699109411228617682e+04 1.673827797024610118e+04
1.676895492836340782e+04 1.651458479353031726e+04
1.653293464478529859e+04 1.627740834763978091e+04
1.628381019219875998e+04 1.602753847461462465e+04
1.602252326198849732e+04 1.576592690139724255e+04
1.575025757854990479e+04 1.549376405017006982e+04
1.546820660400316046e+04 1.521224710933541064e+04
1.517758340309074993e+04 1.492259005369238548e+04
1.487980582321811016e+04 1.462620900202233861e+04
1.457632463528898006e+04 1.432455015944098886e+04
1.426853593754662324e+04 1.401900219262994688e+04
1.395811458652734837e+04 1.371122545414508022e+04
1.364705004298103813e+04 1.340318726466494809e+04
1.333721103306477198e+04 1.309673247342139439e+04
1.303017000510921753e+04 1.279341276934045891e+04
1.272675142471929030e+04 1.249404787705721174e+04
1.242754854776477623e+04 1.219922905081978388e+04
1.213316536839516266e+04 1.190955515195673797e+04
1.184537347300451074e+04 1.162676408506830558e+04
1.156685966466430727e+04 1.135348642048918737e+04
1.130008680255753279e+04 1.109213250000570406e+04
1.104649234159517437e+04 1.084411018627622798e+04
1.080505390163804441e+04 1.060842326691092785e+04
1.057439520597098090e+04 1.038372941273977267e+04
1.035320836862315264e+04 1.016875358462077384e+04
1.014004005171148128e+04 9.962084290259086629e+03
9.933436238159816639e+03 9.762310399609486922e+03
9.731993764292796186e+03 9.568068890244770955e+03
9.533995823684143033e+03 9.377693823017756586e+03
9.337666706688060003e+03 9.189459774254572039e+03
9.141256553544390044e+03 9.001662732221846454e+03
8.942729352425092657e+03 8.812320039572625319e+03
8.740124383634702099e+03 8.619514353008607941e+03
8.531247752477705944e+03 8.421096604759726688e+03
8.313678268943171133e+03 8.214688483549713055e+03
8.085375740996941204e+03 7.998270975544472094e+03
7.844883705603274393e+03 7.770395699407296888e+03
7.591343242176605600e+03 7.530182296990199575e+03
7.325498078442975384e+03 7.278324623349603826e+03
7.048948516889482562e+03 7.016348109566614767e+03
6.764950839090547561e+03 6.747404613405085911e+03
6.477474920697130074e+03 6.475350545284038162e+03
6.191015698870396591e+03 6.204555955558857022e+03
5.910001893120806926e+03 5.939334288402828861e+03
5.638636541107396624e+03 5.683769738472038625e+03
5.380679637466820168e+03 5.441521046580599432e+03
5.139564151103321819e+03 5.215921706144808923e+03
4.918050560983679134e+03 5.009647364934094185e+03
4.718235233525990225e+03 4.824727229447418722e+03
4.540548938019641355e+03 4.661582784386218918e+03
4.383747517819405402e+03 4.518989614840951617e+03
4.244380989109171423e+03 4.393582547352549227e+03
4.117313921615836989e+03 4.280324403192978025e+03
3.996396267896257996e+03 4.173167368108667688e+03
3.875466512187040735e+03 4.066004030006408357e+03
3.749190998393467453e+03 3.953506995672881203e+03
3.613747526542372725e+03 3.831806578820014693e+03
3.467203987613902882e+03 3.698887961004451427e+03
3.310181930324250061e+03 3.555290850617944216e+03
3.145550339110534878e+03 3.403808284130155243e+03
2.977953337472100884e+03 3.249035954051018962e+03
2.812917887323952527e+03 3.096462919377665457e+03
2.656073680310281361e+03 2.951676178143125071e+03
2.512629079081007603e+03 2.819835100261108892e+03
2.386516426089916877e+03 2.704826103035600681e+03
2.278835434358720704e+03 2.607726291218516963e+03
2.186732038124449446e+03 2.525713549732095998e+03
2.104557482645549044e+03 2.453195774983380943e+03
2.026183470229990235e+03 2.384079354804810009e+03
1.946496596994111087e+03 2.313246812678271453e+03
1.861642926564855088e+03 2.236814554298995972e+03
1.769843678537543155e+03 2.152977896919297564e+03
1.673018047707967298e+03 2.063660266865224003e+03
1.576307530343744702e+03 1.974026659551257126e+03
1.485085541956315637e+03 1.889454996740725392e+03
1.402893301428814084e+03 1.813461003090140821e+03
1.331279210056847432e+03 1.747556712947130109e+03
1.269008069041980889e+03 1.690496144977596941e+03
1.212425580320894142e+03 1.638649316889076090e+03
1.157252478344891415e+03 1.587777997430413052e+03
1.100391352820337488e+03 1.534825599909192761e+03
1.041015211980257391e+03 1.479003046572045605e+03
9.813011122095349492e+02 1.422500381784736192e+03
9.246020908051209517e+02 1.368640622652547336e+03
8.730299743057821615e+02 1.319486039143243715e+03
8.270691399835897073e+02 1.275482575192198738e+03
7.853061825220333958e+02 1.235233806073222240e+03
7.451826726609125444e+02 1.196260405331080847e+03
7.051447394714654138e+02 1.157084181676128537e+03
6.652413601834640531e+02 1.117786868287251082e+03
6.267631148509497052e+02 1.079627519593144143e+03
5.911541608373839836e+02 1.043977140335823833e+03
5.585781274446931093e+02 1.010971928411660315e+03
5.281542773785745339e+02 9.797750413457229115e+02
4.988743974921491144e+02 9.494550402560760176e+02
4.703445755351154958e+02 9.196677747739691995e+02
4.430128293155079859e+02 8.908383175218315273e+02
4.174419732537820664e+02 8.634756265982917967e+02
3.936172384615245505e+02 8.375569567097547861e+02
3.711168023222073202e+02 8.127042607669261542e+02
3.495797446493616008e+02 7.886069798448373831e+02
3.290476414390869309e+02 7.653079053268062353e+02
3.097038973413282292e+02 7.429631231771479634e+02
2.915462798813550194e+02 7.215653058273769602e+02
2.743823508722983320e+02 7.009521220290768042e+02
2.580889580244138415e+02 6.810238509634643833e+02
2.426813962491156076e+02 6.617921125078810292e+02
2.281746442142896569e+02 6.432648247559832271e+02
2.144947338714812020e+02 6.253809136617202284e+02
2.015640685032412023e+02 6.080791377706333378e+02
1.893591441899529855e+02 5.913390670074111313e+02
1.778618019043466347e+02 5.751432247935082387e+02
1.670240208914291031e+02 5.594534608115849323e+02
1.568060804045096006e+02 5.442382236227840622e+02
1.471811191753623973e+02 5.294751110301403969e+02
1.381167316819935138e+02 5.151386308656307165e+02
1.295821531095498926e+02 5.012043815463517831e+02
1.215485217398931326e+02 4.876497261166789485e+02
1.139883967031604044e+02 4.744535627518800425e+02
1.068756986606703947e+02 4.615962344651223930e+02
1.001856522238404921e+02 4.490594456684099214e+02
9.389473011224572474e+01 4.368261849478277554e+02
8.798060351174973448e+01 4.248806484959885665e+02
8.242213913048782103e+01 4.132081155052899248e+02
7.719931609223966973e+01 4.017949132441944471e+02
7.229313438045245732e+01 3.906284064659728301e+02
6.768557009212482001e+01 3.796969437248934582e+02
6.335953288397710281e+01 3.689898060952588139e+02
5.929882469771764164e+01 3.584971589259635607e+02
5.548809958976990231e+01 3.482100079706463021e+02
5.191280739919139364e+01 3.381203244679979889e+02
4.855914766352069023e+01 3.282211218788352767e+02
4.541406879693939658e+01 3.185061060928757115e+02
4.246523534551504042e+01 3.089696039124694948e+02
3.970099259162211780e+01 2.996065295241212993e+02
3.711033262347430650e+01 2.904123520749421345e+02
3.468286182992304134e+01 2.813830642112150144e+02
3.240876990555654658e+01 2.725153046385303242e+02
3.027880055604803644e+01 2.638069653357757147e+02
2.828422242480526450e+01 2.552565144416646206e+02
2.641680165689939130e+01 2.468626721406177467e+02
2.466877594511791472e+01 2.386243892862380278e+02
2.303282975195563154e+01 2.305408265926156446e+02
2.150207066727546490e+01 2.226113341489358959e+02
2.007000668047395564e+01 2.148354804895213306e+02
1.873052150372119584e+01 2.072139346744355635e+02
1.747785546457404493e+01 1.997482079962435080e+02
1.630658950599231360e+01 1.924396910721403628e+02
1.521162650409199379e+01 1.852896134812243645e+02
1.418817338791808069e+01 1.782990400779756044e+02
1.323172415940260827e+01 1.714688678348860833e+02
1.233804377359653515e+01 1.647998244492081312e+02
1.150315235249113854e+01 1.582929054550010051e+02
1.072331015811217725e+01 1.519499167113183091e+02
9.995005114273196156e+00 1.457724063491085644e+02
9.314939910849261651e+00 1.397614994825741235e+02
8.680019587258216873e+00 1.339179161671768838e+02
8.087339779844427312e+00 1.282419898533006517e+02
7.534175601652060905e+00 1.227336862293255706e+02
7.017971002206727427e+00 1.173926821863502425e+02
6.536328116503180574e+00 1.122187480986709858e+02
6.086998590059350178e+00 1.072114469897617255e+02
5.667875118932006018e+00 1.023699382397464888e+02
5.276983006401664511e+00 9.769300580135953282e+01
4.912472192455675568e+00 9.317908716164446048e+01
4.572609733963135525e+00 8.882630179361400735e+01
