2.717158696866733590e+04 2.704674234251129019e+04
2.737276838686791234e+04 2.724314636223013440e+04
2.755824977164052325e+04 2.742373908121203203e+04
2.772709633723050501e+04 2.758759005476560196e+04
2.787837676555889630e+04 2.773377340452317003e+04
2.801117493907410608e+04 2.786137935885533079e+04
2.812454833953556954e+04 2.796947269344401866e+04
2.821754907161841402e+04 2.805711382336072711e+04
2.828926239261149749e+04 2.812339737722549035e+04
2.833877850298029080e+04 2.816742446436719911e+04
2.836515397448500880e+04 2.818826474128185146e+04
2.836748668055493181e+04 2.818503050789841654e+04
2.834492670015150725e+04 2.815688763670102344e+04
2.829662466707388739e+04 2.810300531596892324e+04
2.822177050235394927e+04 2.802259406048545134e+04
2.811963640146346734e+04 2.791494782993019544e+04
2.798955268230512229e+04 2.777942125502260751e+04
2.783089013543337933e+04 2.761541307949344991e+04
2.764312206695866189e+04 2.742242566195198015e+04
2.742583416010101064e+04 2.720007498319986553e+04
2.717870614485154874e+04 2.694807567158880192e+04
2.690153747891814055e+04 2.666626391338362737e+04
2.659426756827047575e+04 2.635461563582619056e+04
2.625700038174611836e+04 2.601327409591630567e+04
2.589001637348734948e+04 2.564256268585215366e+04
2.549374911140386757e+04 2.524295642981441051e+04
2.506881096243441789e+04 2.481510807145712170e+04
2.461610314039554578e+04 2.435996280431888226e+04
2.413671237342166569e+04 2.387864950855690040e+04
2.363186530174154177e+04 2.337243248763535667e+04
2.310311903421001625e+04 2.284290526742878865e+04
2.255236266946605974e+04 2.229199159592749857e+04
2.198156645463605309e+04 2.172168956314995739e+04
2.139288030145338053e+04 2.113417013773762301e+04
2.078899126580332086e+04 2.053213577411215738e+04
2.017267050088534597e+04 1.991836514127663759e+04
1.954664012666345297e+04 1.929557933393442363e+04
1.891409009958651586e+04 1.866695440129287817e+04
1.827853557141789861e+04 1.803597978140846681e+04
1.764324296094821693e+04 1.740588983463555269e+04
1.701147985916767720e+04 1.677990888270556025e+04
1.638707364708866589e+04 1.616179842742089386e+04
1.577357349310030077e+04 1.555503813107105088e+04
1.517411938928324889e+04 1.496269798047685981e+04
1.459217361335338137e+04 1.438814037246377666e+04
1.403121577677515052e+04 1.383473020707300202e+04
1.349415236531738447e+04 1.330527199895762897e+04
1.298343400902393660e+04 1.280211214401216785e+04
1.250121741380070853e+04 1.232727970009429919e+04
1.204924793398811562e+04 1.188240614798212482e+04
1.162891603810737070e+04 1.146878105010735089e+04
1.124148482406623771e+04 1.108752841712832742e+04
1.088806804591087712e+04 1.073961135656532679e+04
1.056954308883319754e+04 1.042577706043642138e+04
1.028468183692510684e+04 1.014473666397786474e+04
1.002983400833472660e+04 9.892854184454603455e+03
9.801573904779379518e+03 9.666717718794783650e+03
9.596540355805327636e+03 9.462994246056328848e+03
9.411303093782722499e+03 9.278302303492107967e+03
9.242602801207829543e+03 9.109433158035515589e+03
9.085997326702639839e+03 8.952082629613421886e+03
8.936293307723846738e+03 8.801256630699146626e+03
8.788034477752422390e+03 8.651742313828386614e+03
8.634148148757079980e+03 8.496873820383018028e+03
8.467606921697280995e+03 8.330058767553988218e+03
8.281491134734451407e+03 8.144897985980274825e+03
8.069379719037176983e+03 7.935511929978383705e+03
7.826841935378073686e+03 7.697940988015235234e+03
7.551728386690646403e+03 7.430406859459208135e+03
7.244580884793546829e+03 7.133633392703340178e+03
6.909172790100789825e+03 6.811356012644463590e+03
6.550819282654585550e+03 6.468692763456539979e+03
6.176275726168008077e+03 6.112058788316551727e+03
5.793843455190168243e+03 5.749226088175467339e+03
5.412848312445778902e+03 5.388865209314939420e+03
5.043242375892723430e+03 5.040153689216269413e+03
4.694724651583300329e+03 4.711984262389693868e+03
4.377301708446206248e+03 4.413403702338804578e+03
4.098629803382468708e+03 4.151342012961771616e+03
3.863777435562442406e+03 3.930182735019343909e+03
3.674764308417773918e+03 3.751560671494223243e+03
3.529048164879869546e+03 3.612856742524186302e+03
3.421427430946559525e+03 3.509060465148964340e+03
3.343499296377959581e+03 3.432280924174537631e+03
3.284846744601292812e+03 3.372900349734658903e+03
3.233625009830956060e+03 3.320119737629729570e+03
3.177208761087066250e+03 3.262597356912059240e+03
3.104176928435158970e+03 3.190209551074669889e+03
3.005722769868937576e+03 3.095277525080688974e+03
2.877538353899989488e+03 2.974208281828559848e+03
2.720186698674706349e+03 2.827744008251206196e+03
2.539443578330390210e+03 2.661199315202056823e+03
2.346312765567179213e+03 2.484442769226046039e+03
2.155933412407493961e+03 2.310861076566938664e+03
1.983433836316845372e+03 2.153684347085463287e+03
1.839582901491639177e+03 2.022213664232790052e+03
1.728672743747504228e+03 1.919985156385703931e+03
1.649439323670319709e+03 1.845644160683811378e+03
1.596676383468390668e+03 1.794425837122665598e+03
1.560889788322433105e+03 1.757924540032756795e+03
1.528229120910382335e+03 1.724111120931383311e+03
1.485059837921994813e+03 1.681310274740276100e+03
1.423268880093017060e+03 1.622712599621856953e+03
1.342030509749605017e+03 1.547791474825964542e+03
1.246752409400332681e+03 1.461311278119304006e+03
1.147957487983596820e+03 1.372290096428735296e+03
1.057905794863706888e+03 1.291072948052458287e+03
9.852884047455689824e+02 1.224855894923565756e+03
9.327244705993263096e+02 1.175654661777792171e+03
8.966110684861146183e+02 1.140284267502121111e+03
8.678356759252545771e+02 1.111060040484319643e+03
8.361878275693844671e+02 1.079519557958382848e+03
7.956002191318383439e+02 1.040731423150367391e+03
7.456081594472835832e+02 9.944234010119814684e+02
6.913885814497658657e+02 9.449156285490123537e+02
6.411767725411950778e+02 8.989167751851767889e+02
6.005401089217762092e+02 8.608530782252348672e+02
5.698661500531986803e+02 8.309219253480055158e+02
5.450462592696296724e+02 8.057460805776437383e+02
5.199055058936570504e+02 7.803879083089673259e+02
4.908114027328123825e+02 7.520099773886589674e+02
4.587608083144737066e+02 7.214551045037414951e+02
4.275722298645504793e+02 6.917362300704774043e+02
4.008357359598320500e+02 6.656116717145911252e+02
3.789953525342614853e+02 6.433609624329824328e+02
3.594671697677091515e+02 6.229581673734119249e+02
3.394449595453356210e+02 6.022643602427453970e+02
3.183416722677987423e+02 5.808600295388210952e+02
2.977909037197742919e+02 5.599847509107338510e+02
2.795088589513596844e+02 5.408983267031200057e+02
2.635296959229810341e+02 5.235929480955503550e+02
2.484528785447882910e+02 5.070256182986973386e+02
2.333794302878882263e+02 4.905475309486551510e+02
2.186871335591561376e+02 4.744359774192298005e+02
2.051921289936159951e+02 4.592630902742557737e+02
1.929432658560216964e+02 4.450460885206284729e+02
1.813403004369921518e+02 4.313570544579208104e+02
1.700980454384166762e+02 4.179987326284569917e+02
1.594765046378763316e+02 4.051453800683443092e+02
1.496663134358239233e+02 3.929162476849613199e+02
1.404691697226952272e+02 3.811716655984899376e+02
1.317187778899638886e+02 3.697987125337635916e+02
1.234608370272079867e+02 3.588232867804962893e+02
1.157569814608986576e+02 3.482784476112905736e+02
1.085254871635381448e+02 3.381096336171304415e+02
1.017146002396380027e+02 3.282791954490638204e+02
9.530409059926030579e+01 3.187700191595854449e+02
8.927451949310230361e+01 3.095662335697402909e+02
8.360693022138408992e+01 3.006529144117751002e+02
7.828289051908289764e+01 2.920160262033854224e+02
7.328452706734145750e+01 2.836423682255249901e+02
6.859455191104773064e+01 2.755195237188375472e+02
6.419582292835028170e+01 2.676355082236664202e+02
6.007078765538756926e+01 2.599782753881131612e+02
5.620274355544825795e+01 2.525364288693501180e+02
5.257600276961531449e+01 2.452993170679158652e+02
4.917582970964887323e+01 2.382569890014525811e+02
4.598838259499084558e+01 2.314001532727900212e+02
4.300065867542057418e+01 2.247201398613521803e+02
4.020045250409231841e+01 2.182088946076020477e+02
3.757644780126742745e+01 2.118594076339496155e+02
3.511809942631123249e+01 2.056655302686254174e+02
3.281545144200081410e+01 1.996215131387588144e+02
3.065910393692986702e+01 1.937219715922573187e+02
2.864018540927876799e+01 1.879618656800428766e+02
2.675032624832959982e+01 1.823364811918448254e+02
2.498163329227331531e+01 1.768414116616522733e+02
2.332665538254958904e+01 1.714725995245314891e+02
2.177833533073320282e+01 1.662264794080816728e+02
2.033002578625910672e+01 1.610997645766735786e+02
1.897547687508114223e+01 1.560893730275732310e+02
1.770881365347333514e+01 1.511924155422982210e+02
1.652451475402733649e+01 1.464061842259234538e+02
1.541739216684323033e+01 1.417281415027617868e+02
1.438257222743221142e+01 1.371559134694927877e+02
1.341548113442477330e+01 1.326873975998526305e+02
1.251182721806045173e+01 1.283207553255375046e+02
1.166757979971174564e+01 1.240542519947792641e+02
1.087895391935999889e+01 1.198862407596143100e+02
1.014239615977065156e+01 1.158151557922121953e+02
9.454571227746983553e+00 1.118395057503808800e+02
8.812349256536261777e+00 1.079578674859478440e+02
8.212793340480459392e+00 1.041689077563243160e+02
7.653146208835448050e+00 1.004715067820095271e+02
7.130821827991915107e+00 9.686462646867578030e+01
6.643396245249649112e+00 9.334724061155850450e+01
6.188597849876858348e+00 8.991833179716611824e+01
5.764298186598919571e+00 8.657688858365263229e+01
5.368503294085056332e+00 8.332190285173147970e+01
4.999345540189316317e+00 8.015236890366524847e+01
4.655075902170985991e+00 7.706739918002703860e+01
4.334056709843557620e+00 7.406628022474659190e+01
4.034754866709258536e+00 7.114826289009380389e+01
3.755735422795499989e+00 6.831254258190988082e+01
3.495655519438208625e+00 6.555826120595037310e+01
3.253258690369877026e+00 6.288450919153510199e+01
3.027369499428304245e+00 6.029032758646784629e+01
2.816888470161334368e+00 5.777473072666260379e+01
2.620787148986839732e+00 5.533686772426827361e+01
2.438103817607095714e+00 5.297590604737092690e+01
