1.959149142057960489e+04 1.946682277257476380e+04
1.980904014787681808e+04 1.967945831060771161e+04
2.001938834590891202e+04 1.988477460302794498e+04
2.022198249561052216e+04 2.008222015816421117e+04
2.041624490079427051e+04 2.027122136470099213e+04
2.060158478411241595e+04 2.045119296990878138e+04
2.077741099185843268e+04 2.062155003719752131e+04
2.094311874437009101e+04 2.078169477582251056e+04
2.109807886145353405e+04 2.093100585747183140e+04
2.124166457541662021e+04 2.106886514884431017e+04
2.137325259255042693e+04 2.119465888000246923e+04
2.149219896989586778e+04 2.130775420341736753e+04
2.159785922523061163e+04 2.140751890294459736e+04
2.168960425365188348e+04 2.149333699288865319e+04
2.176680565638534972e+04 2.156459455707273082e+04
2.182883034460854469e+04 2.162067461108184943e+04
2.187506876750381343e+04 2.166098459899338923e+04
2.190493546898748900e+04 2.168495707335607949e+04
2.191784834787624277e+04 2.169202995763793660e+04
2.191325232899755792e+04 2.168166934524935277e+04
2.189063365484112728e+04 2.165338330498705909e+04
2.184951659053170079e+04 2.160671945623854845e+04
2.178946611137621585e+04 2.154126774610531720e+04
2.171010086427721035e+04 2.145667215167130416e+04
2.161110094979920541e+04 2.135263865231541422e+04
2.149222253001774880e+04 2.122895104335864380e+04
2.135329086619281952e+04 2.108546244731188563e+04
2.119420151610159155e+04 2.092209587527027179e+04
2.101496513349720408e+04 2.073889011386704806e+04
2.081570730465079396e+04 2.053599920785606810e+04
2.059662713840564902e+04 2.031364946690204670e+04
2.035803400680465347e+04 2.007217638844619432e+04
2.010043983290606775e+04 1.981211777320167675e+04
1.982444837795562853e+04 1.953410130309034139e+04
1.953073402319079105e+04 1.923882277985165638e+04
1.922020523312001023e+04 1.892721004725319654e+04
1.889395348575824028e+04 1.860037132158983150e+04
1.855310026168234617e+04 1.825944136071925823e+04
1.819890183085514218e+04 1.790568599051907222e+04
1.783293813647233765e+04 1.754069044305314674e+04
1.745681490660514464e+04 1.716606168551504379e+04
1.707212605592964974e+04 1.678339082613206483e+04
1.668076893387922973e+04 1.639456619979264724e+04
1.628478018955525295e+04 1.600161022464304006e+04
1.588608072894871475e+04 1.560642636719303846e+04
1.548663651567648776e+04 1.521095823898654089e+04
1.508864733475928369e+04 1.481737617550944196e+04
1.469417744381165539e+04 1.442771295013746749e+04
1.430513158498430857e+04 1.404384029912787992e+04
1.392350404377988707e+04 1.366771206752400940e+04
1.355122562801192544e+04 1.330121590149472650e+04
1.319001187415950517e+04 1.294602628535701115e+04
1.284124728676732957e+04 1.260349031132675736e+04
1.250591030056877571e+04 1.227455375818546054e+04
1.218482408468487301e+04 1.196001035938952919e+04
1.187867983977380027e+04 1.166052462610510156e+04
1.158794045519821339e+04 1.137653280225392518e+04
1.131294120980565276e+04 1.110834584833505323e+04
1.105388377938415942e+04 1.085614739815199755e+04
1.080918641749651943e+04 1.061839277139471233e+04
1.057570421615555097e+04 1.039202066872515388e+04
1.035048672978902869e+04 1.017415749703993606e+04
1.013110205533334738e+04 9.962440323469752911e+03
9.915593888332379720e+03 9.754974027564087010e+03
9.702077063519418516e+03 9.549929617093261186e+03
9.487909079737404682e+03 9.344749187807177805e+03
9.270191910120458488e+03 9.136623032864716151e+03
9.046007132581513360e+03 8.922718211228013388e+03
8.812023270488829439e+03 8.699807101274413071e+03
8.565281512763285718e+03 8.465007553379371529e+03
8.303626099035052903e+03 8.216225595172711110e+03
8.025626329403791715e+03 7.952056744085374703e+03
7.731826206622003156e+03 7.673012195827722280e+03
7.424392554411942911e+03 7.381178323041617659e+03
7.106792467250114896e+03 7.079895340404083072e+03
6.783670097792205524e+03 6.773650335990881103e+03
6.460207259535887715e+03 6.467439012545339210e+03
6.141908634419143709e+03 6.166571070550283366e+03
5.833963718654250442e+03 5.876031801146265934e+03
5.541113668320294892e+03 5.600371480701794098e+03
5.267933095157736716e+03 5.343956630769291223e+03
5.018294463546163570e+03 5.110478210595570090e+03
4.795128134758428132e+03 4.902684424749507343e+03
4.599764443594650402e+03 4.721825943270164316e+03
4.430746020561862679e+03 4.566448552157875383e+03
4.284724649936740207e+03 4.433306043904187391e+03
4.155519128386800730e+03 4.316433802184579690e+03
4.036094875973582475e+03 4.209041067349005971e+03
3.918846975243250199e+03 4.103769267679206678e+03
3.796945649080127168e+03 3.993987053936041320e+03
3.664883547335942694e+03 3.874306791918088038e+03
3.519356263395946826e+03 3.741471113982779571e+03
3.359962720750086646e+03 3.595044387436079433e+03
3.189094065905960178e+03 3.437320484587989540e+03
3.011676738384527198e+03 3.273086168997828281e+03
2.833981255166657775e+03 3.108430073403072583e+03
2.662976157997915379e+03 2.950098590718357627e+03
2.505716147787031332e+03 2.804886701152853220e+03
2.368100655312607159e+03 2.678417209968511997e+03
2.252446218644919099e+03 2.572853279860637940e+03
2.156438461826408002e+03 2.485928876202980518e+03
2.074242773375548495e+03 2.412019644498379421e+03
1.998978880019002645e+03 2.344511596347618706e+03
1.924210312594168727e+03 2.277209075358445261e+03
1.844094317464140204e+03 2.204474992815773476e+03
1.754964204361378961e+03 2.122776238815453326e+03
1.657884273462793772e+03 2.033167674298365455e+03
1.558209371530281032e+03 1.940847047077809748e+03
1.462256008634260525e+03 1.851900572603037517e+03
1.374938762638772005e+03 1.771007460652016789e+03
1.299453357321817066e+03 1.701154140214787276e+03
1.235685690278260154e+03 1.642167549162206797e+03
1.180074177616027100e+03 1.590633125064103297e+03
1.127628420040408400e+03 1.541819595783572368e+03
1.073790885949153562e+03 1.491436074867711568e+03
1.016316830014202992e+03 1.437406548965826460e+03
9.568404985744691658e+02 1.381321100523067571e+03
8.990266774570364987e+02 1.326645799423455856e+03
8.459438321887429311e+02 1.276228412123211683e+03
7.992460261793567042e+02 1.231554456822389284e+03
7.580339554609605557e+02 1.191745560842850637e+03
7.194541351429476208e+02 1.154164132817151767e+03
6.811514384944260883e+02 1.116674881081175045e+03
6.423488396720964602e+02 1.078608589956028936e+03
6.041569335043310502e+02 1.040999937168690167e+03
5.684975387108427185e+02 1.005570045336272869e+03
5.361450841617717060e+02 9.729785138032374334e+02
5.065108896479356417e+02 9.426773821991303066e+02
4.783449205904796031e+02 9.135664681175604755e+02
4.507893369711324567e+02 8.849169132550498489e+02
4.240749617076431264e+02 8.569429944914096495e+02
3.989476646824338673e+02 8.302762641301134181e+02
3.756859427329662822e+02 8.051336472938014595e+02
3.539489659390051202e+02 7.812176950431613704e+02
3.332099664223454738e+02 7.580952429293374735e+02
3.133426639135411165e+02 7.356684049413146340e+02
2.945653651442373757e+02 7.141087690623313620e+02
2.769992142640405177e+02 6.935010858193201102e+02
2.604847123824102937e+02 6.737129472875894862e+02
2.448240118684071547e+02 6.545904013517081239e+02
2.299880618343341609e+02 6.361087943496364687e+02
2.160293456372658341e+02 6.182997982020405061e+02
2.029060025355040011e+02 6.011255156243720421e+02
1.905206062334225976e+02 5.845117522469520281e+02
1.788289453772883064e+02 5.684230308357007289e+02
1.678252028969364176e+02 5.528489321070063625e+02
1.574705059659086714e+02 5.377574930837656666e+02
1.477191791720265144e+02 5.231136045292583958e+02
1.385363468310697783e+02 5.088898489882848821e+02
1.298970453842066490e+02 4.950649958102207506e+02
1.217726876431328265e+02 4.816166673756574710e+02
1.141340503280408427e+02 4.685228138284597321e+02
1.069534781029197035e+02 4.557629441384202664e+02
1.002048090738664285e+02 4.433180385817207707e+02
9.386329862980761618e+01 4.311704649370477682e+02
8.790554693524860852e+01 4.193039010100230826e+02
8.230943440359459373e+01 4.077032731866588051e+02
7.705420521795853972e+01 3.963550482269317854e+02
7.212039420390237865e+01 3.852472156111071513e+02
6.748955375221565589e+01 3.743687529346752285e+02
6.314419609498398955e+01 3.637095443220982247e+02
5.906775120745233210e+01 3.532603335942329750e+02
5.524452593803275136e+01 3.430126799283312380e+02
5.165966438242376313e+01 3.329589157222733888e+02
4.829909347426869459e+01 3.230922677056807402e+02
4.514944169520780548e+01 3.134073099247363530e+02
4.219806764165799962e+01 3.038993488649816186e+02
3.943304257998790519e+01 2.945641957719944344e+02
3.684311357721136204e+01 2.853981372936494836e+02
3.441766830072303662e+01 2.763979068692744931e+02
3.214670142874134484e+01 2.675606567743139408e+02
3.002078288958173502e+01 2.588839711419265655e+02
2.803103184882805721e+01 2.503665329939578612e+02
2.616908551577069630e+01 2.420078984079850386e+02
2.442706663017322199e+01 2.338077717989638415e+02
2.279755727642921670e+01 2.257659645936985555e+02
2.127357410577349128e+01 2.178823790587773317e+02
1.984854474439656968e+01 2.101569924643193588e+02
1.851628534039433305e+01 2.025898420247468437e+02
1.727097779215517548e+01 1.951814220439109420e+02
1.610714742996708537e+01 1.879333416396019913e+02
1.501964786513636341e+01 1.808471922058907637e+02
1.400364324878617417e+01 1.739243188028221994e+02
1.305459064778254330e+01 1.671658219660190809e+02
1.216822333733985495e+01 1.605725601091108103e+02
1.134053496878246570e+01 1.541451525040129411e+02
1.056776445881554061e+01 1.478840587613836419e+02
9.846380748502559399e+00 1.417903097898748683e+02
9.173070172632137087e+00 1.358650518448243929e+02
8.544724555037165103e+00 1.301089960135448962e+02
7.958429108669263563e+00 1.245224318208196479e+02
7.411450988822747554e+00 1.191052497614101071e+02
6.901228479598132459e+00 1.138569640416728816e+02
6.425360779228711294e+00 1.087767367833394587e+02
5.981598047513926097e+00 1.038635676300419135e+02
5.567832129954084053e+00 9.911643460213514345e+01
5.182088634378806624e+00 9.453397866381162373e+01
4.822518874413249890e+00 9.011449157399907506e+01
4.487392196838372982e+00 8.585594585055432049e+01
4.175088752075623688e+00 8.175602399404465359e+01
