2.765589097741983642e+04 2.746897262946495903e+04
2.791309332142544372e+04 2.771907920036599899e+04
2.815736560104345335e+04 2.795610375177741298e+04
2.838786161144089056e+04 2.817920784512813043e+04
2.860373843024150483e+04 2.838755732970582176e+04
2.880413089027923343e+04 2.858029685148444696e+04
2.898815080839066286e+04 2.875654913867988580e+04
2.915492172879534701e+04 2.891544977719242524e+04
2.930357030826178379e+04 2.905613889581384501e+04
2.943319251531881309e+04 2.917772814776760424e+04
2.954289788428407337e+04 2.927934423000000606e+04
2.963182346543883250e+04 2.936014266850589047e+04
2.969910318559103325e+04 2.941927807843903429e+04
2.974388252480180745e+04 2.945591861466465343e+04
2.976535202350986219e+04 2.946927874040016468e+04
2.976273478381508176e+04 2.945860739911693236e+04
2.973526728887643549e+04 2.942316977730932558e+04
2.968224360311567216e+04 2.936228993585354328e+04
2.960302594636901995e+04 2.927536127042740191e+04
2.949703669233626351e+04 2.916184024159636101e+04
2.936377274732233491e+04 2.902125949868240059e+04
2.920281970923598419e+04 2.885324080776059418e+04
2.901386966538494744e+04 2.865751419898785753e+04
2.879673245373017562e+04 2.843392975422282689e+04
2.855132249398999193e+04 2.818244183653899017e+04
2.827767903604449748e+04 2.790312943236434148e+04
2.797604281868742328e+04 2.759627491512128836e+04
2.764679166147731303e+04 2.726229695586134039e+04
2.729041649724473973e+04 2.690172524239474660e+04
2.690765721841627237e+04 2.651533785908262143e+04
2.649949499508984445e+04 2.610415293668852973e+04
2.606700257774102647e+04 2.566927645622253840e+04
2.561143609286336505e+04 2.521199409099456898e+04
2.513445299677402363e+04 2.473398959069047851e+04
2.463781193845421512e+04 2.423704284836116130e+04
2.412332382315029827e+04 2.372298041117875255e+04
2.359322423641410205e+04 2.319404648164273385e+04
2.304998948078457397e+04 2.265271898388135742e+04
2.249602275274729982e+04 2.210139673618419329e+04
2.193391322406787367e+04 2.154265588177804602e+04
2.136669701969232847e+04 2.097950784745866986e+04
2.079728224323188988e+04 2.041483057794110209e+04
2.022844309212288863e+04 1.985136258274181819e+04
1.966331960817412619e+04 1.929219298541774333e+04
1.910502227342007245e+04 1.874037451161654462e+04
1.855635061090910676e+04 1.819864865486408235e+04
1.802004972606280353e+04 1.766969270723618320e+04
1.749889031047615208e+04 1.715619762016434106e+04
1.699532636718934373e+04 1.666054159165279634e+04
1.651144988584348903e+04 1.618474460916422504e+04
1.604886860101364255e+04 1.573034012647601412e+04
1.560890160268291766e+04 1.529857788035813792e+04
1.519265181830812799e+04 1.489049896384928070e+04
1.480063236129144934e+04 1.450656183059009163e+04
1.443286811133997617e+04 1.414674344531650422e+04
1.408932563961904089e+04 1.381096900405710403e+04
1.376856905162392104e+04 1.349781664541176724e+04
1.346642308908335508e+04 1.320322759999787741e+04
1.317870490919897020e+04 1.292313805451080952e+04
1.290173291545586653e+04 1.265397850819428641e+04
1.263246875772681597e+04 1.239282030858236067e+04
1.236811926110233981e+04 1.213697158018705522e+04
1.210500465606672151e+04 1.188290224088110699e+04
1.183848396684017644e+04 1.162617020864325241e+04
1.156406799722721007e+04 1.136247560570701535e+04
1.127656788761772987e+04 1.108687738984636417e+04
1.097103618579678187e+04 1.079465636447414727e+04
1.064372328341753018e+04 1.048225654518342344e+04
1.029212143893812754e+04 1.014731806654361753e+04
9.915923107635258930e+03 9.789571181795563461e+03
9.518019394298165935e+03 9.411822780549791787e+03
9.102683240864849722e+03 9.018173193738852206e+03
8.676296730341688090e+03 8.614740013507167532e+03
8.245805854233374703e+03 8.208150433141932808e+03
7.819119778014419353e+03 7.805931794392262418e+03
7.403805049138012691e+03 7.415254943328072841e+03
7.007136421036459978e+03 7.042982178564437163e+03
6.636167199735704344e+03 6.695726669536945337e+03
6.297397808911026914e+03 6.379565419477026808e+03
5.995757988621296136e+03 6.099005127095540956e+03
5.734414477727335907e+03 5.856934467361295901e+03
5.512069037416176798e+03 5.652003960677932810e+03
5.325077778454414329e+03 5.480662067538296469e+03
5.165339174752180952e+03 5.335215667973773634e+03
5.023394335861952641e+03 5.206690629820472168e+03
4.888375989846374978e+03 5.084824185399294038e+03
4.749974628637673959e+03 4.959866474644520167e+03
4.599053472514308851e+03 4.823159212996308270e+03
4.429330154827704064e+03 4.668747296239440402e+03
4.238121318819780754e+03 4.494066530045458421e+03
4.027182703170848981e+03 4.300784637892443243e+03
3.802088747823161611e+03 4.094199917011825164e+03
3.571030188322944014e+03 3.882076537548956367e+03
3.344004858165091719e+03 3.673859219304511043e+03
3.132272657258725758e+03 3.480087830377038699e+03
2.945823436687882349e+03 3.310005786228848592e+03
2.790065294693188207e+03 3.168533882089692270e+03
2.663818153119439103e+03 3.054436400817152844e+03
2.560323224065071827e+03 2.961337909852738449e+03
2.470750485307808503e+03 2.880994026005997057e+03
2.385683732172109103e+03 2.804636937914454847e+03
2.295271275171268826e+03 2.723098522461843459e+03
2.191953029118513314e+03 2.629357579952695687e+03
2.074886284009402061e+03 2.522676608545144063e+03
1.949831975997426071e+03 2.408483131041425622e+03
1.825266885021160533e+03 2.294688505452611480e+03
1.709411382904184165e+03 2.188872006579222671e+03
1.608730314324854135e+03 2.096886784443904162e+03
1.525291802108419006e+03 2.020501385251608554e+03
1.455721656510451567e+03 1.956539099003073034e+03
1.393468424291771271e+03 1.898993972749296972e+03
1.331084225718077960e+03 1.841106156035473532e+03
1.263347545830282570e+03 1.778189162843191980e+03
1.190661472744492130e+03 1.710682368890699308e+03
1.117392738602373129e+03 1.642580420252198792e+03
1.048470970104770686e+03 1.578306660079163748e+03
9.878057910916304536e+02 1.521278889635882024e+03
9.357073128441898007e+02 1.471682242007732839e+03
8.887920276153109853e+02 1.426482661779014734e+03
8.431429237848432194e+02 1.382246373109229353e+03
7.963477487353023889e+02 1.336912692992629445e+03
7.489483137049096513e+02 1.291002507851175324e+03
7.037024590141052158e+02 1.246902704442280083e+03
6.625785906049146661e+02 1.206258835732709713e+03
6.256293851308255398e+02 1.169064428547786520e+03
5.912864888733379303e+02 1.133975292016965795e+03
5.577944200743295369e+02 1.099540260713696171e+03
5.248337488144289864e+02 1.065520575547395993e+03
4.933811790568182687e+02 1.032719293331433846e+03
4.642600821991404132e+02 1.001780268518940943e+03
4.373812713420571754e+02 9.726051541241328096e+02
4.119542563398262587e+02 9.445607294554732789e+02
3.874954714543007412e+02 9.172756139157686448e+02
3.641808203860393860e+02 8.908858902510349935e+02
3.423513717895457376e+02 8.656371753352641463e+02
3.219511113335152572e+02 8.414721845218291492e+02
3.026664356745665145e+02 8.181534462584608036e+02
2.843394507120942762e+02 7.955644746922072272e+02
2.670510072434786935e+02 7.737554508502249746e+02
2.508279853673642492e+02 7.527341479916440221e+02
2.355484702043201821e+02 7.324091293267840683e+02
2.211109643410958370e+02 7.127068978070766434e+02
2.075047499995593796e+02 6.936134445868433431e+02
1.947222386473559936e+02 6.751147092606041724e+02
1.826786980119344435e+02 6.571515383364895797e+02
1.713360210821923317e+02 6.396941834657706067e+02
1.606653203412115261e+02 6.227182716460433767e+02
1.506309577249308518e+02 6.061964751461957803e+02
1.411967737910592859e+02 5.901025572458979696e+02
1.323284826361146713e+02 5.744120717518874244e+02
1.239936641364239875e+02 5.591022906474396450e+02
1.161616674361303865e+02 5.441521079846754674e+02
1.088035191758563940e+02 5.295419509555910054e+02
1.018918362496944781e+02 5.152536974602951432e+02
9.540083065457733369e+01 5.012708453971486051e+02
8.930640510182851699e+01 4.875789970357643597e+02
8.358578153082829942e+01 4.741650481890964670e+02
7.821737169890032249e+01 4.610169376999318729e+02
7.318072440010213597e+01 4.481235947502178760e+02
6.845647428991661343e+01 4.354748889530388851e+02
6.402629232793000824e+01 4.230615829164229353e+02
5.987283372009004978e+01 4.108753247002610465e+02
5.597963257731400688e+01 3.989091721967905073e+02
5.233108846560349292e+01 3.871573585215708135e+02
4.891248164898907191e+01 3.756147226344352816e+02
4.570992884159807090e+01 3.642766603160547447e+02
4.271033927367818706e+01 3.531390919832954864e+02
3.990137280764652417e+01 3.421984312635340189e+02
3.727140002878532243e+01 3.314515545020869922e+02
3.480946686555392944e+01 3.208961181934021738e+02
3.250526240643831954e+01 3.105311404251098679e+02
3.034907654968957402e+01 3.003560184626671798e+02
2.833176604243866237e+01 2.903703039567392352e+02
2.644472374492264066e+01 2.805736837905672587e+02
2.467984938589298594e+01 2.709659612804373978e+02
2.302952174975309063e+01 2.615470377484276128e+02
2.148657199867198031e+01 2.523169767650142603e+02
2.004425581971403858e+01 2.432769731151209953e+02
1.869623135988579676e+01 2.344288506055520713e+02
1.743653898427635696e+01 2.257742071888751525e+02
1.625957961937355734e+01 2.173143956397733234e+02
1.516009417435576268e+01 2.090505234971196842e+02
1.413314404434195737e+01 2.009834536338424300e+02
1.317409264363997679e+01 1.931138064240240340e+02
1.227858713487816011e+01 1.854423830798097299e+02
1.144254099201293506e+01 1.779707217590832045e+02
1.066212045065066327e+01 1.707000489301831578e+02
9.933729946135811062e+00 1.636311138129591427e+02
9.253998004346861705e+00 1.567642106091526557e+02
8.619763916355957178e+00 1.500992011343671493e+02
8.028065157221126569e+00 1.436355377334109562e+02
7.476125456852733109e+00 1.373723231117423040e+02
6.961343095373226930e+00 1.313086867949492671e+02
6.481280721537451051e+00 1.254435805414653373e+02
6.033655777453972746e+00 1.197755289495564028e+02
5.616331066639686398e+00 1.143026579905650806e+02
5.227305861302255607e+00 1.090227272782934591e+02
4.864707526004460547e+00 1.039331616456676102e+02
4.526783628940365567e+00 9.903108208824559711e+01
4.211894351721055862e+00 9.431337008011024636e+01
