2.736826855811551286e+04 2.724047303118635318e+04
2.757433761558756669e+04 2.744163500844747614e+04
2.776418436242351163e+04 2.762646397279264784e+04
2.793685155219175795e+04 2.779400585220231733e+04
2.809134204039672477e+04 2.794326890405548329e+04
2.822663852774675615e+04 2.807324318518294604e+04
2.834174755829292553e+04 2.818294366044757408e+04
2.843567547938677671e+04 2.827138630622692290e+04
2.850739624986755734e+04 2.833755614356806109e+04
2.855591713231554240e+04 2.838047273227872574e+04
2.858028607089459183e+04 2.839919769708218155e+04
2.857953547046814128e+04 2.839277975445551056e+04
2.855272758502353463e+04 2.836029941604395935e+04
2.849899682865476279e+04 2.830091063337255764e+04
2.841752050645774580e+04 2.821381279856637775e+04
2.830750883399655504e+04 2.809824138027441586e+04
2.816826721174224804e+04 2.795352825834595933e+04
2.799920184649070870e+04 2.777910776444276780e+04
2.779979638962659374e+04 2.757449606880901410e+04
2.756964858276723317e+04 2.733932507504436944e+04
2.730849159222403614e+04 2.707336248942030579e+04
2.701621193250387660e+04 2.677653288095680909e+04
2.669285542585181611e+04 2.644892318651467212e+04
2.633862120636428517e+04 2.609077273650117058e+04
2.595389889636617590e+04 2.570251170504808397e+04
2.553934455574220920e+04 2.528484058173018275e+04
2.509578757166336072e+04 2.483863137843232835e+04
2.462422341944025538e+04 2.436491900443674604e+04
2.412601491023915878e+04 2.386510634487544303e+04
2.360279728874700959e+04 2.334086673682380570e+04
2.305630849378526182e+04 2.279397029355421546e+04
2.248857461903360308e+04 2.222647041410953898e+04
2.190209983343450949e+04 2.164089458526663293e+04
2.129943842372158906e+04 2.103981294272314335e+04
2.068320867814481608e+04 2.042585121305897337e+04
2.005665439402692573e+04 1.980224871974573034e+04
1.942317494136912137e+04 1.917239087786453456e+04
1.878597361945324155e+04 1.853945996445365745e+04
1.814851519790332532e+04 1.790688616339282817e+04
1.751464660700359673e+04 1.727846666523460590e+04
1.688786934173699410e+04 1.665764997477397628e+04
1.627153231836351551e+04 1.604772251991707344e+04
1.566973768766722424e+04 1.545268526823504362e+04
1.508635552880710566e+04 1.487630292671220741e+04
1.452465175406623894e+04 1.432174555104223873e+04
1.398718430890869422e+04 1.379147360966295128e+04
1.347588916897698073e+04 1.328732624155075791e+04
1.299230784599576691e+04 1.281076097691042560e+04
1.253821459873933054e+04 1.236344588424620451e+04
1.211677934495816589e+04 1.194835367017842145e+04
1.173099705594397346e+04 1.156828928429023836e+04
1.138292136778985878e+04 1.122515358382678642e+04
1.107043211208148568e+04 1.091678693487998498e+04
1.078983022251212969e+04 1.063949738297855220e+04
1.053780368221335993e+04 1.038997703847674165e+04
1.031130224283868665e+04 1.016518321561965786e+04
1.010753946442976667e+04 9.962336170640799537e+03
9.923535705555452296e+03 9.778482646198790462e+03
9.754736154485824954e+03 9.609186027630379613e+03
9.596420943372633701e+03 9.449864657080441248e+03
9.442939306675902117e+03 9.295096211351623424e+03
9.287526761834446006e+03 9.138451056493715441e+03
9.123387322828008109e+03 8.973508166372497726e+03
8.942890664092134102e+03 8.793150969289321438e+03
8.738912620305920427e+03 8.590774610797705463e+03
8.505764220299121007e+03 8.361219666444689210e+03
8.239257141866952225e+03 8.100759304190819421e+03
7.938542647143927752e+03 7.808838936892058882e+03
7.605176166321877645e+03 7.487139743977103535e+03
7.243319149701310380e+03 7.139762035523180202e+03
6.858890259924272868e+03 6.772389315927253847e+03
6.460269043769465497e+03 6.392940277451223665e+03
6.056677961902940297e+03 6.010049994183495073e+03
5.658199650032127465e+03 5.633093640787318691e+03
5.275491751537601886e+03 5.271878334094718412e+03
4.919312990657455885e+03 4.936263717436519073e+03
4.598819043713488099e+03 4.634548794588491546e+03
4.321794101912736551e+03 4.373698784390662695e+03
4.092018653552868273e+03 4.156960395797345882e+03
3.910158436108108617e+03 3.984653736115651554e+03
3.772277901109486265e+03 3.852897903135042725e+03
3.671818793646381437e+03 3.755407301700125572e+03
3.598807331158483521e+03 3.682874483252988739e+03
3.541545430013096393e+03 3.624520234724528564e+03
3.486769274341453183e+03 3.568292600754758041e+03
3.421130948210711267e+03 3.502229776216019673e+03
3.333125523500428699e+03 3.416165703515701352e+03
3.214843905807723331e+03 3.303253486369457278e+03
3.063615745669297212e+03 3.161379305773099986e+03
2.882425904213818740e+03 2.993449392214307863e+03
2.680125851104077356e+03 2.807506482697799129e+03
2.470776950832735565e+03 2.616109361158066349e+03
2.271327196258170716e+03 2.434230937282421110e+03
2.096784121895449061e+03 2.274976483508668480e+03
1.956148052021469084e+03 2.146060856121385314e+03
1.851627644958054589e+03 2.049169410763506221e+03
1.780034955935737116e+03 1.981245181826911903e+03
1.733575279002208390e+03 1.935259830456609734e+03
1.699469282818155762e+03 1.899969853613452642e+03
1.661919717200676132e+03 1.861693819774414578e+03
1.607678223508184374e+03 1.809123361590618060e+03
1.530862637718471888e+03 1.737390529588565869e+03
1.433701950571741236e+03 1.648601086107252058e+03
1.325117980283647057e+03 1.550518020081403620e+03
1.218601392426672874e+03 1.454663811176416630e+03
1.127002929964042551e+03 1.371853864237215703e+03
1.057406201308087248e+03 1.307893599093419880e+03
1.009655090042021698e+03 1.262444319332661962e+03
9.765692015276928259e+02 1.229325894038203614e+03
9.463180009431121107e+02 1.198604236650136045e+03
9.085404046306096006e+02 1.161714647907115022e+03
8.588616909612786685e+02 1.115148476301852043e+03
7.998314053782310111e+02 1.061130703597810225e+03
7.399325713325570177e+02 1.006685661900238756e+03
6.883085574842717733e+02 9.592348307571909345e+02
6.489835727006511661e+02 9.219263204926861590e+02
6.197958449464949808e+02 8.928875991184004306e+02
5.940749818451356532e+02 8.666924221867814140e+02
5.650257243641110563e+02 8.379232791752839375e+02
5.307191044920456306e+02 8.051135567055121101e+02
4.944116688640194184e+02 7.708977747843636052e+02
4.613373797923578081e+02 7.393878212986656990e+02
4.345256315181966897e+02 7.128856309438345988e+02
4.125238424890319493e+02 6.901926482054458347e+02
3.913745803599076112e+02 6.682313508599696661e+02
3.685311640671138207e+02 6.450728534719964955e+02
3.447428942913577998e+02 6.213193134551817138e+02
3.227069104635826875e+02 5.990063260932116691e+02
3.038087425486714892e+02 5.791355360540266020e+02
2.870166523112366690e+02 5.609055058347167915e+02
2.704059195686390922e+02 5.428927250696857527e+02
2.535914637522285773e+02 5.248285885204749093e+02
2.376456022780052990e+02 5.074906558473165319e+02
2.233693775273073641e+02 4.914346874624974362e+02
2.102620894408683796e+02 4.762869885390542777e+02
1.975267457114018441e+02 4.614844826372203670e+02
1.851973204721813886e+02 4.470526366474739461e+02
1.737532185714596267e+02 4.333139330346140810e+02
1.632112890859442302e+02 4.202680200043848231e+02
1.531981754240082694e+02 4.076586288864531866e+02
1.436351456875727024e+02 3.954315052704437790e+02
1.346959838208381370e+02 3.836947307430236833e+02
1.263131226847080057e+02 3.723993037500451919e+02
1.184290494351707963e+02 3.615027190491209694e+02
1.110155758197818159e+02 3.509827792433534341e+02
1.040461379616605342e+02 3.408188130024554994e+02
9.749556593980064179e+01 3.309914680485791791e+02
9.134001774278992514e+01 3.214826246460031598e+02
8.555691588413105819e+01 3.122753157808498941e+02
8.012490384651877662e+01 3.033536782517687698e+02
7.502388916093669025e+01 2.947030404453196866e+02
7.023488679382617761e+01 2.863097371645243925e+02
6.573990476117035087e+01 2.781609620502272264e+02
6.152189944434815061e+01 2.702447152625528588e+02
5.756473263881713365e+01 2.625497553298390017e+02
5.385312999810798118e+01 2.550655543800118608e+02
5.037264062710106316e+01 2.477822576714088143e+02
4.710956786830097087e+01 2.406907997328500244e+02
4.405091323817691062e+01 2.337829969512238506e+02
4.118440510724043691e+01 2.270512118225728102e+02
3.849846859756721074e+01 2.204882854919633814e+02
3.598218893394789575e+01 2.140875112661793480e+02
3.362527651520246508e+01 2.078426096891890609e+02
3.141803363952586992e+01 2.017477050530470990e+02
2.935132326280891135e+01 1.957973285729695192e+02
2.741654271802114451e+01 1.899866325516760810e+02
2.560559194427374408e+01 1.843112308735692864e+02
2.391084325300558078e+01 1.787670104609559303e+02
2.232511563010917754e+01 1.733501139311154873e+02
2.084165033538840817e+01 1.680569253284313902e+02
1.945408770483757976e+01 1.628840564955806656e+02
1.815644510391976496e+01 1.578283341570039511e+02
1.694309495415288325e+01 1.528868502797511724e+02
1.580874359860078826e+01 1.480570410309330214e+02
1.474841524669469983e+01 1.433365189356953238e+02
1.375743441713067661e+01 1.387230344181271562e+02
1.283140880955058272e+01 1.342144668998295742e+02
1.196621307903932951e+01 1.298088162283018789e+02
1.115797347126170713e+01 1.255041944198556365e+02
1.040305319100168546e+01 1.212988253848448466e+02
9.698037482368620843e+00 1.171911448713515398e+02
9.039721277673423927e+00 1.131797500528050193e+02
8.425097991479873372e+00 1.092632942563927827e+02
7.851347816039734084e+00 1.054404791102789574e+02
7.315826637107831765e+00 1.017100496204299986e+02
6.816055568764559425e+00 9.807078945275661397e+01
6.349711075510581004e+00 9.452151642192932002e+01
5.914615545107423600e+00 9.106113986343173394e+01
5.508728277656676831e+00 8.768879787697979111e+01
5.130137565341349237e+00 8.440365560391335009e+01
4.777052947092359503e+00 8.120485167934029391e+01
4.447797817869528991e+00 7.809149777410398485e+01
4.140802465871579408e+00 7.506267826371231422e+01
3.854597514567153382e+00 7.211745002262453852e+01
3.587807733381687125e+00 6.925484953109240394e+01
3.339145919993861344e+00 6.647405321332469441e+01
3.107407530336666390e+00 6.377434890757464814e+01
2.891465898200262341e+00 6.115495088827347558e+01
2.690267381164081151e+00 5.861499575260796746e+01
2.502826780963142816e+00 5.615354703029073846e+01
