2.158268294600324225e+04 2.145297052278560659e+04
2.180165079931577202e+04 2.166695874807087239e+04
2.201153063333706086e+04 2.187175056050032799e+04
2.221166858497124485e+04 2.206669514096208877e+04
2.240139625447335129e+04 2.225112862892842895e+04
2.258001978308421531e+04 2.242436408259667223e+04
2.274684565888842553e+04 2.258571585424416480e+04
2.290118080326271593e+04 2.273449954076553331e+04
2.304230222646638867e+04 2.287000187115773952e+04
2.316948187454896470e+04 2.299150544965190784e+04
2.328200544547759637e+04 2.309830749269892840e+04
2.337915441834751618e+04 2.318970245822256038e+04
2.346020214945456246e+04 2.326497836987517803e+04
2.352444516227699933e+04 2.332344734591454835e+04
2.357120136976604044e+04 2.336444400957215476e+04
2.359978551935140058e+04 2.338730189454500214e+04
2.360954015611569776e+04 2.339138348384011988e+04
2.359985021419466648e+04 2.337609443610077869e+04
2.357013283017347931e+04 2.334087450760609136e+04
2.351984326375423916e+04 2.328520331057270596e+04
2.344849427917584035e+04 2.320861844351579930e+04
2.335566325327007144e+04 2.311072309612778190e+04
2.324100022250297843e+04 2.299119533213155228e+04
2.310422819890864412e+04 2.284978649918483643e+04
2.294514991453570474e+04 2.268632754581994232e+04
2.276369113232052041e+04 2.250077403766559291e+04
2.255988786827136209e+04 2.229319232552083486e+04
2.233386005192584344e+04 2.206373153664185884e+04
2.208586789722298272e+04 2.181268078225939826e+04
2.181637080059332584e+04 2.154052887777673459e+04
2.152592004559089401e+04 2.124785453344586494e+04
2.121516962492328821e+04 2.093533685872233400e+04
2.088505586535139082e+04 2.060393627608413954e+04
2.053666650244458287e+04 2.025476204302066981e+04
2.017113604079789366e+04 1.988896649615245042e+04
1.978983150064155416e+04 1.950793096992692517e+04
1.939441919015622261e+04 1.911333233638239835e+04
1.898657078430028923e+04 1.870684842076669520e+04
1.856802133839514499e+04 1.829021550628417026e+04
1.814092122962882786e+04 1.786557805595288301e+04
1.770746856411207045e+04 1.743512319927577846e+04
1.726975603889275953e+04 1.700092872536869618e+04
1.683007582827582155e+04 1.656526448395878833e+04
1.639088815490914931e+04 1.613056152613309132e+04
1.595446554278949952e+04 1.569906125931204588e+04
1.552303330851471037e+04 1.527295224515336304e+04
1.509912881353876583e+04 1.485471965228946647e+04
1.468513294651372780e+04 1.444669111212083408e+04
1.428313463577069706e+04 1.405090561270460239e+04
1.389463115650259533e+04 1.366881647678776426e+04
1.352067981939374295e+04 1.330144249135732571e+04
1.316218703087218637e+04 1.294965525647968025e+04
1.282021068517098138e+04 1.261446698582287172e+04
1.249631708237983912e+04 1.229736987460471391e+04
1.219197768150762022e+04 1.199976569322015894e+04
1.190795048135146862e+04 1.172236712136762435e+04
1.164182298846940284e+04 1.146280793130621896e+04
1.139030411318191909e+04 1.121786888791127785e+04
1.115041935722755807e+04 1.098464120872738386e+04
1.091972702284584557e+04 1.076074786027336268e+04
1.069607916594114249e+04 1.054410068427495025e+04
1.047713864361706874e+04 1.033243234067346748e+04
1.025972101516440125e+04 1.012266867823637767e+04
1.004067602332371825e+04 9.911765346539807069e+03
9.816387154379661297e+03 9.696242918815514713e+03
9.582928195989119558e+03 9.472329584901281123e+03
9.336676931374729975e+03 9.236545689021031649e+03
9.074211212065541986e+03 8.985625474372593089e+03
8.792939460291187061e+03 8.717086957994742988e+03
8.492302058515469980e+03 8.430426236682169474e+03
8.172944259731702914e+03 8.126281727532110381e+03
7.837806461096410203e+03 7.807506186652445649e+03
7.490957187711459483e+03 7.478022904071104676e+03
7.138133225901238802e+03 7.143345350963671990e+03
6.785426793670354527e+03 6.809316540561909278e+03
6.439176058852362985e+03 6.481985452019980585e+03
6.105387165798870228e+03 6.167070686488641513e+03
5.789928370727251604e+03 5.870134563546922436e+03
5.498164935786344358e+03 5.596215328973632495e+03
5.234800893366822493e+03 5.349714955556391033e+03
5.002566692514951683e+03 5.133143871826255236e+03
4.802478445310004645e+03 4.947360782605742315e+03
4.632166007841261489e+03 4.790039997035792112e+03
4.486948584223060607e+03 4.656657122124255693e+03
4.359442848704157768e+03 4.540170330136090342e+03
4.241336858094517993e+03 4.432654717339483796e+03
4.123851141115228529e+03 4.325763396515108070e+03
3.999097399339921594e+03 4.211991772974097330e+03
3.860745650265137556e+03 4.085305782112192901e+03
3.705296125242553899e+03 3.942376444772329705e+03
3.532680777886455417e+03 3.783141840415321440e+03
3.346220714920436421e+03 3.610776155702675624e+03
3.152095304378316996e+03 3.431180402471518391e+03
2.958254941631222664e+03 3.251908940997633181e+03
2.773607220895176852e+03 3.081371540419694611e+03
2.606805569753433701e+03 2.927678874472435382e+03
2.464176881846964534e+03 2.796683176015403660e+03
2.347136719967139015e+03 2.689601297281625193e+03
2.251826688128610840e+03 2.602738422835975598e+03
2.171169245219338791e+03 2.529424140162384901e+03
2.097079453408982317e+03 2.462074695398193398e+03
2.021352620510536553e+03 2.393006687824680739e+03
1.936739116225916860e+03 2.315440325584536822e+03
1.839940206201094270e+03 2.226318525284048064e+03
1.733771746397879724e+03 2.128331439321638300e+03
1.625171124123888603e+03 2.028011063204057564e+03
1.521741216621426020e+03 1.932445391362394503e+03
1.429680659389118091e+03 1.847333219040418044e+03
1.352458976497950744e+03 1.775786089937625093e+03
1.288879089624167591e+03 1.716612905768554128e+03
1.233840024767728892e+03 1.665079883600061748e+03
1.180813130061856100e+03 1.615194645377519009e+03
1.124157927600419953e+03 1.561821922563261069e+03
1.062143100755825117e+03 1.503437070016694179e+03
9.977502628727725096e+02 1.442814823402306502e+03
9.356914113213650808e+02 1.384252168298784682e+03
8.800256653245986627e+02 1.331376123786983953e+03
8.324439229610354687e+02 1.285633056643782993e+03
7.908668608115967800e+02 1.245108261788499249e+03
7.514325614403735472e+02 1.206354070426268891e+03
7.112152919209823949e+02 1.166806888754297461e+03
6.696865908845643389e+02 1.126047469174042135e+03
6.289727578807733153e+02 1.085965817432628000e+03
5.915870749493142284e+02 1.048732209659703585e+03
5.582708195065597465e+02 1.014943726674055370e+03
5.279382427062554370e+02 9.836368748091142606e+02
4.986944233086742884e+02 9.531991375802490438e+02
4.696258698872736659e+02 9.228819790305161632e+02
4.414006478843284071e+02 8.932605114319401309e+02
4.151147622565194411e+02 8.652338872523262125e+02
3.910597881826853381e+02 8.390168957547014088e+02
3.685543981717661381e+02 8.140417960549319787e+02
3.468958729788083133e+02 7.897471216830357434e+02
3.260312729959514968e+02 7.660980368848223634e+02
3.064148050764013647e+02 7.434454533262317000e+02
2.881686772175000328e+02 7.218704026071485487e+02
2.710060373103423785e+02 7.011452986327351482e+02
2.546524037141229257e+02 6.810629265188532599e+02
2.391536093960292817e+02 6.616550678422732972e+02
2.246191000395757840e+02 6.429936247547677795e+02
2.109677352189058581e+02 6.250127729249827553e+02
1.980612723225258947e+02 6.076111462330519544e+02
1.858714109341267715e+02 5.907651733919508388e+02
1.744150202614445107e+02 5.744799532372712747e+02
1.636384347112400235e+02 5.587140438370653328e+02
1.534856758583069904e+02 5.434263262966982211e+02
1.439297249792457194e+02 5.285946010475259982e+02
1.349402955643783173e+02 5.141950643819171773e+02
1.264859074686805798e+02 5.002037914338242217e+02
1.185366781708704167e+02 4.865984410867807810e+02
1.110642523458478621e+02 4.733581609679357030e+02
1.040417338033917929e+02 4.604634996398408475e+02
9.744361976606937503e+01 4.478963253391002581e+02
9.124574573875366923e+01 4.356397971651534817e+02
8.542527054895106176e+01 4.236785734942765771e+02
7.996057017758390373e+01 4.119985231396618133e+02
7.483115416080281079e+01 4.005865098251533709e+02
7.001761404782266141e+01 3.894303379645837140e+02
6.550157372007438994e+01 3.785187024919127339e+02
6.126564143161958498e+01 3.678411417284674485e+02
5.729336322767026957e+01 3.573879993763255243e+02
5.356916458314194784e+01 3.471506637086403089e+02
5.007830676498889488e+01 3.371215989130704997e+02
4.680686715008205567e+01 3.272938992623587637e+02
4.374169990961366494e+01 3.176612251699298781e+02
4.087039672646076127e+01 3.082177726280390857e+02
3.818124919963678110e+01 2.989582438553416068e+02
3.566321288546284052e+01 2.898778190317382268e+02
3.330587185961786645e+01 2.809722408238840217e+02
3.109940243193759102e+01 2.722381845731615613e+02
2.903454647053519011e+01 2.636727975450988311e+02
2.710258294557961634e+01 2.552735062016195968e+02
2.529529912480354170e+01 2.470379965410218404e+02
2.360496313859954043e+01 2.389641949379509356e+02
2.202429786273601309e+01 2.310502494261588424e+02
2.054645597998240802e+01 2.232945361145646643e+02
1.916499462227648820e+01 2.156961499484994818e+02
1.787385353846508806e+01 2.082547883226662009e+02
1.666733573983627181e+01 2.009701756982317988e+02
1.554008716098129561e+01 1.938420307697804503e+02
1.448707727902702480e+01 1.868700581037113295e+02
1.350358073352912847e+01 1.800539401344563828e+02
1.258515990220061198e+01 1.733933296182339916e+02
1.172764791791190042e+01 1.668881164192688118e+02
1.092713220955230824e+01 1.605389562502764420e+02
1.017994121249728678e+01 1.543464488415895062e+02
9.482630607001590661e+00 1.483109520071277814e+02
8.831969970385314284e+00 1.424325884806874285e+02
8.224930159021711873e+00 1.367112531179150494e+02
7.658671384245895553e+00 1.311466204326155491e+02
7.130531885879312526e+00 1.257381916701251754e+02
6.638016630506120563e+00 1.204857417146422307e+02
6.178787733175528096e+00 1.153890838755473283e+02
5.750655546259991979e+00 1.104477135435140696e+02
5.351569673385180970e+00 1.056608204778835329e+02
4.979610486869152197e+00 1.010273084461029924e+02
4.632981133446393507e+00 9.654581472365354955e+01
4.310000001418859306e+00 9.221472980381098239e+01
4.009093466688649521e+00 8.803229630941604000e+01
3.728789089659355405e+00 8.399670100548057405e+01
