1.601492430133446396e+04 1.587697646601222550e+04
1.625478355267830921e+04 1.611096320505301628e+04
1.649181826328963507e+04 1.634195989609287244e+04
1.672559253746326794e+04 1.656953206354004578e+04
1.695565687007445740e+04 1.679323244922613230e+04
1.718153042107518559e+04 1.701258541930622232e+04
1.740271105263418940e+04 1.722709602306156739e+04
1.761868631828094658e+04 1.743625988046832208e+04
1.782892353737262238e+04 1.763955365716231609e+04
1.803286328174491791e+04 1.783642885573002059e+04
1.822993704249478469e+04 1.802632894379292338e+04
1.841956614670660201e+04 1.820868849663341825e+04
1.860114165389836853e+04 1.838291448594682879e+04
1.877404195655935837e+04 1.854840291114516731e+04
1.893764375561147244e+04 1.870454921133670359e+04
1.909130960903214509e+04 1.885073692140087951e+04
1.923438696992536279e+04 1.898633695738947426e+04
1.936622772299885764e+04 1.911072582116487683e+04
1.948618659428412502e+04 1.922328436090028117e+04
1.959360661241691196e+04 1.932338474976263024e+04
1.968783915053063902e+04 1.941040892934615840e+04
1.976825296112968499e+04 1.948375707021698327e+04
1.983423174394934540e+04 1.954284645219197773e+04
1.988517862293360304e+04 1.958711560761189321e+04
1.992052541972335530e+04 1.961603210782293536e+04
1.993974015732713815e+04 1.962910039666617376e+04
1.994233737818280497e+04 1.962587298563797594e+04
1.992787396075881406e+04 1.960594460662950223e+04
1.989595473064283578e+04 1.956895732091371610e+04
1.984627424168477955e+04 1.951464281054039384e+04
1.977860451626535360e+04 1.944280944879670642e+04
1.969277150433124552e+04 1.935331788506726298e+04
1.958870272695395761e+04 1.924612844889042753e+04
1.946647651954822868e+04 1.912135010220330514e+04
1.932623818320505598e+04 1.897915611970287137e+04
1.916820986366957368e+04 1.881979363036954237e+04
1.899283197011525044e+04 1.864372432901829234e+04
1.880066752631032796e+04 1.845152878665563185e+04
1.859232443836004677e+04 1.824382878505886038e+04
1.836859661206194141e+04 1.802142826195329690e+04
1.813052355094944141e+04 1.778537269958676188e+04
1.787917339997233285e+04 1.753673220349237090e+04
1.761567829864259329e+04 1.727663738103230571e+04
1.734147922342945094e+04 1.700652605623240743e+04
1.705808781100014676e+04 1.672790357955846048e+04
1.676697924907078777e+04 1.644223544616477739e+04
1.646982129775959038e+04 1.615118197963756029e+04
1.616847010221097662e+04 1.585659462456113579e+04
1.586469453873494240e+04 1.556023475357923962e+04
1.556016254418873359e+04 1.526376456574525582e+04
1.525645013439947070e+04 1.496876780897335266e+04
1.495502804513951378e+04 1.467672379200911928e+04
1.465728815044938165e+04 1.438903191726968362e+04
1.436497144693633345e+04 1.410745885686421389e+04
1.408003999531074987e+04 1.383400667368984432e+04
1.380429777563004973e+04 1.357051935830867660e+04
1.353878565003317090e+04 1.331809177421429376e+04
1.328338766444105386e+04 1.307668382781836226e+04
1.303787451185907594e+04 1.284614084379385895e+04
1.280165247783282211e+04 1.262594350799896347e+04
1.257349441735518121e+04 1.241493928345146196e+04
1.235216047906126732e+04 1.221195557565354284e+04
1.213602427056895613e+04 1.201541451410406262e+04
1.192311056075393572e+04 1.182336738319343749e+04
1.171144486013480491e+04 1.163384337179813338e+04
1.149865611768272356e+04 1.144442007096940324e+04
1.128236894028602728e+04 1.125263584787486070e+04
1.105996976184951382e+04 1.105571755488051167e+04
1.082871074146260071e+04 1.085068752970840251e+04
1.058600032883983840e+04 1.063465960254466700e+04
1.032938336617740606e+04 1.040480084652180267e+04
1.005704020113937077e+04 1.015888656568887382e+04
9.768105094390464728e+03 9.895631743327770891e+03
9.462800384399666655e+03 9.614887933030007844e+03
9.142931159647023378e+03 9.318197727088399915e+03
8.811520535388372082e+03 9.008457565321214133e+03
8.472889019621883563e+03 8.690036411649611182e+03
8.132095495003281030e+03 8.368201414299062890e+03
7.794548823307927705e+03 8.048704259942785029e+03
7.465815101315930406e+03 7.737585727911282447e+03
7.150968219315799615e+03 7.440444570705858496e+03
6.854720124615612804e+03 7.162590792941129621e+03
6.580949411020725165e+03 6.908514377926497218e+03
6.332319693221989837e+03 6.681457946346130484e+03
6.109888073113020255e+03 6.482957599042490074e+03
5.912471801001859603e+03 6.312092601719802587e+03
5.736479733380854668e+03 6.165202265687453291e+03
5.576302473866927357e+03 6.036223802649757090e+03
5.424647912180216736e+03 5.916929722515850699e+03
5.273916872102920934e+03 5.798426970019902910e+03
5.116931063813681249e+03 5.671965902938763975e+03
4.948093773951155526e+03 5.530361223858048106e+03
4.764169025026633790e+03 5.369073437924623249e+03
4.564857152605891315e+03 5.187083999025962839e+03
4.353163115270381240e+03 4.987542839672146329e+03
4.134920701506907790e+03 4.777307138535410559e+03
3.917732534438456696e+03 4.565660352124828933e+03
3.709812942575675152e+03 4.362846796071418794e+03
3.518782188009483434e+03 4.178524260888949357e+03
3.350268781790098274e+03 4.019995973565317854e+03
3.206199231778373814e+03 3.890055730168740411e+03
3.083700254830344875e+03 3.785525287168292834e+03
2.975815495127587383e+03 3.697954178925457200e+03
2.873822347758141404e+03 3.616333428023317083e+03
2.769509448637624246e+03 3.529913037887575229e+03
2.656588210676536619e+03 3.430120152537114791e+03
2.532239880691788130e+03 3.312835925174036220e+03
2.398847361496700614e+03 3.180977669797143790e+03
2.263564940975067202e+03 3.044059585057910226e+03
2.134931620327898145e+03 2.913587492761261274e+03
2.019524251167678585e+03 2.798472823326903381e+03
1.920379950949668682e+03 2.702914817719850362e+03
1.836015511956219370e+03 2.625106596004897710e+03
1.760591429435523651e+03 2.557369621829886910e+03
1.686603892101153406e+03 2.489624668458318865e+03
1.608298190464802246e+03 2.414005394606919708e+03
1.524106234057386928e+03 2.328347639087375228e+03
1.437525226999172901e+03 2.237512639570052670e+03
1.354713636791732370e+03 2.150017432439968616e+03
1.280420961344701482e+03 2.072370351224366459e+03
1.216006791571838903e+03 2.006414922037813085e+03
1.158628336128909268e+03 1.948329683225169219e+03
1.103285741075494798e+03 1.891417699514365722e+03
1.046384298300891942e+03 1.830920619233685557e+03
9.879121372719184819e+02 1.766962464088315528e+03
9.308818401884918785e+02 1.703705903085571663e+03
8.787001100515982444e+02 1.645709348593114328e+03
8.321584256681240959e+02 1.593975908041008324e+03
7.892629446646749329e+02 1.545888864017045989e+03
7.473404221126436369e+02 1.498050891414603939e+03
7.053603048485122144e+02 1.449265952550397742e+03
6.646167587707814164e+02 1.401286222330303644e+03
6.268720716604348127e+02 1.356340139019334629e+03
5.923432194854910904e+02 1.314664151248893404e+03
5.597785155698466042e+02 1.274741994662222396e+03
5.280576985209186205e+02 1.235303319196631264e+03
4.973883319097873255e+02 1.196668476167669724e+03
4.686083077707702387e+02 1.159823968571666683e+03
4.418815151219272934e+02 1.124938106069611194e+03
4.165747050487950673e+02 1.091321211335945009e+03
3.922660009746693959e+02 1.058559472866911847e+03
3.691734817827651227e+02 1.026907108316990843e+03
3.475411740460265264e+02 9.966067206544616965e+02
3.271650400733066704e+02 9.674522072925725524e+02
3.077814647102310346e+02 9.392036867752491389e+02
2.894223204082570646e+02 9.118968201720342677e+02
2.721596121165906084e+02 8.855865032823155616e+02
2.558721680871666706e+02 8.601619706036316302e+02
2.404582023341038735e+02 8.355355855926536606e+02
2.259167167961857956e+02 8.116975742956817612e+02
2.122091223726155249e+02 7.886074981802016737e+02
1.992886678434824717e+02 7.662188657147281674e+02
1.871112914983985718e+02 7.444884976035147020e+02
1.756354558685152085e+02 7.233763114545701001e+02
1.648225556013702828e+02 7.028438576534458662e+02
1.546375271288463011e+02 6.828521540342950402e+02
1.450471480604571184e+02 6.633647369164111751e+02
1.360196904069424306e+02 6.443481062901706764e+02
1.275248743970550862e+02 6.257715540668252743e+02
1.195338219694341007e+02 6.076070066421611955e+02
1.120190101292831883e+02 5.898288800807482630e+02
1.049542194899407832e+02 5.724139283769461599e+02
9.831436474719055241e+01 5.553406433427809361e+02
9.207547501080111374e+01 5.385891563284507129e+02
8.621480623739324756e+01 5.221417035315683961e+02
8.071079480479652091e+01 5.059825490754524253e+02
7.554300423502925810e+01 4.900978825581876777e+02
7.069207374748859252e+01 4.744757211916497681e+02
6.613966862189623441e+01 4.591058156067751383e+02
6.186843453435297846e+01 4.439801902366715467e+02
5.786196443282089064e+01 4.290970300804578414e+02
5.410474127299284675e+01 4.144573644357672038e+02
5.058208751009468074e+01 4.000626263186973688e+02
4.728012495904096824e+01 3.859145941058350786e+02
4.418573621670143581e+01 3.720153461063887335e+02
4.128652757368413972e+01 3.583672153843391470e+02
3.857079338047100237e+01 3.449727472115426963e+02
3.602747716059966621e+01 3.318364857086081088e+02
3.364613241064125759e+01 3.189677694093036848e+02
3.141690455778492463e+01 3.063757927862375254e+02
2.933050269549051592e+01 2.940686572635390235e+02
2.737817006687352261e+01 2.820533977048174847e+02
2.555165589127335934e+01 2.703360118986084899e+02
2.384318848783608757e+01 2.589214927372218540e+02
2.224544959780500619e+01 2.478139072634606350e+02
2.075154858562274285e+01 2.370176356561660214e+02
1.935499947685640620e+01 2.265373008446086089e+02
1.804970062797450936e+01 2.163762843965128013e+02
1.682991363515951733e+01 2.065367203065887338e+02
1.569024318884410718e+01 1.970195748422581516e+02
1.462561793411378019e+01 1.878247267304268746e+02
1.363127229503447602e+01 1.789510471094516504e+02
1.270272897459934569e+01 1.703964902387701841e+02
1.183578108677600582e+01 1.621582439234987874e+02
1.102647813177435765e+01 1.542327417748210223e+02
1.027111220087099319e+01 1.466156931441007032e+02
9.566203919826506308e+00 1.393021573887111515e+02
8.908489138301273869e+00 1.322866157084438612e+02
8.294906335659449681e+00 1.255630400468384948e+02
7.722584708569901757e+00 1.191249588104712416e+02
