2.655552872401041896e+04 2.634389787002724552e+04
2.684834203697700286e+04 2.662861829998984103e+04
2.713119390442678559e+04 2.690321064007991663e+04
2.740326500461141768e+04 2.716686631116415447e+04
2.766372357922517403e+04 2.741876604846707414e+04
2.791173224009456681e+04 2.765808615596597156e+04
2.814641638690421314e+04 2.788396751691266763e+04
2.836687573711598452e+04 2.809552702330434113e+04
2.857221372880445051e+04 2.829188655415900575e+04
2.876152529736108409e+04 2.847216142949940331e+04
2.893387499607284917e+04 2.863543962610473318e+04
2.908833583186638498e+04 2.878081914252016941e+04
2.922399642552435762e+04 2.890741500203495525e+04
2.933992936054898382e+04 2.901432913678084878e+04
2.943521198439592990e+04 2.910067045534387944e+04
2.950895501429459910e+04 2.916558233865894726e+04
2.956029233258151362e+04 2.920823333406562233e+04
2.958837033871680978e+04 2.922780744259517087e+04
2.959238251508276517e+04 2.922353668724572708e+04
2.957157841901802749e+04 2.919470992052112342e+04
2.952526264398645435e+04 2.914067341208580547e+04
2.945280531132968099e+04 2.906083997027185251e+04
2.935365226358484870e+04 2.895469787261220699e+04
2.922734841150329521e+04 2.882183501642083866e+04
2.907355350783283575e+04 2.866195500033799908e+04
2.889202072681795471e+04 2.847485367593072442e+04
2.868261631908588242e+04 2.826043852366146166e+04
2.844541292128833811e+04 2.801882273177810202e+04
2.818062125984427257e+04 2.775025550558581381e+04
2.788855346196531173e+04 2.745508448150840559e+04
2.756975066606930341e+04 2.713388346746187017e+04
2.722501268792216069e+04 2.678748172549422816e+04
2.685523148376663812e+04 2.641679642728025283e+04
2.646145377590578209e+04 2.602289493484577906e+04
2.604515869483061397e+04 2.560727182844430718e+04
2.560796960930350178e+04 2.517156058210283300e+04
2.515154414436516163e+04 2.471742364590772559e+04
2.467785823837527641e+04 2.424683674910339687e+04
2.418918052160961088e+04 2.376206308049121435e+04
2.368773652522866541e+04 2.326531733893424826e+04
2.317589943351038528e+04 2.275895580794176203e+04
2.265673496809831340e+04 2.224601882337089410e+04
2.213330868282664960e+04 2.172954146853430211e+04
2.160847412286436884e+04 2.121234398143567523e+04
2.108475547016274868e+04 2.069692452173979109e+04
2.056437947597240054e+04 2.018548921167211302e+04
2.004938380629569656e+04 1.968005249636964800e+04
1.954214280181763388e+04 1.918295806516489029e+04
1.904628314149549260e+04 1.869778620929648241e+04
1.856532334812956833e+04 1.822800901514821089e+04
1.810233281432224976e+04 1.777665566270130876e+04
1.765912251703819129e+04 1.734552439356523973e+04
1.723667674003192951e+04 1.693560492528307441e+04
1.683582285915549437e+04 1.654773340374853433e+04
1.645636076778549250e+04 1.618174105184495602e+04
1.609673566672413108e+04 1.583613265017977938e+04
1.575538582884161224e+04 1.550940513296914287e+04
1.543025560996315835e+04 1.519957043481053370e+04
1.511852538182315766e+04 1.490388848379690717e+04
1.481746738037029536e+04 1.461970262847404410e+04
1.452388903876225231e+04 1.434388878052638574e+04
1.423428634142016926e+04 1.407300219430292418e+04
1.394513106163192606e+04 1.380355448665734730e+04
1.365210092019994590e+04 1.353124184888779746e+04
1.335094306027940365e+04 1.325179722019910150e+04
1.303711502217559791e+04 1.296062373179079805e+04
1.270609113551778319e+04 1.265309387137558224e+04
1.235419916228003785e+04 1.232539010862183386e+04
1.197875997962032670e+04 1.197464773171401430e+04
1.157887162944550983e+04 1.159975835707141960e+04
1.115606311383826869e+04 1.120205550308119928e+04
1.071375749160883788e+04 1.078478734629194696e+04
1.025768820033222437e+04 1.035357272040714815e+04
9.794775530793060170e+03 9.915261135877990455e+03
9.332861765055158685e+03 9.477684608360968923e+03
8.879952509901624580e+03 9.048874776172211568e+03
8.443773899873211121e+03 8.636619524885534702e+03
8.031924016149886484e+03 8.248575838884538825e+03
7.650861516614831999e+03 7.891313179216661410e+03
7.305965533744019922e+03 7.570287971978772475e+03
7.000695902995655160e+03 7.289092829511181662e+03
6.735155654535593385e+03 7.047928329997675974e+03
6.506473953433267525e+03 6.844031323605835496e+03
6.307857632390565414e+03 6.670642404399000043e+03
6.130026079516480422e+03 6.518417234577358613e+03
5.962117724030496902e+03 6.376270863809242655e+03
5.793043198299192227e+03 6.232718804476258811e+03
5.612964986932637657e+03 6.077386199447483705e+03
5.414315474199408527e+03 5.902101734643886630e+03
5.193358037692211838e+03 5.702639039652818610e+03
4.950822540628348179e+03 5.479480687114299144e+03
4.691855852099863114e+03 5.237857183783825349e+03
4.425235320823253460e+03 4.986951554473462238e+03
4.161868523951617135e+03 4.738257262431433446e+03
3.913430020024411078e+03 4.504077741606565723e+03
3.690545758324041799e+03 4.295586507513495235e+03
3.500218048995857316e+03 4.120136988857114375e+03
3.343166211637696506e+03 3.978527766672984853e+03
3.213411503056182028e+03 3.864596338000739252e+03
3.100859593753597892e+03 3.767850855251303983e+03
2.994263959509595679e+03 3.676476903353459420e+03
2.882790940066166513e+03 3.578935554523484370e+03
2.757883280513264253e+03 3.465987456893359195e+03
2.616854492893116458e+03 3.334666471154129795e+03
2.464897298246339233e+03 3.190541690292715884e+03
2.312178821745530968e+03 3.044564687132323797e+03
2.169105582395313377e+03 2.907875744738156754e+03
2.043604864380768731e+03 2.788854794209973534e+03
1.938963109830382336e+03 2.690904079856903991e+03
1.852030544883288485e+03 2.610661044294442490e+03
1.774725792329739079e+03 2.539612318318889720e+03
1.697758050483202624e+03 2.467976178652850649e+03
1.614205470528332171e+03 2.388476630990071953e+03
1.523306547399163264e+03 2.300402663571505400e+03
1.430450138714660170e+03 2.209555950322045192e+03
1.342772642935383828e+03 2.123478660166193549e+03
1.265553643494088192e+03 2.047617413378813580e+03
1.199853170920412822e+03 1.982965397416630594e+03
1.141537536933032470e+03 1.925202908015483217e+03
1.084719837468821197e+03 1.868309021701286611e+03
1.025764319115076432e+03 1.808656311196107481e+03
9.651095553307884529e+02 1.746812072584584257e+03
9.066231009754263823e+02 1.686747217775457557e+03
8.538046855140285061e+02 1.631926923194096162e+03
8.069996684487712173e+02 1.582612387177900473e+03
7.638406330719684547e+02 1.536442217462339613e+03
7.214360760377988981e+02 1.490645177983616577e+03
6.790363462817651907e+02 1.444579908380485676e+03
6.382331468580516685e+02 1.399805588512865597e+03
6.007049599038083443e+02 1.357873399621793851e+03
5.664506262536526719e+02 1.318733542970712506e+03
5.340799612052617249e+02 1.281109305090706357e+03
5.026198702825831788e+02 1.244160174736469116e+03
4.723684631841393298e+02 1.208177708562004455e+03
4.441423193651731367e+02 1.173857631177867688e+03
4.179424785387826091e+02 1.141173431427998821e+03
3.931491867081747387e+02 1.109603044492136860e+03
3.694203369039656764e+02 1.078879200358611797e+03
3.469879894125563169e+02 1.049185655304183911e+03
3.260147208434568711e+02 1.020631585059521626e+03
3.062764706419108620e+02 9.930355588347525782e+02
2.875588594849606352e+02 9.662374042581507183e+02
2.698939573970847619e+02 9.402531861029598304e+02
2.533134079278480044e+02 9.150911803766236972e+02
2.376950432990817319e+02 8.906590372724880353e+02
2.229758904325015294e+02 8.669067424895489467e+02
2.091183680310163595e+02 8.438007218840247106e+02
1.960764662751132903e+02 8.213018099799645597e+02
1.838060481721577730e+02 7.993734056370105918e+02
1.722650522000306808e+02 7.779815407054602474e+02
1.614134194568969463e+02 7.570947307002774096e+02
1.512130171494243882e+02 7.366838271081217044e+02
1.416274373113977276e+02 7.167215675769067502e+02
1.326219404750240187e+02 6.971824304947838300e+02
1.241635662709296497e+02 6.780429414229743088e+02
1.162210654034680033e+02 6.592815935328101205e+02
1.087648227209283363e+02 6.408787486963523179e+02
1.017667828792091598e+02 6.228165447694716477e+02
9.520037857692372540e+01 6.050788083396652155e+02
8.904046479567078620e+01 5.876513117615045303e+02
8.326325874285525686e+01 5.705224372311691923e+02
7.784626405329719034e+01 5.536820802871952765e+02
7.276820679005356851e+01 5.371213256262964251e+02
6.800897661094661828e+01 5.208323850481720001e+02
6.354957019890930070e+01 5.048085369945158050e+02
5.937203691217011681e+01 4.890440673906384745e+02
5.545942532034969474e+01 4.735344190106862925e+02
5.179572173980535865e+01 4.582780779597383116e+02
4.836581123201587218e+01 4.432753455050524281e+02
4.515544038151359985e+01 4.285268503339725044e+02
4.215117258265102151e+01 4.140334924728575743e+02
3.934034520975276195e+01 3.997964080796101598e+02
3.671102873587854276e+01 3.858169345972473252e+02
3.425198769429125889e+01 3.720966022707660272e+02
3.195264107609494530e+01 3.586387537113590724e+02
2.980302630834210120e+01 3.454491995378195952e+02
2.779376980698513222e+01 3.325334159820810100e+02
2.591605499423805270e+01 3.198962822964531370e+02
2.416159149456579414e+01 3.075420858962644957e+02
2.252258586143516084e+01 2.954745290227590431e+02
2.099171377159411378e+01 2.836967368699056351e+02
1.956209294104143837e+01 2.722117037676244991e+02
1.822725597523687568e+01 2.610237441500854629e+02
1.698112954713662504e+01 2.501367784787043149e+02
1.581801272407225767e+01 2.395537392049985783e+02
1.473255543207884699e+01 2.292766191625139811e+02
1.371973806726808576e+01 2.193065210689341598e+02
1.277485220055991455e+01 2.096437077358701799e+02
1.189348225337726994e+01 2.002876807648683837e+02
1.107148726655696258e+01 1.912376305083623720e+02
1.030498513434966235e+01 1.824923090226023135e+02
9.590338127876773200e+00 1.740497012424821435e+02
8.924138271976614689e+00 1.659070761730152981e+02
8.303193515972516536e+00 1.580610478569217889e+02
7.724514684702127987e+00 1.505076348811164735e+02
7.185303167892210574e+00 1.432423182195249467e+02
6.682939013647902549e+00 1.362601024397186222e+02
6.214969769441522018e+00 1.295555740669400393e+02
5.779100855880244580e+00 1.231229416174134172e+02
5.373185903416882958e+00 1.169560836308185259e+02
