1.442575300882214651e+04 1.430854674093399444e+04
1.464792196462546599e+04 1.452559751020849762e+04
1.486750338340828603e+04 1.473990353981077169e+04
1.508409354663893282e+04 1.495106084011392340e+04
1.529726617523905225e+04 1.515864463758164311e+04
1.550657327944292592e+04 1.536221026468898344e+04
1.571155652298586028e+04 1.556130342870739878e+04
1.591174308825437220e+04 1.575545614835324704e+04
1.610663376456166407e+04 1.594417508736779382e+04
1.629571795036932053e+04 1.612695637589221769e+04
1.647847741610080266e+04 1.630328939502290268e+04
1.665437083077205898e+04 1.647264208610762944e+04
1.682283918302165330e+04 1.663446624230610178e+04
1.698332053462799013e+04 1.678821170537963917e+04
1.713524434672516145e+04 1.693332108230032463e+04
1.727802071982753478e+04 1.706921964392449081e+04
1.741105956294122007e+04 1.719533365926030092e+04
1.753377463425470341e+04 1.731109436249802093e+04
1.764556963992682722e+04 1.741592506886247793e+04
1.774584793065818303e+04 1.750925042065661546e+04
1.783402616150461108e+04 1.759050933100532711e+04
1.790953155705874451e+04 1.765915279037387882e+04
1.797179882316187286e+04 1.771464135806103877e+04
1.802028437175831641e+04 1.775645819270312495e+04
1.805447181533014373e+04 1.778411441900062709e+04
1.807387870022662173e+04 1.779715673816491108e+04
1.807805821566095983e+04 1.779516837764782031e+04
1.806660126029839375e+04 1.777777044253713757e+04
1.803915651414086096e+04 1.774464226476707699e+04
1.799544388736273322e+04 1.769553490696294102e+04
1.793523253470937561e+04 1.763024823889360778e+04
1.785835338845601291e+04 1.754864321713225218e+04
1.776476414851777736e+04 1.745070679396399646e+04
1.765450256024589180e+04 1.733650473365060679e+04
1.752766080534799039e+04 1.720615567413442477e+04
1.738446845255559674e+04 1.705991355200006001e+04
1.722531348403078664e+04 1.689818820340817911e+04
1.705063576910148549e+04 1.672143895280045399e+04
1.686096568124951955e+04 1.653021287549922636e+04
1.665709664785854329e+04 1.632531624653196377e+04
1.643991128095461318e+04 1.610764117765227275e+04
1.621031414112689527e+04 1.587809866599563247e+04
1.596938859515974036e+04 1.563777545291080605e+04
1.571838540596178245e+04 1.538792244184893752e+04
1.545854012397439692e+04 1.512977208852487092e+04
1.519118963780610102e+04 1.486465513371734596e+04
1.491810256633173958e+04 1.459433100026559987e+04
1.464107031980932516e+04 1.432057882320183489e+04
1.436177080765349638e+04 1.404506221514967729e+04
1.408153422776530351e+04 1.376910580254339220e+04
1.380140481704609920e+04 1.349375476701868320e+04
1.352235344785431880e+04 1.321997844939087372e+04
1.324567813848997139e+04 1.294907111668102334e+04
1.297369541064073928e+04 1.268334404250275475e+04
1.270873050409568896e+04 1.242511613218151615e+04
1.245282569548708852e+04 1.217642597601361012e+04
1.220677766358480221e+04 1.193809886831323092e+04
1.197060085464738040e+04 1.171019727301299463e+04
1.174427553973938302e+04 1.149274758544716678e+04
1.152728628064330042e+04 1.128529016134849007e+04
1.131844007923666868e+04 1.108670116008984405e+04
1.111655972550821389e+04 1.089586840587852566e+04
1.092022401772293961e+04 1.071143222890270590e+04
1.072762690650891091e+04 1.053164381525131648e+04
1.053702519750037027e+04 1.035480677848325104e+04
1.034648790706083491e+04 1.017901614995063937e+04
1.015397363245197630e+04 1.000223485798005640e+04
9.957441055505776603e+03 9.822401332873141655e+03
9.754433731998688017e+03 9.636988491223799429e+03
9.542575909909974143e+03 9.443517987133063798e+03
9.319525180065980749e+03 9.239487478082381131e+03
9.083099975095032278e+03 9.022507953798960443e+03
8.831899581950166976e+03 8.790946446412413934e+03
8.565433812403249249e+03 8.544062927542710895e+03
8.284419553919306054e+03 8.282353102762543131e+03
7.991240207865574121e+03 8.008044319456967969e+03
7.689257982991923200e+03 7.724414183553140901e+03
7.383018875971232774e+03 7.436029153429735743e+03
7.077373088194860429e+03 7.147834194032033338e+03
6.777323917459370023e+03 6.865003377119801371e+03
6.487591354836600658e+03 6.592477108682941434e+03
6.212456584937862317e+03 6.334796822952743241e+03
5.955773773134107614e+03 6.096113903167498393e+03
5.720601736348413397e+03 5.879805425804773222e+03
5.508745636779349297e+03 5.687979482855337665e+03
5.320627486535500793e+03 5.521327694943510323e+03
5.154073262297230031e+03 5.377789974016803171e+03
5.005103199842551476e+03 5.253328687964224628e+03
4.867584670240769810e+03 5.141471659050991548e+03
4.734646274815020661e+03 5.034746586631446917e+03
4.599406091821459086e+03 4.925440420561210885e+03
4.456069246885344000e+03 4.806801897970141908e+03
4.300660255700502603e+03 4.673946097149148045e+03
4.131508058558559242e+03 4.524504233035560901e+03
3.949893044317084332e+03 4.359512817350031582e+03
3.759740367422142754e+03 4.183165032021413026e+03
3.566900955917028114e+03 4.002038506349417275e+03
3.378177700043187087e+03 3.823967128315821810e+03
3.200367509200284530e+03 3.656886580178712393e+03
3.039436708354399798e+03 3.507854955570609945e+03
2.899221938817107002e+03 3.381541066569782288e+03
2.779881243259050734e+03 3.278394121997499497e+03
2.677189439578820839e+03 3.193725312776627561e+03
2.583993730494985357e+03 3.119258823956527067e+03
2.492907483527574186e+03 3.046193904031019883e+03
2.397908075231248858e+03 2.967112438506256694e+03
2.294856273131232683e+03 2.876714655528880030e+03
2.182822578274124680e+03 2.773611261362718324e+03
2.065502264168838337e+03 2.662224610828825917e+03
1.949789530363950007e+03 2.551067124957670330e+03
1.842169627485458477e+03 2.448210363775976930e+03
1.746625163525629205e+03 2.358648022355283501e+03
1.664172829250414907e+03 2.283731276805372090e+03
1.592269394189980630e+03 2.220423308479756997e+03
1.525540973754841161e+03 2.162124136862650175e+03
1.458564448200969537e+03 2.102066242222799701e+03
1.387963386444446542e+03 2.035980159105512485e+03
1.313903793131082466e+03 1.964079196204524123e+03
1.240188861824796732e+03 1.891212267627740857e+03
1.171260139881618898e+03 1.823020549736800604e+03
1.109509528349374023e+03 1.762524463518214134e+03
1.054809608949673247e+03 1.709574504989000161e+03
1.004418833027753976e+03 1.660773324284664341e+03
9.548442380425426563e+02 1.611808164812733821e+03
9.045347630920355186e+02 1.560816126847855912e+03
8.542951297888446334e+02 1.508883072947897745e+03
8.064108980946032261e+02 1.458895087273197760e+03
7.626426682445568304e+02 1.413022100705101593e+03
7.226721283366092621e+02 1.370867533660429444e+03
6.849253477400268366e+02 1.330545740775980221e+03
6.480078029729326090e+02 1.290440230859701387e+03
6.118020689491452231e+02 1.250486654591692513e+03
5.772980553079308947e+02 1.211900720121106815e+03
5.452393292204698128e+02 1.175555996052597493e+03
5.153462608538991390e+02 1.141131016095558607e+03
4.868484709476289822e+02 1.107777755170838873e+03
4.593603245266579620e+02 1.075111625615023968e+03
4.331395986641113609e+02 1.043451821961465157e+03
4.085200802868652659e+02 1.013168535089051602e+03
3.853727477383978908e+02 9.841294694103862639e+02
3.633661271874748309e+02 9.560086094497000886e+02
3.423881031642327457e+02 9.287153909333127331e+02
3.225491920583310161e+02 9.023707612720191946e+02
3.038604631751148872e+02 8.769878619719355584e+02
2.861767661987432803e+02 8.524364800553680652e+02
2.694075379113592703e+02 8.286425220565899963e+02
2.535583748851864243e+02 8.056138262991645433e+02
2.386070607892940245e+02 7.833298856630275395e+02
2.244770822827295547e+02 7.617270251986421954e+02
2.111237744289046248e+02 7.407680031106069691e+02
1.985179730987117637e+02 7.204275540709891175e+02
1.866232402077520192e+02 7.006734298299047623e+02
1.754022246712026174e+02 6.814711150725576090e+02
1.648192807032596932e+02 6.627883300926577022e+02
1.548404923626057723e+02 6.445950680489486331e+02
1.454335989409893273e+02 6.268634605146363583e+02
1.365679230315039376e+02 6.095676534925721626e+02
1.282143786899052031e+02 5.926829022689172461e+02
1.203455865655320451e+02 5.761834016665208082e+02
1.129355279135276220e+02 5.600447704056348357e+02
1.059594172634413809e+02 5.442446991088620507e+02
9.939365629089515153e+01 5.287628414387297653e+02
9.321578847373720578e+01 5.135807131585121397e+02
8.740445460054958460e+01 4.986815981016799242e+02
8.193934891190764347e+01 4.840504614120172846e+02
7.680114699194666628e+01 4.696740084671254181e+02
7.197144805573670112e+01 4.555407113445676828e+02
6.743279451411137870e+01 4.416404655631513378e+02
6.316863649223041222e+01 4.279644874602545883e+02
5.916329051069244827e+01 4.145052465637022010e+02
5.540189962227308484e+01 4.012563997145886105e+02
5.187039498449868091e+01 3.882127265029135401e+02
4.855545871769825794e+01 3.753701950608403308e+02
4.544448564645610134e+01 3.627286673590762121e+02
4.252554991102013560e+01 3.502913579768408567e+02
3.978737512955864020e+01 3.380616763305102381e+02
3.721930270618710779e+01 3.260430595999063712e+02
3.481126129777454281e+01 3.142389445358409148e+02
3.255373754705665590e+01 3.026527397602189922e+02
3.043774804737736517e+01 2.912877986534939510e+02
2.845481183465604502e+01 2.801477801930652731e+02
2.659691989370614706e+01 2.692395431586891164e+02
2.485651490853490131e+01 2.585709418348878899e+02
2.322647106515294624e+01 2.481488546796167896e+02
2.170007132914484416e+01 2.379791947106118926e+02
2.027098575307450190e+01 2.280669403695576420e+02
1.893325080601787036e+01 2.184161686571923440e+02
1.768124968643058637e+01 2.090300902332295152e+02
1.650969311226882397e+01 1.999113700326996934e+02
1.541360022193060964e+01 1.910629845887966667e+02
1.438828348359639264e+01 1.824871973639568523e+02
1.342933305569201963e+01 1.741852731421881231e+02
1.253260135789195573e+01 1.661575432582706640e+02
1.169418842376357581e+01 1.584034709046174783e+02
1.091042800096547793e+01 1.509217160741891348e+02
1.017787436193099815e+01 1.437101998782258647e+02
9.493289181978646241e+00 1.367661888428978614e+02
8.853629255559940958e+00 1.300863737894096062e+02
8.256036651374708768e+00 1.236668840288164830e+02
7.697828181527868630e+00 1.175033403942864396e+02
