1.974587844183649941e+04 1.956214172537425475e+04
2.005004846304811508e+04 1.985836243732996081e+04
2.035025835901130631e+04 2.015039376058126072e+04
2.064591349966270718e+04 2.043764283353028441e+04
2.093638259770412333e+04 2.071948312321717822e+04
2.122099592148767624e+04 2.099525301976496485e+04
2.149906801075594194e+04 2.126427648798012524e+04
2.176989233515671367e+04 2.152585785944538657e+04
2.203272041362889649e+04 2.177926158649884746e+04
2.228678585334292075e+04 2.202373576973245508e+04
2.253131163653804106e+04 2.225851938561924180e+04
2.276548349724295986e+04 2.248281714460349394e+04
2.298845703757807132e+04 2.269580643587824306e+04
2.319938459265045458e+04 2.289666300988820512e+04
2.339740631355639198e+04 2.308455273324650261e+04
2.358163077935745969e+04 2.325861348293477931e+04
2.375116761058563497e+04 2.341798612643918386e+04
2.390513482986283998e+04 2.356182165878173328e+04
2.404263494479505243e+04 2.368925905509295990e+04
2.416277108101692647e+04 2.379944058362147189e+04
2.426467077430211793e+04 2.389153424396218543e+04
2.434748169176607189e+04 2.396473028839661129e+04
2.441036689808497613e+04 2.401823733412173169e+04
2.445252833062539503e+04 2.405130385220631797e+04
2.447321604290438336e+04 2.406322709561474039e+04
2.447173980549204862e+04 2.405336570449340434e+04
2.444747156463576539e+04 2.402114102056428965e+04
2.439984884989548300e+04 2.396603945914175711e+04
2.432841087878755570e+04 2.388764849845797653e+04
2.423281904974201461e+04 2.378567686101685831e+04
2.411281807318609935e+04 2.365991483639039870e+04
2.396825996728882455e+04 2.351025765143811805e+04
2.379921273116218799e+04 2.333681281364103415e+04
2.360587305389485482e+04 2.313981303615180514e+04
2.338852761592975003e+04 2.291957748984770660e+04
2.314770787498620484e+04 2.267666458952419634e+04
2.288420278083720405e+04 2.241188404348750919e+04
2.259887613533486001e+04 2.212611580913743092e+04
2.229274545576006494e+04 2.182038822000983055e+04
2.196724439302621977e+04 2.149613807953927972e+04
2.162391678930321359e+04 2.115490670228453382e+04
2.126433337190989187e+04 2.079825741133279007e+04
2.089043146367210284e+04 2.042811494640565070e+04
2.050442282885118402e+04 2.004667331469391138e+04
2.010845432760956828e+04 1.965605712102240432e+04
1.970477820484982294e+04 1.925849449866362556e+04
1.929608026019497265e+04 1.885664938240620540e+04
1.888497854833063684e+04 1.845311516676655083e+04
1.847392433501274354e+04 1.805031669061330103e+04
1.806530910097202286e+04 1.765063258540014431e+04
1.766141129740733959e+04 1.725633574258834051e+04
1.726431984754608857e+04 1.686950693239344037e+04
1.687633500312743126e+04 1.649244859296575669e+04
1.650037830694350123e+04 1.612810856685868748e+04
1.613920389857928240e+04 1.577926926661722973e+04
1.579499733009258853e+04 1.544815506210132662e+04
1.546817081237738421e+04 1.513526713862843644e+04
1.515859160881988282e+04 1.484057432798021000e+04
1.486593389035374821e+04 1.456385456881234859e+04
1.458888839345531960e+04 1.430392502648525624e+04
1.432590823841881866e+04 1.405936741023077411e+04
1.407517579568142173e+04 1.382848563438303972e+04
1.383400194280514006e+04 1.360870165560088208e+04
1.359966739053886340e+04 1.339739067619303751e+04
1.336892085082749145e+04 1.319134743159559002e+04
1.313814283153844553e+04 1.298694873059805286e+04
1.290353047799316300e+04 1.278032107466351772e+04
1.266060849987444089e+04 1.256679684420948615e+04
1.240502412312697015e+04 1.234175217699192217e+04
1.213230670617501710e+04 1.210028665040131273e+04
1.183846971882072830e+04 1.183790259466840871e+04
1.152077198173936267e+04 1.155126770451025914e+04
1.117763844647779661e+04 1.123820166465329385e+04
1.080986982761131549e+04 1.089899505633490298e+04
1.041987284485678720e+04 1.053566031882541392e+04
1.001250603310509359e+04 1.015291069298537150e+04
9.593825220135326163e+03 9.756850365879759920e+03
9.171163829344295664e+03 9.355105093976288117e+03
8.752476451698994424e+03 8.956120584735152079e+03
8.345723446400068497e+03 8.568490294038392676e+03
7.958672082244509511e+03 8.200726913348935341e+03
7.598596654993243646e+03 7.860943702768133335e+03
7.271396645423861628e+03 7.555880505315953997e+03
6.981397433622734752e+03 7.290691286047378526e+03
6.729649890221992791e+03 7.067060069645120166e+03
6.514430088770262046e+03 6.883688855338951726e+03
6.330063110545526797e+03 6.734888697029623472e+03
6.168148406879851791e+03 6.611747734836557356e+03
6.018278833609479989e+03 6.502766638920707919e+03
5.869140242980296534e+03 6.394900350782149872e+03
5.710079909612887604e+03 6.275308383566931298e+03
5.532262532689567706e+03 6.132764715448221978e+03
5.330239038270686251e+03 5.959732495557534094e+03
5.103172256042041226e+03 5.754190617057918644e+03
4.855060475580464299e+03 5.520213650479802709e+03
4.594211146744312828e+03 5.267524677900473762e+03
4.331999211445207948e+03 5.009988255125657815e+03
4.081289539524295378e+03 4.763547306894235589e+03
3.854317788362666306e+03 4.543498495708319751e+03
3.659819085937609998e+03 4.360941367717883622e+03
3.500330041949037877e+03 4.219491266067717333e+03
3.371389710273982928e+03 4.114225817867272781e+03
3.263288532455504992e+03 4.033589158276573471e+03
3.163770814589304791e+03 3.962400922201962203e+03
3.060092696790301943e+03 3.884196262428271893e+03
2.941493554638865135e+03 3.784447784630490332e+03
2.803223873332636231e+03 3.656253731728751973e+03
2.649239749324800414e+03 3.504447212604427477e+03
2.490132980183704603e+03 3.343046155827681559e+03
2.338384640311783642e+03 3.188722320069964098e+03
2.204600267730878841e+03 3.055584625297190087e+03
2.094331289284581089e+03 2.951033376145580405e+03
2.005547441634891811e+03 2.872581285315095556e+03
1.929508717354246528e+03 2.808917090954024388e+03
1.854754720450578361e+03 2.744888026913446538e+03
1.771794359191909052e+03 2.667673905084911894e+03
1.677943989781460687e+03 2.573595267924900327e+03
1.578635099326916134e+03 2.470111694906907360e+03
1.482893622526094077e+03 2.369525830612465143e+03
1.398723848649615775e+03 2.282542515711268607e+03
1.328885574373716963e+03 2.212724024376083889e+03
1.269108307524742258e+03 2.154388405181267444e+03
1.211565575717020238e+03 2.097256126797472007e+03
1.150325429364386764e+03 2.033623322015108897e+03
1.084904209794106919e+03 1.963072172173311856e+03
1.020218402030792163e+03 1.892232370352231328e+03
9.618420310560060216e+02 1.828326376155416710e+03
9.114011774997671864e+02 1.773301230406644891e+03
8.660104491199737140e+02 1.723425943266842296e+03
8.211284343711188285e+02 1.673084164800161034e+03
7.748985650839401842e+02 1.620169659110167686e+03
7.293886303339270398e+02 1.567386746565336352e+03
6.876297210557427206e+02 1.518395595226380919e+03
6.502688246891084418e+02 1.473863555980813317e+03
6.152749177181609639e+02 1.431402030227241312e+03
5.807022577973626767e+02 1.388889756786141106e+03
5.467955257629153039e+02 1.346722823284521382e+03
5.151127257088144233e+02 1.306622323985136745e+03
4.860574847536834682e+02 1.268963624445441155e+03
4.586099425324305230e+02 1.232681065678881396e+03
4.319851603338951804e+02 1.197042808506130314e+03
4.065878532340558991e+02 1.162482965196658142e+03
3.829371885890043359e+02 1.129470830190468405e+03
3.607407602341074835e+02 1.097718953622594199e+03
3.395310242361982205e+02 1.066831885955291682e+03
3.193835385859507596e+02 1.036882990656010861e+03
3.004882130895142041e+02 1.008005905603643782e+03
2.826991629506429149e+02 9.800744522596670549e+02
2.658701468889503872e+02 9.529751595431306441e+02
2.499530006829984075e+02 9.266552298717059557e+02
2.349134132255330201e+02 9.010734539089506825e+02
2.207165559845529685e+02 8.761913216599817815e+02
2.073273500351203040e+02 8.519728625283305519e+02
1.947105305903373562e+02 8.283841511914521334e+02
1.828273283171157004e+02 8.053858264344137297e+02
1.716367941795624290e+02 7.829340403936765824e+02
1.611000507880906980e+02 7.609883198589982385e+02
1.511803531191733896e+02 7.395117145020152520e+02
1.418429717505616452e+02 7.184706084275692319e+02
1.330550826318499276e+02 6.978345477039235902e+02
1.247856630100764619e+02 6.775760817203388342e+02
1.170054640431235953e+02 6.576707982483367232e+02
1.096873786038152474e+02 6.380984414262633209e+02
1.028059230554011663e+02 6.188418474671260583e+02
9.633686123033760396e+01 5.998860524449304421e+02
9.025715403002058679e+01 5.812181809355365658e+02
8.454491205456893965e+01 5.628273434333516434e+02
7.917934916870893858e+01 5.447045362659167722e+02
7.414073706804359176e+01 5.268425432558260582e+02
6.941032906015755088e+01 5.092378169326237298e+02
6.497024815380510177e+01 4.918950986920161768e+02
6.080355701719436468e+01 4.748209292501488790e+02
5.689424071390178028e+01 4.580218497677183791e+02
5.322716124337051724e+01 4.415043601467719441e+02
4.978801398171961523e+01 4.252748779685816771e+02
4.656328596763079730e+01 4.093396982329720686e+02
4.354021602528786872e+01 3.937049941956298653e+02
4.070676004268174353e+01 3.783798029867463129e+02
3.805155565665013739e+01 3.633774767197501774e+02
3.556388090974748906e+01 3.487102881805922721e+02
3.323362064136936311e+01 3.343889187383671242e+02
3.105123502375612432e+01 3.204225084465747386e+02
2.900772951698872149e+01 3.068187104756541430e+02
2.709462619458230392e+01 2.935837492778429123e+02
2.530393614906502364e+01 2.807225522923179710e+02
2.362812976308032731e+01 2.682399061596522643e+02
2.206011371729114146e+01 2.561400908382986472e+02
2.059321103378234241e+01 2.444258646301820477e+02
1.922113837528938163e+01 2.330985303958637189e+02
1.793798435189473750e+01 2.221580370380164311e+02
1.673818891101954520e+01 2.116030806390483860e+02
1.561652376480639326e+01 2.014312045732286833e+02
1.456807346926255597e+01 1.916388926088148139e+02
1.358821607220293970e+01 1.822216370238781451e+02
1.267260827763228725e+01 1.731740600109236823e+02
1.181717053832559650e+01 1.644900198435757943e+02
1.101807190024490701e+01 1.561626971060083520e+02
1.027171565105624040e+01 1.481846772450635683e+02
9.574725737719663954e+00 1.405480292762212855e+02
8.923933916145109890e+00 1.332443804337182769e+02
