2.099662923379654603e+04 2.091314478196352502e+04
2.114723535704780807e+04 2.106070359024557183e+04
2.128665318164246492e+04 2.119701363273306197e+04
2.141426496741990923e+04 2.132145998738024718e+04
2.152945792933475605e+04 2.143343315415990219e+04
2.163162817704678673e+04 2.153233307068359863e+04
2.172015709644646267e+04 2.161754604765020486e+04
2.179443005421583803e+04 2.168846318787333803e+04
2.185385327851423426e+04 2.174449699955557298e+04
2.189783058266945591e+04 2.178505832264091805e+04
2.192575321430800614e+04 2.180954630174058184e+04
2.193704102266251721e+04 2.181738928653817129e+04
2.193114231048114016e+04 2.180804483109265129e+04
2.190750604800571091e+04 2.178097267211060171e+04
2.186561293827526242e+04 2.173566514446841029e+04
2.180499169983740285e+04 2.167166315958474661e+04
2.172519680038460137e+04 2.158853489119799269e+04
2.162581153935920884e+04 2.148587887584638520e+04
2.150648117265866676e+04 2.136335601328335542e+04
2.136691473634286740e+04 2.122069185067186845e+04
2.120687899893068243e+04 2.105767194845440099e+04
2.102621421159946840e+04 2.087415580704661261e+04
2.082484218415179930e+04 2.067008448345881334e+04
2.060278345506764890e+04 2.044549977780465269e+04
2.036015583796814826e+04 2.020054193166154437e+04
2.009716521408803237e+04 1.993543843404820291e+04
1.981413840530579182e+04 1.965053799221798909e+04
1.951156702228254289e+04 1.934635595940749772e+04
1.919003717509531270e+04 1.902350081601774582e+04
1.885023292438389763e+04 1.868267721825673289e+04
1.849307052863729405e+04 1.832482264978231251e+04
1.811961074476649446e+04 1.795101775922984962e+04
1.773096745182053564e+04 1.756239307821780676e+04
1.732844831157777298e+04 1.716027057168258762e+04
1.691363589156981470e+04 1.674624511875275857e+04
1.648812836303151562e+04 1.632192324492005537e+04
1.605357211682506022e+04 1.588895535436077262e+04
1.561198445332326810e+04 1.544935729652582995e+04
1.516544282142044904e+04 1.500520056204571847e+04
1.471591932061144325e+04 1.455844747338905108e+04
1.426559250642130610e+04 1.411125892323383596e+04
1.381686286646931876e+04 1.366600979913127594e+04
1.337193176202021277e+04 1.322487414703093964e+04
1.293290991885097901e+04 1.278993056411510588e+04
1.250220799582596555e+04 1.236354161071485214e+04
1.208207101693416917e+04 1.194790303006694194e+04
1.167444929699516433e+04 1.154491891151922573e+04
1.128116506591071993e+04 1.115635496468407655e+04
1.090389085232294929e+04 1.078382125944790096e+04
1.054403089992434434e+04 1.042866711563036188e+04
1.020279523194410103e+04 1.009204503198091334e+04
9.881310532074046932e+03 9.775004371267052193e+03
9.580526804786102730e+03 9.478423946894610708e+03
9.301116236162084533e+03 9.202916361187752045e+03
9.042420283539810043e+03 8.947788671166448694e+03
8.803083597803155499e+03 8.711665731698629315e+03
8.581842950605454462e+03 8.493267326447410596e+03
8.376744316925851308e+03 8.290653214312704222e+03
8.184930628227087254e+03 8.101017694756162200e+03
8.003714806480995321e+03 7.921722988549929141e+03
7.830532226791329776e+03 7.750263936823764197e+03
7.662885286106155945e+03 7.584217766518419921e+03
7.498384863477294857e+03 7.421270819965298870e+03
7.333637353516853182e+03 7.258174632985434982e+03
7.164638750818287008e+03 7.091114868053829014e+03
6.987562412715191385e+03 6.916461810753239661e+03
6.798346121402911194e+03 6.730414014522102661e+03
6.593436976405870155e+03 6.529657818138405673e+03
6.370901897333382294e+03 6.312457184371460244e+03
6.130089497032022336e+03 6.078301040200128227e+03
5.872271171175289965e+03 5.828492623484818068e+03
5.600691029072007950e+03 5.566200384315642623e+03
5.319521813840447066e+03 5.295434986416250467e+03
5.033974238202151355e+03 5.021163551200761503e+03
4.749231584219158322e+03 4.748291282252624114e+03
4.470425803310473384e+03 4.481647212796861822e+03
4.202932850588110341e+03 4.226246697554693128e+03
3.952229024920899064e+03 3.987178611268130226e+03
3.723544705791853630e+03 3.769251423566251106e+03
3.521123262706153128e+03 3.576338959075359526e+03
3.347243101207948257e+03 3.410412476975338905e+03
3.202518417188586682e+03 3.271920693776749431e+03
3.083952979683596823e+03 3.157933773364122771e+03
2.987209620597939647e+03 3.064289153768285814e+03
2.905609582406048503e+03 2.984715162510027767e+03
2.832037874415120314e+03 2.912579932607875435e+03
2.758951170362183348e+03 2.840931334267161219e+03
2.679482216914026594e+03 2.763506799910463542e+03
2.588015711956441010e+03 2.675238190323138497e+03
2.481571624377441367e+03 2.573516393475171753e+03
2.359946685218379116e+03 2.458264877105994856e+03
2.225668873135939066e+03 2.331882235656871671e+03
2.083474012815705464e+03 2.198743271997491775e+03
1.940100474158511133e+03 2.064977105552125067e+03
1.803640700610970725e+03 1.937882792813565857e+03
1.682240621910414802e+03 1.824734858830823669e+03
1.580881797773776725e+03 1.729893936826526669e+03
1.499961318795751595e+03 1.653593152324849370e+03
1.436326620219408369e+03 1.592885903969007586e+03
1.385097725118506560e+03 1.543322774970559976e+03
1.340206866961601690e+03 1.499453389708154646e+03
1.294314039376637083e+03 1.454766921352043028e+03
1.240799708916343434e+03 1.403463402004590534e+03
1.177323750527188622e+03 1.343561353429488463e+03
1.106245812485503848e+03 1.277210358308380592e+03
1.032263709341848880e+03 1.208574446359774811e+03
9.609936399851579836e+02 1.142563815837629136e+03
8.978800255606063274e+02 1.083874070739271019e+03
8.457964367215392940e+02 1.034918575274890827e+03
8.040157642944797090e+02 9.949814132989934023e+02
7.692082254635224672e+02 9.611278866991644918e+02
7.363169182114975229e+02 9.289917796799845746e+02
7.007847045532064385e+02 8.946932942169025864e+02
6.614374074562758778e+02 8.572726903417593576e+02
6.199672743386121283e+02 8.182028456495783075e+02
5.793552073580794968e+02 7.800154680232168403e+02
5.429457430717534407e+02 7.455017898125055353e+02
5.120981986469032563e+02 7.157520023258887250e+02
4.855356583591855610e+02 6.896551334817376073e+02
4.608683343640671524e+02 6.652037898144290011e+02
4.358255516229564819e+02 6.405246181653783424e+02
4.098264778178935330e+02 6.151577638050091537e+02
3.842023403587477333e+02 5.902021284667873715e+02
3.604834774648317079e+02 5.668933887713815238e+02
3.393758067651405668e+02 5.457782629598913218e+02
3.203456088271844919e+02 5.264036741344883694e+02
3.021873895185927950e+02 5.077953975277538348e+02
2.842296872095997742e+02 4.894217628374263995e+02
2.667732733315647238e+02 4.715225794825630601e+02
2.504352462038917224e+02 4.545753247793787750e+02
2.354772014900809154e+02 4.387704039275566288e+02
2.215654404719133765e+02 4.238381217363805717e+02
2.082632819628770733e+02 4.094382956762867707e+02
1.954922781737758726e+02 3.955092685659495828e+02
1.834601676058225337e+02 3.822031562314159601e+02
1.722634977622230679e+02 3.695843375684449370e+02
1.617695213889780348e+02 3.575471883824590122e+02
1.518160253551069729e+02 3.459680906386112156e+02
1.423975118384984739e+02 3.348392522747153635e+02
1.335635129659950167e+02 3.241912634017233472e+02
1.252796447227996168e+02 3.139942672843235982e+02
1.174712706553664958e+02 3.041913620714956323e+02
1.101118281739435503e+02 2.947603138899481792e+02
1.032002977370886896e+02 2.856960365279848588e+02
9.670845550215302922e+01 2.769757411471184696e+02
9.060220283555773335e+01 2.685726615872868592e+02
8.486289597404140750e+01 2.604712018753843381e+02
7.947257532748920994e+01 2.526561306028557112e+02
7.441185924874287139e+01 2.451118399467864606e+02
6.966135761998543785e+01 2.378231382355454855e+02
6.520276965358671362e+01 2.307758294224510394e+02
6.101883448007338728e+01 2.239566526986284600e+02
5.709327408928083969e+01 2.173532210561113516e+02
5.341073930897952948e+01 2.109539646509815611e+02
4.995675894796276850e+01 2.047480791506942808e+02
4.671775649201376979e+01 1.987256220852965782e+02
4.368106273086831237e+01 1.928776305012863759e+02
4.083471586593434210e+01 1.871957620674797909e+02
3.816740528066404892e+01 1.816722111004521025e+02
3.566844059757486463e+01 1.762996767463550896e+02
3.332772184855517850e+01 1.710713333167389294e+02
3.113571074757646073e+01 1.659808025947488943e+02
2.908339986387358422e+01 1.610221474225313898e+02
2.716225283491726827e+01 1.561900620173078664e+02
2.536420216580611964e+01 1.514797404729670802e+02
2.368165257528554690e+01 1.468866852856039031e+02
2.210745556283434254e+01 1.424066869138187599e+02
2.063488472563246034e+01 1.380358075501992801e+02
1.925761232494596342e+01 1.337703657545806379e+02
1.796968704855515497e+01 1.296069219554520089e+02
1.676551493799441062e+01 1.255423498614969731e+02
1.563984235398327627e+01 1.215739694718697734e+02
1.458773099923667260e+01 1.176993047278786690e+02
1.360453906527174439e+01 1.139160256747907880e+02
1.268590452348646558e+01 1.102219396261609035e+02
1.182772927570634103e+01 1.066149826938912923e+02
1.102616412607551055e+01 1.030932116625618704e+02
1.027759445137194660e+01 9.965480315460393967e+01
9.578625417274446718e+00 9.629815562152087693e+01
8.926069866352825954e+00 9.302184517029185429e+01
8.316937528466985086e+00 8.982451302638808954e+01
7.748423503892055919e+00 8.670485728777113366e+01
7.217897335758183708e+00 8.366162826733857116e+01
6.722892684028428434e+00 8.069362402533191414e+01
6.261097571061339018e+00 7.779968608799549656e+01
5.830344846875635589e+00 7.497872972312336515e+01
5.428602772644843810e+00 7.222982524499832380e+01
5.053967995990229944e+00 6.955207970438397069e+01
4.704658058772404949e+00 6.694460237872398523e+01
4.379004025359018115e+00 6.440650314197398529e+01
4.075443537236224323e+00 6.193689095793286015e+01
3.792514271017613403e+00 5.953487249633023026e+01
3.528847774557831496e+00 5.719955523531015729e+01
3.283163589559690454e+00 5.493014832150088722e+01
3.054263816983318502e+00 5.272594614292438564e+01
2.841028076585595308e+00 5.058620729120195136e+01
2.642408672295083250e+00 4.851015050690518393e+01
2.457426041301083330e+00 4.649695657120494019e+01
2.285164475498322467e+00 4.454577023357538224e+01
2.124768099931918730e+00 4.265570217035099887e+01
