2.046310345353642333e+04 2.028642452251915165e+04
2.073507078131749950e+04 2.055123591009503798e+04
2.100176977695067035e+04 2.081060454532474250e+04
2.126262936987553621e+04 2.106396345493422268e+04
2.151705176262014356e+04 2.131072154355678504e+04
2.176440611954007909e+04 2.155025818475492997e+04
2.200405107812258939e+04 2.178194345515716850e+04
2.223533268591609885e+04 2.200513607184403736e+04
2.245756278490783734e+04 2.221916254778383154e+04
2.267003950002205602e+04 2.242333711864856377e+04
2.287205782000270847e+04 2.261697207976138452e+04
2.306289115313125512e+04 2.279936064297641497e+04
2.324179070761640833e+04 2.296977652743311046e+04
2.340801077035658454e+04 2.312749781403366796e+04
2.356080520046851234e+04 2.327180383698329388e+04
2.369940678740612566e+04 2.340195609789255468e+04
2.382305395908355058e+04 2.351722336607860780e+04
2.393100141977589738e+04 2.361689178377660573e+04
2.402250645813481970e+04 2.370025272352854518e+04
2.409683490835815610e+04 2.376660845901406719e+04
2.415328141181537285e+04 2.381529076744271879e+04
2.419117204680593568e+04 2.384566400698685538e+04
2.420986375295565085e+04 2.385712578135513468e+04
2.420875512715689911e+04 2.384911577445123112e+04
2.418729394614683406e+04 2.382112270486522903e+04
2.414499889348170473e+04 2.377270705568619451e+04
2.408145838470694071e+04 2.370349915792517277e+04
2.399632186081458349e+04 2.361318918920036594e+04
2.388933336040284485e+04 2.350156070656109659e+04
2.376037596322381796e+04 2.336853512890008278e+04
2.360941189448054865e+04 2.321411081502245361e+04
2.343648747167537294e+04 2.303836756039398824e+04
2.324185090626774399e+04 2.284158389010002793e+04
2.302589076885205941e+04 2.262417520020278243e+04
2.278906216870438220e+04 2.238661975836691272e+04
2.253200457610053127e+04 2.212957591185108322e+04
2.225563799554258003e+04 2.185397761596515193e+04
2.196094718695142365e+04 2.156081912463990375e+04
2.164899303456223424e+04 2.125116642986178340e+04
2.132116630862239981e+04 2.092641112523062475e+04
2.097899049827419003e+04 2.058807303978124764e+04
2.062397907722062519e+04 2.023765759494808663e+04
2.025790726229689972e+04 1.987692930035804966e+04
1.988291577545677137e+04 1.950801630447478965e+04
1.950108674169638107e+04 1.913298441679735697e+04
1.911442061211017790e+04 1.875381644717441668e+04
1.872491940222981066e+04 1.837250508007761164e+04
1.833449994639798388e+04 1.799095831679630646e+04
1.794496388011151794e+04 1.761096627872019963e+04
1.755838626608200866e+04 1.723459984936201363e+04
1.717714617199067652e+04 1.686424313982087551e+04
1.680344865942575052e+04 1.650210529085285452e+04
1.643927573192405544e+04 1.615017885506724451e+04
1.608630914588213636e+04 1.581018508735593969e+04
1.574604133834216373e+04 1.548366247648732497e+04
1.541970815277602378e+04 1.517189481684692873e+04
1.510718035469753886e+04 1.487482170536107333e+04
1.480756054616034817e+04 1.459162359664488213e+04
1.451992984265497216e+04 1.432145487252142448e+04
1.424268408876182366e+04 1.406278069973754828e+04
1.397385914742148998e+04 1.381369829040624609e+04
1.371149616350246288e+04 1.357229592618057177e+04
1.345311999664071664e+04 1.333611411797425171e+04
1.319621099869642057e+04 1.310262538530675556e+04
1.293807130316735129e+04 1.286908040629112656e+04
1.267566195953740680e+04 1.263232830283199473e+04
1.240602444717070284e+04 1.238925496923321589e+04
1.212583661501764436e+04 1.213628723429797355e+04
1.183197636900322868e+04 1.186999887789973582e+04
1.152181387456425182e+04 1.158738928798961751e+04
1.119329596660026800e+04 1.128599550886767611e+04
1.084590642691356334e+04 1.096492052416080878e+04
1.048040433517836391e+04 1.062458591305293521e+04
1.009952821925990429e+04 1.026753075827104658e+04
9.707372214884717323e+03 9.897776759002466861e+03
9.309495175805133840e+03 9.520990951569696335e+03
8.911970583034782976e+03 9.143477435915025126e+03
8.521236033572582528e+03 8.772033255302912949e+03
8.143462745956823710e+03 8.413259071733764358e+03
7.784475317984070898e+03 8.073474368624597446e+03
7.449232882850085844e+03 7.758148873641498540e+03
7.141940705906290532e+03 7.472020653140807553e+03
6.865038231218348301e+03 7.217999296979355677e+03
6.619111582914331848e+03 6.997043804764297420e+03
6.401718098976442889e+03 6.806837672499905239e+03
6.208090981947137152e+03 6.642475479005117450e+03
6.030690231248350756e+03 6.495852274803763066e+03
5.861008545636693270e+03 6.357557110807440040e+03
5.690174400872005208e+03 6.217471373002401378e+03
5.510492615253120675e+03 6.066503689583186315e+03
5.316278339735249574e+03 5.897626010520622003e+03
5.104759109947927755e+03 5.707051479975899383e+03
4.876855983090322297e+03 5.495335351072373669e+03
4.636990635675821977e+03 5.267284460766315533e+03
4.392389204596602212e+03 5.031215893210703143e+03
4.151871261091137967e+03 4.797518256661642226e+03
3.924529998116141996e+03 4.577026312776356463e+03
3.718437099238062274e+03 4.379448154166486347e+03
3.538921407767445089e+03 4.211324989502203607e+03
3.386673344229901431e+03 4.073776995565857760e+03
3.256943977947771145e+03 3.961470426190432590e+03
3.141063632956333549e+03 3.864259117582153067e+03
3.029385075189182317e+03 3.770551349921445762e+03
2.913432995520812256e+03 3.669871546050219422e+03
2.787111789624702851e+03 3.554450552568233434e+03
2.648619525730761325e+03 3.421805955634061775e+03
2.502174399296201045e+03 3.277084009355340186e+03
2.356421251515361746e+03 3.131098603922948314e+03
2.220191852060670499e+03 2.994930506998221972e+03
2.099538174705169240e+03 2.876166089410445693e+03
1.996531428172678716e+03 2.777443655231444609e+03
1.908261704396400546e+03 2.695254966205009623e+03
1.827721237395190883e+03 2.620985457116848011e+03
1.747203192668079737e+03 2.545055199680279657e+03
1.661575434822299485e+03 2.461043617788851407e+03
1.570518021241756514e+03 2.368611316972972418e+03
1.478816843895878947e+03 2.273879612778356204e+03
1.392693130035200738e+03 2.184704414569873734e+03
1.316139275170305382e+03 2.106045467773992186e+03
1.249500549103938283e+03 2.038290754539596719e+03
1.189141551990534253e+03 1.976959064277305970e+03
1.129964388433131262e+03 1.915841364308683296e+03
1.069217077916218386e+03 1.851678826379394422e+03
1.007708188709784395e+03 1.785601831916248329e+03
9.487780336557550527e+02 1.721750449804360869e+03
8.953173807794518098e+02 1.663582604976275434e+03
8.472849380150649949e+02 1.610994393761202900e+03
8.024004440503841806e+02 1.561293834226556100e+03
7.583129179162457376e+02 1.511810755259856251e+03
7.145972147701728545e+02 1.462165760639511973e+03
6.727577238323827942e+02 1.414141450608775813e+03
6.341756710902277518e+02 1.369277600308463661e+03
5.986261423282064698e+02 1.327290755067230521e+03
5.648469944835037495e+02 1.286819161577322348e+03
5.320663446145820217e+02 1.247094650147800621e+03
5.006738711007207598e+02 1.208571150795345375e+03
4.713430320540036291e+02 1.171936643366612998e+03
4.439786325127462305e+02 1.137075385952858369e+03
4.179969297298977153e+02 1.103420745582996005e+03
3.931529433544874905e+02 1.070761426418726160e+03
3.696785238669039586e+02 1.039317844201025082e+03
3.476774868436423276e+02 1.009169299380408916e+03
3.269152399311833506e+02 9.801018512659854878e+02
3.072142280104945371e+02 9.519663024570618290e+02
2.886171144399716582e+02 9.247910535500756168e+02
2.711325962173299331e+02 8.985678308524420572e+02
2.546353456852125703e+02 8.731897605406583125e+02
2.390732338494884459e+02 8.486088977813449219e+02
2.244055924790393988e+02 8.247825020893643568e+02
2.105857922834213412e+02 8.016621240911299537e+02
1.975691754468477939e+02 7.792027211121678647e+02
1.853130886545595786e+02 7.573625482116716512e+02
1.737768204028486139e+02 7.361029529072555988e+02
1.629215369123675998e+02 7.153881716145241398e+02
1.527101148451602057e+02 6.951836607168271485e+02
1.431070287853075058e+02 6.754549217129454064e+02
1.340784943876686270e+02 6.561700742988226693e+02
1.255924189462088520e+02 6.373000099928608506e+02
1.176183302326506350e+02 6.188182429828178783e+02
1.101273073398723028e+02 6.007007724543557288e+02
1.030919135500168267e+02 5.829259548867751164e+02
9.648613168994725697e+01 5.654744573136543977e+02
9.028530794738387044e+01 5.483303024413847879e+02
8.446608747474925849e+01 5.314803998242819034e+02
7.900634840854965546e+01 5.149133291781962498e+02
7.388514519530873770e+01 4.986192191258258504e+02
6.908265409076305730e+01 4.825896647672228141e+02
6.458012058116949561e+01 4.668176471946271135e+02
6.035980870542087473e+01 4.512974544572569471e+02
5.640494975013241685e+01 4.360253984450640132e+02
5.269968365727241633e+01 4.210036901835802041e+02
4.922902708212350120e+01 4.062366562054773453e+02
4.597883612440926981e+01 3.917286095973194051e+02
4.293576387251425075e+01 3.774838136285230803e+02
4.008721974124226506e+01 3.635064506957292565e+02
3.742133056656389556e+01 3.498005920715571051e+02
3.492690340068836008e+01 3.363701716443353575e+02
3.259338764753128714e+01 3.232205858624375310e+02
3.041083829983253040e+01 3.103609393393873006e+02
2.836988985852597978e+01 2.977998510850727598e+02
2.646172620620601634e+01 2.855447205229967267e+02
2.467805080722404654e+01 2.736017679118022556e+02
2.301105834200985001e+01 2.619760776473232227e+02
2.145340772012181674e+01 2.506716440352475388e+02
1.999819636084321672e+01 2.396914481016903267e+02
1.863893411697685210e+01 2.290383914733571089e+02
1.736952035833112262e+01 2.187153227640690716e+02
1.618422429371476312e+01 2.087239105200637823e+02
1.507766406596257625e+01 1.990646536461354401e+02
1.404478679387576001e+01 1.897369644099655375e+02
1.308084965804272137e+01 1.807392509367287516e+02
1.218140198322713807e+01 1.720689986771903648e+02
1.134226810271318087e+01 1.637228522552256891e+02
1.055952998404869092e+01 1.556967085977684917e+02
9.829513176066742020e+00 1.479857813498221901e+02
9.148773373888639426e+00 1.405846635251114094e+02
8.514082735142908476e+00 1.334873984047936801e+02
7.922416944941776507e+00 1.266875475094430072e+02
7.370943002696534130e+00 1.201782553547021450e+02
6.857007694318853375e+00 1.139523108625543273e+02
