2.105075585177735775e+04 2.084734601119101717e+04
2.136777924150306717e+04 2.115573993843883727e+04
2.168085817946488896e+04 2.145995498017215141e+04
2.198939014344445604e+04 2.175939215308503117e+04
2.229275277487418134e+04 2.205343404772999929e+04
2.259027741014749336e+04 2.234142168754584054e+04
2.288126666475819366e+04 2.262267026695775712e+04
2.316500888228201802e+04 2.289648208657302166e+04
2.344076166150096469e+04 2.316213085447409321e+04
2.370774524854382616e+04 2.341885547589208363e+04
2.396516803866151167e+04 2.366588461565460238e+04
2.421222268633728527e+04 2.390243327662499723e+04
2.444805587205663323e+04 2.412767477098614472e+04
2.467179801361879800e+04 2.434076865277538309e+04
2.488257752940708815e+04 2.454087420950659362e+04
2.507949723185268158e+04 2.472712878518114303e+04
2.526163665662688436e+04 2.489865016919532354e+04
2.542808310112998515e+04 2.505456556394330619e+04
2.557792631236436500e+04 2.519400697939942256e+04
2.571023624158988969e+04 2.531609114617454907e+04
2.582409712180224597e+04 2.541995094399778463e+04
2.591861929285625956e+04 2.550474648754184454e+04
2.599292526370429550e+04 2.556965324447670719e+04
2.604616073653511557e+04 2.561387215786597517e+04
2.607751565757547360e+04 2.563664857563329497e+04
2.608623141816292264e+04 2.563727993228561172e+04
2.607160796442125502e+04 2.561512370112930876e+04
2.603300843587765848e+04 2.556959974923150730e+04
2.596986981572751392e+04 2.550020029043500108e+04
2.588174829312349902e+04 2.540653539447551884e+04
2.576830302213612958e+04 2.528831586266927116e+04
2.562927785100195979e+04 2.514533406728369300e+04
2.546457026105787372e+04 2.497753184217817034e+04
2.527427836841089083e+04 2.478504655460054346e+04
2.505859939191156445e+04 2.456810997074684201e+04
2.481785589507317127e+04 2.432707380016256138e+04
2.455267823143012720e+04 2.406258965822284881e+04
2.426385585432866719e+04 2.377546164169291660e+04
2.395225511659949916e+04 2.346656487955791090e+04
2.361905100884921194e+04 2.313707578964453205e+04
2.326575934096438505e+04 2.278850386511435863e+04
2.289393352692400367e+04 2.242239020970319689e+04
2.250523975409078776e+04 2.204038348181512265e+04
2.210176613296924916e+04 2.164455063937515297e+04
2.168566356475987413e+04 2.123701669047697214e+04
2.125904613354313187e+04 2.081986557828182777e+04
2.082451919212414214e+04 2.039567709100296997e+04
2.038505172521980785e+04 1.996739829888535678e+04
1.994344267370228408e+04 1.953780288747905070e+04
1.950223773321545377e+04 1.910941703211977438e+04
1.906362185844556734e+04 1.868442773441192912e+04
1.862957602742742529e+04 1.826481866992534196e+04
1.820201349256386675e+04 1.785250616826397527e+04
1.778381705293263803e+04 1.745041271295591287e+04
1.737832366917180480e+04 1.706193807833059691e+04
1.698854538866615258e+04 1.669015836132370168e+04
1.661628441756098618e+04 1.633696894110983703e+04
1.626188367147655845e+04 1.600284221593054281e+04
1.592552891030072715e+04 1.568809324329033916e+04
1.560677275668218499e+04 1.539241289359671646e+04
1.530432668369558269e+04 1.511466168402030962e+04
1.501686820205840741e+04 1.485365984670822763e+04
1.474231942563428311e+04 1.460745116595911895e+04
1.447807835702928969e+04 1.437353118110010837e+04
1.422144393064950054e+04 1.414926166505626861e+04
1.396895052359870351e+04 1.393115254059482686e+04
1.371708532135668429e+04 1.371561313012731989e+04
1.346173832299361129e+04 1.349831275320917484e+04
1.319851881502431024e+04 1.327451794656160928e+04
1.292296819683718968e+04 1.303927565967858573e+04
1.263052518289753607e+04 1.278734939598124947e+04
1.231732835335040545e+04 1.251410486728440264e+04
1.198043313546143690e+04 1.221572391540409262e+04
1.161842127875733240e+04 1.188996287785037566e+04
1.123183925904172975e+04 1.153666720635457023e+04
1.082328974994855344e+04 1.115798804825090883e+04
1.039736370031352271e+04 1.075836739395084624e+04
9.960317144760590963e+03 1.034426993527344712e+04
9.519377084508891130e+03 9.923426665080296516e+03
9.082761197498921319e+03 9.504900492875391137e+03
8.658318635094141428e+03 9.097505830957108628e+03
8.254182283178784928e+03 8.710575469759129192e+03
7.877520327760998043e+03 8.352512424516035026e+03
7.534545854035318371e+03 8.030802271918443694e+03
7.229342700951181541e+03 7.750665297237299455e+03
6.963410678195257788e+03 7.514505596084572062e+03
6.734619173232656976e+03 7.320627628005538099e+03
6.537789856506312390e+03 7.163772810964910605e+03
6.364271088045307806e+03 7.034400258622029469e+03
6.203707664995084087e+03 6.920532567727716923e+03
6.044740024819509017e+03 6.808402111519911159e+03
5.876489827115966364e+03 6.684129624793135918e+03
5.690033452013493843e+03 6.535654801829969074e+03
5.479686175806971733e+03 6.354593790319701839e+03
5.244333036941543469e+03 6.138330520812663963e+03
4.987894443295724159e+03 5.891015444244071659e+03
4.718649207053211285e+03 5.622902440015011052e+03
4.448021664258416422e+03 5.348784732795466880e+03
4.188956655957449584e+03 5.085740426214762920e+03
3.953818683721279740e+03 4.850238566420743155e+03
3.751535923135142184e+03 4.654364957587069512e+03
3.584843621416797305e+03 4.502266602132870503e+03
3.449462169650480064e+03 4.389015392234638966e+03
3.335748591165198832e+03 4.302487441664217840e+03
3.231336902049251876e+03 4.226450771857960717e+03
3.123267939553144970e+03 4.143128111211825853e+03
3.000563675311018869e+03 4.036767418055728740e+03
2.858236118124740187e+03 3.899700146012045479e+03
2.700022242426698085e+03 3.736802181134070906e+03
2.536465630527060512e+03 3.562982522721459645e+03
2.380229876505678021e+03 3.396278168278545309e+03
2.242198630063837754e+03 3.252085370731595958e+03
2.128173104732086358e+03 3.138582427840025503e+03
2.036244867154647409e+03 3.053270549644862513e+03
1.957658607570477670e+03 2.984132348408784765e+03
1.880729124121778341e+03 2.914820657022416071e+03
1.795688447494874026e+03 2.831420259326673204e+03
1.699578448205463701e+03 2.729718874993267036e+03
1.597703240678822795e+03 2.617506562117458543e+03
1.499465783100830095e+03 2.508361448302806821e+03
1.413003427223781046e+03 2.413733672113415196e+03
1.341328160249536950e+03 2.337663920350816170e+03
1.280192256318530099e+03 2.274165922135294295e+03
1.221534411891063883e+03 2.212139834604408406e+03
1.159117841453405845e+03 2.143154680808332159e+03
1.092320436637363400e+03 2.066663676522439346e+03
1.026158659408487210e+03 1.989773096516736359e+03
9.664739054797594235e+02 1.920346043844301676e+03
9.150811724891771064e+02 1.860596608596155420e+03
8.690194753720746803e+02 1.806526363042100002e+03
8.235096354363884075e+02 1.752047840606475120e+03
7.765190459449878517e+02 1.694822242796010414e+03
7.301725840989656717e+02 1.637735700155604718e+03
6.877077872644471199e+02 1.584772489013442282e+03
6.498723089331650726e+02 1.536692128646907349e+03
6.145267223844145974e+02 1.490924811430820228e+03
5.795542128607692121e+02 1.445149843903896226e+03
5.451885417179900060e+02 1.399778801863585386e+03
5.131138883318523085e+02 1.356667685416132372e+03
4.838043534194263771e+02 1.316238242014229627e+03
4.561599903442960340e+02 1.277339072054286362e+03
4.293082134362931015e+02 1.239169402811545979e+03
4.036857037960331809e+02 1.202187510104552075e+03
3.798820908238474772e+02 1.166899733019056839e+03
3.575870284556074239e+02 1.132996555192667756e+03
3.362757210764389129e+02 1.100045561876976308e+03
3.160326878961290049e+02 1.068119335293935137e+03
2.970832391007460842e+02 1.037358815243261688e+03
2.792556308136113330e+02 1.007612357469300036e+03
2.624036468411677561e+02 9.787671965886053158e+02
2.464746616433820350e+02 9.507629361915148820e+02
2.314360838972373813e+02 9.235524652462682980e+02
2.172541864781062770e+02 8.970919659385357363e+02
2.038944620987909389e+02 8.713407068122444343e+02
1.913196526560060988e+02 8.462571451980068105e+02
1.794864091989339556e+02 8.217920338591147811e+02
1.683524309639549017e+02 7.978983870677963068e+02
1.578777968137954133e+02 7.745334472778633881e+02
1.480248298195132861e+02 7.516584509100619016e+02
1.387579698253628067e+02 7.292384144816569460e+02
1.300436535029390939e+02 7.072419382480043168e+02
1.218502118379654320e+02 6.856410765313960383e+02
1.141481807072654391e+02 6.644133233528716573e+02
1.069102146834577951e+02 6.435419041941855767e+02
1.001103538842007481e+02 6.230125273664516499e+02
9.372392424512709397e+01 6.028130325374090717e+02
8.772748727180072592e+01 5.829332765971548724e+02
8.209879065849153790e+01 5.633650217799887514e+02
7.681671986048360168e+01 5.441018253016312656e+02
7.186124042908772935e+01 5.251395995764705731e+02
6.721325153478902337e+01 5.064833457253326401e+02
6.285461393075549807e+01 4.881431137068969406e+02
5.876818673941541959e+01 4.701285397826637791e+02
5.493777893267847645e+01 4.524487286856591481e+02
5.134810150028911835e+01 4.351122288089829340e+02
4.798472168182631492e+01 4.181270094822252190e+02
4.483401919800395063e+01 4.015004404350208347e+02
4.188314655273786258e+01 3.852404850984268023e+02
3.911999573042638190e+01 3.693597232246423232e+02
3.653315085806890750e+01 3.538705145865807253e+02
3.411184903127659851e+01 3.387832673282636620e+02
3.184594611316791557e+01 3.241065190522469948e+02
2.972588408983454755e+01 3.098470225510259866e+02
2.774265992863241337e+01 2.960098350676891528e+02
2.588779586686631262e+01 2.825984133959791507e+02
2.415330844458808102e+01 2.696151491052667666e+02
2.253167982411812886e+01 2.570618046532289327e+02
2.101583797137205067e+01 2.449386841391781502e+02
1.959913266561144951e+01 2.332446292186970140e+02
1.827531197445832234e+01 2.219771364405175404e+02
1.703849991859394208e+01 2.111324727087374811e+02
1.588317527499771309e+01 2.007057882112794687e+02
1.480415138886070103e+01 1.906912198232261630e+02
1.379655560107592116e+01 1.810818740607287509e+02
1.285581177607504166e+01 1.718699671116343666e+02
1.197762488387969526e+01 1.630470593592245336e+02
1.115796472006176465e+01 1.546041486935488365e+02
1.039305043491760472e+01 1.465317536036563126e+02
9.679335901722229352e+00 1.388199915913090194e+02
9.013495883343804138e+00 1.314586528290245440e+02
