2.110089278898709017e+04 2.101128244617694145e+04
2.128473874773047282e+04 2.119185002166195773e+04
2.145877182402552353e+04 2.136254347223735385e+04
2.162235295429645703e+04 2.152272648971043964e+04
2.177484113013022943e+04 2.167176145533608724e+04
2.191556739969188129e+04 2.180898461972451332e+04
2.204385758485144106e+04 2.193372804058486145e+04
2.215904716562978865e+04 2.204533396731122411e+04
2.226045389442168016e+04 2.214312770513943178e+04
2.234737249755248195e+04 2.222641240654250578e+04
2.241911486515098295e+04 2.229450897072863518e+04
2.247500534825717477e+04 2.234675155915087817e+04
2.251434725720544157e+04 2.238245493600992995e+04
2.253646233905261761e+04 2.240095315246418977e+04
2.254070674930284440e+04 2.240161524348836974e+04
2.252643936257387031e+04 2.238381458959115480e+04
2.249302980535554525e+04 2.234693682857914609e+04
2.243989799347044027e+04 2.229041830548028884e+04
2.236650703865767355e+04 2.221373958017714904e+04
2.227234035313564891e+04 2.211640393874785877e+04
2.215694196897801521e+04 2.199797577472965713e+04
2.201992892602699067e+04 2.185809261542143213e+04
2.186098172937007257e+04 2.169645782197610970e+04
2.167985514110349322e+04 2.151285029253347966e+04
2.147639408412711782e+04 2.130713839399083736e+04
2.125054771374211123e+04 2.107929550165587352e+04
2.100238397442432324e+04 2.082941626696597814e+04
2.073207383286469121e+04 2.055769714934087824e+04
2.043990130846998727e+04 2.026444619388590218e+04
2.012634025123045649e+04 1.995016333873691838e+04
1.979200497769148205e+04 1.961548819861649827e+04
1.943760621383872422e+04 1.926115349349683675e+04
1.906405668821071959e+04 1.888809292385375011e+04
1.867252104077889089e+04 1.849749201797981368e+04
1.826423933436641164e+04 1.809060732113331687e+04
1.784056176894766031e+04 1.766880119109276347e+04
1.740320171236460737e+04 1.723379745849060419e+04
1.695398281957615472e+04 1.678742581565903311e+04
1.649471586281079362e+04 1.633149738583797989e+04
1.602751179612273700e+04 1.586811722844198448e+04
1.555477894352401381e+04 1.539968172517782295e+04
1.507880642816044747e+04 1.492846336200901897e+04
1.460187177768103902e+04 1.445671723929498876e+04
1.412662095765652884e+04 1.398705703104577879e+04
1.365558189961009884e+04 1.352197528342591431e+04
1.319105047952511450e+04 1.306373091179284347e+04
1.273565387207954154e+04 1.261489503580831479e+04
1.229217753087213350e+04 1.217818521292855257e+04
1.186303204894389455e+04 1.175595131070272510e+04
1.145016857553708178e+04 1.135008769754245259e+04
1.105495811875954314e+04 1.096190577039716663e+04
1.067847661316834638e+04 1.059242960968954685e+04
1.032167798368101103e+04 1.024256538704826198e+04
9.986336560430556347e+03 9.913990781049564248e+03
9.674558238044275640e+03 9.608697283597066416e+03
9.388102918455797408e+03 9.328351812434333624e+03
9.126664760590176229e+03 9.072609127124742372e+03
8.887485366164009974e+03 8.838726398818609596e+03
8.667908023443440470e+03 8.624062785196516415e+03
8.465524375756340305e+03 8.426228362865233066e+03
8.278135137328952624e+03 8.243047084171719689e+03
8.103670226314418869e+03 8.072471501816071395e+03
7.939293688000140719e+03 7.911728017577964238e+03
7.781670920888857836e+03 7.757569581225359798e+03
7.627372636885696011e+03 7.606666678608900838e+03
7.472045571283527352e+03 7.454832953128054214e+03
7.311367265779443187e+03 7.297916013421640855e+03
7.140700209197540062e+03 7.131498827138978413e+03
6.955450152756658099e+03 6.951221341317097540e+03
6.752067904838336290e+03 6.753746807936138794e+03
6.528219928061874270e+03 6.536926466474767949e+03
6.283132414004979182e+03 6.300100925906480370e+03
6.017991399435230960e+03 6.044496624626831363e+03
5.735620022727945070e+03 5.772879551249078759e+03
5.440651550287865575e+03 5.489735211823393001e+03
5.138609170595767864e+03 5.200360873726584941e+03
4.835604466402034632e+03 4.910591746739232804e+03
4.538179254854633655e+03 4.626635467487561982e+03
4.252847904131646828e+03 4.354647565150086848e+03
3.986494940631822828e+03 4.101059044189347333e+03
3.744839594334128833e+03 3.871223825484656118e+03
3.532659563756438729e+03 3.669501137091897817e+03
3.352770142801487509e+03 3.498441075058304705e+03
3.205118215267172673e+03 3.357834572513262174e+03
3.087306307644166282e+03 3.245307448260401088e+03
2.994275510631435736e+03 3.155994643785737480e+03
2.919162649251230960e+03 3.083396661343616870e+03
2.853943280651829809e+03 3.019966147735588493e+03
2.789834619706269223e+03 2.957516469889058953e+03
2.718470076325611899e+03 2.888298460870198596e+03
2.632754681238478952e+03 2.805787702594915572e+03
2.528346518766527879e+03 2.706056619908270022e+03
2.404318062944780195e+03 2.588356328722755734e+03
2.263273315335786265e+03 2.455198346776785911e+03
2.111106259966054495e+03 2.312113005484233781e+03
1.956584650266531753e+03 2.167224541934855552e+03
1.810032818201324744e+03 2.029995537353406689e+03
1.680841315994010756e+03 1.908947925897850837e+03
1.574836859050593148e+03 1.809276660150032285e+03
1.492988352252478535e+03 1.731710226726490873e+03
1.432256853252488099e+03 1.673349137365835531e+03
1.386955150640728561e+03 1.628939868443212845e+03
1.349020107294736363e+03 1.591144086365457269e+03
1.308758239013213824e+03 1.551225699245287615e+03
1.257991791985056352e+03 1.501882837065723379e+03
1.193586283091325186e+03 1.440393887377840656e+03
1.117939260076733945e+03 1.369010023254365478e+03
1.037047884366734479e+03 1.293168229465072955e+03
9.590532790021110259e+02 1.220134700560715601e+03
8.915516684826628762e+02 1.156585745291690728e+03
8.384934463966142175e+02 1.105895554628730451e+03
7.990828494177637822e+02 1.067241498673854721e+03
7.685146433239539192e+02 1.036328222694294027e+03
7.394995099896249258e+02 1.006765280936844533e+03
7.057605019427552406e+02 9.731208013401296739e+02
6.653251858796435272e+02 9.337530912968030634e+02
6.204231437460290408e+02 8.906614696734121708e+02
5.761016607338065114e+02 8.482199938880634136e+02
5.376456660031084311e+02 8.109168723811261543e+02
5.070740927527763233e+02 7.803901139919943262e+02
4.825433327144070290e+02 7.550042007755707800e+02
4.599937143591795916e+02 7.313079488672601656e+02
4.356154164747919708e+02 7.061256362050314692e+02
4.086029272324600470e+02 6.788305875507019209e+02
3.812069142528663406e+02 6.513214390384049466e+02
3.563542215379955564e+02 6.259993353126906186e+02
3.354740494896895484e+02 6.039885463614393757e+02
3.174763818268514797e+02 5.843610622489629804e+02
3.000480532849040287e+02 5.652397779693665143e+02
2.819208928175785900e+02 5.456261161027132403e+02
2.637385206355828586e+02 5.260501556015753977e+02
2.469722160950748275e+02 5.076668180611828234e+02
2.322255870345097719e+02 4.909228851871135930e+02
2.187848832067187743e+02 4.752450373391150720e+02
2.056220412228227588e+02 4.598431874934309462e+02
1.926422059787357739e+02 4.446527440724986491e+02
1.804454834099136633e+02 4.301234101468117501e+02
1.693709144167331715e+02 4.164943440197296809e+02
1.590820968995591613e+02 4.035069821934217771e+02
1.491763461570058382e+02 3.908667791926804966e+02
1.397122680029810056e+02 3.786157772349886841e+02
1.309186892394401696e+02 3.669104158897302455e+02
1.227542701382037649e+02 3.557139780290501676e+02
1.150192825317295870e+02 3.448848551719009379e+02
1.076893819060159103e+02 3.344046138503779844e+02
1.008407615053927344e+02 3.243186473893319430e+02
9.443221127232804690e+01 3.145972119720707383e+02
8.840518143427043185e+01 3.051976499587004810e+02
8.274003267857425215e+01 2.961034884960615727e+02
7.741810322834307101e+01 2.872995028958338821e+02
7.242136366462261776e+01 2.787714060525352124e+02
6.773243122508363001e+01 2.705057902314859462e+02
6.333457910679278058e+01 2.624900730096632060e+02
5.921173851616485706e+01 2.547124453601979610e+02
5.534814526523712175e+01 2.471616015447271479e+02
5.172811405721495248e+01 2.398265068702405358e+02
4.833679248321782751e+01 2.326967968761069585e+02
4.516020656134480049e+01 2.257627916497234537e+02
4.218521011846919322e+01 2.190154551766879649e+02
3.939943703311372047e+01 2.124463574363896896e+02
3.679125617937277326e+01 2.060476390027976379e+02
3.434973993852484142e+01 1.998120317971409747e+02
3.206470373618687120e+01 1.937332428787117351e+02
2.992659677357834269e+01 1.878056382822371972e+02
2.792641208339810532e+01 1.820239455040180871e+02
2.605565825470802821e+01 1.763832306381173680e+02
2.430633286307250884e+01 1.708788791037977717e+02
2.267089703825988423e+01 1.655065773473923514e+02
2.114225106131605614e+01 1.602622963544864376e+02
1.971370119197825943e+01 1.551423958600207413e+02
1.837893139491554706e+01 1.501437082589475267e+02
1.713200350153092089e+01 1.452632839008100234e+02
1.596733843635382399e+01 1.404983482212077490e+02
1.487969578131113302e+01 1.358462907004670228e+02
1.386415440835311941e+01 1.313046542667413235e+02
1.291609413145932983e+01 1.268711251192680010e+02
1.203117856491909698e+01 1.225435444643796217e+02
1.120534035500648073e+01 1.183200631916504619e+02
1.043476408278954004e+01 1.141990151630416506e+02
9.715870394802056609e+00 1.101788005365038714e+02
9.045302199672228483e+00 1.062578789683059739e+02
8.419911619683034587e+00 1.024347640622863906e+02
7.836747650519011898e+00 9.870801805735530365e+01
7.293044488367848466e+00 9.507624743831821945e+01
6.786209652242783719e+00 9.153818808375051219e+01
6.313813060457282411e+00 8.809277165734620496e+01
5.873579033819242845e+00 8.473894014355845172e+01
5.463377128016804640e+00 8.147562106876966936e+01
5.081213266183220334e+00 7.830172638931136930e+01
4.725221382207480225e+00 7.521615152742529631e+01
4.393655547666888594e+00 7.221777455362767739e+01
4.084882536792964203e+00 6.930547935440510798e+01
3.797374703473713087e+00 6.647833443412564236e+01
3.529703538691330245e+00 6.373545714349171476e+01
3.280533581118938891e+00 6.107589402896849151e+01
3.048616587354763485e+00 5.849862376063715175e+01
2.832786048785004063e+00 5.600256117763663610e+01
2.631952036650811788e+00 5.358656133272168631e+01
2.445096356023593653e+00 5.124942416066549100e+01
2.271267880153426955e+00 4.898998024464597734e+01
