1.572197805472800246e+04 1.559013056072705331e+04
1.596785309241489449e+04 1.583023146730482222e+04
1.621100227584911045e+04 1.606743186954246266e+04
1.645096822803600662e+04 1.630127458685315833e+04
1.668727944934109837e+04 1.653128900724027699e+04
1.691943223075346395e+04 1.675697481046248504e+04
1.714689707981307947e+04 1.697780794694169163e+04
1.736913284584888606e+04 1.719325359287652464e+04
1.758557808635073525e+04 1.740275772742401386e+04
1.779563944506055486e+04 1.760573581700506111e+04
1.799871200169032090e+04 1.780159282903811618e+04
1.819418088655634710e+04 1.798972495023940428e+04
1.838139921308022895e+04 1.816949863172689584e+04
1.855970255813671974e+04 1.834026455055338374e+04
1.872842433588356289e+04 1.850137240467412266e+04
1.888688317975248356e+04 1.865215902082916364e+04
1.903437515386827727e+04 1.879194108299981963e+04
1.917019943232247897e+04 1.892003971025281498e+04
1.929365976506571315e+04 1.903578202018515003e+04
1.940404658885340177e+04 1.913848450036098802e+04
1.950065629770469241e+04 1.922747127856454244e+04
1.958280430660821366e+04 1.930208654838526854e+04
1.964981917442370104e+04 1.936168954222987668e+04
1.970104438315343941e+04 1.940565643420745619e+04
1.973585470757005533e+04 1.943339541834918782e+04
1.975366313965164591e+04 1.944435365130689388e+04
1.975393061473244234e+04 1.943802768777464007e+04
1.973616568587914662e+04 1.941396205668431139e+04
1.969992877730945474e+04 1.937175296994853852e+04
1.964486739108609254e+04 1.931108360612442993e+04
1.957071723235288300e+04 1.923172488564141895e+04
1.947727635229164298e+04 1.913350899267861678e+04
1.936444044551158004e+04 1.901636419332727382e+04
1.923227479747950201e+04 1.888038603734553908e+04
1.908092953343107001e+04 1.872575271803080614e+04
1.891063169300990194e+04 1.855271690149568894e+04
1.872182774194074227e+04 1.836174671023397605e+04
1.851512821937414628e+04 1.815347043529630537e+04
1.829119612957281788e+04 1.792856566339447818e+04
1.805086128067609025e+04 1.768787265706379185e+04
1.779526082134493845e+04 1.743253355943182396e+04
1.752558336077301647e+04 1.716373808727418873e+04
1.724306054622410738e+04 1.688271537581721714e+04
1.694925034375321775e+04 1.659101663376235956e+04
1.664584514444776505e+04 1.629032352127699778e+04
1.633448644388722096e+04 1.598226345579388908e+04
1.601698908121993190e+04 1.566863563184269697e+04
1.569547276815049554e+04 1.535154354024481290e+04
1.537196810968903992e+04 1.503299887777895674e+04
1.504837904498708667e+04 1.471488632477562533e+04
1.472651596545483335e+04 1.439900733271727222e+04
1.440806623260809829e+04 1.408704256881153924e+04
1.409459240643508565e+04 1.378054607117352680e+04
1.378799194572155830e+04 1.348141413931727220e+04
1.349057764252764537e+04 1.319196814751575948e+04
1.320449057477261522e+04 1.291435778360804034e+04
1.293124296531572691e+04 1.265011739263914569e+04
1.267097547182894959e+04 1.239944627247521930e+04
1.242358736272998613e+04 1.216230638571955751e+04
1.218870988657007365e+04 1.193839646380204067e+04
1.196521380137362030e+04 1.172667190798257798e+04
1.175189489660042454e+04 1.152601197032939308e+04
1.154718620191802620e+04 1.133493012767778600e+04
1.134893956834178607e+04 1.115135429588488478e+04
1.115501138299868035e+04 1.097320430521993148e+04
1.096277799534021688e+04 1.079788906679065258e+04
1.076947981751165389e+04 1.062265488349487168e+04
1.057209662932273022e+04 1.044443784825695002e+04
1.036722535912915919e+04 1.025972625532041457e+04
1.015157393498099918e+04 1.006506436498724725e+04
9.921816577236279045e+03 9.856871224003498355e+03
9.675140469761097847e+03 9.632032776153284431e+03
9.409701077579758930e+03 9.388352239890178680e+03
9.124667069265940881e+03 9.124645318172679254e+03
8.821051251266200779e+03 8.841624329082163968e+03
8.501163837528842123e+03 8.541375176773266503e+03
8.169090082032821556e+03 8.227896474345883689e+03
7.829866274730849909e+03 7.906258939870242102e+03
7.489315298013062602e+03 7.582449809388402173e+03
7.153749369751867562e+03 7.263068523557822118e+03
6.829222394500115115e+03 6.954522725798390638e+03
6.521691402437832039e+03 6.663199601989063012e+03
6.236478324384263942e+03 6.394895467679865760e+03
5.977804012052484723e+03 6.154311646136430682e+03
5.748455634318457669e+03 5.944703136233143596e+03
5.548685254895695834e+03 5.766677822912531155e+03
5.376353673602201525e+03 5.618303761733039210e+03
5.226532807837485052e+03 5.494601975141588809e+03
5.092079525453270435e+03 5.388038491918326145e+03
4.964665258208157866e+03 5.289543020239867474e+03
4.835512457326128242e+03 5.189214806569087159e+03
4.696704973562113992e+03 5.077768210637378616e+03
4.542129570993718517e+03 4.947674019764028344e+03
4.368528144609555056e+03 4.794514517259937747e+03
4.176396798331239552e+03 4.618250192460149265e+03
3.969926941904649993e+03 4.423328190335825639e+03
3.756359731575142632e+03 4.218015326898659623e+03
3.544893522663812746e+03 4.013103119616433105e+03
3.345392176032343286e+03 3.820310000024056535e+03
3.166705534419111245e+03 3.650241001752478496e+03
3.014461079002371207e+03 3.509786087891101033e+03
2.889179568923906572e+03 3.399904231850630367e+03
2.786042098768574760e+03 3.315260684637999020e+03
2.696600941393578069e+03 3.246055955184899176e+03
2.611038535706646599e+03 3.180512117977908474e+03
2.519848581296825614e+03 3.106798715014335812e+03
2.415855908525384621e+03 3.015623608437163966e+03
2.297156643721761611e+03 2.904205770735324677e+03
2.168516562624302424e+03 2.778336720404446169e+03
2.039022474523744222e+03 2.649471611272580049e+03
1.918185368164166903e+03 2.529653422833851891e+03
1.813198273243966469e+03 2.427973629107030774e+03
1.726752961602075629e+03 2.347891592045200468e+03
1.655608949277292822e+03 2.285495480433745797e+03
1.592006703262857854e+03 2.231158724851312400e+03
1.527187350446406754e+03 2.173800516744273864e+03
1.455053455697670188e+03 2.105567706358550822e+03
1.375368275935942620e+03 2.026142559829743050e+03
1.293645448747318596e+03 1.942682198589682230e+03
1.216986801800728472e+03 1.864335576234648670e+03
1.150548466554447259e+03 1.797634753592427160e+03
1.094899979659934615e+03 1.743254991138072683e+03
1.045547274572225433e+03 1.695538476970410102e+03
9.964564302759083603e+02 1.646933398584929819e+03
9.441347485712224170e+02 1.593135070780923343e+03
8.895771227256088878e+02 1.535537486328673594e+03
8.371535058383747128e+02 1.479695090539918738e+03
7.905228017872194641e+02 1.430108985920293662e+03
7.497959927567054592e+02 1.386838188898001363e+03
7.120659341816093502e+02 1.346333814750149031e+03
6.741591051694152839e+02 1.304849570034193903e+03
6.355870060993941024e+02 1.261934982254657598e+03
5.984624820943190571e+02 1.220170358094628000e+03
5.647494605495356836e+02 1.181821497991847991e+03
5.342298364668803288e+02 1.146583177240079976e+03
5.051029742736189974e+02 1.112432732825880976e+03
4.763050966338285548e+02 1.078266959524108188e+03
4.484735321810998698e+02 1.044848176711707765e+03
4.226940798104218970e+02 1.013332252592646910e+03
3.988737449772351056e+02 9.835910696736922318e+02
3.761373297783847534e+02 9.547415845769481848e+02
3.541498809008700164e+02 9.264919252210816012e+02
3.333590457540780676e+02 8.992914726242290726e+02
3.139915556738259284e+02 8.733367436936252943e+02
2.956963542947982546e+02 8.483013311248057562e+02
2.782178217706683654e+02 8.239725281731352879e+02
2.616959878878833479e+02 8.004714522880703953e+02
2.461916493972230739e+02 7.778344414147825319e+02
2.315612044428978322e+02 7.559419277024608164e+02
2.177253558558844873e+02 7.347295337615387325e+02
2.046483731654392670e+02 7.141589281792093971e+02
1.922990747580515745e+02 6.941965753221282966e+02
1.806463684285899660e+02 6.748110778748055054e+02
1.696594093124706433e+02 6.559730471417102535e+02
1.593074651396130719e+02 6.376543935147028606e+02
1.495574910060610136e+02 6.198224301519148867e+02
1.403761127302332170e+02 6.024429873727547147e+02
1.317317008239467100e+02 5.854845900897076945e+02
1.235943111605143230e+02 5.689183643276053317e+02
1.159355981730871861e+02 5.527178908826188035e+02
1.087287324398486845e+02 5.368590712750390139e+02
1.019483224341089169e+02 5.213200044890428444e+02
9.557042973695698151e+01 5.060808752948802294e+02
8.957275892841396114e+01 4.911238554769529969e+02
8.393422457603995213e+01 4.764329971403117838e+02
7.863478344765970007e+01 4.619941371262506209e+02
7.365539293291423917e+01 4.477948092072649047e+02
6.897797034653821413e+01 4.338241603326115978e+02
6.458535315842884472e+01 4.200728701180761959e+02
6.046125985611920584e+01 4.065330902399461479e+02
5.659021619168591144e+01 3.932002930012624802e+02
5.295749884218511738e+01 3.800745963797514264e+02
4.954917341327819713e+01 3.671569995520702037e+02
4.635206459751046992e+01 3.544488897870498363e+02
4.335371890423449770e+01 3.419519999266557875e+02
4.054236892547081794e+01 3.296683659064445919e+02
3.790689909562139803e+01 3.176002843785947789e+02
3.543681301782677906e+01 3.057504649245023529e+02
3.312220397183254761e+01 2.941252919587656152e+02
3.095372403147911200e+01 2.827337331361439965e+02
2.892255337636747825e+01 2.715839289173483735e+02
2.702037295663019734e+01 2.606830905625342893e+02
2.523933844846909480e+01 2.500375199487455404e+02
2.357205538728963035e+01 2.396526320345770955e+02
2.201155543821604610e+01 2.295329797339267088e+02
2.055127316780160385e+01 2.196825517656100999e+02
1.918502152444542475e+01 2.101062053191600114e+02
1.790697453621276480e+01 2.008083447562279673e+02
1.671164933694405619e+01 1.917921900441559160e+02
1.559388732120430809e+01 1.830598437752306893e+02
1.454883622895957096e+01 1.746123614565867399e+02
1.357193312610531066e+01 1.664498222422259062e+02
1.265888824195327977e+01 1.585713996541680899e+02
1.180566892590468164e+01 1.509754802259941187e+02
1.100848416058991930e+01 1.436598032553035011e+02
1.026377275323874549e+01 1.366213966779099849e+02
9.568190513326888080e+00 1.298566211750584216e+02
8.918597742761010139e+00 1.233612378872791453e+02
8.312047393911138116e+00 1.171304737507228140e+02
7.745773863749957577e+00 1.111590842277865079e+02
