2.215918025762527759e+04 2.200173567001891570e+04
2.241668028617671007e+04 2.225306034988757892e+04
2.266679908291991160e+04 2.249686359317331517e+04
2.290887819816317278e+04 2.273249084327318269e+04
2.314225059776532726e+04 2.295927979512937600e+04
2.336622015939468474e+04 2.317654188983265340e+04
2.358006875616537582e+04 2.338356901296899741e+04
2.378307571870126776e+04 2.357965148469026099e+04
2.397450437674144996e+04 2.376406481030223222e+04
2.415357843450116707e+04 2.393604646538176166e+04
2.431951944324450233e+04 2.409483289333761422e+04
2.447155343415917741e+04 2.423966616087213333e+04
2.460888366235287685e+04 2.436976789827577159e+04
2.473070725022825718e+04 2.448435544145368840e+04
2.483623875871948258e+04 2.458266460508117962e+04
2.492469402416070443e+04 2.466393424892631083e+04
2.499527340138890577e+04 2.472739029794888484e+04
2.504720291955908033e+04 2.477228544343073008e+04
2.507974012486992069e+04 2.479790493528686784e+04
2.509215086081503614e+04 2.480354492227912851e+04
2.508373179449352756e+04 2.478853385538380462e+04
2.505383103988912262e+04 2.475225207420225343e+04
2.500184584936003012e+04 2.469413050777111494e+04
2.492722356020710140e+04 2.461365211663506125e+04
2.482947887814518981e+04 2.451036717746849536e+04
2.470820422828742448e+04 2.438390358118816948e+04
2.456309358568233074e+04 2.423399220363223503e+04
2.439393229501296082e+04 2.406045496542745241e+04
2.420059432914253921e+04 2.386320099395698344e+04
2.398309922730070684e+04 2.364228452074368033e+04
2.374162637370603625e+04 2.339791903597129931e+04
2.347645026484784103e+04 2.313041058687519035e+04
2.318797735500101044e+04 2.284019455580547947e+04
2.287688548850182269e+04 2.252797592071473628e+04
2.254398183197013350e+04 2.219458553312705408e+04
2.219015520592596295e+04 2.184093176218402368e+04
2.181657771070257877e+04 2.146820260337577565e+04
2.142468094006470710e+04 2.107784144192370877e+04
2.101593036599957122e+04 2.067132051018857601e+04
2.059193967232328578e+04 2.025025506203454279e+04
2.015477427648819503e+04 1.981670645370197235e+04
1.970654478361749352e+04 1.937277594004312050e+04
1.924931480598772396e+04 1.892051290009474542e+04
1.878544714191545791e+04 1.846226119795394698e+04
1.831747263933503200e+04 1.800052837373599687e+04
1.784776370120729189e+04 1.753765985065865243e+04
1.737879651238714723e+04 1.707609894807530145e+04
1.691357545875772121e+04 1.661880747987230643e+04
1.645494226948812866e+04 1.616858307104506275e+04
1.600541395923261553e+04 1.572790047880245584e+04
1.556683835828831798e+04 1.529857762074977290e+04
1.514060454219720668e+04 1.488198137487360327e+04
1.472792822326665919e+04 1.447930632406703080e+04
1.433054448972429964e+04 1.409225341941179431e+04
1.395137923486351428e+04 1.372368903992870401e+04
1.359319268958798057e+04 1.337632079950570915e+04
1.325782406102655114e+04 1.305195863646737962e+04
1.294387238490885647e+04 1.274923792406038046e+04
1.264909991304359028e+04 1.246597352285259876e+04
1.237140476226447754e+04 1.220011462354618016e+04
1.210860666329855485e+04 1.194953979985203659e+04
1.185861396632802462e+04 1.171221417721008947e+04
1.161911155885726112e+04 1.148588190926617972e+04
1.138695914849526162e+04 1.126747577360015930e+04
1.115904463768281494e+04 1.105394591166070131e+04
1.093174245750451701e+04 1.084172777472490998e+04
1.070110898873677252e+04 1.062692702429241035e+04
1.046315628421742804e+04 1.040558296824535319e+04
1.021344273914057158e+04 1.017326292657172053e+04
9.947958622991654920e+03 9.925926434131717542e+03
9.663398853235479692e+03 9.660209935747430791e+03
9.357389227973639208e+03 9.373637593968393048e+03
9.029745288694653937e+03 9.065907243683068373e+03
8.681723710901269442e+03 8.738135165971041715e+03
8.317024860212710337e+03 8.393894801342590654e+03
7.940533974513754401e+03 8.037950215116549771e+03
7.558682211507299144e+03 7.676635708311615417e+03
7.178221670487531810e+03 7.316624574609296360e+03
6.806201701414106537e+03 6.964908931149753698e+03
6.449670508966006309e+03 6.628463345627638773e+03
6.115229743802127814e+03 6.313845483304779918e+03
5.808654201837221990e+03 6.026767342767744594e+03
5.534780367901648788e+03 5.772027142487514539e+03
5.295883454118104964e+03 5.551888188674815865e+03
5.092150074634270823e+03 5.366563880214845994e+03
4.919942904528903455e+03 5.212501838242599661e+03
4.773423924088335298e+03 5.083957610431888497e+03
4.644048641750383467e+03 4.972473763338236495e+03
4.522377450845812746e+03 4.868621355693872829e+03
4.398732868742825303e+03 4.762624179548757638e+03
4.264395609426172086e+03 4.645555644585027039e+03
4.112879106209475140e+03 4.510658211947241398e+03
3.940877519860310713e+03 4.354365408945987838e+03
3.749257808048116658e+03 4.177412389256045572e+03
3.542816336867619611e+03 3.984626288951244078e+03
3.329413791246590790e+03 3.784035228465580985e+03
3.118928499402191392e+03 3.585755943100435161e+03
2.922034157076728206e+03 3.400673739489764102e+03
2.748198533913004667e+03 3.238360445766388239e+03
2.602914398761481607e+03 3.104318298047378903e+03
2.485924151734543557e+03 2.998260911457777638e+03
2.391712169381089097e+03 2.914639644913508619e+03
2.311667315135764056e+03 2.844794108011909884e+03
2.235930779296939363e+03 2.778746597836880028e+03
2.154561656284405672e+03 2.706336195600620613e+03
2.060013838819868852e+03 2.619779915748995336e+03
1.950717604025855508e+03 2.517444950176216935e+03
1.831873452442021062e+03 2.404722340377285491e+03
1.712344249264929203e+03 2.290768024185477316e+03
1.601266092404955316e+03 2.184916141867377519e+03
1.505774342438993017e+03 2.094326478811062316e+03
1.428388692991717789e+03 2.021426780840580932e+03
1.365870972705807162e+03 1.962887743368731208e+03
1.310797748848485753e+03 1.911241202488330373e+03
1.254842747687486735e+03 1.858142701393824836e+03
1.192132758533334709e+03 1.797741134619070863e+03
1.122601204387139205e+03 1.730068402157718083e+03
1.051212353808625267e+03 1.660198160378601187e+03
9.842973306569076613e+02 1.594458844674672036e+03
9.266702338922372064e+02 1.537522983196959558e+03
8.788538853640213802e+02 1.489786517329263006e+03
8.368264003692310098e+02 1.447267478268510558e+03
7.953931529044459694e+02 1.404943972330166844e+03
7.513701845801314221e+02 1.359822590705653283e+03
7.055063746269053127e+02 1.312725304948476833e+03
6.614960716101063554e+02 1.267213254276717862e+03
6.223475216957705243e+02 1.226073417631666871e+03
5.882650223271801906e+02 1.189413415404816988e+03
5.569275363627411934e+02 1.155052674048061817e+03
5.257119644237874354e+02 1.120627161289688956e+03
4.941368823535408978e+02 1.085767673520433618e+03
4.637936269461131360e+02 1.051927143526576401e+03
4.361975964995023105e+02 1.020410352084624265e+03
4.112582565457822739e+02 9.910905968935670671e+02
3.876304791607585685e+02 9.628078217507445515e+02
3.644644913452048627e+02 9.348745547151839901e+02
3.421623669162264605e+02 9.076441175530634382e+02
3.214861490974538469e+02 8.817204884642876550e+02
3.024073111738263719e+02 8.570543490191153069e+02
2.843149670898984596e+02 8.331636784917874365e+02
2.669347869238401358e+02 8.098486836387290850e+02
2.505338285703871293e+02 7.873061061129435529e+02
2.352646113294466375e+02 7.656309584015625660e+02
2.209024293220267054e+02 7.446539597962237167e+02
2.072584609397721067e+02 7.242437603057929891e+02
1.943965665365652455e+02 7.044374992549245462e+02
1.823494546381077157e+02 6.852453492832934216e+02
1.710127552762442349e+02 6.665936460315367640e+02
1.603363798539525078e+02 6.484459620886369748e+02
1.502862756786438467e+02 6.307744980725375399e+02
1.408304415832311349e+02 6.135531753896780174e+02
1.319380383175582665e+02 5.967577440615656315e+02
1.235793933464267269e+02 5.803656792863725968e+02
1.157259999609760257e+02 5.643560854428865241e+02
1.083503209863956585e+02 5.487094810612690026e+02
1.014250675562037429e+02 5.334072033540778648e+02
9.492407403795070309e+01 5.184318448030028321e+02
8.882260573999619169e+01 5.037674100826610015e+02
8.309728657123937978e+01 4.893992426253612962e+02
7.772602978903178439e+01 4.753139554260058048e+02
7.268797194212875468e+01 4.614993657297081313e+02
6.796341414117793533e+01 4.479444664581883444e+02
6.353384293253688497e+01 4.346400306604936077e+02
5.938184239820518684e+01 4.215784276990961530e+02
5.549094789034891306e+01 4.087528620267909218e+02
5.184559683153425169e+01 3.961572990593469967e+02
4.843108510638496966e+01 3.837864217507960234e+02
4.523352511471040316e+01 3.716355882738513969e+02
4.223980544460562925e+01 3.597007913426931509e+02
3.943754244088414396e+01 3.479791433073434064e+02
3.681502998864289111e+01 3.364696626583431680e+02
3.436123154979456018e+01 3.251718627489479445e+02
3.206574979990055141e+01 3.140854543016893103e+02
2.991879251978927101e+01 3.032103206259300805e+02
2.791114009093780624e+01 2.925464932512909968e+02
2.603411453511421314e+01 2.820941280051323474e+02
2.427955001025317472e+01 2.718536754116079237e+02
2.263976454480020450e+01 2.618273777134490388e+02
2.110753355820889965e+01 2.520181583394934535e+02
1.967606465607417476e+01 2.424285717970739711e+02
1.833897352129974934e+01 2.330607963548091561e+02
1.709026101688056798e+01 2.239166379359949133e+02
1.592429145069378649e+01 2.149975349045897985e+02
1.483577192366248276e+01 2.063045777035476647e+02
1.381973124290728450e+01 1.978392804701089176e+02
1.287150113840449528e+01 1.896038248946684064e+02
1.198670129086976033e+01 1.815998286904674615e+02
1.116122274698149752e+01 1.738282683586132862e+02
1.039121200850223659e+01 1.662895128765550510e+02
9.673055985891144459e+00 1.589833578003602383e+02
9.003367774536647161e+00 1.519090595854107733e+02
8.378973022690644257e+00 1.450654670702345186e+02
7.796896641953563467e+00 1.384513773825222529e+02
7.254351647036387796e+00 1.320651767615986785e+02
6.748728081205021212e+00 1.259047373357227144e+02
6.277582282095378829e+00 1.199674604486027079e+02
5.838626759250190368e+00 1.142503189898533122e+02
5.429720651488020522e+00 1.087498985488583116e+02
5.048860708903805339e+00 1.034624387816265738e+02
4.694172436009892202e+00 9.838389627407943294e+01
