1.419235420616282136e+04 1.411098989129610709e+04
1.437484265151109139e+04 1.429011900269579019e+04
1.455334689517675724e+04 1.446517083549052950e+04
1.472744386514347934e+04 1.463572318054650350e+04
1.489669444461787862e+04 1.480133835320288563e+04
1.506063209485121661e+04 1.496155213439874024e+04
1.521878131941932224e+04 1.511589187412907813e+04
1.537065954831817544e+04 1.526387839405843079e+04
1.551575970693542149e+04 1.540500907593770353e+04
1.565356139925240313e+04 1.553876883047318006e+04
1.578354315830545238e+04 1.566464209313740321e+04
1.590517020034644156e+04 1.578210077078775976e+04
1.601788686341345056e+04 1.589059682927410722e+04
1.612114003412745660e+04 1.598958547145096782e+04
1.621437930600943037e+04 1.607852538896612168e+04
1.629703755160136461e+04 1.615685991722474319e+04
1.636855043431813283e+04 1.622403612566769698e+04
1.642836845276344684e+04 1.627951662062712967e+04
1.647594462075721094e+04 1.632276775179689866e+04
1.651073512754004696e+04 1.635326035483325904e+04
1.653222053257112202e+04 1.637049029285968390e+04
1.653990716954076925e+04 1.637398003797313686e+04
1.653332103683708192e+04 1.636327328910009055e+04
1.651202177353558727e+04 1.633794807637292070e+04
1.647561022064015924e+04 1.629762402577740249e+04
1.642373821145606416e+04 1.624197292899771855e+04
1.635611111386333869e+04 1.617072098045755411e+04
1.627248625066042223e+04 1.608364629153346868e+04
1.617269223908299682e+04 1.598059851393385907e+04
1.605665841653629650e+04 1.586152882139122084e+04
1.592438005920881733e+04 1.572645387622118324e+04
1.577592172760048379e+04 1.557545888395655675e+04
1.561149904292665997e+04 1.540878001142886205e+04
1.543143816902123581e+04 1.522676314892680421e+04
1.523612236508133901e+04 1.502980969098214155e+04
1.502607727179764879e+04 1.481846188173488554e+04
1.480203774347736362e+04 1.459346953688100439e+04
1.456479058138503933e+04 1.435563210314597745e+04
1.431518894560852823e+04 1.410581287194166907e+04
1.405435421479117940e+04 1.384514038909884766e+04
1.378350551498644745e+04 1.357483795157406166e+04
1.350385179884355966e+04 1.329611579071619053e+04
1.321681402221907047e+04 1.301039154144073655e+04
1.292406710142769953e+04 1.271933167150523150e+04
1.262722188212980836e+04 1.242453591404204417e+04
1.232785264843847654e+04 1.212756479135630798e+04
1.202767832468655433e+04 1.183011952343263692e+04
1.172835701225001867e+04 1.153383846192290366e+04
1.143142341493234926e+04 1.124023526647483050e+04
1.113854294688790105e+04 1.095094823383769835e+04
1.085146594348450162e+04 1.066769579825317669e+04
1.057177225239622203e+04 1.039202688046833282e+04
1.030096071127548566e+04 1.012540729282327993e+04
1.004063311549436003e+04 9.869396974567491270e+03
9.792262502373600000e+03 9.625428777012795763e+03
9.557027727870641684e+03 9.394648007762416455e+03
9.335005172534945814e+03 9.177120017871879099e+03
9.125807336507847140e+03 8.972456590036437774e+03
8.928983585253863566e+03 8.780209667139662997e+03
8.743469189472685684e+03 8.599335246373082555e+03
8.567977360729038992e+03 8.428574261162702896e+03
8.401156617961618394e+03 8.266606636132572021e+03
8.241144120434697470e+03 8.111619732530616602e+03
8.086049126799682199e+03 7.961773738794665405e+03
7.933686559277539345e+03 7.814946439233068304e+03
7.781539839152019340e+03 7.668695921741989878e+03
7.627059445849415170e+03 7.520546411377291406e+03
7.467248628867023399e+03 7.367592086529655717e+03
7.299219029693772427e+03 7.207025626606603510e+03
7.120155083375158029e+03 7.036114693954976246e+03
6.927586812315207681e+03 6.852453475153103682e+03
6.720045939689845000e+03 6.654613205545168057e+03
6.496923519630791816e+03 6.441992143838453558e+03
6.259181928659583718e+03 6.215520165296519735e+03
6.008845129292976708e+03 5.977153480771017712e+03
5.749385713593421315e+03 5.730258544035743398e+03
5.484915007053468798e+03 5.478818302618469716e+03
5.220215813791211986e+03 5.227467209933077356e+03
4.960287013357123215e+03 4.981034267410300345e+03
4.710138124691738994e+03 4.744355626782802574e+03
4.474454348301916980e+03 4.521935432491300162e+03
4.257640931054262182e+03 4.317996296310197067e+03
4.062985528697794052e+03 4.135670112950820112e+03
3.892683552723497087e+03 3.977030436092897617e+03
3.746670111535982869e+03 3.841975962293491193e+03
3.623181100677148606e+03 3.728774530223698093e+03
3.517961577366345864e+03 3.633308202188052746e+03
3.425429219203465891e+03 3.550181132520949632e+03
3.338876951074830231e+03 3.472904239837185287e+03
3.251379292442001770e+03 3.394758981731366021e+03
3.156601414713134545e+03 3.309567322799204703e+03
3.049547306297119121e+03 3.212422900985479828e+03
2.927588196705244172e+03 3.100715637669453372e+03
2.790971612128292236e+03 2.974644784680150678e+03
2.642831872877699880e+03 2.837244693333915166e+03
2.488734697159883126e+03 2.693941648344457917e+03
2.335888663832699422e+03 2.551756325173150344e+03
2.192141718881055112e+03 2.418293532107511510e+03
2.064506070586141504e+03 2.300300994459223602e+03
1.957318481672830103e+03 2.201909779981072461e+03
1.870876412447997382e+03 2.123354815370176311e+03
1.801527834488188773e+03 2.061092523277635792e+03
1.743072509540004148e+03 2.009147816340217560e+03
1.688153866238715409e+03 1.960424096224722689e+03
1.629262956474409748e+03 1.907646211689939946e+03
1.560570860374572476e+03 1.845141809386090017e+03
1.480512824664310983e+03 1.771387644722248524e+03
1.392607725696291254e+03 1.689828027715666394e+03
1.303452433295669607e+03 1.606892866587713797e+03
1.220143667073535198e+03 1.529440099455022391e+03
1.148357198431264578e+03 1.462880281932965545e+03
1.090340165690325421e+03 1.409293325913932676e+03
1.043848893929376800e+03 1.366483075087353654e+03
1.003332031981768068e+03 1.329133026362914734e+03
9.622651142614295168e+02 1.291019248569431966e+03
9.158092707632483780e+02 1.247541989062855691e+03
8.636005428416339100e+02 1.198400268143788480e+03
8.093971267858844385e+02 1.147226408507712677e+03
7.583399235958318059e+02 1.098908752182172066e+03
7.144614777189304959e+02 1.057203994505013270e+03
6.784011269241671016e+02 1.022643558663652357e+03
6.470755430417426624e+02 9.923071172503249500e+02
6.161799962080384603e+02 9.621889012168492172e+02
5.829502486302747002e+02 9.297605148474256112e+02
5.478600745501578331e+02 8.955136096624229367e+02
5.139467817828556235e+02 8.622674558997429131e+02
4.838836751602008803e+02 8.324368060459868275e+02
4.579942427570900350e+02 8.062651341115788455e+02
4.343481181896373755e+02 7.819886829384939801e+02
4.106334731180349422e+02 7.575547870358266209e+02
3.863357729855765115e+02 7.325431739501286756e+02
3.628280396244570625e+02 7.081831528062525649e+02
3.415363947926809374e+02 6.857017636481417640e+02
3.224575575019017606e+02 6.650655528007642943e+02
3.043891507417272351e+02 6.452380558287871963e+02
2.865115638564860205e+02 6.255421430319997853e+02
2.691782262403574464e+02 6.062876672097223718e+02
2.531409779079597513e+02 5.880873371126929214e+02
2.384204443554424984e+02 5.709404064564753298e+02
2.244388458909616304e+02 5.543784285657949340e+02
2.109174864172597381e+02 5.381879709978580877e+02
1.981281552541299220e+02 5.225810514581139614e+02
1.862539516345515267e+02 5.076880230234878582e+02
1.750859981663235487e+02 4.933450732055591743e+02
1.644324924770776306e+02 4.794109348575753415e+02
1.543698496683729218e+02 4.659388012242088166e+02
1.449568758590252457e+02 4.529635792996699593e+02
1.360850720510308633e+02 4.404056846190860028e+02
1.276912841254761730e+02 4.282191261130765838e+02
1.197922004360693649e+02 4.164105813528530575e+02
1.123647389365764155e+02 4.049616664048169241e+02
1.053793012604743922e+02 3.938497935875343501e+02
9.880840548288659875e+01 3.830539679884150814e+02
9.262652648911357289e+01 3.725546959519598431e+02
8.681084637916291058e+01 3.623345902789229740e+02
8.134145314409008165e+01 3.523786916584687106e+02
7.619951038330310666e+01 3.426731900570792391e+02
7.136705023472836729e+01 3.332052378424776862e+02
6.682694663480829433e+01 3.239628958371968110e+02
6.256288821259651911e+01 3.149350831194634566e+02
5.855935095777348920e+01 3.061115302133377440e+02
5.480156385515689976e+01 2.974827383617925989e+02
5.127535112077345758e+01 2.890399981138346561e+02
4.796715456810645151e+01 2.807753394474115112e+02
4.486415335462389464e+01 2.726814326451081456e+02
4.195423298241743737e+01 2.647515521259901448e+02
3.922594973981787803e+01 2.569795445917955021e+02
3.666849670150649132e+01 2.493597987099311126e+02
3.427167123463376441e+01 2.418872161619617600e+02
3.202584662896894940e+01 2.345572388953189602e+02
2.992196166469310725e+01 2.273662431651147813e+02
2.795147512777423415e+01 2.203112202866006157e+02
2.610632579827934308e+01 2.133894773161508454e+02
2.437890799054527591e+01 2.065986148086911953e+02
2.276204825555896605e+01 1.999365075817667901e+02
2.124898308946643866e+01 1.934012859193739473e+02
1.983333761884339097e+01 1.869913171794436266e+02
1.850910313094227533e+01 1.807053538010960096e+02
1.727061147937994789e+01 1.745430471359543105e+02
1.611252529536259459e+01 1.685043064655491492e+02
1.502982274362624437e+01 1.625890656653704411e+02
1.401778013804707257e+01 1.567972740332658361e+02
1.307195542066170368e+01 1.511288874152322137e+02
1.218817246825083878e+01 1.455838596333602197e+02
1.136250619098427883e+01 1.401621357008909854e+02
1.059126827087622402e+01 1.348640102861459980e+02
9.870993637176271207e+00 1.296905203935106954e+02
9.198428034613399973e+00 1.246426009825866856e+02
8.570515990316872390e+00 1.197209589974327031e+02
7.984389370121851570e+00 1.149260794364784601e+02
7.437356540779856751e+00 1.102582318125591740e+02
6.926892109928076913e+00 1.057174769705033697e+02
6.450627197781175326e+00 1.013036841255858320e+02
6.006339621868490575e+00 9.701687906258752037e+01
5.591945269915359340e+00 9.285726853729414643e+01
5.205490801703465564e+00 8.882477555524290835e+01
4.845145887103714522e+00 8.491902663977394639e+01
4.509195820185819770e+00 8.113937079286209553e+01
4.196034549343363729e+00 7.748489836489984839e+01
3.904158102050831580e+00 7.395445974708218273e+01
