3.140680708359118944e+04 3.130395959799343473e+04
3.156189475913084243e+04 3.145537856365437256e+04
3.169620422037967364e+04 3.158595746646833140e+04
3.180868800403689602e+04 3.169465306517248609e+04
3.189832973938870418e+04 3.178045394504049909e+04
3.196409508794913199e+04 3.184233265193683837e+04
3.200492982756739366e+04 3.187924400888244054e+04
3.201982849905381590e+04 3.189019249891339859e+04
3.200781640219044493e+04 3.187421437459125809e+04
3.196786549528354954e+04 3.183029418004204126e+04
3.189899295887574044e+04 3.175746275295444138e+04
3.180029790627061811e+04 3.165483381007358912e+04
3.167089275891646321e+04 3.152153741890643505e+04
3.150991923606957789e+04 3.135673579395544220e+04
3.131663323974112063e+04 3.115970605202113074e+04
3.109038280664434205e+04 3.092981880076590460e+04
3.083053800220468111e+04 3.066646984931551196e+04
3.053659659950422065e+04 3.036918346570133144e+04
3.020821465734164667e+04 3.003764247897418682e+04
2.984515763975099253e+04 2.967164366967625392e+04
2.944732680713837908e+04 2.927112256279482244e+04
2.901481636055064519e+04 2.883620647131090664e+04
2.854791450012852511e+04 2.836721763446057957e+04
2.804709749908314916e+04 2.786467092685663374e+04
2.751305092270652676e+04 2.732928855409476091e+04
2.694668316731989762e+04 2.676201261858517319e+04
2.634920683614398513e+04 2.616409277115861551e+04
2.572209386496329898e+04 2.553703730892203748e+04
2.506701002186066398e+04 2.488254219333924630e+04
2.438593319796673677e+04 2.420261261036466021e+04
2.368127115928028434e+04 2.349968405400139818e+04
2.295557829484027025e+04 2.277633073879541917e+04
2.221155905176775923e+04 2.203526839033158467e+04
2.145249199237840003e+04 2.127978310292810784e+04
2.068188239936020182e+04 2.051338028134596971e+04
1.990315217509968716e+04 1.973947166438275963e+04
1.912006718072262811e+04 1.896180260506984996e+04
1.833696484644738666e+04 1.818468000917790414e+04
1.755790182743987680e+04 1.741212218124744322e+04
1.678672038956985853e+04 1.664792459615142070e+04
1.602795357362846698e+04 1.589655533470150112e+04
1.528596577125283147e+04 1.516230812656210219e+04
1.456446118144757202e+04 1.444881850093652611e+04
1.386729885551523512e+04 1.375985793377745358e+04
1.319869239465797000e+04 1.309953117449756064e+04
1.256203697841729809e+04 1.247114009179956520e+04
1.196003315628824203e+04 1.187730026901624842e+04
1.139529587800614536e+04 1.132051016662340953e+04
1.086991045611913432e+04 1.080275009072601461e+04
1.038532727737802088e+04 1.032539162494499215e+04
9.942847902858497037e+03 9.889630151731362275e+03
9.543754934190008498e+03 9.496611641904099088e+03
9.188997891401078959e+03 9.147177127000737528e+03
8.878159777798671712e+03 8.840838405442391377e+03
8.607853660573109664e+03 8.574185121985003207e+03
8.374698426372900940e+03 8.343815435762166089e+03
8.175450688937319683e+03 8.146470518303191056e+03
8.006337428739405368e+03 7.978385377448673353e+03
7.863872616086608105e+03 7.836075831450885744e+03
7.743788760751268455e+03 7.715316807866836825e+03
7.640472103460564540e+03 7.610602074256352353e+03
7.548248523383786051e+03 7.516378940735035940e+03
7.459414542219950818e+03 7.425196595831876948e+03
7.365536747954510247e+03 7.328936303816497457e+03
7.257934780359296383e+03 7.219305222651929398e+03
7.127644145285780723e+03 7.087811378643855278e+03
6.966917669123124142e+03 6.927171340519034857e+03
6.770145989449380068e+03 6.732221806621586438e+03
6.534028968590194381e+03 6.500003894128867614e+03
6.259287739533410786e+03 6.231420481548747375e+03
5.948798498456110792e+03 5.929384764928590812e+03
5.607691932116052158e+03 5.598940479531373967e+03
5.243243586925736054e+03 5.247094903707808953e+03
4.865339605784112791e+03 4.883291505692865940e+03
4.485080565100957756e+03 4.518059613196098326e+03
4.114183764874121152e+03 4.162476687009843772e+03
3.765615719155002807e+03 3.828690264653742361e+03
3.450439818036901670e+03 3.527103147303154401e+03
3.177636524313254540e+03 3.266004592697699991e+03
2.953169711762069710e+03 3.050908772708787637e+03
2.778326543766153463e+03 2.882823220053078330e+03
2.651675188164047540e+03 2.760210305939237969e+03
2.567837071074348842e+03 2.677804681601666289e+03
2.519331248500948277e+03 2.628384207711485033e+03
2.495965007894211794e+03 2.602244223526850419e+03
2.485226856230088288e+03 2.587617570234648156e+03
2.473322166479946645e+03 2.571671348283689895e+03
2.446388159334998363e+03 2.541656984710232791e+03
2.392798151624397633e+03 2.487023101523332571e+03
2.304680647929126280e+03 2.400756607468425045e+03
2.179627048398147053e+03 2.280881379811044553e+03
2.022401409623608970e+03 2.131977034297943646e+03
1.845458514427457885e+03 1.965565170340540817e+03
1.666180399009880375e+03 1.797550047764799274e+03
1.501801111536414737e+03 1.643615937468826132e+03
1.364681242271761903e+03 1.514919194867452461e+03
1.261206247292187982e+03 1.417114176212636266e+03
1.192741227974202047e+03 1.351253798639330853e+03
1.155812053597069053e+03 1.313985572795883854e+03
1.140802093769028261e+03 1.296439125912157806e+03
1.133101231610321747e+03 1.285360473562621110e+03
1.117696113538962209e+03 1.267304098704277521e+03
1.083511435348317946e+03 1.232490561640951682e+03
1.025619934139824863e+03 1.176699698317765296e+03
9.471940620896331211e+02 1.102917107069839631e+03
8.594291828403361251e+02 1.021176637806662711e+03
7.764977451570905487e+02 9.440307776708332312e+02
7.097280041371981270e+02 8.814023562320178371e+02
6.646249343314684666e+02 8.380018348266286239e+02
6.391292287253459108e+02 8.118654727486398315e+02
6.244842301137398408e+02 7.952153615313170576e+02
6.097942969775040183e+02 7.785203172692781663e+02
5.860310721550297330e+02 7.539888443866664147e+02
5.495515945387463717e+02 7.185709786934098702e+02
5.048126816637125671e+02 6.762096225450077327e+02
4.609789787212538954e+02 6.348202676727962626e+02
4.257520117869417504e+02 6.009601709926378135e+02
4.019345989770786787e+02 5.769284091125598479e+02
3.862283540609385000e+02 5.598315481201033208e+02
3.717001655698344393e+02 5.437620847136976181e+02
3.528606312971323291e+02 5.241153681484263416e+02
3.288047564669781195e+02 5.001877464419449666e+02
3.033470726961739388e+02 4.752101018709656159e+02
2.815185798067695373e+02 4.533613787477829646e+02
2.652613994140348836e+02 4.362005222416325410e+02
2.524553457256360787e+02 4.219324631251565734e+02
2.394591232763562800e+02 4.075582449492484898e+02
2.243709595658995681e+02 3.915466922788928059e+02
2.085433006430938576e+02 3.750194851618043117e+02
1.944592723425244287e+02 3.599789153718459147e+02
1.830300242289169148e+02 3.471302082443761492e+02
1.728788856083740768e+02 3.353533280528129126e+02
1.624289405657089560e+02 3.233973616761791163e+02
1.516388314204523908e+02 3.112402583887840706e+02
1.416463237548887832e+02 2.997735267346942578e+02
1.329676871639512683e+02 2.893860020822717161e+02
1.249846495722849369e+02 2.795896152229417453e+02
1.170726398210294406e+02 2.699053601751531346e+02
1.094121778127917111e+02 2.604726272352277761e+02
1.024373345187125608e+02 2.516142030297775420e+02
9.605842285067876674e+01 2.432570786816987436e+02
8.993381584577221588e+01 2.351444805615411724e+02
8.411720686586014040e+01 2.273141241541855777e+02
7.868439302291183424e+01 2.198199876056017104e+02
7.360371804483756364e+01 2.126343681125299554e+02
6.884958805307199725e+01 2.057370114877728895e+02
6.439903414350825983e+01 1.991098270656584930e+02
6.023095536996640220e+01 1.927360184551745590e+02
5.632594876893012525e+01 1.865999867405992916e+02
5.266615600122706553e+01 1.806872421930074495e+02
4.923512486580875702e+01 1.749843236722221889e+02
4.601778763401089378e+01 1.694788230008913956e+02
4.300133699458564962e+01 1.641603066201762147e+02
4.017438625338433411e+01 1.590197028531880221e+02
3.752608593249156144e+01 1.540484976865367628e+02
3.504609794212462504e+01 1.492386882187567778e+02
3.272458238526375851e+01 1.445827509613444590e+02
3.055218353279633448e+01 1.400736123378686102e+02
2.852001511851420901e+01 1.357046212015576145e+02
2.661957017303816286e+01 1.314694894253904920e+02
2.484256391424605326e+01 1.273621953422523347e+02
2.318116777585799326e+01 1.233770630261358150e+02
2.162803924774911479e+01 1.195087656033997519e+02
2.017629222392699972e+01 1.157523043414828123e+02
1.881946913632982898e+01 1.121029890930889366e+02
1.755151476766955199e+01 1.085564199872347046e+02
1.636675252619359355e+01 1.051084757716266438e+02
1.525988512281400666e+01 1.017554527638618964e+02
1.422596803685869382e+01 9.849404809694975427e+01
1.326035751906062643e+01 9.532115311470630559e+01
1.235869184566520218e+01 9.223383189430708740e+01
1.151687527810577549e+01 8.922931137596290796e+01
1.073106285000452509e+01 8.630497201234707916e+01
9.997645945363352382e+00 8.345833890251330445e+01
9.313237606003369251e+00 8.068708979945898818e+01
8.674654538954928995e+00 7.798913400370484794e+01
8.078910503889009220e+00 7.536252677733556027e+01
7.523207454570318475e+00 7.280541608133481191e+01
7.004924174594630237e+00 7.031603695112339381e+01
6.521605555162149237e+00 6.789270626303894574e+01
6.070952489114319839e+00 6.553381774287203143e+01
5.650812348559297149e+00 6.323783742767303551e+01
5.259170053404338852e+00 6.100333396208549175e+01
4.894139649540216297e+00 5.882900519646262438e+01
4.553956266339286074e+00 5.671360177884233877e+01
4.236968622371152904e+00 5.465591434922570357e+01
3.941631983542847273e+00 5.265477084315840273e+01
3.666501537318103132e+00 5.070903392767091589e+01
3.410226159958782421e+00 4.881759856553330934e+01
3.171542538252148713e+00 4.697939286761671696e+01
2.949269457280258244e+00 4.519341595972402104e+01
2.742302748875240503e+00 4.345871700362270929e+01
2.549610606281051517e+00 4.177435813872118331e+01
2.370228996742733685e+00 4.013941264681625398e+01
2.203257349296370293e+00 3.855296404668364829e+01
2.047854506221459037e+00 3.701410526255583022e+01
1.903234922840021826e+00 3.552193786460292557e+01
1.768665051078907480e+00 3.407558748408555260e+01
1.643459870816193602e+00 3.267424639194251768e+01
1.526979944655077803e+00 3.131711579403706125e+01
