2.465787547673804875e+04 2.450112790376857447e+04
2.489740666247256013e+04 2.473458808236218465e+04
2.512562196989240329e+04 2.495659528031122318e+04
2.534175682131347276e+04 2.516638809741928708e+04
2.554503392506822638e+04 2.536319405856298545e+04
2.573464796776178628e+04 2.554621539938342539e+04
2.590979681568093656e+04 2.571465874263901060e+04
2.606968400619581735e+04 2.586773739053565077e+04
2.621348233089672431e+04 2.600463503850638881e+04
2.634035890483697585e+04 2.612453084814552130e+04
2.644950169804248435e+04 2.622662595179847267e+04
2.654010204611881272e+04 2.631012647242700768e+04
2.661134270064745942e+04 2.637423197892716780e+04
2.666243735393533643e+04 2.641817423987334041e+04
2.669263305482106807e+04 2.644121972050470504e+04
2.670117807216459914e+04 2.644263851842538497e+04
2.668735345020967725e+04 2.642173514722348773e+04
2.665049639871475665e+04 2.637787136350607034e+04
2.658999351313726220e+04 2.631046036261694462e+04
2.650528160178159669e+04 2.621896793057260948e+04
2.639587019992203932e+04 2.610293341985606457e+04
2.626135040866940471e+04 2.596197877465934289e+04
2.610140811987672350e+04 2.579582346032666464e+04
2.591582200759669649e+04 2.560428059122901323e+04
2.570446638416510905e+04 2.538725884446624696e+04
2.546736115458735003e+04 2.514481393618056245e+04
2.520467894933080242e+04 2.487715555874829079e+04
2.491669451789935192e+04 2.458459440113267192e+04
2.460382393597445116e+04 2.426758156716244775e+04
2.426674710010915078e+04 2.392683252212713705e+04
2.390627379678543366e+04 2.356319063258274764e+04
2.352330791893344940e+04 2.317759044543242271e+04
2.311905030954205722e+04 2.277126118865043100e+04
2.269495694312469277e+04 2.234568416708719815e+04
2.225252706958101044e+04 2.190237957627114156e+04
2.179342394872573641e+04 2.144302665091538802e+04
2.131974951201854856e+04 2.096973704421917864e+04
2.083364912419655593e+04 2.048466033042813797e+04
2.033724160169711831e+04 1.998991405615085750e+04
1.983304242206294657e+04 1.948800225020904691e+04
1.932377811895070408e+04 1.898163143273563401e+04
1.881200849799876232e+04 1.847333718127382963e+04
1.830033637433301192e+04 1.796568998472909880e+04
1.779171425136651669e+04 1.746159583391414344e+04
1.728890640669361164e+04 1.696376952361876465e+04
1.679443949234786123e+04 1.647468630383560594e+04
1.631099183520606493e+04 1.599695659191711093e+04
1.584118062724391166e+04 1.553312252140265991e+04
1.538730514845400285e+04 1.508541264366792166e+04
1.495125158193193965e+04 1.465564456287475696e+04
1.453441783022915479e+04 1.424514768497059413e+04
1.413797258324996255e+04 1.385502779881995775e+04
1.376289580329980890e+04 1.348620624445346584e+04
1.340989571416030594e+04 1.313932416315698174e+04
1.307951322618242921e+04 1.281485555804902287e+04
1.277212515627054017e+04 1.251312026294210045e+04
1.248586943152597996e+04 1.223228329006318381e+04
1.221673652939921521e+04 1.196844302052187595e+04
1.196094490673399923e+04 1.171792169244131765e+04
1.171527647164087466e+04 1.147760138460572125e+04
1.147704717809497561e+04 1.124489497774485244e+04
1.124366623631837138e+04 1.101730774369329993e+04
1.101144674315582779e+04 1.079131434003137110e+04
1.077623513765154530e+04 1.056295008746042367e+04
1.053381064953982786e+04 1.032819565728640009e+04
1.027923285812092945e+04 1.008237572001728404e+04
1.000798135041294518e+04 9.821209792169347566e+03
9.716439581749891659e+03 9.541312931919494076e+03
9.401914221308594279e+03 9.240175751059077811e+03
9.064236350216604478e+03 8.917699065972354219e+03
8.705506328076349746e+03 8.575945374745213485e+03
8.329599104513206839e+03 8.218644361659198694e+03
7.942135357936786932e+03 7.851177735339526407e+03
7.549687909569250223e+03 7.479796114627013594e+03
7.159563657559498097e+03 7.111428754280779685e+03
6.778941514221800389e+03 6.752838447601106054e+03
6.414622687599102392e+03 6.410409845329760174e+03
6.073432520880740412e+03 6.090499951605901515e+03
5.761422045776322193e+03 5.798718691622597362e+03
5.483623633846555094e+03 5.539638999114293256e+03
5.242958703845597483e+03 5.315898949494786393e+03
5.038805874634660540e+03 5.126757287863200872e+03
4.867965117444226053e+03 4.969102275173403541e+03
4.723294147493946184e+03 4.836158306116303720e+03
4.596088611990060599e+03 4.719726433716495194e+03
4.476298492113995053e+03 4.610379915242393508e+03
4.354100469837986566e+03 4.498930242460890440e+03
4.220760502268091841e+03 4.377203830259662027e+03
4.069822563730280763e+03 4.239170782060144120e+03
3.898448516195773664e+03 4.082192591746530070e+03
3.707652889148252143e+03 3.907238604287916587e+03
3.502355483988555989e+03 3.718951123118183659e+03
3.290132955446925280e+03 3.524436871899275957e+03
3.080467119363583606e+03 3.332534331674890836e+03
2.883899206851114286e+03 3.153003836656224848e+03
2.710290711504688261e+03 2.994866288307790455e+03
2.565256666358765870e+03 2.863156740010640533e+03
2.448232162594561487e+03 2.757222117206537860e+03
2.353427463208776771e+03 2.671640208590684324e+03
2.272590512882699841e+03 2.598784886535774149e+03
2.196745494436939680e+03 2.530403230944976258e+03
2.116409818845798327e+03 2.457794147511377560e+03
2.023935785406327795e+03 2.373958744681063308e+03
1.917783728077028854e+03 2.277533862908504489e+03
1.802916959441423387e+03 2.173136016545914117e+03
1.687429011727088891e+03 2.068211747303843822e+03
1.579341952283825776e+03 1.970054691173302672e+03
1.485222192226823836e+03 1.884535303612690086e+03
1.407588715604547360e+03 1.813808676764846268e+03
1.343665869792690501e+03 1.755278075081835595e+03
1.287305320962820588e+03 1.703375943750124634e+03
1.231219969110234160e+03 1.651574123770140886e+03
1.169969258557667672e+03 1.595048537202362013e+03
1.103385950546730555e+03 1.533714938212937795e+03
1.035485150037257426e+03 1.471198322496040873e+03
9.711784542747437854e+02 1.411849428704480260e+03
9.145593233288897181e+02 1.359212369474911384e+03
8.663371042795811263e+02 1.313822792298667537e+03
8.234323935633345855e+02 1.272945073103424647e+03
7.818997786970908237e+02 1.233155923740456728e+03
7.391109930403938506e+02 1.192223353861035775e+03
6.953244326206328196e+02 1.150415429924267983e+03
6.532104597240104340e+02 1.110021917757380379e+03
6.149308720978010570e+02 1.072841181632744565e+03
5.807542602716970350e+02 1.039049964672889701e+03
5.492108978676847073e+02 1.007394832493547597e+03
5.184513641731383586e+02 9.763532299172428566e+02
4.879924930959545009e+02 9.455513618678161265e+02
4.587706456051819828e+02 9.157567816050863030e+02
4.317158488210066025e+02 8.876990223691909705e+02
4.068530097321211656e+02 8.613713537094917001e+02
3.833898217935163188e+02 8.361389580410263989e+02
3.607717066642874215e+02 8.115744183255756070e+02
3.391294494862563624e+02 7.877804392559038433e+02
3.188572929868244614e+02 7.650452537998728531e+02
2.999510586440103452e+02 7.433507007334669652e+02
2.820920412669035500e+02 7.224540998162090091e+02
2.650898663643413897e+02 7.022151795869934858e+02
2.490285287707503699e+02 6.826882356306892916e+02
2.339646214849418300e+02 6.639029986396234335e+02
2.197834607276475367e+02 6.457723736123725757e+02
2.063734114217743070e+02 6.282157386206745286e+02
1.937287101535681870e+02 6.112230921580892300e+02
1.818384234600808327e+02 5.947796270455032754e+02
1.706477642557179593e+02 5.788441645975984784e+02
1.600967826096564579e+02 5.633736769933803998e+02
1.501656767484884654e+02 5.483494362289684432e+02
1.408255120168024064e+02 5.337487953953072974e+02
1.320423938119323282e+02 5.195468112156445386e+02
1.237842941565167365e+02 5.057202296000597812e+02
1.160209779136345105e+02 4.922474037478487503e+02
1.087239036226454658e+02 4.791082010671241846e+02
1.018661298538558810e+02 4.662839172978568740e+02
9.542223070554379660e+01 4.537572045602415756e+02
8.936844382544119014e+01 4.415124522960946365e+02
8.368264666673222507e+01 4.295359210830424672e+02
7.834387907025629261e+01 4.178149508320298082e+02
7.333225803676957355e+01 4.063378394686866386e+02
6.862893172973366518e+01 3.950937937675117269e+02
6.421603469371837036e+01 3.840728830336419719e+02
6.007664432087359074e+01 3.732659953318777752e+02
5.619472297276841033e+01 3.626648892118151366e+02
5.255500438634822302e+01 3.522626224477050982e+02
4.914303601772854080e+01 3.420530927284662539e+02
4.594517865122352163e+01 3.320307637576233333e+02
4.294856426279234540e+01 3.221906344140267606e+02
4.014105573119768877e+01 3.125282094298549396e+02
3.751120841807597373e+01 3.030394709399237740e+02
3.504823366699040577e+01 2.937208611948288421e+02
3.274196884974315225e+01 2.845697002851736102e+02
3.058284430949388266e+01 2.755842592107297833e+02
2.856184406156282662e+01 2.667630884156995990e+02
2.667047559357245134e+01 2.581049491814197268e+02
2.490074167155931661e+01 2.496087950575705179e+02
2.324511350141280985e+01 2.412737536186604075e+02
2.169650519245196207e+01 2.330991085465233255e+02
2.024824883414828136e+01 2.250844622142692799e+02
1.889406900391091071e+01 2.172304529629237777e+02
1.762806386807811876e+01 2.095379713815107436e+02
1.644468546006595133e+01 2.020078034913004785e+02
1.533871971283031499e+01 1.946406249541670661e+02
1.430526752413219427e+01 1.874369959706995701e+02
1.333972680883837114e+01 1.803973566280632497e+02
1.243777545495220593e+01 1.735220424780739279e+02
1.159535406810338820e+01 1.668118963351372486e+02
1.080865088551928288e+01 1.602682716887277934e+02
1.007408893347333390e+01 1.538922160370715346e+02
9.388312357504695171e+00 1.476844328480554509e+02
8.748173406521269513e+00 1.416452945579422931e+02
8.150720134099479708e+00 1.357748559912796793e+02
7.593184781060132060e+00 1.300728681350885552e+02
7.072972636160918647e+00 1.245389095003754818e+02
6.587651165913723794e+00 1.191727832493303652e+02
6.134940965391926682e+00 1.139740661524191268e+02
5.712706746908757793e+00 1.089419623741449357e+02
5.318948598122717364e+00 1.040753287752076517e+02
4.951793742470973925e+00 9.937269998712874042e+01
4.609488775152446927e+00 9.483231313585341127e+01
4.290392339172607095e+00 9.045213584023771602e+01
3.992968010686048341e+00 8.622997705306325145e+01
