1.826847636226241229e+04 1.813215887850609943e+04
1.851208779331663391e+04 1.837013340453101046e+04
1.875084785119439402e+04 1.860310604656312717e+04
1.898424331197865104e+04 1.883056496264423913e+04
1.921174875554253231e+04 1.905198695670619054e+04
1.943280465594585621e+04 1.926681743820640622e+04
1.964683278260510997e+04 1.947448477089238077e+04
1.985324853053526022e+04 1.967441176367490334e+04
2.005144797322745580e+04 1.986600294551576008e+04
2.024080310297624237e+04 2.004863993329089863e+04
2.042068269478013099e+04 2.022170205948367220e+04
2.059044891610875129e+04 2.038456321682648195e+04
2.074943119435295739e+04 2.053656673008193684e+04
2.089695236744943759e+04 2.067705072135203591e+04
2.103234129794542605e+04 2.080536038468031256e+04
2.115491429845475068e+04 2.092083026491048076e+04
2.126397720954135730e+04 2.102278637960525157e+04
2.135885063973212164e+04 2.111057055247930475e+04
2.143886495988292154e+04 2.118353576695891752e+04
2.150333990237544276e+04 2.124102685755803031e+04
2.155161480387385745e+04 2.128240946114386679e+04
2.158305888514190883e+04 2.130707994431089537e+04
2.159705791010275425e+04 2.131445323670711150e+04
2.159302328701953229e+04 2.130397148012103935e+04
2.157041073195501667e+04 2.127512151695606008e+04
2.152872430590101430e+04 2.122743936765044054e+04
2.146751958160497452e+04 2.116051414139367989e+04
2.138641016926326120e+04 2.107399297215035403e+04
2.128507568975732283e+04 2.096758864284129595e+04
2.116329370846591337e+04 2.084111236995054787e+04
2.102092864727873894e+04 2.069446182540267546e+04
2.085791797926083018e+04 2.052760635731226284e+04
2.067432136814717887e+04 2.034063627408584216e+04
2.047035712213337683e+04 2.013379925660201843e+04
2.024632510605166681e+04 1.990742220909751632e+04
2.000262483343413987e+04 1.966192903602739534e+04
1.973989977827830808e+04 1.939798475770929144e+04
1.945892157813407903e+04 1.911637922483817965e+04
1.916051900439278688e+04 1.881795582722567633e+04
1.884574322808090074e+04 1.850377635244061457e+04
1.851590061086029164e+04 1.817515339149814463e+04
1.817232129306585921e+04 1.783341912075849177e+04
1.781642550596296496e+04 1.747999147585106039e+04
1.745002011604444851e+04 1.711666985655093231e+04
1.707496801304523615e+04 1.674530525532427782e+04
1.669307202541418155e+04 1.636768479404631580e+04
1.630634716337419923e+04 1.598580459169096684e+04
1.591696881976058830e+04 1.560181812864290441e+04
1.552697435615741961e+04 1.521773799997634160e+04
1.513842727441754141e+04 1.483560011863079853e+04
1.475378183549204732e+04 1.445782771032679739e+04
1.437537497987933421e+04 1.408672553737644557e+04
1.400528204169975470e+04 1.372433791674287386e+04
1.364497437769066346e+04 1.337211941798663611e+04
1.329549122640564019e+04 1.303110188268131787e+04
1.295774225044198101e+04 1.270218758307829194e+04
1.263297868617131644e+04 1.238661660144463895e+04
1.232332817840879761e+04 1.208649824355538476e+04
1.203082767913674797e+04 1.180385516788891437e+04
1.175677213104549810e+04 1.153998488796197125e+04
1.149943933591158202e+04 1.129322706810611089e+04
1.125626544497969917e+04 1.106109357329526756e+04
1.102490015930222580e+04 1.084130333652934132e+04
1.080324322779841350e+04 1.063182239705066604e+04
1.058937391254028444e+04 1.043078968118335979e+04
1.038121434659489387e+04 1.023618132691941173e+04
1.017599732163925728e+04 1.004528128527435729e+04
9.970983434629228213e+03 9.855385474151293238e+03
9.763015373183799966e+03 9.663349687660513155e+03
9.548657059544471849e+03 9.465722508856242712e+03
9.324581849150290509e+03 9.259127211847007857e+03
9.087325787516369019e+03 9.040005737590756326e+03
8.833962333012797899e+03 8.805298221460225250e+03
8.562716503217890931e+03 8.553068081954765148e+03
8.272782741462002377e+03 8.282324386691459949e+03
7.965593222229980711e+03 7.994337222431400733e+03
7.643814394046181405e+03 7.691627907352780312e+03
7.311973699150691573e+03 7.378639574097312106e+03
6.975277172498532309e+03 7.060534712221362497e+03
6.639711488871820620e+03 6.743308078327469957e+03
6.311161617070609282e+03 6.432885729017453741e+03
5.995435500026271257e+03 6.135146480297809831e+03
5.698051531873769818e+03 5.855681186106829955e+03
5.424027895587932107e+03 5.599608822763500939e+03
5.177154329060779673e+03 5.370818306146294162e+03
4.960068403839266466e+03 5.172057994935275019e+03
4.772595658981029374e+03 5.003261659945760584e+03
4.612483296163006344e+03 4.862262359895496957e+03
4.474280160881696247e+03 4.743637810419655580e+03
4.351058415301946297e+03 4.640388310852046743e+03
4.234490903311354487e+03 4.543971928668088367e+03
4.116418664804337823e+03 4.445863289568089385e+03
3.989483410887490663e+03 4.338204866890900121e+03
3.848243572278276133e+03 4.215020865840387160e+03
3.690102010601387974e+03 4.073281999046963392e+03
3.515738162990990531e+03 3.913455887991884538e+03
3.329260337649933717e+03 3.739762688136713678e+03
3.137261697071568506e+03 3.559169850861992927e+03
2.947850772139072433e+03 3.380320717313082696e+03
2.769700958251915381e+03 3.212470807309287011e+03
2.610781247657716449e+03 3.064096283512059927e+03
2.476128018398253516e+03 2.940542550510817819e+03
2.365854550823764839e+03 2.841983678268342828e+03
2.275258372186374345e+03 2.763536348071408611e+03
2.196847058473245397e+03 2.697336694886711030e+03
2.122404619713123793e+03 2.634650266319611546e+03
2.043961148038296642e+03 2.566861521787730453e+03
1.955239285847324709e+03 2.487072331361550823e+03
1.854530657376595173e+03 2.393340489493216410e+03
1.745990971401467959e+03 2.290186356190454717e+03
1.637130080883796154e+03 2.185827146108539637e+03
1.535433622376901440e+03 2.088401293024769529e+03
1.446610015223389837e+03 2.004030658981827628e+03
1.372937804300205016e+03 1.935103318584110639e+03
1.311890942221570867e+03 1.878892809443653050e+03
1.257476865080484913e+03 1.829001308579707029e+03
1.203042726285620347e+03 1.778321447378234097e+03
1.143713264461664266e+03 1.721653526301459578e+03
1.079148283942274247e+03 1.658706109780049928e+03
1.013350826569510332e+03 1.593858287352400794e+03
9.513514572586356053e+02 1.532507189863541726e+03
8.968677426356458682e+02 1.478540519023972593e+03
8.505308899548358568e+02 1.432540241862909170e+03
8.092813379368782307e+02 1.391269872486804843e+03
7.689975908890958181e+02 1.350464276532696204e+03
7.271985977640630381e+02 1.307628015640426383e+03
6.842774994901924401e+02 1.263260790695614332e+03
6.430011099876277285e+02 1.220239211562336322e+03
6.057326327506918915e+02 1.180924833947202615e+03
5.726313772415979884e+02 1.145417381457280726e+03
5.420345514881026929e+02 1.112045305165004493e+03
5.119667304340674718e+02 1.078907038370355167e+03
4.819744117381121669e+02 1.045625861450947696e+03
4.531708861560160244e+02 1.013300812252650758e+03
4.266552945124378198e+02 9.829503647169863143e+02
4.023928705366006966e+02 9.545080840503334230e+02
3.794345225718589631e+02 9.271036448089585065e+02
3.571584006766469201e+02 9.002052640812321442e+02
3.357743561049422851e+02 8.740191297034101581e+02
3.158097951238950714e+02 8.489920990894465831e+02
2.972426310471875581e+02 8.250870858301871067e+02
2.796646141477407355e+02 8.019642798996850388e+02
2.628616546740918238e+02 7.794600206481536588e+02
2.469829078971565650e+02 7.576908062269180846e+02
2.321196255196619518e+02 7.367147314451337934e+02
2.181214360735724824e+02 7.164124820003024752e+02
2.048537340840514958e+02 6.966855995120765783e+02
1.923355257831679239e+02 6.775421339145889306e+02
1.805725061708714065e+02 6.589768134054398843e+02
1.694984077820669768e+02 6.409386981443096829e+02
1.590621669317194176e+02 6.233904689449252601e+02
1.492297158972734792e+02 6.063030529400590467e+02
1.399701884479892726e+02 5.896500104651004222e+02
1.312539166581923951e+02 5.734068149293267425e+02
1.230524194614834386e+02 5.575507438891193033e+02
1.153383875186580951e+02 5.420607782716394922e+02
1.080856648334423511e+02 5.269175089253508304e+02
1.012691466377023914e+02 5.121029355248049342e+02
9.486424933308327923e+01 4.975996225993383746e+02
8.884736974951906063e+01 4.833911990655114437e+02
8.319617302277370641e+01 4.694627426603252047e+02
7.788953172088238830e+01 4.558007084071380177e+02
7.290746563539774172e+01 4.423928584624669611e+02
6.823108425628024065e+01 4.292281956668683165e+02
6.384253339129142546e+01 4.162969170349791739e+02
5.972500367188630577e+01 4.035910342292448263e+02
5.586268131378228929e+01 3.911044503582269840e+02
5.224060757195371707e+01 3.788319340718877015e+02
4.884463196568430021e+01 3.667690013561723958e+02
4.566137391408393142e+01 3.549118704679193002e+02
4.267818578720031297e+01 3.432574176130777914e+02
3.988311735219701148e+01 3.318031332335871753e+02
3.726487489820051735e+01 3.205476394524277453e+02
3.481277117379419650e+01 3.094922326003873536e+02
3.251671989000826102e+01 2.986388595803685462e+02
3.036721195278029484e+01 2.879894642184415829e+02
2.835528507119058972e+01 2.775459671059917355e+02
2.647249477202702650e+01 2.673102459775848274e+02
2.471088676973774767e+01 2.572841166830489215e+02
2.306297061091977341e+01 2.474694475660572266e+02
2.152169421479679201e+01 2.378699023802718955e+02
2.008042024614600507e+01 2.284901261245557578e+02
1.873290377881109947e+01 2.193341380901782145e+02
1.747327068704241526e+01 2.104053088876384550e+02
1.629599709969179955e+01 2.017063801385478712e+02
1.519588988257754281e+01 1.932394854728069333e+02
1.416806810035609843e+01 1.850061753583675852e+02
1.320794447058805154e+01 1.770079313995965720e+02
1.231120793958579540e+01 1.692466416509415126e+02
1.147381006528714309e+01 1.617235463417214589e+02
1.069195019601896135e+01 1.544391305178722007e+02
9.962061134535630913e+00 1.473931726000463129e+02
9.280795568947842966e+00 1.405847929240283349e+02
8.645013234140119351e+00 1.340125019738715366e+02
8.051768639921855097e+00 1.276742739898860606e+02
7.498298911456821259e+00 1.215677365034574109e+02
6.982013669676575773e+00 1.156900802895500533e+02
6.500485161606059492e+00 1.100380232523726676e+02
6.051438523248977575e+00 1.046078582679336080e+02
5.632742588322949828e+00 9.939549963278133760e+01
