2.352185464016240439e+04 2.344674465072886960e+04
2.367418916769340285e+04 2.359640584274134744e+04
2.381268065220918652e+04 2.373217749772412208e+04
2.393654071616915826e+04 2.385327538077258214e+04
2.404498968924797737e+04 2.395892455732721646e+04
2.413726044751751397e+04 2.404836315053277576e+04
2.421255707903773146e+04 2.412080124629326019e+04
2.427008659456994428e+04 2.417545249271048306e+04
2.430908726693047720e+04 2.421156233343397253e+04
2.432879215519700301e+04 2.422837209482723119e+04
2.432841397224662069e+04 2.422510414746551396e+04
2.430720892120380086e+04 2.420102495327451470e+04
2.426447483328277303e+04 2.415544339334035976e+04
2.419950322917705853e+04 2.408766399850528251e+04
2.411163256657070815e+04 2.399703914466347851e+04
2.400027510592421459e+04 2.388299543984291449e+04
2.386488013285203124e+04 2.374499847828357451e+04
2.370494010431804418e+04 2.358255894289132993e+04
2.352004385731593720e+04 2.339528399885955878e+04
2.330987431472475873e+04 2.318287577011775284e+04
2.307418779513320624e+04 2.294511287403186725e+04
2.281285234045891775e+04 2.268188576124357132e+04
2.252586265045014079e+04 2.239321094903868288e+04
2.221335252177479560e+04 2.207924671776550895e+04
2.187559614952720221e+04 2.174029291486980583e+04
2.151300503159313666e+04 2.137678473825965557e+04
2.112616872964704817e+04 2.098933540811566854e+04
2.071590345623018948e+04 2.057878722309916338e+04
2.028316568966819250e+04 2.014611992673212808e+04
1.982905949609919844e+04 1.969245755028149506e+04
1.935501366551081810e+04 1.921924979622267711e+04
1.886265091314411984e+04 1.872813782427373735e+04
1.835366662798354082e+04 1.822082996901627484e+04
1.783003309695036660e+04 1.769930805719236378e+04
1.729408914049966552e+04 1.716591796189573142e+04
1.674816786044236142e+04 1.662299369216253035e+04
1.619465598003015475e+04 1.607291649640707874e+04
1.563645709134305434e+04 1.551857792485505524e+04
1.507649947880959007e+04 1.496288859643359319e+04
1.451750816470006794e+04 1.440855094084338816e+04
1.396250080858699766e+04 1.385854981301112093e+04
1.341475578003669762e+04 1.331612191360861470e+04
1.287717628703720402e+04 1.278412866279492664e+04
1.235249851471561669e+04 1.226525901446853459e+04
1.184389000479124843e+04 1.176261225955346163e+04
1.135418205967678841e+04 1.127895455461540405e+04
1.088570635691928874e+04 1.081656069525053863e+04
1.044063317239098978e+04 1.037752778322847553e+04
1.002090928477908346e+04 9.963723388473817977e+03
9.628051734388853220e+03 9.576601671253480163e+03
9.263304857143877598e+03 9.217341106728639716e+03
8.927838234789282069e+03 8.887015958063089784e+03
8.622592227825707596e+03 8.586484221807440917e+03
8.347998672691777756e+03 8.316115305546172749e+03
8.102451841930405863e+03 8.074271457004717377e+03
7.883797957364971808e+03 7.858777045559648286e+03
7.689986267635246804e+03 7.667563931532881725e+03
7.518174734034038920e+03 7.497801070332852760e+03
7.365416810082566371e+03 7.346558875026281385e+03
7.228706815995144098e+03 7.210858351482323087e+03
7.104179009517618397e+03 7.086906045087201164e+03
6.987973395187559618e+03 6.970919755009677829e+03
6.875220170718597728e+03 6.858171721699232876e+03
6.760115311433194620e+03 6.743060654548505227e+03
6.636867911792806808e+03 6.620022020220481863e+03
6.499241856090079636e+03 6.483121121569233765e+03
6.341593621399961194e+03 6.327008015275186153e+03
6.159702847094791650e+03 6.147756401869372894e+03
5.950722044838971669e+03 5.942757816797368832e+03
5.714667307640091167e+03 5.712167620936605090e+03
5.453393601029731144e+03 5.457879395732996272e+03
5.170661645542842052e+03 5.183598762590739170e+03
4.871494843952478732e+03 4.894194184612994832e+03
4.562842887661518034e+03 4.596338150749799752e+03
4.252252810935493471e+03 4.297230253046180223e+03
3.947898497369810684e+03 4.004638222052846231e+03
3.658443188248596016e+03 3.726722389087814463e+03
3.392289059898107098e+03 3.471392530897865981e+03
3.156279614482295983e+03 3.245024316058028035e+03
2.955814295118342670e+03 3.052602843767270770e+03
2.792864559953115531e+03 2.895858092731988563e+03
2.667047400699586433e+03 2.774264476430409104e+03
2.574548613930132433e+03 2.684083479530768727e+03
2.509809788907491111e+03 2.619930602407794140e+03
2.464845444947075066e+03 2.574204236226501052e+03
2.430388398428410255e+03 2.538159448759590305e+03
2.396092511169507361e+03 2.502131946795953809e+03
2.351757138239613596e+03 2.456691972817891838e+03
2.288881592981327685e+03 2.394071078775959450e+03
2.201922375882579217e+03 2.309290371867466092e+03
2.089384976383932099e+03 2.201137610357716312e+03
1.954308336409192179e+03 2.072562410096498297e+03
1.804509341807980945e+03 1.930850619315541962e+03
1.651728819002649743e+03 1.786824222069576535e+03
1.509078826272492051e+03 1.652481339597665055e+03
1.387003663895576665e+03 1.537292301694307525e+03
1.290980186819408118e+03 1.446140645897478862e+03
1.221884934131001955e+03 1.379680854128702549e+03
1.176966711919117870e+03 1.335257008372850578e+03
1.149751272237150943e+03 1.306862146254999061e+03
1.129764423236009861e+03 1.284947053991626717e+03
1.105054097539113400e+03 1.258745298948608706e+03
1.066788245070301627e+03 1.220402798744044276e+03
1.011587422861770960e+03 1.167012916262213366e+03
9.417074849853834166e+02 1.100712676742829444e+03
8.646356269010260576e+02 1.028259031705867756e+03
7.908158437619656524e+02 9.589567869777166607e+02
7.291503788986261725e+02 9.006499256538683085e+02
6.839940276438621822e+02 8.570863894924355009e+02
6.543968324782199488e+02 8.273091936926750805e+02
6.341743125427241239e+02 8.057884355402004530e+02
6.145713889322884143e+02 7.848230199195522800e+02
5.887267880631251273e+02 7.584565128348781400e+02
5.540131449868641766e+02 7.244751448752732585e+02
5.130803853823611007e+02 6.852506916500876741e+02
4.726603794117665984e+02 6.466339474042388247e+02
4.388810986528188209e+02 6.138724472994326788e+02
4.139516711395788775e+02 5.887921799944939494e+02
3.957347676978218374e+02 5.694965664280767896e+02
3.790787620620612302e+02 5.515680413148699017e+02
3.595309122764795688e+02 5.312466336959870432e+02
3.363441859900474924e+02 5.079430289394595661e+02
3.121819483205209735e+02 4.839277236271987590e+02
2.907840114766175361e+02 4.623249016088633994e+02
2.738320400224053515e+02 4.444977487751489207e+02
2.598685959005219956e+02 4.292005028496208183e+02
2.460928237874028071e+02 4.141116826743067350e+02
2.310171754209808910e+02 3.980248380721384933e+02
2.154885022181889838e+02 3.816486630952373957e+02
2.013852874470550205e+02 3.665061626832680304e+02
1.894539943559750554e+02 3.531795678883472078e+02
1.787395480461497073e+02 3.408850099717013222e+02
1.680140782452527048e+02 3.286418228994750166e+02
1.571807496381312319e+02 3.163803523824705053e+02
1.470482038768263635e+02 3.047371849412422193e+02
1.380453494907260392e+02 2.940375149061767956e+02
1.297341377735495200e+02 2.839322528821584797e+02
1.216210921134353953e+02 2.740400446947908222e+02
1.138116185458582521e+02 2.644423237375245321e+02
1.066197493849645070e+02 2.553733098145029317e+02
9.999166399654615134e+01 2.467865372314375918e+02
9.368284051236194898e+01 2.384968587262623316e+02
8.767498753521756782e+01 2.304899498962776647e+02
8.209006641780760560e+01 2.228511811812704195e+02
7.686952231371608946e+01 2.155363998948256210e+02
7.195890834521117085e+01 2.085030268359975594e+02
6.734306733592592309e+01 2.017373066021590660e+02
6.300721727803011163e+01 1.952262656005223107e+02
5.893698537535156134e+01 1.889576632592956287e+02
5.511843578108386765e+01 1.829199465932000521e+02
5.153809155384587370e+01 1.771022078728097142e+02
4.818289726258395689e+01 1.714940889430804987e+02
4.503959717969980403e+01 1.660850517239761928e+02
4.209514586341807529e+01 1.608646583497097708e+02
3.933727628017960853e+01 1.558231215545504256e+02
3.675446550569096615e+01 1.509512744694985997e+02
3.433588986215891481e+01 1.462405301876308954e+02
3.207138277627191059e+01 1.416828443344812740e+02
2.995139519406261641e+01 1.372706804004982075e+02
2.796699030539030773e+01 1.329970632892583637e+02
2.610987049230427459e+01 1.288557381285666565e+02
2.437223679726325898e+01 1.248408819733930386e+02
2.274673771662630628e+01 1.209470148227100310e+02
2.122644597356869767e+01 1.171689792566273809e+02
1.980483630415618279e+01 1.135019213894440782e+02
1.847576422760134918e+01 1.099412730372974210e+02
1.723344517709907819e+01 1.064827381011995442e+02
1.607242209166722446e+01 1.031223480957118284e+02
1.498755101786967892e+01 9.985643887851003342e+01
1.397399939309904582e+01 9.668155575408928826e+01
1.302722888506466070e+01 9.359443787437079720e+01
1.214297840940611728e+01 9.059200721082284247e+01
1.131724805924650923e+01 8.767135814085911250e+01
1.054628390261773774e+01 8.482974760518871449e+01
9.826564033308240909e+00 8.206460573844151440e+01
9.154786492683125942e+00 7.937360411284069528e+01
8.527854438179756968e+00 7.675456579603712726e+01
7.942863331385826342e+00 7.420542334829750075e+01
7.397089599321383879e+00 7.172421253190796619e+01
6.887979918683455161e+00 6.930906634157130952e+01
6.413141091927558435e+00 6.695820932164397732e+01
5.970330469182931310e+00 6.466995272960642183e+01
5.557446105168038386e+00 6.244271898194241999e+01
5.172518143131415336e+00 6.027504591664363431e+01
4.813702133121259052e+00 5.816553609648969569e+01
4.479271472616185967e+00 5.611284909467526205e+01
4.167610174496732434e+00 5.411569791768216930e+01
3.877206056275944057e+00 5.217284559445754866e+01
3.606644327725549104e+00 5.028310192512503818e+01
3.354601543143391762e+00 4.844532579051882948e+01
3.119839848679879513e+00 4.665845716931410436e+01
2.901201712402532440e+00 4.492148591117530998e+01
2.697604943544060774e+00 4.323342799937466907e+01
2.508037961011145178e+00 4.159332355173722817e+01
2.331555345568270265e+00 4.000023505145799163e+01
2.167273659942192232e+00 3.845324567733279508e+01
2.014367520984802873e+00 3.695145789031132466e+01
1.872065800453643680e+00 3.549402005928237713e+01
1.739648079949697390e+00 3.408015101619515264e+01
1.616441652372067050e+00 3.270907826920517891e+01
