2.154138322331322343e+04 2.133627700470368291e+04
2.186793813448969740e+04 2.165403665113769966e+04
2.219006893466390466e+04 2.196712764683846035e+04
2.250712663690419504e+04 2.227490402185588027e+04
2.281844512980420404e+04 2.257670372445337489e+04
2.312331847582947739e+04 2.287182858939208745e+04
2.342100129357928017e+04 2.315954492718647816e+04
2.371073328167739601e+04 2.343910563633077618e+04
2.399173172730219085e+04 2.370974295058688585e+04
2.426316706168011660e+04 2.397064485169810723e+04
2.452419248925051215e+04 2.422098391983397960e+04
2.477395220537781643e+04 2.445992545178108412e+04
2.501155180762354939e+04 2.468659972129480229e+04
2.523606759948231775e+04 2.490011097070269170e+04
2.544657602519822103e+04 2.509956536740468800e+04
2.564214242977936738e+04 2.528406060336460359e+04
2.582179783866563957e+04 2.545266424802174515e+04
2.598457823649291458e+04 2.560445092785334418e+04
2.612953327208743212e+04 2.573851071565671373e+04
2.625569825498943828e+04 2.585392324090565307e+04
2.636211269582921886e+04 2.594977521497420821e+04
2.644784824606805341e+04 2.602518667580232432e+04
2.651200438685990957e+04 2.607930752311602919e+04
2.655370274246381086e+04 2.611131281554807356e+04
2.657211341400353922e+04 2.612042675790674184e+04
2.656646496205522635e+04 2.610593222974333912e+04
2.653605435904730984e+04 2.606718175881128263e+04
2.648025160664888608e+04 2.600360090461083382e+04
2.639850472403828826e+04 2.591469202846572807e+04
2.629037855104084883e+04 2.580007272256526630e+04
2.615558112061539214e+04 2.565950171471104477e+04
2.599391811809445426e+04 2.549283268390057856e+04
2.580531493703734668e+04 2.530003557530643229e+04
2.558993930931385330e+04 2.508131732009132975e+04
2.534811024642755001e+04 2.483703130383618918e+04
2.508024641759693623e+04 2.456762596824776847e+04
2.478703015990936910e+04 2.427380644919609404e+04
2.446944712026221168e+04 2.395657320474399603e+04
2.412856685046851635e+04 2.361700496055867916e+04
2.376560858089785688e+04 2.325632394137842493e+04
2.338225187581904174e+04 2.287620394851539459e+04
2.298031201670498922e+04 2.247844792544974916e+04
2.256161731278058869e+04 2.206486644507918027e+04
2.212838286652856914e+04 2.163765185235454919e+04
2.168317710678859657e+04 2.119934486692785140e+04
2.122848419990407274e+04 2.075239727680994838e+04
2.076682776828599526e+04 2.029929902045467679e+04
2.030115217377577210e+04 1.984296690755587770e+04
1.983433105152890857e+04 1.938624538034937723e+04
1.936904089507023673e+04 1.893177971319732387e+04
1.890799716465504025e+04 1.848226933512671894e+04
1.845388478769262656e+04 1.804039456924199112e+04
1.800914563991979958e+04 1.760859046154628231e+04
1.757627533631456390e+04 1.718935796079887587e+04
1.715833185182006127e+04 1.678579731022527994e+04
1.675820355397061940e+04 1.640084461995891616e+04
1.637824620255558330e+04 1.603691188533719287e+04
1.601893123171458683e+04 1.569457769675418967e+04
1.567997552694791011e+04 1.537368397169613854e+04
1.536095259796528080e+04 1.507392982886594291e+04
1.506039767357780329e+04 1.479399643081477006e+04
1.477648970917848783e+04 1.453221206201899440e+04
1.450722341023037188e+04 1.428671067466603381e+04
1.424962579042542166e+04 1.405463838647596094e+04
1.400065156962321453e+04 1.383304858593385143e+04
1.375673947555344239e+04 1.361841757904125188e+04
1.351380182597617750e+04 1.340662316677750641e+04
1.326763081532940123e+04 1.319334640576350284e+04
1.301320468192285443e+04 1.297328922189395053e+04
1.274561679133541111e+04 1.274117201809978906e+04
1.245987106202664654e+04 1.249143063769554828e+04
1.215144193726555750e+04 1.221886461461302315e+04
1.181723011996208334e+04 1.191962214750193198e+04
1.145544507875279851e+04 1.159114837193884887e+04
1.106687519670743495e+04 1.123361241912099467e+04
1.065411980157364997e+04 1.084915394986070351e+04
1.022242202100667782e+04 1.044288634469584395e+04
9.778322486678684072e+03 1.002146568783114890e+04
9.329785478558807881e+03 9.593285469008507789e+03
8.885387334215045485e+03 9.167580274251384253e+03
8.453866888536860642e+03 8.753933038853938342e+03
8.043647463544419224e+03 8.361715349418167534e+03
7.662794387954485501e+03 8.000055492800453067e+03
7.317786669962218184e+03 7.676460810321193094e+03
7.013442994216336047e+03 7.396746472676955818e+03
6.750965292001279522e+03 7.162846897507805807e+03
6.528647571743634217e+03 6.973545101645570867e+03
6.340362699923386572e+03 6.822659576137663862e+03
6.177256665113459349e+03 6.700738874283427322e+03
6.028114894287366951e+03 6.595275188895607243e+03
5.880757812676359208e+03 6.492063507522027976e+03
5.723542964963005943e+03 6.376888459013743159e+03
5.546617697531519298e+03 6.237053469657271307e+03
5.343751858703718426e+03 6.063848964171040279e+03
5.113579329182706715e+03 5.854473752539423003e+03
4.859961298752386028e+03 5.612842477455989865e+03
4.591514709101093104e+03 5.349230420743621835e+03
4.320344433662304255e+03 5.078686262043448551e+03
4.060387215261770052e+03 4.818787983441943652e+03
3.825064223829072944e+03 4.586552128487788650e+03
3.624094365418558482e+03 4.394432372806262720e+03
3.460574077352378481e+03 4.246748960518430067e+03
3.330163333319143476e+03 4.138662833233353922e+03
3.222945561999803431e+03 4.058267972999757149e+03
3.126093057738260086e+03 3.989556760724364267e+03
3.025806786426992403e+03 3.914570717620848882e+03
2.910031462140621443e+03 3.816932028745447496e+03
2.773059969714142881e+03 3.688384503398516244e+03
2.618518768557250496e+03 3.533400698011319946e+03
2.457213740281859373e+03 3.366495388505469691e+03
2.302339085322694245e+03 3.205502111261055688e+03
2.165599972570931186e+03 3.066086818959281572e+03
2.053537059368673908e+03 2.956918967420785066e+03
1.964617437459189205e+03 2.876072496456139561e+03
1.890078871918471577e+03 2.812143805696792242e+03
1.817815287203269691e+03 2.749117086340529568e+03
1.737293222207855706e+03 2.672801615847322410e+03
1.644998438089374304e+03 2.578451505084598011e+03
1.545907700243963291e+03 2.472985522898413819e+03
1.449532501886829095e+03 2.369398110188647024e+03
1.364649428271133502e+03 2.279368245430152456e+03
1.294807261236141130e+03 2.207395839153214183e+03
1.236032960465899123e+03 2.148156787069203347e+03
1.180222071247166696e+03 2.091088985065678116e+03
1.120725104131319995e+03 2.027671882400151389e+03
1.056430818079234996e+03 1.956739262265626166e+03
9.921904520262554570e+02 1.884797780446015395e+03
9.340059171561307494e+02 1.819498324084373280e+03
8.840741178032883454e+02 1.763412458777782376e+03
8.397383712281085764e+02 1.713117103477239425e+03
7.961787287498257228e+02 1.662780260918968452e+03
7.510727917563569918e+02 1.609819568463324003e+03
7.062918853118770812e+02 1.556664658757488951e+03
6.650823003496387855e+02 1.507113239231890020e+03
6.284400203268802443e+02 1.462172723149263220e+03
5.944073938205910963e+02 1.419595114279562722e+03
5.608164584690132415e+02 1.377102939426407602e+03
5.276973799632064583e+02 1.334863058700636429e+03
4.966669469595397004e+02 1.294578251198548287e+03
4.683190028078788600e+02 1.256775861233226124e+03
4.416760072151466261e+02 1.220470819632358371e+03
4.158236659830010353e+02 1.184849915631744125e+03
3.910943956075977894e+02 1.150256096575847550e+03
3.680823813877480006e+02 1.117183632471617557e+03
3.465589655213101423e+02 1.085404685560510188e+03
3.260111108285845489e+02 1.054509800765546970e+03
3.064736755832471431e+02 1.024530252600223321e+03
2.881667475881698692e+02 9.956032454149715250e+02
2.709145324243035589e+02 9.675916097550268660e+02
2.546189435076087761e+02 9.404057974338007853e+02
2.392357528752177984e+02 9.139939861952872207e+02
2.247220326160259845e+02 8.883082277867895300e+02
2.110360549574900233e+02 8.633041068395398270e+02
1.981373434700715563e+02 8.389405269452745415e+02
1.859866942240532524e+02 8.151794469042894207e+02
1.745451858363706208e+02 7.919819093808483785e+02
1.637739904665417896e+02 7.693063922182741408e+02
1.536361083137944945e+02 7.471146060317637421e+02
1.440964326410501997e+02 7.253718305994500497e+02
1.351216624308029566e+02 7.040467291118270623e+02
1.266802184811161851e+02 6.831111770864105210e+02
1.187421628422748086e+02 6.625401037611352422e+02
1.112791305732129672e+02 6.423115253272043219e+02
1.042643840701007889e+02 6.224090916692507562e+02
9.767267430191544975e+01 6.028209921836041758e+02
9.148004676662367274e+01 5.835373236702265558e+02
8.566378159778278700e+01 5.645499181096963639e+02
8.020233919462569361e+01 5.458522460393139681e+02
7.507530754747217827e+01 5.274393208733602023e+02
7.026335126082673810e+01 5.093076036891109197e+02
6.574815637153122339e+01 4.914560480671663640e+02
6.151235163855167798e+01 4.738923760436794623e+02
5.753949550775202937e+01 4.566273471174233123e+02
5.381404937657513443e+01 4.396711065424267986e+02
5.032133285839232428e+01 4.230331525241315376e+02
4.704748085131958391e+01 4.067223187654485628e+02
4.397940242822568990e+01 3.907467593721333401e+02
4.110474149426833179e+01 3.751139364364031508e+02
3.841183786276917544e+01 3.598320789707203744e+02
3.588968886400625280e+01 3.449131835862015691e+02
3.352791926465444305e+01 3.303684520728908183e+02
3.131674924493417222e+01 3.162072464025604290e+02
2.924696286578562621e+01 3.024371681736772643e+02
2.730987801163530548e+01 2.890641420079072077e+02
2.549731775388829291e+01 2.760925020507467593e+02
2.380158306094711307e+01 2.635250866473613200e+02
2.221542540548231059e+01 2.513637539802249137e+02
2.073202161202120308e+01 2.396096579721086925e+02
1.934495303280447231e+01 2.282625810957784438e+02
1.804818333637112460e+01 2.173209674560395115e+02
1.683603715658954769e+01 2.067820323603366148e+02
1.570317982814874291e+01 1.966418699315314882e+02
1.464459816099003753e+01 1.868955581730158428e+02
1.365558210730288913e+01 1.775372541974467993e+02
1.273170582143680818e+01 1.685601782648175515e+02
1.186881205216855584e+01 1.599567515570834928e+02
1.106299839098898019e+01 1.517188062311022350e+02
1.031060250348765628e+01 1.438376707472727389e+02
9.608188099292288342e+00 1.363042465679672830e+02
8.952531666596550863e+00 1.291090804453692442e+02
