2.125541246836983555e+04 2.115016945030891657e+04
2.145396049855563251e+04 2.134474590471415650e+04
2.164296162384724812e+04 2.152969151106329446e+04
2.182176997574348934e+04 2.170436294957125210e+04
2.198972279417921163e+04 2.186810138575046585e+04
2.214613511619733981e+04 2.202022756162617588e+04
2.229032603944013317e+04 2.216006699213487809e+04
2.242161395282868034e+04 2.228694517055990582e+04
2.253928192783879058e+04 2.240015317972825869e+04
2.264261284952496135e+04 2.249898268766280307e+04
2.273090601510100169e+04 2.258274250313987068e+04
2.280345157697218747e+04 2.265073363656072252e+04
2.285953333232053774e+04 2.270225213265021739e+04
2.289846296240397351e+04 2.273662267678267017e+04
2.291957229436843772e+04 2.275319115882569531e+04
2.292218364143991857e+04 2.275129589635594311e+04
2.290565233445003832e+04 2.273030916050983797e+04
2.286938048277626876e+04 2.268965069820934877e+04
2.281279507996526809e+04 2.262876713488327732e+04
2.273536041742955422e+04 2.254714396293259051e+04
2.263660545826153248e+04 2.244433170600540325e+04
2.251612480267752835e+04 2.231994766241744219e+04
2.237357646148658750e+04 2.217367493337312771e+04
2.220869765038007245e+04 2.200527600667978913e+04
2.202131402973867080e+04 2.181460171560495291e+04
2.181136664667182777e+04 2.160162044750538189e+04
2.157890356994327158e+04 2.136640821633573069e+04
2.132406854407623541e+04 2.110913546836012392e+04
2.104715222227767299e+04 2.083011974423788342e+04
2.074863171374247395e+04 2.052986622158038517e+04
2.042908453319973341e+04 2.020897834841458098e+04
2.008920605529237946e+04 1.986817513487642282e+04
1.972997100939469601e+04 1.950845493557417649e+04
1.935250110488330756e+04 1.913096063258825961e+04
1.895797830574288673e+04 1.873689134737697896e+04
1.854783389963254740e+04 1.832769243897602428e+04
1.812379151404699587e+04 1.790509848560308819e+04
1.768758317594043183e+04 1.747084765237108877e+04
1.724102146946376160e+04 1.702675330875677537e+04
1.678636260776981362e+04 1.657506528090625579e+04
1.632590171562241267e+04 1.611806706753352955e+04
1.586182025809542210e+04 1.565792422251456810e+04
1.539653371260438689e+04 1.519702785243970902e+04
1.493263867097676484e+04 1.473794270646561563e+04
1.447251105035912406e+04 1.428301118266198318e+04
1.401850110410330308e+04 1.383454269008209303e+04
1.357341216262956914e+04 1.339527831124071236e+04
1.313985634932984613e+04 1.296776755468567899e+04
1.272008495992338612e+04 1.255420428689851360e+04
1.231575469262951992e+04 1.215618989686549139e+04
1.192806302655575200e+04 1.177487016245662380e+04
1.155800306501210071e+04 1.141119293376408496e+04
1.120683843551687096e+04 1.106635949470510786e+04
1.087671620670077573e+04 1.074240677981069348e+04
1.056964834718038583e+04 1.044124393783361847e+04
1.028687664904682060e+04 1.016403694344728683e+04
1.002645645325721671e+04 9.908847680541348382e+03
9.785506302586518359e+03 9.672826964242794929e+03
9.561414052406174960e+03 9.453392542446114021e+03
9.351831592013648333e+03 9.248231649312145237e+03
9.154619913482740230e+03 9.055240134649600805e+03
8.967455297103355406e+03 8.872142441281992433e+03
8.787090196318846210e+03 8.695786965151874028e+03
8.610271947091179754e+03 8.523019902216645278e+03
8.433169820262952271e+03 8.350154118898650268e+03
8.251483417898778498e+03 8.173068442258558207e+03
8.060994856519705536e+03 7.987731963526920481e+03
7.857189129004569622e+03 7.789865038329727213e+03
7.636158575849254703e+03 7.575768264137517690e+03
7.395413447060946964e+03 7.343136238043815865e+03
7.133592537494333556e+03 7.090734274452233876e+03
6.851548027913868282e+03 6.819459332346630617e+03
6.551538738959226066e+03 6.531534209449932860e+03
6.237984940254253161e+03 6.231234977294431701e+03
5.916215686197966534e+03 5.923679233723921243e+03
5.592487631832583247e+03 5.614837740106867386e+03
5.273145222477629432e+03 5.310737915867652191e+03
4.964774063419554295e+03 5.017607560785121677e+03
4.673936868758948549e+03 4.741592474302060509e+03
4.406816377001655383e+03 4.488464591103155726e+03
4.168279608150762215e+03 4.262708708113092143e+03
3.961991121141785698e+03 4.067643861876131723e+03
3.788607586561321568e+03 3.903758806033558358e+03
3.646564476635242499e+03 3.769439502456589253e+03
3.531007109538876648e+03 3.660029488579465578e+03
3.435430438294020405e+03 3.569342708710665647e+03
3.351503842080320737e+03 3.489548118114967110e+03
3.270470297684649267e+03 3.412456665154197708e+03
3.183655932278262298e+03 3.329997869647078460e+03
3.083685384939531559e+03 3.235355185729295954e+03
2.965702676762705323e+03 3.124081472750806370e+03
2.828165457441433318e+03 2.994824776942182325e+03
2.673325761634940591e+03 2.849770747390703946e+03
2.506674810672309832e+03 2.694090140457944017e+03
2.336355534442672251e+03 2.535361840992957696e+03
2.172246819728207811e+03 2.382702169620994027e+03
2.024305894477902257e+03 2.245202983165833757e+03
1.899653612824175752e+03 2.129260504511455565e+03
1.800448099717047626e+03 2.036697145300801367e+03
1.724060767848355454e+03 1.964977134180779558e+03
1.664683202767308558e+03 1.908714883182135054e+03
1.614495738193592388e+03 1.860758947962069669e+03
1.564146466212334417e+03 1.812628497334955910e+03
1.504769139387155064e+03 1.756338449667631494e+03
1.431804455864120655e+03 1.687844051048244864e+03
1.346836036164891084e+03 1.608668884197822081e+03
1.255882904923599881e+03 1.524310208187254375e+03
1.166782430085691431e+03 1.441826778575194567e+03
1.087407394429229953e+03 1.368200830014158555e+03
1.022727267512034246e+03 1.307737554772729709e+03
9.727210258262783782e+02 1.260290281766001726e+03
9.330371157623322915e+02 1.221928694170274184e+03
8.966483141136528729e+02 1.186438912263741258e+03
8.565985349420855073e+02 1.147744312666452515e+03
8.099014357209994159e+02 1.103298108884719795e+03
7.584163428120677963e+02 1.054794373346015163e+03
7.068657340133736398e+02 1.006370173780699929e+03
6.606633681465284553e+02 9.626706641319843811e+02
6.227098128324581694e+02 9.261012852203178909e+02
5.916579772252216571e+02 8.954300636618067983e+02
5.635788607679443203e+02 8.672824481718795369e+02
5.344452047781375086e+02 8.382688851737043478e+02
5.027363241594894703e+02 8.071568003383291625e+02
4.703613989111217393e+02 7.755794540448488306e+02
4.403588769834991012e+02 7.460529588870801945e+02
4.144583726669073940e+02 7.199561597509446074e+02
3.919888983872569952e+02 6.966912854709174781e+02
3.706731893159346214e+02 6.743925106839234331e+02
3.489222421462619081e+02 6.517952061650249789e+02
3.271096810585837602e+02 6.292186275677121330e+02
3.066543452756465058e+02 6.077843329842419280e+02
2.883920235608696885e+02 5.881213657479852372e+02
2.717523239854940016e+02 5.697614605183060803e+02
2.557026799289989185e+02 5.519052498186360936e+02
2.399286567194143061e+02 5.343206685737342241e+02
2.249824821000952682e+02 5.174224824527199189e+02
2.112734328578112297e+02 5.015007565895035668e+02
1.985603467478949824e+02 4.863641174175439232e+02
1.864000627146714066e+02 4.716871281984190887e+02
1.747693725853789033e+02 4.574525151405825341e+02
1.638942693173571570e+02 4.438130711729049835e+02
1.537749319893551387e+02 4.307592517823323419e+02
1.442173645900459746e+02 4.181525511673702908e+02
1.351569948612616088e+02 4.059464964065881531e+02
1.266571043061354800e+02 3.941763839285096651e+02
1.187038316241731053e+02 3.828285984982629202e+02
1.112197193098923407e+02 3.718486482593059463e+02
1.041779817781000332e+02 3.612143331135514472e+02
9.755630957184848739e+01 3.509071702399822357e+02
9.133311200990743828e+01 3.409098698909032237e+02
8.548753761035042942e+01 3.312062609184852704e+02
7.999948846597879992e+01 3.217812218851302077e+02
7.484962914158657554e+01 3.126206172720436598e+02
7.001920446309478052e+01 3.037111378170712328e+02
6.548938830304322778e+01 2.950398612532870857e+02
6.124212395909178497e+01 2.865946009257456808e+02
5.726040401132388524e+01 2.783640243176023432e+02
5.352821118124286670e+01 2.703376038662227643e+02
5.003046233779922858e+01 2.625055711073372890e+02
4.675295560023556618e+01 2.548588738917779892e+02
4.368232339482794657e+01 2.473891527485970698e+02
4.080607007142448595e+01 2.400891832180291203e+02
3.811251269176398893e+01 2.329528513497525068e+02
3.559062490188019012e+01 2.259745192764566752e+02
3.322999806325552896e+01 2.191489653011194605e+02
3.102081046789348662e+01 2.124713606862836173e+02
2.895379778727830100e+01 2.059372474990730382e+02
2.702022472973644440e+01 1.995425174174732206e+02
2.521185139260223806e+01 1.932834886719603560e+02
2.352088785058683484e+01 1.871572069281646691e+02
2.193999669337542713e+01 1.811610607617590745e+02
2.046227710398048671e+01 1.752926329719402361e+02
1.908124052766867607e+01 1.695496872779569912e+02
1.779078757544381162e+01 1.639301554429413272e+02
1.658518610877561628e+01 1.584321247946034816e+02
1.545905054334033935e+01 1.530538367714907508e+02
1.440732421731940072e+01 1.477939314827406463e+02
1.342526011552680387e+01 1.426514081006949652e+02
1.250840059270771754e+01 1.376253125652891356e+02
1.165256067642706839e+01 1.327147162563222480e+02
1.085381237039900704e+01 1.279187100297339725e+02
1.010846978636551263e+01 1.232363985100900834e+02
9.413075066424118731e+00 1.186668946434869980e+02
8.764384428153199735e+00 1.142094111878666354e+02
8.159353953752074062e+00 1.098635260231085482e+02
7.595130140375486505e+00 1.056288320883357699e+02
7.069039226268198028e+00 1.015048289623742619e+02
6.578576392873964451e+00 9.749092443483175430e+01
6.121395575894515773e+00 9.358643627396887155e+01
5.695299853910459120e+00 8.979059418442703588e+01
5.298232376479074190e+00 8.610255477595443097e+01
4.928267663686395572e+00 8.252165980241343846e+01
4.583603614217063971e+00 7.904737558925661745e+01
4.262554096422128680e+00 7.567901288373273871e+01
3.963541794385568195e+00 7.241572469177435778e+01
3.685091465234334951e+00 6.925651606901018909e+01
3.425823592711642718e+00 6.620025385726903266e+01
3.184448415348963390e+00 6.324567633529151323e+01
2.959760225867660299e+00 6.039145892749191091e+01
2.750631910164135441e+00 5.763635494525927072e+01
