3.213808526555174831e+04 3.192834694243870035e+04
3.242617404137803896e+04 3.220838439018056306e+04
3.269806303969170040e+04 3.247204204736306929e+04
3.295268917183226586e+04 3.271826325986675511e+04
3.318895000642864034e+04 3.294595527482610487e+04
3.340575097852553154e+04 3.315403468295081984e+04
3.360199683240096783e+04 3.334141881267600547e+04
3.377653838925757736e+04 3.350697269267543743e+04
3.392823049184396223e+04 3.364956697005217575e+04
3.405595643699970242e+04 3.376810237921296357e+04
3.415857988866610685e+04 3.386146270997010288e+04
3.423495250941542326e+04 3.392852249701406981e+04
3.428397456695168512e+04 3.396820664682508504e+04
3.430458056698312430e+04 3.397947663351018855e+04
3.429568935315881390e+04 3.396128210168888472e+04
3.425627789901987853e+04 3.391263296025514865e+04
3.418540392094120762e+04 3.383262163055132987e+04
3.408216505573909672e+04 3.372038458124922181e+04
3.394572180651225062e+04 3.357512448892886459e+04
3.377534668986241741e+04 3.339615722497355455e+04
3.357042271813580010e+04 3.318291177889006940e+04
3.333043476754150470e+04 3.293492395562504680e+04
3.305500371065549552e+04 3.265186637985028574e+04
3.274390244181481467e+04 3.233356394909966548e+04
3.239709355656194748e+04 3.198003567164814740e+04
3.201471957948252748e+04 3.159148199099688645e+04
3.159708809054856101e+04 3.116826635368058851e+04
3.114474917650976204e+04 3.071099509091617438e+04
3.065856014311021136e+04 3.022058396070646995e+04
3.013954996820951419e+04 2.969811638021041290e+04
2.958894322501592978e+04 2.914486678453283093e+04
2.900842324245342752e+04 2.856256740967338192e+04
2.839992307834595340e+04 2.795319504965517626e+04
2.776547297300612627e+04 2.731881561920852619e+04
2.710750138366433748e+04 2.666188591323091168e+04
2.642893314122090669e+04 2.598535132092264394e+04
2.573269971562638602e+04 2.529215398510642990e+04
2.502183611523830041e+04 2.458532843365431836e+04
2.430010736226522567e+04 2.386862248673283102e+04
2.357134766265286453e+04 2.314584159537047890e+04
2.283916709317900677e+04 2.242055848496929684e+04
2.210753859973659564e+04 2.169669024902551610e+04
2.138077746831393233e+04 2.097847847690800336e+04
2.066279314889580928e+04 2.026975572351833762e+04
1.995736182936812475e+04 1.957420865987882280e+04
1.926899048501389552e+04 1.889621077012417663e+04
1.860186639475437187e+04 1.823981366888631237e+04
1.795955033813729096e+04 1.760845344380510505e+04
1.734478370384889786e+04 1.700474835589461509e+04
1.675961732400125038e+04 1.643063088876505572e+04
1.620571443534825266e+04 1.588766045543109067e+04
1.568492922270710005e+04 1.537756477352998627e+04
1.520029867176632797e+04 1.490316424172452571e+04
1.475468499136845458e+04 1.446711374270957094e+04
1.434993269329115356e+04 1.407109796255133733e+04
1.398301799260758162e+04 1.371210502076472403e+04
1.364916870492742964e+04 1.338544082404725850e+04
1.334408496737901805e+04 1.308687743743374995e+04
1.306394081556809215e+04 1.281266917430794456e+04
1.280527919392858166e+04 1.255943884501029243e+04
1.256438977950158733e+04 1.232358148265159798e+04
1.233581330429456830e+04 1.209985779188403467e+04
1.211395170579188380e+04 1.188290618510526474e+04
1.189220591354986391e+04 1.166645644325384092e+04
1.166289224833023400e+04 1.144325023086204237e+04
1.141849888195751919e+04 1.120621155091563560e+04
1.115105360772525637e+04 1.094789638967273095e+04
1.085353412948867481e+04 1.066175768214851269e+04
1.052151129388585287e+04 1.034375620203606741e+04
1.015256518908842190e+04 9.991733945203495750e+03
9.747830244793942256e+03 9.606907675520797056e+03
9.310898511036593845e+03 9.192778321259314907e+03
8.848775261372433306e+03 8.756045816050935173e+03
8.370125520340148796e+03 8.304926802137513732e+03
7.885167656408909352e+03 7.849047727794374623e+03
7.404428167136411503e+03 7.398273212580513245e+03
6.939202219442847309e+03 6.963136079144340329e+03
6.500858921209465734e+03 6.554119471485935719e+03
6.100383293439426780e+03 6.181303397969171783e+03
5.746250122237981486e+03 5.852363799552799719e+03
5.444797603745548258e+03 5.572902922248137656e+03
5.197387314498217165e+03 5.343944484451772951e+03
5.001544017793569765e+03 5.162922493874208158e+03
4.849791111110015663e+03 5.022760911720513832e+03
4.731924925074454222e+03 4.913897290367167443e+03
4.634656116454671064e+03 4.824050352896281765e+03
4.543633669131977513e+03 4.740010122229793524e+03
4.444061952450388162e+03 4.648210313256312475e+03
4.322934223165080766e+03 4.536761401218631363e+03
4.171040049076683317e+03 4.397274823512986586e+03
3.984561035102125970e+03 4.226328449569813529e+03
3.765909967522017723e+03 4.026267129338849372e+03
3.523332656511541700e+03 3.804786399031435394e+03
3.270362576862466085e+03 3.574362153724529435e+03
3.024309992899642111e+03 3.350802049771087241e+03
2.802723755552666262e+03 3.149907546853829444e+03
2.617900960014322209e+03 2.982531092686112970e+03
2.474011255285231073e+03 2.852133952762676927e+03
2.367993497415602178e+03 2.755708195499094018e+03
2.291772991484608156e+03 2.685857153038489287e+03
2.232957701553446896e+03 2.631440013150243885e+03
2.175247414689677498e+03 2.577908541127419085e+03
2.102875832569063277e+03 2.511235445958439868e+03
2.007289222904433700e+03 2.423873280868252095e+03
1.889562591738082574e+03 2.316921262248076346e+03
1.758269602161377406e+03 2.198172060783647794e+03
1.626573499386617186e+03 2.079378562987570604e+03
1.508654244659679989e+03 1.972960479204794638e+03
1.413876554196715688e+03 1.886893342745971495e+03
1.343585892764875098e+03 1.822087703769302379e+03
1.291725500975770274e+03 1.773117106726973816e+03
1.246614674775168396e+03 1.729832693595159299e+03
1.196030681508631005e+03 1.681736449275356790e+03
1.133933013181061824e+03 1.623740016813608918e+03
1.061846082057453714e+03 1.557297447940119355e+03
9.871523961881059677e+02 1.488813577655478639e+03
9.196695612881989064e+02 1.426573093062677344e+03
8.651742937642287643e+02 1.375268180326104812e+03
8.225456327308171467e+02 1.333790263023917760e+03
7.857433284008329792e+02 1.297047197125139064e+03
7.474300393536599358e+02 1.259011380311585526e+03
7.041741431482656708e+02 1.216963889935719862e+03
6.584486440312987270e+02 1.173011002912114691e+03
6.153399083697973992e+02 1.131269139770401125e+03
5.785600114712618733e+02 1.094619451629769173e+03
5.476664429918580481e+02 1.062606581523570867e+03
5.189638225425537712e+02 1.032292905946649853e+03
4.893307693300304777e+02 1.001287554649834988e+03
4.588455481068469908e+02 9.697046889808646029e+02
4.298592003192997595e+02 9.393412876680395129e+02
4.041826340178434407e+02 9.115080788702560994e+02
3.812540995085342388e+02 8.857350894002884161e+02
3.592334467451608475e+02 8.606664338678658623e+02
3.373243258218390679e+02 8.357489347938821993e+02
3.163153277773615741e+02 8.115508461032163723e+02
2.971046236500205850e+02 7.886762352427679161e+02
2.794692610688136369e+02 7.669431843653599117e+02
2.626135838926161341e+02 7.458076088169646027e+02
2.463639269586446972e+02 7.251585231814534609e+02
2.311199038471460483e+02 7.052480462066422433e+02
2.169980091462907978e+02 6.861330768141575618e+02
2.036827069703631992e+02 6.676070200222069388e+02
1.910143750435326240e+02 6.495690374954913295e+02
1.791118144452428567e+02 6.320821955385735009e+02
1.679789639458871306e+02 6.151399494706505493e+02
1.575010118179075675e+02 5.986697722699224187e+02
1.476368505502072139e+02 5.826412493313978302e+02
1.383555763777413290e+02 5.670309530942855645e+02
1.296273173885297467e+02 5.518170149981264103e+02
1.214232537911184266e+02 5.369790370329802727e+02
1.137156308075940103e+02 5.224980096294818850e+02
1.064777649052832516e+02 5.083562353110934282e+02
9.968394029674622914e+01 4.945372374901433545e+02
9.330851277490715745e+01 4.810255108907345516e+02
8.732660696682810908e+01 4.678065678336735687e+02
8.171476981399459305e+01 4.548670099813865590e+02
7.645090002532474216e+01 4.421944735040195837e+02
7.151417248257638448e+01 4.297775757979570130e+02
6.688496676957936415e+01 4.176058651641202459e+02
6.254479983146047317e+01 4.056697744677277910e+02
5.847633047396306694e+01 3.939609943219915067e+02
5.466336837133854232e+01 3.824729515886669446e+02
5.109064480830500088e+01 3.711998059181162830e+02
4.774374025611551531e+01 3.601362571961578851e+02
4.460904212555213633e+01 3.492775151189770781e+02
4.167370423656004164e+01 3.386192696643711884e+02
3.892560796487537544e+01 3.281576623685528489e+02
3.635332236890675262e+01 3.178893108940195020e+02
3.394604069134663149e+01 3.078118635732864163e+02
3.169356575387012853e+01 2.979236737522662679e+02
2.958630082989664345e+01 2.882233061921107833e+02
2.761521687541773318e+01 2.787095091198626164e+02
2.577182096728880722e+01 2.693811957255688299e+02
2.404812634995236209e+01 2.602374260442041418e+02
2.243662402119089450e+01 2.512773896762243453e+02
2.093025740750717745e+01 2.425007375841128408e+02
1.952239900637981762e+01 2.339081115241318685e+02
1.820682153657706337e+01 2.255002072486389295e+02
1.697767437678149705e+01 2.172775868486983200e+02
1.582946209439278995e+01 2.092406745457364821e+02
1.475702409950838501e+01 2.013897529648207012e+02
1.375551537242720279e+01 1.937249598986722958e+02
1.282038802166162839e+01 1.862463390846590130e+02
1.194737150862464858e+01 1.789545609183967088e+02
1.113245779574303995e+01 1.718505996398846776e+02
1.037188824891674521e+01 1.649350732506487418e+02
9.662138877237824275e+00 1.582082405181609204e+02
8.999906335979241945e+00 1.516700159556267806e+02
8.382094715752446135e+00 1.453199851500630757e+02
7.805803077227597697e+00 1.391574204181866889e+02
7.268313590352339482e+00 1.331814653194004450e+02
6.767080267070197053e+00 1.273914763120648246e+02
6.299718839261111647e+00 1.217865265229472271e+02
5.863996961712288680e+00 1.163653121680685842e+02
5.457824909326562057e+00 1.111261796917817009e+02
5.079246815346587063e+00 1.060671525243813846e+02
4.726432421258567551e+00 1.011859573555531568e+02
4.397669295756307939e+00 9.648005561874612113e+01
4.091355287481542646e+00 9.194676518553134770e+01
3.805991763508303816e+00 8.758324924470076667e+01
