2.417016571662294882e+04 2.401894138281007690e+04
2.441528129912800068e+04 2.425823912765711793e+04
2.464986030517086692e+04 2.448687177102993519e+04
2.487311373042470586e+04 2.470405680044054316e+04
2.508425043530690527e+04 2.490901048908540542e+04
2.528246697140937249e+04 2.510093773290432364e+04
2.546691379089522161e+04 2.527899845092307078e+04
2.563673693435824316e+04 2.544234916794257151e+04
2.579109025416318400e+04 2.559015526599347868e+04
2.592910510921350215e+04 2.572156142869866744e+04
2.604990347318127897e+04 2.583570459738469799e+04
2.615262882300656929e+04 2.593174430436519833e+04
2.623643080351895696e+04 2.600884780427060105e+04
2.630044259702602722e+04 2.606616810684549637e+04
2.634382768509958623e+04 2.610288974529722691e+04
2.636578779780541663e+04 2.611823669138792320e+04
2.636553442932600956e+04 2.611144517410037952e+04
2.634231454176047191e+04 2.608178855360863599e+04
2.629543616191024921e+04 2.602860206448027748e+04
2.622426585937364871e+04 2.595128129108403664e+04
2.612823016905686745e+04 2.584928406205392093e+04
2.600683499740751358e+04 2.572214803407309228e+04
2.585967692718132093e+04 2.556950211159969331e+04
2.568646595208235522e+04 2.539109095298492321e+04
2.548701592061689371e+04 2.518676340505426560e+04
2.526124468519187940e+04 2.495647161197133028e+04
2.500924224382030297e+04 2.470034064588578985e+04
2.473127397181107517e+04 2.441867134532418640e+04
2.442771280379113159e+04 2.411187019341113046e+04
2.409909570484464712e+04 2.378050604922272396e+04
2.374626044924961752e+04 2.342544804546962769e+04
2.337017374556538562e+04 2.304769130193879755e+04
2.297190317636367763e+04 2.264832815031237988e+04
2.255286657302499225e+04 2.222879812031128313e+04
2.211472340860399345e+04 2.179077842856980715e+04
2.165916038265105817e+04 2.133596858685688494e+04
2.118809703248672304e+04 2.086629497676581013e+04
2.070391919553395201e+04 2.038414289659323549e+04
2.020900240779818341e+04 1.989188183217095502e+04
1.970569366902046750e+04 1.939184730977358413e+04
1.919673760985881017e+04 1.888676372826183069e+04
1.868494663916015270e+04 1.837941717556948788e+04
1.817293887250536500e+04 1.787239585534782600e+04
1.766362145173909448e+04 1.736856321058141839e+04
1.716036443103949568e+04 1.687122822864868067e+04
1.666624894987380685e+04 1.638341100942517733e+04
1.618392240663047232e+04 1.590770159975810930e+04
1.571526067340946975e+04 1.544592828615828330e+04
1.526175686833192231e+04 1.499954154185079278e+04
1.482475111655349792e+04 1.456983987977638571e+04
1.440662487176356262e+04 1.415912059737511845e+04
1.401068295650326945e+04 1.377056748392115333e+04
1.363987528807820308e+04 1.340702174678405026e+04
1.329538334933278747e+04 1.306960290867876029e+04
1.297506837570638709e+04 1.275619263512408361e+04
1.267654486831044778e+04 1.246443515985795420e+04
1.239752169686351408e+04 1.219207328032801161e+04
1.213564324550448509e+04 1.193679689940189019e+04
1.188868429755439684e+04 1.169642558738269508e+04
1.165382620675169164e+04 1.146821346806332440e+04
1.142751103405386857e+04 1.124870767913374766e+04
1.120620875890885145e+04 1.103448436701832725e+04
1.098555866128632078e+04 1.082133587303338209e+04
1.076108911769197766e+04 1.060494865007649059e+04
1.052793744686880746e+04 1.038064493015100379e+04
1.028087378995717700e+04 1.014340150637635816e+04
1.001531114223013356e+04 9.888815229756666668e+03
9.727502913787831858e+03 9.613309875214650674e+03
9.415029889370482124e+03 9.314576445261820481e+03
9.077707658917855952e+03 8.992476534206583892e+03
8.717122130819274389e+03 8.648557796070585027e+03
8.337574937196266546e+03 8.286991886261374020e+03
7.944716551046979475e+03 7.913225746281769716e+03
7.545644064801378590e+03 7.534090286753206783e+03
7.147966031407851915e+03 7.156882972537523528e+03
6.759487867106387966e+03 6.789074962681723264e+03
6.388373884729660858e+03 6.438417156637955486e+03
6.041945569093129052e+03 6.111868432943049811e+03
5.726963606381806130e+03 5.815760025697501078e+03
5.448676146283598428e+03 5.555008248314346929e+03
5.209470174915970347e+03 5.331744689049615772e+03
5.009128981012140684e+03 5.145661873619772450e+03
4.843439529878386566e+03 4.992658160937995490e+03
4.705516600581134298e+03 4.866137316625902713e+03
4.586050352580578874e+03 4.757221322801406131e+03
4.474391979627510409e+03 4.655788897715229723e+03
4.359810748017494916e+03 4.551632322330631723e+03
4.232422870220451841e+03 4.435338294840585149e+03
4.084884531440742194e+03 4.299906109560768527e+03
3.913579716723485490e+03 4.141883364819062990e+03
3.719393034025510588e+03 3.962124100403812008e+03
3.507718783071178223e+03 3.765809626300820582e+03
3.287514510036044157e+03 3.561507410692127451e+03
3.070240982795651234e+03 3.360112915968039488e+03
2.868230140850540465e+03 3.173260249156670397e+03
2.692113362773514382e+03 3.010871285287404135e+03
2.547626549597330268e+03 2.878182687809085564e+03
2.433974564115054363e+03 2.774307977996650607e+03
2.345017376759036324e+03 2.693411275104902415e+03
2.271465434738704516e+03 2.626766260854569282e+03
2.202151196924836768e+03 2.563916887519944339e+03
2.125431181441585977e+03 2.493961282396513525e+03
2.032861608524099211e+03 2.409002637324038005e+03
1.923226030379343683e+03 2.307956495047987119e+03
1.802536772040309643e+03 2.196542675525482082e+03
1.680584143546863061e+03 2.083974770511537372e+03
1.567825853576124928e+03 1.979964196136173996e+03
1.472453524547316874e+03 1.891980080274327292e+03
1.397156681832049117e+03 1.822346579930624557e+03
1.337924783749823746e+03 1.767266238203140119e+03
1.286535378944255626e+03 1.719162094642139891e+03
1.233349200833160921e+03 1.669226021006803876e+03
1.171887080953815484e+03 1.611593256653404069e+03
1.102410613485056729e+03 1.546596219868332582e+03
1.030418753951033750e+03 1.479317023298111508e+03
9.632103754278568886e+02 1.416358144161924201e+03
9.063818927730580981e+02 1.362655617745583413e+03
8.602378537603199220e+02 1.318359273471790630e+03
8.201860823446830864e+02 1.279320912990517172e+03
7.803314391279242273e+02 1.240330068411244156e+03
7.370273674494183069e+02 1.198237616042002173e+03
6.913477547135825034e+02 1.154060590845352863e+03
6.475451345180141516e+02 1.111523276840114477e+03
6.090158027778776386e+02 1.073505383401799463e+03
5.760070679422442481e+02 1.040139048335836151e+03
5.457604372115899878e+02 1.009042077102937128e+03
5.152848608262306698e+02 9.777143839314267098e+02
4.841152140331930696e+02 9.458133984210381868e+02
4.541233690042896569e+02 9.149062161644684466e+02
4.270795663263609754e+02 8.864105583274889568e+02
4.028345040168248374e+02 8.601602507095144574e+02
3.798364101339475951e+02 8.348988960526851315e+02
3.570972461237669222e+02 8.098622473073576202e+02
3.351602678099500849e+02 7.854865163270347921e+02
3.149055639742745143e+02 7.624336348777823105e+02
2.963027939426992248e+02 7.406549464876578668e+02
2.786273344423286176e+02 7.196003752605806767e+02
2.615841141398603327e+02 6.990574751506668463e+02
2.455082712421784663e+02 6.792644744259894196e+02
2.305834308718201839e+02 6.603366535545010265e+02
2.165472645243150680e+02 6.420805944992717968e+02
2.031850367361674046e+02 6.243468858112660200e+02
1.905964750511345471e+02 6.071958800176500972e+02
1.788051639767017491e+02 5.906349035987226443e+02
1.677057390987904739e+02 5.745889254136615136e+02
1.572547531513991430e+02 5.590229656474812145e+02
1.474186448766358239e+02 5.439096197721870567e+02
1.381651821944415701e+02 5.292233011988162161e+02
1.294634475626141921e+02 5.149401301150888912e+02
1.212838193833428448e+02 5.010378309974981335e+02
1.135979438792146681e+02 4.874956343434508312e+02
1.063783425159301999e+02 4.742939575237190297e+02
9.959829092182974364e+01 4.614142169256749639e+02
9.323243453609082110e+01 4.488391274832695217e+02
8.725678139515420639e+01 4.365526651388759660e+02
8.164863582480887771e+01 4.245399984573133452e+02
7.638653488993075769e+01 4.127874249417632200e+02
7.145018751876820318e+01 4.012823115719500606e+02
6.682042719109813333e+01 3.900131933411263958e+02
6.247920006498616630e+01 3.789703924175815359e+02
5.840945816903857235e+01 3.681453164333706809e+02
5.459508738664467842e+01 3.575300982992146146e+02
5.102086189636635538e+01 3.471175581763757236e+02
4.767240043444219566e+01 3.369011674006231374e+02
4.453612431640562619e+01 3.268750138479088037e+02
4.159921672765637624e+01 3.170337871944339554e+02
3.884957259976692967e+01 3.073732465144857429e+02
3.627576420933630885e+01 2.978901731563182125e+02
3.386702078054567266e+01 2.885817327348569279e+02
3.161319445964543817e+01 2.794454185081169157e+02
2.950472707880316747e+01 2.704790286271709761e+02
2.753261848646928200e+01 2.616806438411327349e+02
2.568839638560199035e+01 2.530486056315741621e+02
2.396408732644209394e+01 2.445817434861395441e+02
2.235218872795879008e+01 2.362799739642378256e+02
2.084564397424690796e+01 2.281434592782783568e+02
1.943781795086079356e+01 2.201723616837608688e+02
1.812247352203405271e+01 2.123668329180384831e+02
1.689374919614482096e+01 2.047270040163863882e+02
1.574613792863591932e+01 1.972529755261285516e+02
1.467446685897235881e+01 1.899448620025967216e+02
1.367387618293808949e+01 1.828035352416123658e+02
1.273980227267427878e+01 1.758303002188155517e+02
1.186796252652906780e+01 1.690261928607797302e+02
1.105433903324866662e+01 1.623919673418791945e+02
1.029516306594200081e+01 1.559281031709155911e+02
9.586900419942278262e+00 1.496348127626669964e+02
8.926237552649064710e+00 1.435120501691980053e+02
8.310068194694485655e+00 1.375597988414215536e+02
7.735480660892790183e+00 1.317784336876783868e+02
7.199746939249867417e+00 1.261680389664030173e+02
6.700311747756521719e+00 1.207283106490525171e+02
6.234782084683832437e+00 1.154585795210523997e+02
5.800917373913351938e+00 1.103578342737445013e+02
5.396620174194999286e+00 1.054247444811073962e+02
5.019927361391664178e+00 1.006577071512446793e+02
4.669001410742028568e+00 9.605505841489656405e+01
4.342123038425128811e+00 9.161495373109923435e+01
4.037684212906257564e+00 8.733525780844816211e+01
3.754181230365560840e+00 8.321357013147317616e+01
