2.424474273101234576e+04 2.408955190296737419e+04
2.451387904683805391e+04 2.435235963085055846e+04
2.477236866024900519e+04 2.460435252469124680e+04
2.501934248286131333e+04 2.484466578722715349e+04
2.525392732620133029e+04 2.507243149264613021e+04
2.547521949631816824e+04 2.528675214688029155e+04
2.568226866774573500e+04 2.548668459365176750e+04
2.587412492639448101e+04 2.567128724655104452e+04
2.604983800732027521e+04 2.583961949079615442e+04
2.620841839425558283e+04 2.599070332958378276e+04
2.634887568831445606e+04 2.612356146267718941e+04
2.647024039803760024e+04 2.623723893660891918e+04
2.657152827434952269e+04 2.633076808963264193e+04
2.665174153432006278e+04 2.640316990990656996e+04
2.670991974300854417e+04 2.645350432303429625e+04
2.674513400732847731e+04 2.648086472899157889e+04
2.675645492699820170e+04 2.648434696875301233e+04
2.674300211359870445e+04 2.646309774868865861e+04
2.670396221031005916e+04 2.641633238607040403e+04
2.663857100920813537e+04 2.634331835383165526e+04
2.654612850535053803e+04 2.624338981620025879e+04
2.642602722510085732e+04 2.611597460282369138e+04
2.627776266698731342e+04 2.596060549628352965e+04
2.610094355101662586e+04 2.577693165971762937e+04
2.589529402611672413e+04 2.556471835998754614e+04
2.566066790345077970e+04 2.532386085014141645e+04
2.539711976287104335e+04 2.505445747255023161e+04
2.510486905244670197e+04 2.475677184559192756e+04
2.478426555606667171e+04 2.443119653423894488e+04
2.443589738101917465e+04 2.407836192380235298e+04
2.406064518046079684e+04 2.369919045944049140e+04
2.365951524954503839e+04 2.329472712798678913e+04
2.323368386622325124e+04 2.286618335283225679e+04
2.278476540064105575e+04 2.241520508724076717e+04
2.231454822411837449e+04 2.194360738370733816e+04
2.182487647440971341e+04 2.145325549569533541e+04
2.131801898033132966e+04 2.094643066101524892e+04
2.079664016137686849e+04 2.042580028764300005e+04
2.026334577734250342e+04 1.989396679815247626e+04
1.972083151564763102e+04 1.935361435329934102e+04
1.917229851644007431e+04 1.880791883547659381e+04
1.862087106699346623e+04 1.825997249996256869e+04
1.806950119790529061e+04 1.771268942643182891e+04
1.752177421942090587e+04 1.716958982131383527e+04
1.698154908757710655e+04 1.663444954511020114e+04
1.645226772593058195e+04 1.611062872446909387e+04
1.593681093496001631e+04 1.560093096680641429e+04
1.543735939878250065e+04 1.510746755356802896e+04
1.495574354805386247e+04 1.463200385031768201e+04
1.449375533601039569e+04 1.417626035953865357e+04
1.405483843763798541e+04 1.374352892488186626e+04
1.364290253643337564e+04 1.333753928480130890e+04
1.326126697316641184e+04 1.296144952226811620e+04
1.291047709064002629e+04 1.261572439127798134e+04
1.258844620864567514e+04 1.229827572047469403e+04
1.229314771542007657e+04 1.200707978264165286e+04
1.202243289255922355e+04 1.174000374375155843e+04
1.177400034783308729e+04 1.149477568476160559e+04
1.154561792440855061e+04 1.126919723120495473e+04
1.133397000228626166e+04 1.106004734637242109e+04
1.113521319800849778e+04 1.086361086514447743e+04
1.094526560954610068e+04 1.067596060837696859e+04
1.075892593378699894e+04 1.049213317868103877e+04
1.057094653996595480e+04 1.030713335769469268e+04
1.037507009242340791e+04 1.011504467636787922e+04
1.016478826891339486e+04 9.909730874931627113e+03
9.934051388115112786e+03 9.685523704998493486e+03
9.677422244708377548e+03 9.437358948723987851e+03
9.391158894078673256e+03 9.161793560326084844e+03
9.073537409828501040e+03 8.857309122125467184e+03
8.725408601987679504e+03 8.524816320167692538e+03
8.350323758847687714e+03 8.167773413936780344e+03
7.954040132440910384e+03 7.791695876094146115e+03
7.543912071943905175e+03 7.403579680708024171e+03
7.128591162699904089e+03 7.011608045273468633e+03
6.717282742386416430e+03 6.624438732586785591e+03
6.320119865689952348e+03 6.251536601054633138e+03
5.946365046417027770e+03 5.901519721521903193e+03
5.605376794673630684e+03 5.582987944166929992e+03
5.304316076083766347e+03 5.302488651621891222e+03
5.047961101375967701e+03 5.064253561421909581e+03
4.837328429013309687e+03 4.869046554611709325e+03
4.669841302756825826e+03 4.714272785800944803e+03
4.538871233996809679e+03 4.593650350550234180e+03
4.435255161111939742e+03 4.498583107645081327e+03
4.347247173819815544e+03 4.418158427922790906e+03
4.262072703183933299e+03 4.340546706573771189e+03
4.166894464841889203e+03 4.253879081236533239e+03
4.050525862229516406e+03 4.147818814609181572e+03
3.905524826660034705e+03 4.015502047943074103e+03
3.729417600349909662e+03 3.854675641023411117e+03
3.525345923508971737e+03 3.668313468834238847e+03
3.301835067903229174e+03 3.464392699477798033e+03
3.071983437323812268e+03 3.255069978415430796e+03
2.851527331660899108e+03 3.054811914592702124e+03
2.655368948314264799e+03 2.877166489852982977e+03
2.493565333931833266e+03 2.731115561646040987e+03
2.368966436598174823e+03 2.619020167493708868e+03
2.277854629431707508e+03 2.537324215229294623e+03
2.211736573947521265e+03 2.478236587311976109e+03
2.158082347891939662e+03 2.430386531740498867e+03
2.101548827746116331e+03 2.379878926163796223e+03
2.028475313439238789e+03 2.314334220027456922e+03
1.932567717774812536e+03 2.228075615050749548e+03
1.816612787758863760e+03 2.123725688819607512e+03
1.690187604986816950e+03 2.010077682902371407e+03
1.566665624073543086e+03 1.899246777150651951e+03
1.459201373093301072e+03 1.802942741724900998e+03
1.375156338552090347e+03 1.727528881385801697e+03
1.314071253544074580e+03 1.672398929329519888e+03
1.268320347281963222e+03 1.630695668602895466e+03
1.225685300539476657e+03 1.591602553150006315e+03
1.174903414468012215e+03 1.545207268082158180e+03
1.111598424666418850e+03 1.487730291779502522e+03
1.039218516310885661e+03 1.422329884855324281e+03
9.666096899318756641e+02 1.356834668611059669e+03
9.034765205604592211e+02 1.299629106056187538e+03
8.541704579783804547e+02 1.254313753042084045e+03
8.158520100233409948e+02 1.218310976379179920e+03
7.811663427596664633e+02 1.185286429759921930e+03
7.428122866184837676e+02 1.149060124609653940e+03
6.987596390721232638e+02 1.108003615943885961e+03
6.530222309990607528e+02 1.065582695084537363e+03
6.114360431933006339e+02 1.026668040154260325e+03
5.771365621243137412e+02 9.937598676006147116e+02
5.482922723813712764e+02 9.652600322339842478e+02
5.203128518905695046e+02 9.374072133950151056e+02
4.903883991226555850e+02 9.079762311043410818e+02
4.596684555171581792e+02 8.779458103633489827e+02
4.312782794494806353e+02 8.497952125612414420e+02
4.067303019618318558e+02 8.246520958995344017e+02
3.846145534503239674e+02 8.013737253116488546e+02
3.626805866143548087e+02 7.782380819267846164e+02
3.405943889467519057e+02 7.550224736241915480e+02
3.197314472047960408e+02 7.327599885200136214e+02
3.009804994339721134e+02 7.120739616858718364e+02
2.836438235330341513e+02 6.924310108520704716e+02
2.667537997517162580e+02 6.731418915125432250e+02
2.504304724427161091e+02 6.542992671095342985e+02
2.352875640802594432e+02 6.363156943896557323e+02
2.212859233621462067e+02 6.191454579807882510e+02
2.079386434707220133e+02 6.024589180520761147e+02
1.952045494943224639e+02 5.862293728838011475e+02
1.832128218419048835e+02 5.705282688399679500e+02
1.719608765384631681e+02 5.553457658983061265e+02
1.613972032301809350e+02 5.406455001180698900e+02
1.514728911877834889e+02 5.263926133700027776e+02
1.421432915696372845e+02 5.125547728390052953e+02
1.333676047709475938e+02 4.991020055670597344e+02
1.251085102343790965e+02 4.860065487073759414e+02
1.173318957926098136e+02 4.732427664346831762e+02
1.100091859590174295e+02 4.607893554776070459e+02
1.031172522308155095e+02 4.486298584030081429e+02
9.663406390065935625e+01 4.367492050115147890e+02
9.053837618220661909e+01 4.251333874001609843e+02
8.480973708587123383e+01 4.137694040851997670e+02
7.942848975150221236e+01 4.026452078113115363e+02
7.437577070755149578e+01 3.917496566853315016e+02
6.963334958619915938e+01 3.810724267433723753e+02
6.518306100390881852e+01 3.706038047284286563e+02
6.100750556633379773e+01 3.603348143228989215e+02
5.709028784747114571e+01 3.502572497880354376e+02
5.341596017433914056e+01 3.403636377224001421e+02
4.996996936294872427e+01 3.306472005713558815e+02
4.673860638146889102e+01 3.211018217046367340e+02
4.370896176487739382e+01 3.117220344022136942e+02
4.086895677140757499e+01 3.025035906488305386e+02
3.820728423157888187e+01 2.934434110210000313e+02
3.571327019057384433e+01 2.845388272519995212e+02
3.337683716283719093e+01 2.757875196892042595e+02
3.118847412466631752e+01 2.671874948536800503e+02
2.913920776102350274e+01 2.587370633696215236e+02
2.722057493389417715e+01 2.504348182288270550e+02
2.542459062993399499e+01 2.422798314638193915e+02
2.374370853210740151e+01 2.342722348495642564e+02
2.217081880975340979e+01 2.264124439902025188e+02
2.069923038256797199e+01 2.187009098932986149e+02
1.932264778082002010e+01 2.111381066273367821e+02
1.803514917314903343e+01 2.037245192836844581e+02
1.683116551099223557e+01 1.964606322675363685e+02
1.570546074657149838e+01 1.893469616079282787e+02
1.465311316759720128e+01 1.823847996105459970e+02
1.366949755497160979e+01 1.755759765002725032e+02
1.275026820699650365e+01 1.689220775845373339e+02
1.189134296479685382e+01 1.624244192585166502e+02
1.108888808586613273e+01 1.560840534514224203e+02
1.033930392202647575e+01 1.499017726340878482e+02
9.639211363482337092e+00 1.438781154770645117e+02
8.985438580261648767e+00 1.380136217071779754e+02
8.375008180912487887e+00 1.323092940487336762e+02
7.805127096262094888e+00 1.267658766492588285e+02
7.273175953548285833e+00 1.213837116125680922e+02
6.776698755894789095e+00 1.161627603291916131e+02
6.313393139011159505e+00 1.111026250047736568e+02
5.881101175469868103e+00 1.062025702742082700e+02
5.477800684089054961e+00 1.014615621535991608e+02
5.101596885064354936e+00 9.687849362972569622e+01
4.750714789607946464e+00 9.245209482296090187e+01
4.423492065488504821e+00 8.818077824397869335e+01
4.118372169389833637e+00 8.406266185041350525e+01
