2.868328541267279434e+04 2.858153741029500816e+04
2.883995365811615557e+04 2.873487509763794151e+04
2.897941058888294720e+04 2.887096801262812369e+04
2.910076645063094838e+04 2.898893390546781666e+04
2.920314982006249193e+04 2.908790948875299364e+04
2.928570443998605697e+04 2.916704727832296703e+04
2.934754291167673728e+04 2.922546980883917422e+04
2.938779423034004139e+04 2.926231673808393680e+04
2.940562775737633274e+04 2.927676862682602587e+04
2.940020340670122823e+04 2.926799819375557126e+04
2.937067257671909829e+04 2.923517133756244948e+04
2.931624483583502297e+04 2.917751259316187497e+04
2.923617787460381805e+04 2.909429556544265142e+04
2.912972917014848281e+04 2.898479622450060197e+04
2.899622209713862321e+04 2.884835713189139278e+04
2.883506822293246296e+04 2.868440922251284428e+04
2.864572525813139146e+04 2.849243216785977347e+04
2.842771512899538357e+04 2.827197175718088329e+04
2.818067432494898821e+04 2.802268784287602830e+04
2.790434982461716208e+04 2.774435169512506036e+04
2.759858470013368060e+04 2.743683426433276691e+04
2.726335363357957976e+04 2.710013737581912937e+04
2.689877663184161429e+04 2.673440682963206564e+04
2.650514707351920879e+04 2.633996503472806944e+04
2.608292332337203698e+04 2.591729988088525351e+04
2.563271430505452008e+04 2.546704651483245470e+04
2.515534124180802246e+04 2.499005206485504095e+04
2.465189335823104921e+04 2.448743409565435650e+04
2.412360616192625093e+04 2.396045201639268635e+04
2.357187663387179418e+04 2.341052203746283703e+04
2.299848960949618777e+04 2.283944930898403982e+04
2.240543266362744907e+04 2.224923799830366988e+04
2.179475394575719474e+04 2.164194555955216856e+04
2.116882532890493167e+04 2.101994888968811938e+04
2.053042971242873318e+04 2.038603282527972260e+04
1.988231205328296346e+04 1.974293669194295217e+04
1.922725937650181731e+04 1.909343413184076417e+04
1.856864546361356042e+04 1.844087761518447951e+04
1.790984303846159310e+04 1.778861238273577692e+04
1.725396642633521697e+04 1.713972015522370566e+04
1.660443275169694607e+04 1.649757316441063813e+04
1.596493197080824575e+04 1.586580624095352323e+04
1.533871635374684593e+04 1.524761818347893495e+04
1.472881676188752499e+04 1.464598106806280703e+04
1.413870194980823726e+04 1.406427817988824791e+04
1.357147255374034467e+04 1.350552997166265413e+04
1.302967115383216151e+04 1.297221155877189994e+04
1.251552740410106526e+04 1.246646755694018975e+04
1.203095806661306597e+04 1.199012214473007043e+04
1.157745142578439300e+04 1.154459205861886039e+04
1.115620121901785387e+04 1.113099894682985723e+04
1.076829017083733379e+04 1.075031694759063794e+04
1.041458526536597128e+04 1.040331928682669968e+04
1.009539983129603206e+04 1.009025216376665412e+04
9.808347737998474258e+03 9.808714091665111482e+03
9.550195662578762494e+03 9.555472641713251505e+03
9.317965893508391673e+03 9.327551522237808967e+03
9.108260782457673486e+03 9.121581974286991681e+03
8.917690939790745688e+03 8.934209275957997306e+03
8.742774230056027591e+03 8.761996876521441663e+03
8.578874410508537039e+03 8.600415093733652611e+03
8.421328057088891001e+03 8.444912109791015610e+03
8.264503131857483822e+03 8.290033681545426589e+03
8.101771937889922810e+03 8.129396247503069389e+03
7.926746500847406423e+03 7.956864989058810352e+03
7.732953767001608867e+03 7.766285727245604903e+03
7.514797636757124565e+03 7.552350510666602531e+03
7.268811120363947339e+03 7.311854501173395875e+03
6.993257304292318622e+03 7.043243937687758262e+03
6.689709849487408974e+03 6.748156613418287634e+03
6.361757051498620967e+03 6.430135874089173740e+03
6.014799297860832667e+03 6.094448266273178888e+03
5.655290126689698809e+03 5.747326275477846139e+03
5.291479286660174694e+03 5.396681315808337786e+03
4.931945678715901522e+03 5.050703672616858057e+03
4.585738032396562630e+03 4.718000525767780346e+03
4.261928762732100040e+03 4.407118691164666416e+03
3.969136562120745111e+03 4.126162075661557537e+03
3.713623799716124722e+03 3.880960714337448280e+03
3.499727292078021492e+03 3.675458316650842789e+03
3.327837428167355029e+03 3.509886936444246658e+03
3.195503326740515604e+03 3.381744061175883871e+03
3.096791408608704387e+03 3.285297890824199840e+03
3.023929818483173676e+03 3.213087592623454384e+03
2.966878128124971226e+03 3.155606118056443847e+03
2.914741681128999971e+03 3.102603870879118404e+03
2.856167411001883920e+03 3.043486796931671506e+03
2.781201082269913059e+03 2.969050462050196529e+03
2.682715023970881703e+03 2.872780069326282046e+03
2.557620883425969623e+03 2.751947569554054553e+03
2.407454359495639437e+03 2.608135069153831409e+03
2.238502752836131549e+03 2.447295797508730629e+03
2.061480609696302963e+03 2.279412146105564261e+03
1.890045042603454476e+03 2.117113742176826690e+03
1.737293051422929238e+03 1.972398010652773337e+03
1.611665668124457397e+03 1.852896107205376666e+03
1.515816203818783606e+03 1.760888160091780946e+03
1.447807860701934260e+03 1.694435163345639012e+03
1.402153915821454120e+03 1.648382309224107757e+03
1.369548561408723117e+03 1.614157679985112054e+03
1.337526995008902986e+03 1.580415428263230524e+03
1.294521534697292736e+03 1.536726951528066365e+03
1.234629394457129138e+03 1.477862221517363196e+03
1.158303185143304972e+03 1.404354846137686991e+03
1.071360918009521811e+03 1.321546884075146863e+03
9.836966413639456732e+02 1.238364900767412109e+03
9.057908401402378331e+02 1.164152928528418670e+03
8.442945991782718238e+02 1.104740644703240150e+03
8.003775608504377033e+02 1.061034201581884417e+03
7.697570566146847568e+02 1.029125812952618162e+03
7.438688349300745131e+02 1.001397107153554543e+03
7.141686956546683405e+02 9.703401476521987661e+02
6.762672250729967800e+02 9.321683236422793470e+02
6.307610115328005804e+02 8.874861656475460450e+02
5.830151713797927187e+02 8.410250406800724932e+02
5.401429593518680576e+02 7.989506375122163035e+02
5.061594979028449188e+02 7.646663312817526048e+02
4.805289339059186204e+02 7.376277808770826141e+02
4.590468873956558582e+02 7.141802851745796943e+02
4.364406432585932976e+02 6.898237450578600374e+02
4.103013846395093651e+02 6.625504643237462687e+02
3.821632857630990543e+02 6.337002931568378017e+02
3.555562761146928210e+02 6.062536020889576776e+02
3.332173553582568388e+02 5.824697529000445684e+02
3.149024638533718985e+02 5.620995280703446042e+02
2.980836186761609383e+02 5.430256472119996261e+02
2.805745025061286810e+02 5.234554721537481328e+02
2.623001967757788861e+02 5.033485303811497715e+02
2.448963705046140831e+02 4.840418985236742060e+02
2.296308780663732136e+02 4.665433576194811849e+02
2.162176360187648356e+02 4.506001909166469090e+02
2.033629791569603071e+02 4.351729508432781017e+02
1.904997604904442028e+02 4.198186553297312003e+02
1.781247105004042339e+02 4.049312062244128470e+02
1.668843743587983681e+02 3.910063347393818844e+02
1.566553050591677163e+02 3.779367657059102044e+02
1.468985354831539496e+02 3.653050195528130075e+02
1.374735369949116262e+02 3.530051441854613472e+02
1.286453175136458071e+02 3.412339825395635557e+02
1.205165221540659388e+02 3.300613022886579984e+02
1.128789243344925808e+02 3.193287292652264000e+02
1.056123571466897459e+02 3.089473447520720697e+02
9.880044660106362642e+01 2.989727902283045182e+02
9.245301677917922234e+01 2.894107290775644969e+02
8.649334837933533038e+01 2.802029050364143927e+02
8.089616965684851380e+01 2.713278962117335595e+02
7.564233704708448158e+01 2.627693273267140626e+02
7.071340572083947507e+01 2.545117864965423848e+02
6.609163751358117622e+01 2.465407643713414245e+02
6.176000428752794136e+01 2.388425975696424644e+02
5.770218721127356787e+01 2.314044160682257427e+02
5.390250524081268679e+01 2.242140355261474838e+02
5.034537905138883929e+01 2.172594214344171348e+02
4.701576959910313747e+01 2.105289664244235155e+02
4.389954309901870033e+01 2.040117838071875269e+02
4.098342159247437877e+01 1.976976659520740611e+02
3.825493216390164264e+01 1.915770420880287759e+02
3.570235913193080535e+01 1.856409390609101990e+02
3.331469912675867562e+01 1.798809451228683258e+02
3.108165568596367834e+01 1.742893196080398752e+02
2.899364183434634867e+01 1.688591603858758674e+02
2.704164388014492815e+01 1.635840249565055160e+02
2.521717450130460492e+01 1.584578441968087645e+02
2.351224473920087732e+01 1.534749008814907825e+02
2.191933726666977833e+01 1.486298094813885768e+02
2.043138088939038965e+01 1.439174971440196202e+02
1.904172517832891032e+01 1.393331937898085187e+02
1.774410260876199175e+01 1.348725322157535800e+02
1.653261476140540154e+01 1.305314889678574843e+02
1.540172572038774312e+01 1.263062612618224136e+02
1.434624131904006639e+01 1.221932514806877634e+02
1.336128910437158268e+01 1.181890554618418321e+02
1.244229939766596438e+01 1.142904513740973584e+02
1.158498739692007717e+01 1.104943891469758483e+02
1.078533699381051214e+01 1.067980130330935964e+02
1.003958648621919103e+01 1.031987367483470166e+02
9.344210795044098461e+00 9.969412477406670803e+01
8.695906639633717461e+00 9.628185276380025925e+01
8.091579271828221565e+00 9.295970081278534281e+01
7.528329950313924712e+00 8.972554703514009589e+01
7.003444117992409623e+00 8.657736143419363373e+01
6.514380205356657960e+00 8.351320174755336723e+01
6.058757991881575045e+00 8.053125569408325646e+01
5.634348919554607704e+00 7.762983429592767948e+01
5.239068229813473643e+00 7.480730663985993090e+01
4.870966123121052149e+00 7.206209263598825032e+01
4.528219357383356680e+00 6.939265942455335789e+01
4.209123343734395561e+00 6.679751796205779613e+01
3.912084712169011880e+00 6.427521978161853156e+01
3.635614301562446915e+00 6.182436973808305680e+01
3.378320508074220019e+00 5.944369345808316041e+01
3.138903206940613977e+00 5.713196314184827429e+01
2.916147988102926636e+00 5.488796059702777086e+01
2.708920697746387773e+00 5.271047624754982763e+01
2.516162312465909601e+00 5.059830828295867633e+01
2.336884126975459886e+00 4.855026189883111698e+01
2.170163235916247935e+00 4.656514955080265139e+01
2.015138207797831260e+00 4.464185380899343869e+01
1.871005085583850480e+00 4.277935422733384740e+01
1.737013816987885262e+00 4.097661711691571895e+01
