2.302134621777454231e+04 2.283316835606651148e+04
2.329529459896321350e+04 2.309973929905134355e+04
2.356177515483676689e+04 2.335867465658326910e+04
2.382013061083646244e+04 2.360932510112143791e+04
2.406969010393685312e+04 2.385102941649562854e+04
2.430977636331499161e+04 2.408312098519540086e+04
2.453968384152412182e+04 2.430490640258335043e+04
2.475868206600455596e+04 2.451566884252245291e+04
2.496603951265656360e+04 2.471469152879489047e+04
2.516101682475695270e+04 2.490125146300784036e+04
2.534284806669347381e+04 2.507460179677578344e+04
2.551076837068217719e+04 2.523399821123730362e+04
2.566402068017622514e+04 2.537870544442386745e+04
2.580183113825232431e+04 2.550797404412523247e+04
2.592342170910835193e+04 2.562105251454244717e+04
2.602803406216156509e+04 2.571721013674933783e+04
2.611492197039362145e+04 2.579573012368863419e+04
2.618334046540057170e+04 2.585589977021282903e+04
2.623257341841776724e+04 2.589703626054624328e+04
2.626193992296484066e+04 2.591849286919349106e+04
2.627078505862160819e+04 2.591965129618289939e+04
2.625849236003376791e+04 2.589993299184351054e+04
2.622449658544808335e+04 2.585881074124230145e+04
2.616829579855620614e+04 2.579582150353716133e+04
2.608946060071999091e+04 2.571057601756900112e+04
2.598762735626701397e+04 2.560275021972392278e+04
2.586251047493135775e+04 2.547209732042457108e+04
2.571395223142747273e+04 2.531849847022123504e+04
2.554188960913310802e+04 2.514192831918757656e+04
2.534633839706698927e+04 2.494243827866755964e+04
2.512747781751040020e+04 2.472024125167211241e+04
2.488566703705548571e+04 2.447572780473881357e+04
2.462134403865769491e+04 2.420936417988357789e+04
2.433506915703061532e+04 2.392173556876103976e+04
2.402768567083509333e+04 2.361370644609084047e+04
2.370014710508106873e+04 2.328624743666208451e+04
2.335346636756994121e+04 2.294038426745010293e+04
2.298896332907555916e+04 2.257744493924236303e+04
2.260821608123901751e+04 2.219901074134326336e+04
2.221280463040870382e+04 2.180666018978830471e+04
2.180440358468646082e+04 2.140206246438088419e+04
2.138498909918255958e+04 2.098718557106013031e+04
2.095653384476344581e+04 2.056398986089356913e+04
2.052098139030874518e+04 2.013440242664280595e+04
2.008080831565527114e+04 1.970087962257762410e+04
1.963875935338028285e+04 1.926614251255305135e+04
1.919739291255179705e+04 1.883272309800676885e+04
1.875877129843224247e+04 1.840266419272814164e+04
1.832413140190800186e+04 1.797720060397954876e+04
1.789452170543040847e+04 1.755737800624487863e+04
1.747112425365148010e+04 1.714437157972712157e+04
1.705689181160366570e+04 1.674111667856134591e+04
1.665543080943616587e+04 1.635119943194456209e+04
1.626998262505492312e+04 1.597784522802190622e+04
1.590205111467302777e+04 1.562257226969085241e+04
1.555068296650573575e+04 1.528448335638130084e+04
1.521477201955635792e+04 1.496252832944300098e+04
1.489308936732287839e+04 1.465553401760609086e+04
1.458374674778487133e+04 1.436167661419707110e+04
1.428481586676498591e+04 1.407908765645696622e+04
1.399433468781297597e+04 1.380585677909600599e+04
1.370980193582503307e+04 1.353952599978133912e+04
1.342873702174112441e+04 1.327764408950779034e+04
1.314860385347214833e+04 1.301768288893464523e+04
1.286657129526169956e+04 1.275678933011702793e+04
1.257993833204887778e+04 1.249221446873804780e+04
1.228550297746652541e+04 1.222066051332654024e+04
1.197993453245281853e+04 1.193865542445710707e+04
1.166029448334656445e+04 1.164307791026103223e+04
1.132405324078083868e+04 1.133116874144166832e+04
1.096960858831761834e+04 1.100107622861297205e+04
1.059725812890818270e+04 1.065286834443673433e+04
1.020845727171668477e+04 1.028778964967610045e+04
9.807253438200037635e+03 9.909777602103938989e+03
9.398583122328784157e+03 9.523717773074817160e+03
8.988725609166451250e+03 9.135940618271659332e+03
8.583953890534374295e+03 8.752823766175644778e+03
8.190514334613562824e+03 8.380770280652828660e+03
7.814078006411462411e+03 8.025637463094313716e+03
7.459772656049212856e+03 7.692766067608827143e+03
7.131972357909247876e+03 7.386745535917428242e+03
6.834187624762546875e+03 7.111329752794768865e+03
6.567736192585179197e+03 6.868034883694161181e+03
6.332211113872656824e+03 6.656614451245117380e+03
6.123568111995211439e+03 6.473037418359909680e+03
5.935761865319077515e+03 6.311121364490182714e+03
5.760300360867003292e+03 6.162002900866192249e+03
5.588461416364930301e+03 6.016402887090521290e+03
5.411964953482393867e+03 5.865320894033771765e+03
5.224405338487383233e+03 5.701602397968303194e+03
5.021764028185708412e+03 5.520556472525264326e+03
4.803342216958710196e+03 5.321091474264538192e+03
4.571962271425658400e+03 5.106026524249593422e+03
4.333310566045018277e+03 4.881430847612762591e+03
4.095022721142785940e+03 4.655634774864197425e+03
3.865300149290392255e+03 4.437655828936200123e+03
3.652057347419216057e+03 4.236228874962770533e+03
3.461821767555874885e+03 4.058591940977907598e+03
3.297986663324904839e+03 3.908574060307676518e+03
3.158746146422881338e+03 3.784333278459898793e+03
3.037304402411548836e+03 3.678535455855932923e+03
2.924771331058670057e+03 3.581434465487413490e+03
2.812985224573709274e+03 3.483939345724469149e+03
2.695502232136716884e+03 3.378743136783311911e+03
2.568307780250452197e+03 3.261211897461654644e+03
2.431959416318677086e+03 3.131910233817485278e+03
2.292426149313856968e+03 2.997600354243817947e+03
2.157896398066572601e+03 2.867580250856853581e+03
2.034824659519881834e+03 2.749151022071650914e+03
1.926687752123044902e+03 2.646219592326841848e+03
1.833440734248949411e+03 2.558740526057281841e+03
1.750942459602878671e+03 2.482103404975826834e+03
1.672738398150825560e+03 2.409110288314168429e+03
1.593254884725465445e+03 2.333536741284691743e+03
1.509803885923420466e+03 2.252418260704860586e+03
1.423970380961998217e+03 2.167624196331426447e+03
1.340577552922338327e+03 2.084630937114297012e+03
1.263798405690747131e+03 2.008103772493929455e+03
1.195379172345811867e+03 1.939942439308202438e+03
1.134316526226003134e+03 1.879004791529952627e+03
1.077033538422369929e+03 1.821372128363685079e+03
1.020270504039733169e+03 1.763540042600479637e+03
9.631718860227972527e+02 1.704668111175979448e+03
9.071213001336387833e+02 1.646333749781058032e+03
8.545816589750290859e+02 1.591200350845547291e+03
8.067218924056300011e+02 1.540479397264977706e+03
7.626442018582438322e+02 1.493199112582193266e+03
7.206846561886737845e+02 1.447640211614326063e+03
6.797134604732672187e+02 1.402691220147209151e+03
6.400182554417161782e+02 1.358698311821967536e+03
6.026202570239881879e+02 1.316702384098580296e+03
5.679244353479208485e+02 1.277086837240730802e+03
5.354293178720876085e+02 1.239350065571872847e+03
5.043989875674180894e+02 1.202800206571730541e+03
4.746738317221990542e+02 1.167310852201997704e+03
4.465386986694496727e+02 1.133154163209331728e+03
4.201946555381322810e+02 1.100501569636834802e+03
3.953909697150881470e+02 1.069122152772891013e+03
3.718492459448195859e+02 1.038777104334468959e+03
3.495277256017968739e+02 1.009433852570288877e+03
3.285072073741275744e+02 9.811519292673890504e+02
3.087265330056901007e+02 9.538717439138139298e+02
2.900401669171659478e+02 9.274734072054476428e+02
2.723873299980801335e+02 9.019047692274158408e+02
2.557586162595666508e+02 8.771487780367551750e+02
2.401001971413423348e+02 8.531560365777123707e+02
2.253406722888827574e+02 8.298675036764051356e+02
2.114343681912406510e+02 8.072427521582712870e+02
1.983424985467424335e+02 7.852458918564169608e+02
1.860205922847544855e+02 7.638370189268704280e+02
1.744261530682124146e+02 7.429789239696814320e+02
1.635188448329197684e+02 7.226371769727338688e+02
1.532603939091971483e+02 7.027799666265451606e+02
1.436144948286753049e+02 6.833779526783409892e+02
1.345467200807799770e+02 6.644041293402440260e+02
1.260245320917607330e+02 6.458335267493721403e+02
1.180172977488970076e+02 6.276428840259632125e+02
1.104959625639411058e+02 6.098109322016107399e+02
1.034329471758970982e+02 5.923183541231949221e+02
9.680208518443529897e+01 5.751476865957293967e+02
9.057856261789925156e+01 5.582832282468923495e+02
8.473885907503100157e+01 5.417109522995301631e+02
7.926068096296307885e+01 5.254186530258959920e+02
7.412285323310379681e+01 5.093972168276189905e+02
6.930532043249017704e+01 4.936394243856499315e+02
6.478912530624536714e+01 4.781391172375161318e+02
6.055635501366598561e+01 4.628911340958949836e+02
5.659008939502714952e+01 4.478912513455588282e+02
5.287435137425296006e+01 4.331361242624563488e+02
4.939405943566998047e+01 4.186233053983577861e+02
4.613498198566776409e+01 4.043534127499492570e+02
4.308369384380121403e+01 3.903300582945481096e+02
4.022753480335430254e+01 3.765569594234895021e+02
3.755456984511361185e+01 3.630377480211279817e+02
3.505355112713679944e+01 3.497759460782998531e+02
3.271388170264201278e+01 3.367749420846025146e+02
3.052558090653455380e+01 3.240379685882093099e+02
2.847924947489653746e+01 3.115690997419914652e+02
2.656603480119506600e+01 2.993752252905129012e+02
2.477760703812004905e+01 2.874629763968732732e+02
2.310613162172427337e+01 2.758380304509307734e+02
2.154424181397642357e+01 2.645051400084869329e+02
2.008501261813228211e+01 2.534681638196390452e+02
1.872193600933135826e+01 2.427300996902590100e+02
1.744889725834597272e+01 2.322932436092019657e+02
1.626015125354928514e+01 2.221602996352520165e+02
1.515030249165916487e+01 2.123336655198413894e+02
1.411428603830213468e+01 2.028146908125141863e+02
1.314734843240919915e+01 1.936037336760117000e+02
1.224502959490194520e+01 1.847002277742888339e+02
1.140314570745241340e+01 1.761027488992048120e+02
1.061777299951141629e+01 1.678090826114584502e+02
9.885231574060595605e+00 1.598163819601575142e+02
9.202070783971228352e+00 1.521212575855574585e+02
8.565057017840123521e+00 1.447196863093492425e+02
7.971160806762053852e+00 1.376070620545571046e+02
7.417544529793152819e+00 1.307782583710301481e+02
6.901550814616737028e+00 1.242276885280396925e+02
6.420691597483902058e+00 1.179493630100994324e+02
5.972637675830028137e+00 1.119369246829969029e+02
