2.441587978395242317e+04 2.424711224272014442e+04
2.467696010197210853e+04 2.450159845831240818e+04
2.492831817459583544e+04 2.474620790659934210e+04
2.516923286512524282e+04 2.498022383996525241e+04
2.539894419642055800e+04 2.520289339119920987e+04
2.561668886478712011e+04 2.541346143913597189e+04
2.582169917133255876e+04 2.561116945006332389e+04
2.601317813859538001e+04 2.579523072314135425e+04
2.619032466274663238e+04 2.596485551209461846e+04
2.635234665288266115e+04 2.611926417141456841e+04
2.649843223966916048e+04 2.625765911512430102e+04
2.662774809819490110e+04 2.637922330696734571e+04
2.673947909689764128e+04 2.648315911778747250e+04
2.683282410113754304e+04 2.656868437014947267e+04
2.690696677751720563e+04 2.663500410362883486e+04
2.696111281915374275e+04 2.668134686903141483e+04
2.699450481161510106e+04 2.670697928144073012e+04
2.700639522002551530e+04 2.671118023341134176e+04
2.699605405534161764e+04 2.669324842562000413e+04
2.696280494955150425e+04 2.665253713353183775e+04
2.690602480706281131e+04 2.658845435096503570e+04
2.682513288306163668e+04 2.650045326180757547e+04
2.671961582595733125e+04 2.638805534659855766e+04
2.658903876911578118e+04 2.625086096148234355e+04
2.643305731496706358e+04 2.608856310612721791e+04
2.625142070250627512e+04 2.590094975961662203e+04
2.604397109185739464e+04 2.568790124923874464e+04
2.581067267537998850e+04 2.544942009494598460e+04
2.555165471387235084e+04 2.518567536530589132e+04
2.526715640777664885e+04 2.489694469809002476e+04
2.495753027137086247e+04 2.458361707566355471e+04
2.462337014370885299e+04 2.424632253923853568e+04
2.426544864977656107e+04 2.388586810127659919e+04
2.388462546210665096e+04 2.350314415590088902e+04
2.348196928329775983e+04 2.309924688927986426e+04
2.305888285064199954e+04 2.267560352937931748e+04
2.261684454523900058e+04 2.223371202440511843e+04
2.215741224471325040e+04 2.177514451046219256e+04
2.168256184215351095e+04 2.130188527910444827e+04
2.119444151047796913e+04 2.081608481668393870e+04
2.069515079883988801e+04 2.031983914213703611e+04
2.018702312822917884e+04 1.981547029848668535e+04
1.967278841473381544e+04 1.930568755484718713e+04
1.915505912430988246e+04 1.879307750292431956e+04
1.863635595775448382e+04 1.828012956581577964e+04
1.811956624765456218e+04 1.776968821955616659e+04
1.760754252345888017e+04 1.726455776944455283e+04
1.710286552447862414e+04 1.676726960102743760e+04
1.660815132031920075e+04 1.628038117961003445e+04
1.612613805907320057e+04 1.580656123477662186e+04
1.565926448755038109e+04 1.534818222577113556e+04
1.520960528585032444e+04 1.490725721847950263e+04
1.477868145361501593e+04 1.448525000247359276e+04
1.436770791492339777e+04 1.408332393908783706e+04
1.397771737822934301e+04 1.370246606376065210e+04
1.360959387134750614e+04 1.334351103628644341e+04
1.326409811841744340e+04 1.300716639373279031e+04
1.294187992141106224e+04 1.269403663375353608e+04
1.264228011753254759e+04 1.240346406630224192e+04
1.236159334781782491e+04 1.213184448742610584e+04
1.209594468674045856e+04 1.187540953202777018e+04
1.184191411907441761e+04 1.163083679483266314e+04
1.159671844873955524e+04 1.139543558385228243e+04
1.135782863841573999e+04 1.116676003723540452e+04
1.112205771502395510e+04 1.094173310772370496e+04
1.088529224744009116e+04 1.071638604607989146e+04
1.064352800091888821e+04 1.048684539064008641e+04
1.039201484231038194e+04 1.024852637770909496e+04
1.012603955344376118e+04 9.996863986836518961e+03
9.841611137089865224e+03 9.727988458079316842e+03
9.535549498624446642e+03 9.438810726594121661e+03
9.206381002788564729e+03 9.127871354612529103e+03
8.855453645836591022e+03 8.796456464355562275e+03
8.485520423862788448e+03 8.447190803634814074e+03
8.101687908114685342e+03 8.084994932124313891e+03
7.709860876718831605e+03 7.715547776266356777e+03
7.317271209389971773e+03 7.345814240343936945e+03
6.931012173819136478e+03 6.982613164703577240e+03
6.558077874810862340e+03 6.632650646978973782e+03
6.205230145297484341e+03 6.302387770459416060e+03
5.878897410065809709e+03 5.997958920047811262e+03
5.584577163874442704e+03 5.724531245286201738e+03
5.326395310267525019e+03 5.486005061906377705e+03
5.105008541746917217e+03 5.282930798783079808e+03
4.918903908467273141e+03 5.113795121538657440e+03
4.762197366546526609e+03 4.972946973103259552e+03
4.627250972472656940e+03 4.853043421878687695e+03
4.504314060003189297e+03 4.744735638582950742e+03
4.383576943266325543e+03 4.638570580144428277e+03
4.255655695269432726e+03 4.525455677910765189e+03
4.113067613740035085e+03 4.398091423483570907e+03
3.951111235014538579e+03 4.251828224944229987e+03
3.769037197467829174e+03 4.085867809070942712e+03
3.570114467696393604e+03 3.903350384622953698e+03
3.360688874454930556e+03 3.710435897488736373e+03
3.149349811042401143e+03 3.515482244708106009e+03
2.946338848795530339e+03 3.328394602536650382e+03
2.762021302388396180e+03 3.159099927502653827e+03
2.604157583427333520e+03 3.014960084532091059e+03
2.475194064716760749e+03 2.898205163287971573e+03
2.371404179269584347e+03 2.805194969494267298e+03
2.285392335708447717e+03 2.728844466347937669e+03
2.208560919383476630e+03 2.660936960179159541e+03
2.131578092568293414e+03 2.592532536621705731e+03
2.045553735528019388e+03 2.515084021531165490e+03
1.945792806324020148e+03 2.424079895277342985e+03
1.834640616083324403e+03 2.321818554103123915e+03
1.719116956544215100e+03 2.215111767944835719e+03
1.607387812911905485e+03 2.111810544638103693e+03
1.506920946898878128e+03 2.018985239120075903e+03
1.422391805389919000e+03 1.940957217573641401e+03
1.353349443992918168e+03 1.877190106224512874e+03
1.294884059290305004e+03 1.823004385368964449e+03
1.240001091056272571e+03 1.771822166432024687e+03
1.181959893640882456e+03 1.717349792859664149e+03
1.117988632556158564e+03 1.657058532859939305e+03
1.050617159745736217e+03 1.593395411079321775e+03
9.846040800791282663e+02 1.530835676644450132e+03
9.246502616689361957e+02 1.473695841453162757e+03
8.733137342753324219e+02 1.424234502593809111e+03
8.289872286238166907e+02 1.380906331198119915e+03
7.877559980844062011e+02 1.340136709214575149e+03
7.461812291054546904e+02 1.298855221431119389e+03
7.030605228349805884e+02 1.256048829600829777e+03
6.602669945746446274e+02 1.213435760478493648e+03
6.205243377693382172e+02 1.173413404402818514e+03
5.850058950328535730e+02 1.136956920743582714e+03
5.529567507990878994e+02 1.103364771722046726e+03
5.224283230832000982e+02 1.070959187386564054e+03
4.921774546879595960e+02 1.038714466594522719e+03
4.626220017057834184e+02 1.007009704486267424e+03
4.348804805243637475e+02 9.767689669280492808e+02
4.094642288177747673e+02 9.483814487286336998e+02
3.858259201092254784e+02 9.213835728262482689e+02
3.632068831744116437e+02 8.951729176468827518e+02
3.413882996171267905e+02 8.695895440956418270e+02
3.207849644387446801e+02 8.449505610320793494e+02
3.015987135513058774e+02 8.213929642747585831e+02
2.836103439813113596e+02 7.987410656235201714e+02
2.665104654996532076e+02 7.767672417721947795e+02
2.502828999508251968e+02 7.554583914397213675e+02
2.350404374646132339e+02 7.348845480104263288e+02
2.207371218122540313e+02 7.150040715360324839e+02
2.072348631866275639e+02 6.957188126572320925e+02
1.944787346623257918e+02 6.769881857637193434e+02
1.824811094300825971e+02 6.588120759485262852e+02
1.712056190516963170e+02 6.411603828637692004e+02
1.605782716308834210e+02 6.239828252736245986e+02
1.505751531569399333e+02 6.072583060998794053e+02
1.411687638330930099e+02 5.909652395571566785e+02
1.323251000363818548e+02 5.750790034654893361e+02
1.240119361887418705e+02 5.595766818401858700e+02
1.161988152814545003e+02 5.444370198399093397e+02
1.088569555238773319e+02 5.296403325949122518e+02
1.019591617654381395e+02 5.151684206347327972e+02
9.547974257680304788e+01 5.010044936930099766e+02
8.939457820150141742e+01 4.871334318891024395e+02
8.368114044232885362e+01 4.735420063067174397e+02
7.831810355953224700e+01 4.602181556768143764e+02
7.328525233133507299e+01 4.471508441491762369e+02
6.856343317002171034e+01 4.343300092034822910e+02
6.413450668570034452e+01 4.217465120622782138e+02
5.998130171362739560e+01 4.093920903057077680e+02
5.608756226280652157e+01 3.972593995550110435e+02
5.243784625898651086e+01 3.853426016947784092e+02
4.901753767290893649e+01 3.736368665096213704e+02
4.581284465822063368e+01 3.621379314618458807e+02
4.281075710816505620e+01 3.508420646174454305e+02
3.999900583645884922e+01 3.397460314793707994e+02
3.736602363802924032e+01 3.288470624489494867e+02
3.490090818427059816e+01 3.181428275960103633e+02
3.259338878069895884e+01 3.076320492137897418e+02
3.043379363984136532e+01 2.973148889692273542e+02
2.841301353931104146e+01 2.871917264659614375e+02
2.652247104615636175e+01 2.772630040463055252e+02
2.475409168733621712e+01 2.675292093501179806e+02
2.310027651844819374e+01 2.579908582945936359e+02
2.155387603497615601e+01 2.486484785086188367e+02
2.010816506621191380e+01 2.395027903997258818e+02
1.875681740867454295e+01 2.305559227910941331e+02
1.749388526246006137e+01 2.218103705161783239e+02
1.631377907033746055e+01 2.132682476013195298e+02
1.521124722275110486e+01 2.049312899697925161e+02
1.418135681121813185e+01 1.968008629422216984e+02
1.321947538874244543e+01 1.888779695052540717e+02
1.232125367509185132e+01 1.811632672774962316e+02
1.148260811060987585e+01 1.736576335916447533e+02
1.069970505498646141e+01 1.663624190755498091e+02
9.968948114600612698e+00 1.592784908141469202e+02
9.286964349509075234e+00 1.524061657937036216e+02
8.650591050369904167e+00 1.457452419871303277e+02
8.056863248115936571e+00 1.392950296101117260e+02
7.503001919444740153e+00 1.330543823830280701e+02
6.986402751422730262e+00 1.270217748320767868e+02
6.504625116410530872e+00 1.211955805998419464e+02
6.055382727518884955e+00 1.155738662275035438e+02
5.636534576569981247e+00 1.101542836417684867e+02
5.246076078114192853e+00 1.049341065706305471e+02
4.882130723947565976e+00 9.991026643312923738e+01
4.542942221763653698e+00 9.507938710719287201e+01
