2.048045892768203339e+04 2.036626231823400667e+04
2.068796468316493701e+04 2.056928858971205409e+04
2.088671353408346476e+04 2.076344711890439430e+04
2.107606186920825712e+04 2.094809760466093212e+04
2.125536211229221954e+04 2.112259652918685606e+04
2.142396404253053333e+04 2.128629836876863556e+04
2.158119250043003922e+04 2.143853324421454454e+04
2.172636642896433841e+04 2.157862606301861888e+04
2.185881277318873254e+04 2.170591049447795376e+04
2.197784465818189346e+04 2.181970750817432054e+04
2.208275527882748429e+04 2.191931943478857283e+04
2.217285288870800650e+04 2.200406455984302374e+04
2.224745891478090925e+04 2.207327536254026927e+04
2.230588113777099352e+04 2.212627228221243786e+04
2.234744472853418483e+04 2.216239427749258903e+04
2.237150701984187617e+04 2.218101340756211357e+04
2.237743545899658784e+04 2.218151358844529386e+04
2.236461193050257134e+04 2.216329492007871522e+04
2.233246458683557285e+04 2.212580464245823168e+04
2.228046772795218203e+04 2.206853739676406622e+04
2.220813122491904505e+04 2.199102577036468938e+04
2.211502296600384216e+04 2.189286131279195979e+04
2.200077887401730914e+04 2.177370418743443588e+04
2.186511210798113461e+04 2.163329394831108948e+04
2.170781616237683193e+04 2.147145198231835093e+04
2.152876523027276926e+04 2.128808028050478606e+04
2.132793897436275074e+04 2.108318702283513267e+04
2.110545677534709466e+04 2.085692211192639297e+04
2.086153254514377841e+04 2.060952934631361131e+04
2.059647981988246465e+04 2.034135107936857821e+04
2.031082115500424698e+04 2.005293951175779148e+04
2.000522791158528344e+04 1.974499484841892263e+04
1.968044696557979478e+04 1.941829024884099636e+04
1.933741384962738084e+04 1.907378564270861534e+04
1.897733948654870619e+04 1.871271475072493922e+04
1.860149410410422570e+04 1.833636692503380254e+04
1.821122632831731244e+04 1.794610584934948929e+04
1.780825233708578889e+04 1.754365813365920985e+04
1.739441045066025254e+04 1.713086775583024792e+04
1.697149763693066052e+04 1.670953270597460505e+04
1.654154739975482516e+04 1.628168003271812813e+04
1.610689919244578232e+04 1.584963427532416972e+04
1.566977396986789063e+04 1.541559748290667630e+04
1.523233849884307165e+04 1.498171221559786682e+04
1.479708946583949728e+04 1.455043786801865645e+04
1.436644494127667895e+04 1.412415092583587102e+04
1.394259018974287392e+04 1.370499442592524065e+04
1.352779789055781293e+04 1.329518543194675294e+04
1.312440880092003499e+04 1.289699734032687957e+04
1.273448642738266972e+04 1.251243037431078301e+04
1.235976031323560346e+04 1.214315359122505652e+04
1.200150256452351823e+04 1.179037595745969156e+04
1.166074769408010434e+04 1.145507353828258238e+04
1.133837352824827394e+04 1.113807081347638632e+04
1.103517706764097602e+04 1.084009736516631347e+04
1.075188005707755656e+04 1.056179943614902004e+04
1.048908986349053521e+04 1.030371731437257949e+04
1.024592368320752757e+04 1.006495659479198184e+04
1.001913464712264795e+04 9.842343590098867935e+03
9.805512275145609237e+03 9.632743138372616158e+03
9.602250933434756007e+03 9.433422337294035970e+03
9.407019483242846036e+03 9.242123292482201578e+03
9.217647833768523924e+03 9.056746316788643526e+03
9.031218507352754386e+03 8.874492864387531881e+03
8.844160637483013488e+03 8.691952726948538839e+03
8.652938693321490064e+03 8.505756086772624258e+03
8.453290014108450123e+03 8.311876426740056559e+03
8.241101880901249388e+03 8.106432295495521430e+03
8.012828748562078545e+03 7.886112233254972125e+03
7.765570138663264515e+03 7.648231908171749637e+03
7.498120842796581201e+03 7.391717149750975295e+03
7.211457206517581653e+03 7.117579000956632626e+03
6.907915123314469383e+03 6.828093640633935138e+03
6.591725521016423954e+03 6.527328754678108453e+03
6.267944873356670541e+03 6.220098761063462916e+03
5.942711508926571696e+03 5.912219318579243009e+03
5.622143514570171646e+03 5.609448890387349820e+03
5.312270942697558894e+03 5.317433968653974262e+03
5.019104559714851348e+03 5.041761360916832018e+03
4.748269604445713412e+03 4.787637890468796286e+03
4.504739986709816549e+03 4.559575361693362538e+03
4.292106808933584034e+03 4.360829423669801145e+03
4.111063247593836422e+03 4.191891422811043412e+03
3.960430702240229039e+03 4.051528124968720476e+03
3.835259444297469145e+03 3.935025065180516322e+03
3.729153371673200581e+03 3.836347309386580491e+03
3.633859010634670994e+03 3.747793893293189740e+03
3.540938557403114373e+03 3.661528517690257559e+03
3.442211437380468851e+03 3.569983177439427891e+03
3.330942082087444760e+03 3.466963206618428558e+03
3.202812897972557948e+03 3.348519082573050582e+03
3.056759878048947485e+03 3.213724033530119414e+03
2.895288138507835811e+03 3.064956968177269118e+03
2.723639715934243668e+03 2.907102844179244130e+03
2.549177225753160656e+03 2.746973096904859631e+03
2.380901010801425855e+03 2.592822998440702122e+03
2.228089792101924104e+03 2.453063914457230567e+03
2.097653968217247893e+03 2.333881929990063782e+03
1.991892315916756615e+03 2.237227588087533150e+03
1.907947115681734431e+03 2.160378502073792788e+03
1.839808026984828757e+03 2.097811529593012438e+03
1.780216567060982015e+03 2.042926295995549026e+03
1.720906870974466983e+03 1.988253986524718812e+03
1.653786989240047433e+03 1.926518903498292957e+03
1.574547793333193795e+03 1.853888624425913804e+03
1.484758626148292024e+03 1.771845608697164607e+03
1.390257373480324077e+03 1.685694389259914942e+03
1.298119550953230600e+03 1.601790110132552854e+03
1.215118758839098973e+03 1.526127186635270391e+03
1.145686688130033644e+03 1.462539949558439730e+03
1.089759940235869408e+03 1.410863558663988897e+03
1.043351367938778822e+03 1.367510415838866038e+03
1.000371615105195133e+03 1.327103511999978537e+03
9.546921068338408531e+02 1.284288344645173311e+03
9.036196784174787808e+02 1.236761001908464095e+03
8.490374645810825314e+02 1.186220659652336053e+03
7.949757951881856570e+02 1.136197047379221431e+03
7.457812078926601771e+02 1.090418866422367046e+03
7.039792852365343379e+02 1.050985861346748379e+03
6.683791840473435286e+02 1.016813536099738258e+03
6.356493616716603583e+02 9.850397842355978355e+02
6.025936275614425313e+02 9.529725040625351085e+02
5.679256268458161685e+02 9.195657613873044056e+02
5.331747889388477688e+02 8.861286931083222953e+02
5.007792366188276105e+02 8.546805699575475046e+02
4.719707048088489501e+02 8.262000404751249789e+02
4.462284491497590011e+02 8.002221632363921344e+02
4.218182950048217208e+02 7.753246738301799041e+02
3.975233729519147801e+02 7.505387380407596538e+02
3.736200108199531655e+02 7.261000682362067664e+02
3.511174765233573680e+02 7.028046414511866260e+02
3.305773624085566098e+02 6.810716039612937038e+02
3.115690316542559799e+02 6.605476079637888915e+02
2.933883018995142606e+02 6.406871952163900232e+02
2.757830225376790168e+02 6.213030398069207649e+02
2.591190225017696775e+02 6.026671618245517266e+02
2.436263249186256701e+02 5.849383602717056192e+02
2.291369913400764631e+02 5.679826845055411013e+02
2.153570323137386424e+02 5.515839509654132371e+02
2.022547769241512299e+02 5.357173579826377363e+02
1.899456868148456579e+02 5.204573408274774238e+02
1.784085951767785900e+02 5.057813061670236721e+02
1.675194719015469786e+02 4.915997871467183700e+02
1.572227911444003610e+02 4.778717973153564458e+02
1.475337603278559016e+02 4.646020090416934636e+02
1.384317052400834314e+02 4.517709426331985014e+02
1.298699937652430947e+02 4.393446616897506374e+02
1.217773503047221624e+02 4.272741440188524962e+02
1.141733600838808513e+02 4.155669067803646612e+02
1.070299934612136781e+02 4.042026547829973993e+02
1.003189210900811474e+02 3.931611575579788678e+02
9.401367443538650548e+01 3.824235780411190717e+02
8.808951211271460124e+01 3.719723877377681447e+02
8.252329660878024242e+01 3.617912886353674367e+02
7.729338052540573756e+01 3.518651412221706778e+02
7.237975026566121528e+01 3.421802083476746361e+02
6.776453664671703336e+01 3.327249410505979768e+02
6.343099233363667366e+01 3.234888853198034440e+02
5.936318626423440747e+01 3.144623203002259970e+02
5.554597456911887576e+01 3.056362190622086814e+02
5.196497157604044048e+01 2.970022117183812043e+02
4.860652100292909239e+01 2.885525506664392310e+02
4.545766062329268919e+01 2.802800892697231347e+02
4.250597469210956092e+01 2.721784626956513193e+02
3.973961646121016145e+01 2.642420094972196694e+02
3.714741125668010824e+01 2.564655264084186683e+02
3.471882533598420650e+01 2.488442356811029015e+02
3.244393141240355050e+01 2.413737617255539760e+02
3.031337587866050498e+01 2.340501086420961485e+02
2.831834765726532765e+01 2.268696385774887005e+02
2.645055491953755222e+01 2.198291914981144259e+02
2.470220901529754087e+01 2.129263692744404750e+02
2.306597668505194321e+01 2.061590902361233475e+02
2.153495079790751277e+01 1.995254665228783892e+02
2.010262743604033631e+01 1.930237896523065615e+02
1.876288407308054573e+01 1.866525164400655967e+02
1.750995880445109520e+01 1.804102552595390421e+02
1.633843032948553287e+01 1.742957785383859743e+02
1.524319557533562985e+01 1.683083855839761043e+02
1.421945383439138588e+01 1.624477454555340046e+02
1.326269329862663504e+01 1.567135344435289710e+02
1.236867476253571851e+01 1.511054194803393784e+02
1.153341607776389921e+01 1.456230519909896088e+02
1.075317742526605613e+01 1.402660620330718473e+02
1.002444736675226267e+01 1.350340529295137344e+02
9.343929322394011194e+00 1.299268096016392917e+02
8.708528612151507531e+00 1.249446482186187097e+02
8.115341572257777969e+00 1.200878239907864469e+02
7.561644508165341172e+00 1.153564133016962217e+02
7.044883071246736961e+00 1.107503188306353508e+02
6.562662222634146225e+00 1.062692749423582654e+02
6.112736754690347496e+00 1.019128533217528911e+02
5.693002297539915268e+00 9.768049802850892149e+01
5.301486380688217537e+00 9.357186881635257691e+01
4.936340797753291376e+00 8.958666540135951095e+01
4.595834515898735262e+00 8.572434834582364260e+01
4.278346554496042842e+00 8.198414808480727345e+01
3.982359265587805286e+00 7.836507999327133689e+01
3.706452003636361070e+00 7.486595932725407465e+01
3.449295163286573374e+00 7.148541614171237768e+01
