2.278202869082383768e+04 2.254224603863117954e+04
2.312286450942602823e+04 2.287302615552247880e+04
2.345924550820570585e+04 2.319909550905463766e+04
2.379052370873433392e+04 2.351981262146994050e+04
2.411603474693683165e+04 2.383452080176516029e+04
2.443507931751262731e+04 2.414253272476837446e+04
2.474691769421046047e+04 2.444312609529495239e+04
2.505079473122949639e+04 2.473556507693132880e+04
2.534593633136006247e+04 2.501909689266422720e+04
2.563152502658614685e+04 2.529292884284305910e+04
2.590672440041387017e+04 2.555625156232602603e+04
2.617068991871692197e+04 2.580824945139953707e+04
2.642254614786323145e+04 2.604808074106172717e+04
2.666138817787914013e+04 2.627487907585930589e+04
2.688631013684232312e+04 2.648777912299080708e+04
2.709640004046390095e+04 2.668591206702985801e+04
2.729071736691760452e+04 2.686838543021589794e+04
2.746832417423108200e+04 2.703431162941074581e+04
2.762829608129653207e+04 2.718281827488666750e+04
2.776970511605404681e+04 2.731303435930274645e+04
2.789162859099673005e+04 2.742409824919163657e+04
2.799317240348150517e+04 2.751517772663733194e+04
2.807347280977634728e+04 2.758547265079268982e+04
2.813169445679658384e+04 2.763421499187541122e+04
2.816704567226153813e+04 2.766068063835929934e+04
2.817878817424611771e+04 2.766419817732015872e+04
2.816626337632674040e+04 2.764417666620795353e+04
2.812888986178269988e+04 2.760010176541041437e+04
2.806615457799530122e+04 2.753152499553536109e+04
2.797765259692137261e+04 2.743810375903648674e+04
2.786313179538448821e+04 2.731964637443075480e+04
2.772242965647044548e+04 2.717604661706184197e+04
2.755548471747237636e+04 2.700729415284900097e+04
2.736247648701394064e+04 2.681361230351350241e+04
2.714374495387063507e+04 2.659537792110486407e+04
2.689971173939665096e+04 2.635304305110984205e+04
2.663102542360829466e+04 2.608727969251834293e+04
2.633865527594737432e+04 2.579907303390070956e+04
2.602364935500863066e+04 2.548947974206387153e+04
2.568716140390555302e+04 2.515965503297247051e+04
2.533075317768124296e+04 2.481115595118583587e+04
2.495614163047661714e+04 2.444568803567412033e+04
2.456504492032480630e+04 2.406495136787385127e+04
2.415951509863001775e+04 2.367098012332440339e+04
2.374201991887308031e+04 2.326622688548397491e+04
2.331496628082649477e+04 2.285307823987942174e+04
2.288069731167445207e+04 2.243385704145599811e+04
2.244164174929495493e+04 2.201099174123537523e+04
2.200015164265673957e+04 2.158683648223527416e+04
2.155844930036551523e+04 2.116361244346800231e+04
2.111904227834225458e+04 2.074385448350499428e+04
2.068471078672165822e+04 2.033040031452282710e+04
2.025803745171124683e+04 1.992588840250431895e+04
1.984139956843373511e+04 1.953276941295693541e+04
1.943700215912805652e+04 1.915339148853567531e+04
1.904686506381644722e+04 1.878993137840415511e+04
1.867266696375746324e+04 1.844422624906441342e+04
1.831437501763886030e+04 1.811641877638893857e+04
1.797107866766591178e+04 1.780577648963532920e+04
1.764181678957265467e+04 1.751150609826429354e+04
1.732474743902571572e+04 1.723190097194006739e+04
1.701761238646843412e+04 1.696480942139143008e+04
1.671811877576677580e+04 1.670801037250977242e+04
1.642328851914753614e+04 1.645849631816520923e+04
1.613008561719500540e+04 1.621314634049080450e+04
1.583520607776651559e+04 1.596844931686091149e+04
1.553493196324799646e+04 1.572031683662287651e+04
1.522560099825023099e+04 1.546460802371593491e+04
1.490305389062819631e+04 1.519641516936182961e+04
1.456336060770253061e+04 1.491093808292457834e+04
1.420308708474076593e+04 1.460368374135994782e+04
1.381945769538867171e+04 1.427073393543430757e+04
1.341152553487748810e+04 1.391008785903462740e+04
1.297983299574903140e+04 1.352136758833529530e+04
1.252742576067977461e+04 1.310710802186994806e+04
1.205901051031895258e+04 1.267186763261926535e+04
1.158126421932682570e+04 1.222272137944885253e+04
1.110158438093065161e+04 1.176781975265214896e+04
1.062798317463190506e+04 1.131632654902461036e+04
1.016826277048604425e+04 1.087742461005607947e+04
9.729868224349813318e+03 1.046014356801470785e+04
9.319265901295526419e+03 1.007258140884168824e+04
8.942073363567857086e+03 9.722080081473652172e+03
8.601780156491342495e+03 9.413634244058839613e+03
8.299715432219769355e+03 9.149810714837814885e+03
8.033386911502500880e+03 8.928564290205284124e+03
7.797425216847435877e+03 8.744212853147906571e+03
7.582777054380672780e+03 8.586099875702020654e+03
7.378962406167473091e+03 8.441175850446734330e+03
7.174752515766207580e+03 8.294645540372566757e+03
6.960109056535162381e+03 8.132440576376033277e+03
6.727317485059637875e+03 7.942933210348445755e+03
6.472139815014202213e+03 7.718816529647275274e+03
6.194943086024977674e+03 7.459157504008567230e+03
5.900642625036070967e+03 7.169733045623300313e+03
5.597948665882146088e+03 6.862219792236099238e+03
5.297932044551177569e+03 6.552206921553954999e+03
5.012338244266666152e+03 6.256674850577427605e+03
4.751932969400742877e+03 5.991515874033583714e+03
4.524318406454712203e+03 5.768362146998374556e+03
4.331429890848196919e+03 5.590933347583679279e+03
4.168219967754873323e+03 5.452901993884138392e+03
4.024176204123902153e+03 5.339635611457651066e+03
3.886928311514929646e+03 5.233029606245986542e+03
3.745180287972223596e+03 5.115716760157429235e+03
3.590373470611405992e+03 4.973831877091146453e+03
3.419135848883246126e+03 4.801351380540937498e+03
3.235825035818318156e+03 4.604667228160226841e+03
3.051133864051917499e+03 4.400610473678485505e+03
2.876825596103862608e+03 4.207930550779935402e+03
2.721532473650831889e+03 4.040455023902545236e+03
2.588921501773708314e+03 3.904223876874245889e+03
2.476198860144931132e+03 3.795198330875012743e+03
2.374753798772997470e+03 3.700101151451865917e+03
2.274303947488219364e+03 3.602700452456384483e+03
2.167363486299859687e+03 3.490971733387747463e+03
2.052467583240829299e+03 3.362611498217456301e+03
1.935184141655321582e+03 3.226823883060942990e+03
1.823830730365505133e+03 3.097182087588969807e+03
1.724378766448050555e+03 2.983259491079184954e+03
1.638116559285783751e+03 2.887049158791709942e+03
1.560864247717182252e+03 2.801974067696671682e+03
1.485760644839997667e+03 2.717374207136113910e+03
1.408474482815916872e+03 2.626708497200304464e+03
1.329427782150312169e+03 2.530977284171672636e+03
1.252857376828216047e+03 2.436991414063810680e+03
1.183054929136363626e+03 2.351324390541723915e+03
1.120594722971957026e+03 2.274725629503117943e+03
1.062676798783181766e+03 2.203005646859723129e+03
1.005922368350237548e+03 2.131364572617932026e+03
9.492978102658270245e+02 2.058585451051491418e+03
8.946441226689230461e+02 1.987488094739981307e+03
8.440808056191793867e+02 1.921032718902757779e+03
7.976437874229667386e+02 1.859191564251043701e+03
7.536858041101725121e+02 1.799789441255843940e+03
7.109316551915982245e+02 1.741310307547635148e+03
6.697548771776645253e+02 1.684358129595757191e+03
6.311603684175865965e+02 1.630181663196930458e+03
5.952098114134374782e+02 1.578811954096012641e+03
5.611125209252882087e+02 1.529352478298232882e+03
5.284212129124875901e+02 1.481368772580372251e+03
4.974244234218508041e+02 1.435193023622552801e+03
4.683543660442480814e+02 1.391034371388278487e+03
4.409303262249390514e+02 1.348598210976348582e+03
4.148636935939356363e+02 1.307619430035356572e+03
3.901990420206713566e+02 1.268125916730488825e+03
3.669889867956435978e+02 1.230126601899236448e+03
3.450752736509219858e+02 1.193464941652029211e+03
3.243767876865827589e+02 1.158057101116628473e+03
3.048385749472219004e+02 1.123826214810084593e+03
2.864031743597749369e+02 1.090688126990755791e+03
2.690152784774384145e+02 1.058565089725086636e+03
2.526217523827414482e+02 1.027385461905927514e+03
2.371715999372954684e+02 9.970833019373280877e+02
2.226159028914946987e+02 9.675977678115951903e+02
2.089072356393807866e+02 9.388670265820944678e+02
1.959997485735052294e+02 9.108283353859609406e+02
1.838497980182872311e+02 8.834245151125808206e+02
1.724158892965542975e+02 8.566039630795755784e+02
1.616585869357867011e+02 8.303203482339001766e+02
1.515404275119456372e+02 8.045323335392009767e+02
1.420258351344019161e+02 7.792033212546023151e+02
1.330810483823701418e+02 7.543021734733906669e+02
1.246741014582523377e+02 7.298099166314630111e+02
1.167746926147234774e+02 7.057144410906402072e+02
1.093540703945365919e+02 6.820058782559220845e+02
1.023849658226387334e+02 6.586764349796686702e+02
9.584152699257165864e+01 6.357202647472920489e+02
8.969925571492578342e+01 6.131333394901849942e+02
8.393494622683508055e+01 5.909133216952227485e+02
7.852661725427169870e+01 5.690631055298671299e+02
7.345343650412833370e+01 5.475991592186362595e+02
6.869569584296495179e+01 5.265395121168938886e+02
6.423476438148006196e+01 5.059005695453242879e+02
6.005303571493277559e+01 4.856971266331279367e+02
5.613387729665004855e+01 4.659423877453637601e+02
5.246158189181902287e+01 4.466479911792891926e+02
4.902132098321427378e+01 4.278240804253315446e+02
4.579909571182164285e+01 4.094819371862844264e+02
4.278169313850575861e+01 3.916349841664665519e+02
3.995665343167369343e+01 3.742944171237762703e+02
3.731223116615409907e+01 3.574689215951727874e+02
3.483735765951718122e+01 3.411648143314430968e+02
3.252160504957506504e+01 3.253861879433179638e+02
3.035515205054488774e+01 3.101350574092861052e+02
2.832875111011500735e+01 2.954115178207896406e+02
2.643369463485064230e+01 2.812140276125492733e+02
2.466178706351865202e+01 2.675394838837500515e+02
2.300531923363008957e+01 2.543832408562225567e+02
2.145704147691679253e+01 2.417392510554695662e+02
2.001013800201683779e+01 2.296002055427327662e+02
1.865820257277862737e+01 2.179576693924379356e+02
1.739521542643588603e+01 2.068022118817970068e+02
1.621552089917827288e+01 1.961234660197349626e+02
1.511380476365216019e+01 1.859099791418491634e+02
1.408507690195327200e+01 1.761496278377804288e+02
1.312465356588473320e+01 1.668298526676875326e+02
1.222813956583189032e+01 1.579377454112539567e+02
1.139141141915551536e+01 1.494601302871635085e+02
1.061060141288961844e+01 1.413836393211554139e+02
