1.603417977783841889e+04 1.591403430574977574e+04
1.626975275048375079e+04 1.614444856584669287e+04
1.650184833573596188e+04 1.637123325938429480e+04
1.672999301756935893e+04 1.659391515400669232e+04
1.695368514030344522e+04 1.681199464308565075e+04
1.717239290202943084e+04 1.702494401805427697e+04
1.738557297484524679e+04 1.723222484963740862e+04
1.759266612835872002e+04 1.743328364218088609e+04
1.779307926961313206e+04 1.762753412784159809e+04
1.798620569880059702e+04 1.781437736141992718e+04
1.817143147464490539e+04 1.799320809105419175e+04
1.834811355138876024e+04 1.816339367000508719e+04
1.851558542705229411e+04 1.832427964179350602e+04
1.867317937914527283e+04 1.847521137664682101e+04
1.882021836265850652e+04 1.861552633490416338e+04
1.895599880364363707e+04 1.874453754988961737e+04
1.907981900910925469e+04 1.886156119905500236e+04
1.919098528154389714e+04 1.896592262227689935e+04
1.928879078083806235e+04 1.905693618530448293e+04
1.937252961431908989e+04 1.913391892241234382e+04
1.944151705732063056e+04 1.919621002799496637e+04
1.949508378652435204e+04 1.924316562111972235e+04
1.953257028447903940e+04 1.927415367690646599e+04
1.955334951346576781e+04 1.928857550687797993e+04
1.955683409982378726e+04 1.928587281237685966e+04
1.954248100152772895e+04 1.926553316305104090e+04
1.950979647402423871e+04 1.922709414759081847e+04
1.945834133855944674e+04 1.917014795437544672e+04
1.938775530028425419e+04 1.909436593232816085e+04
1.929776950172584839e+04 1.899951107221801794e+04
1.918818343297576212e+04 1.888541401525194306e+04
1.905888502377092664e+04 1.875199285349695128e+04
1.890992925172246396e+04 1.859933147769971401e+04
1.874147190639104883e+04 1.842761293427547935e+04
1.855374460157330395e+04 1.823709413714382754e+04
1.834717225206888179e+04 1.802822257154812542e+04
1.812237206197765408e+04 1.780163487487473685e+04
1.788002352484889343e+04 1.755802712148259161e+04
1.762094153097998424e+04 1.729822730039823000e+04
1.734627642032551739e+04 1.702339379657841710e+04
1.705726216399800614e+04 1.673476476595066197e+04
1.675515911863882138e+04 1.643360124560931217e+04
1.644150452483386471e+04 1.612143663524369367e+04
1.611801821899443530e+04 1.579998253522433879e+04
1.578637080124637941e+04 1.547089789900873075e+04
1.544839479724330340e+04 1.513599914231716321e+04
1.510639507099633738e+04 1.479756862193835877e+04
1.476261500744087789e+04 1.445782407740091730e+04
1.441912898924351612e+04 1.411881312274205993e+04
1.407776704951519423e+04 1.378234614892709214e+04
1.374016045875910095e+04 1.345003792740928657e+04
1.340780037899267154e+04 1.312336158481250095e+04
1.308255145668471232e+04 1.280415867502157016e+04
1.276702048774947252e+04 1.249500545485360271e+04
1.246365022708835022e+04 1.219831479538574422e+04
1.217436050789042201e+04 1.191598656856499656e+04
1.189969958483926348e+04 1.164858322123786274e+04
1.163983326130075875e+04 1.139629340136173960e+04
1.139472598670530169e+04 1.115910948728754738e+04
1.116357146837617802e+04 1.093627507986010278e+04
1.094540641549154134e+04 1.072688093571553145e+04
1.073897559578407527e+04 1.052973219353143395e+04
1.054229677664020892e+04 1.034292252135494346e+04
1.035336668439787172e+04 1.016452094790229239e+04
1.016970380680284325e+04 9.992116152766820960e+03
9.988554997012042804e+03 9.823017721504922520e+03
9.806960335770276288e+03 9.654312697663453946e+03
9.621408784840754379e+03 9.482515311575731175e+03
9.428429556826094995e+03 9.304150963108222641e+03
9.224284902317445813e+03 9.115432090526712273e+03
9.005545065709084156e+03 8.912839513684297344e+03
8.769465931114640625e+03 8.693492501840533805e+03
8.514115598157743079e+03 8.455289467941727708e+03
8.239229308134928942e+03 8.197784573091212224e+03
7.945801213216781434e+03 7.921792397965383316e+03
7.636767525477750496e+03 7.630110232002564771e+03
7.316195244760578134e+03 7.326705751688547025e+03
6.989348333885513966e+03 7.016804955178613454e+03
6.662282793834367112e+03 6.706478118348753924e+03
6.341195752829195044e+03 6.401984527159416757e+03
6.032422257907819585e+03 6.109747249793345873e+03
5.742015446169816641e+03 5.835946961049500715e+03
5.475317188841780080e+03 5.586054316503591508e+03
5.236593613897754039e+03 5.364494248689778942e+03
5.027986121056798765e+03 5.173553680631759562e+03
4.849539579051711371e+03 5.013433405378956195e+03
4.698350596584528830e+03 4.881342656561749209e+03
4.569081873469386665e+03 4.771988970884293849e+03
4.454497264023055322e+03 4.678054969783518573e+03
4.346010560045578131e+03 4.590689092201603671e+03
4.234907016266797655e+03 4.500709800935884232e+03
4.113177298413820608e+03 4.399464230125419817e+03
3.974722934154888662e+03 4.280142065488204025e+03
3.816572437036272731e+03 4.139186298166665438e+03
3.639473858021535307e+03 3.977055392170550022e+03
3.447931209503188256e+03 3.798368926019795254e+03
3.249577189010826714e+03 3.611267347064683690e+03
3.054097081713514399e+03 3.426200653378808511e+03
2.871755214347643687e+03 3.254264228114944217e+03
2.711306862054831981e+03 3.104917522561268015e+03
2.577652076057299382e+03 2.983492174110294854e+03
2.470396982619712617e+03 2.889692079142411330e+03
2.384273254508085301e+03 2.818025734351203482e+03
2.310852446168294591e+03 2.759539308003095357e+03
2.240154128545469575e+03 2.703405454596694653e+03
2.162251913566055919e+03 2.638592121751036302e+03
2.070142886632687350e+03 2.557105353513019054e+03
1.962927140471289022e+03 2.457745098430004418e+03
1.846169331209234542e+03 2.346676855683800568e+03
1.729079269953194625e+03 2.234233937445637821e+03
1.621264523058978057e+03 2.131139644255280018e+03
1.529926918476546007e+03 2.045343462526574967e+03
1.457123344151887522e+03 1.979089719600219723e+03
1.398809476482895207e+03 1.927955315340905827e+03
1.346808627331912703e+03 1.882962801225682597e+03
1.292116962317031494e+03 1.834120178360987211e+03
1.229009773466984598e+03 1.775020965882752989e+03
1.158168473337556406e+03 1.706468650088992945e+03
1.085508299765117044e+03 1.635160494351778198e+03
1.018383103972082381e+03 1.569295872772514940e+03
9.619448481731441234e+02 1.514482188791208728e+03
9.159952604524081607e+02 1.470416087158052278e+03
8.754382682590746754e+02 1.431509163241673377e+03
8.341218928293117187e+02 1.391086552911956460e+03
7.887566785177543807e+02 1.345653096269482830e+03
7.410287581725879136e+02 1.297159329830417391e+03
6.957312622316110264e+02 1.250826477795522123e+03
6.563866114906319353e+02 1.210356401519865813e+03
6.227527127730814982e+02 1.175404091617006543e+03
5.914496580569682465e+02 1.142404620882054587e+03
5.592648595279500796e+02 1.108080485233142554e+03
5.261078812567749310e+02 1.072440940891693799e+03
4.944469790044373667e+02 1.038051587373544407e+03
4.662493087944613421e+02 1.006848919512973225e+03
4.409978179081010694e+02 9.782618366731911692e+02
4.166636452956022367e+02 9.503128186927061734e+02
3.922737333935581319e+02 9.221256241844273518e+02
3.687657266741741751e+02 8.946304361811174886e+02
3.472686663881528375e+02 8.688573792922514940e+02
3.275385568483831094e+02 8.445500175988983074e+02
3.085683977420617339e+02 8.208165897641426909e+02
2.901273126411795715e+02 7.974859211462530766e+02
2.727927028454536753e+02 7.750542312150685120e+02
2.567579529765760640e+02 7.536613566629605430e+02
2.415842392444554889e+02 7.329459910155045463e+02
2.270387103142664103e+02 7.127351131593201217e+02
2.133395022840293223e+02 6.931925822001513779e+02
2.005396651188617341e+02 6.743443203637236820e+02
1.884604863874083946e+02 6.560617018162583918e+02
1.770305772335895540e+02 6.382865099067587380e+02
1.662306122957603236e+02 6.209973297564157519e+02
1.560399762338923324e+02 6.041740998251332257e+02
1.464368265613371705e+02 5.877978526831618638e+02
1.373980709138328109e+02 5.718502652117481375e+02
1.288952316537247782e+02 5.563082796099131428e+02
1.208972117103578370e+02 5.411460897312711040e+02
1.133746426986985085e+02 5.263397594599592821e+02
1.062998832593200831e+02 5.118672346498912020e+02
9.964691308277316750e+01 4.977082405606940370e+02
9.339123383875457307e+01 4.838441872105585162e+02
8.750977653298298264e+01 4.702580817383608860e+02
8.198092243967499826e+01 4.569345380460509887e+02
7.678489856991367901e+01 4.438601361704915007e+02
7.190315373236090579e+01 4.310229479368450143e+02
6.731804542898390764e+01 4.184122546586106637e+02
6.301280525609299588e+01 4.060184868016341397e+02
5.897150518924075868e+01 3.938331666556257460e+02
5.517902436718500070e+01 3.818488532089791079e+02
5.162101637765928075e+01 3.700590897588029407e+02
4.828383469400583294e+01 3.584589550146473016e+02
4.515444584715899623e+01 3.470459327645277199e+02
4.222051731758092785e+01 3.358183194733985601e+02
3.947040354829621833e+01 3.247748890677304985e+02
3.689311093392615959e+01 3.139148568182406507e+02
3.447826436333094335e+01 3.032378434172069319e+02
3.221607526313883341e+01 2.927438392298152507e+02
3.009731126613044339e+01 2.824332152890351608e+02
2.811327352408920532e+01 2.723084491036173631e+02
2.625576875101550556e+01 2.623743205717307774e+02
2.451707319511501737e+01 2.526353891117371973e+02
2.288990735640827268e+01 2.430958138421323440e+02
2.136741251705903721e+01 2.337593516814417569e+02
1.994312835561883190e+01 2.246293566362245429e+02
1.861097160672283124e+01 2.157087802652789037e+02
1.736521536191867199e+01 2.070003133697015869e+02
1.620046608532550536e+01 1.985078316356352843e+02
1.511164784253771209e+01 1.902355407641467764e+02
1.409398771960994701e+01 1.821868326741228827e+02
1.314299892463822950e+01 1.743643029604379251e+02
1.225446469801241278e+01 1.667697898583047618e+02
1.142442304807054754e+01 1.594044141728793704e+02
1.064915227564703137e+01 1.522686198819514800e+02
9.925157036589164150e+00 1.453623079537218530e+02
9.249154604668715862e+00 1.386852123171932192e+02
8.618063535716949275e+00 1.322365477531133990e+02
8.028992326845704852e+00 1.260149015326065012e+02
7.479228318482779692e+00 1.200182843401779280e+02
6.966227198747352745e+00 1.142441802616878022e+02
6.487603080987629056e+00 1.086895955510445049e+02
6.041119125204509999e+00 1.033511059465808017e+02
