2.390549947924986918e+04 2.373202773231995161e+04
2.417263574737951058e+04 2.399238084500030163e+04
2.443088819671112287e+04 2.424369318333437332e+04
2.467953235342708285e+04 2.448524725480095731e+04
2.491783819815789684e+04 2.471632098034119917e+04
2.514506193851136049e+04 2.493617951985521722e+04
2.536042543624925747e+04 2.514405490572093913e+04
2.556314555279922570e+04 2.533917523450247609e+04
2.575244009147768884e+04 2.552077066356869909e+04
2.592749455142495935e+04 2.568804114033492442e+04
2.608747748897265046e+04 2.584017149045692349e+04
2.623156966329956413e+04 2.597635990104947996e+04
2.635895108279376655e+04 2.609580548489767534e+04
2.646878387707371076e+04 2.619769182197320697e+04
2.656024957885341792e+04 2.628122319560943652e+04
2.663255400797618495e+04 2.634562945065407985e+04
2.668489542576056920e+04 2.639013549929688452e+04
2.671649011371916276e+04 2.641398607295888360e+04
2.672659819974718994e+04 2.641647067616072309e+04
2.671451458369403917e+04 2.639691540323932350e+04
2.667956507402017451e+04 2.635467960742791911e+04
2.662113442150404080e+04 2.628918223744900024e+04
2.653867412167973453e+04 2.619990963413487043e+04
2.643170704112383100e+04 2.608642165040289910e+04
2.629983354074768795e+04 2.594835621200502283e+04
2.614273792563824463e+04 2.578543477652921138e+04
2.596022321637426649e+04 2.559749811135248456e+04
2.575222141758347061e+04 2.538451648010416102e+04
2.551876033696944796e+04 2.514655455067092043e+04
2.525999353754903495e+04 2.488380132645861522e+04
2.497629831529354487e+04 2.459666901871127993e+04
2.466817793457821608e+04 2.428569351394566547e+04
2.433623431040862124e+04 2.395150629782677788e+04
2.398133572683723105e+04 2.359500250482119009e+04
2.360458883519475421e+04 2.321731230589827464e+04
2.320716562940417862e+04 2.281962691523526519e+04
2.279040839937550845e+04 2.240330330658164894e+04
2.235606040495275738e+04 2.197009442324437987e+04
2.190593558665628734e+04 2.152181870531147433e+04
2.144186698435669314e+04 2.106030845162711194e+04
2.096609798128588591e+04 2.058779925314331922e+04
2.048109647363822296e+04 2.010674474597660446e+04
1.998922163874813123e+04 1.961948512320914597e+04
1.949292521057686827e+04 1.912844771151689201e+04
1.899499642396048512e+04 1.863639077446008741e+04
1.849808132274508898e+04 1.814592590808607565e+04
1.800467670258512953e+04 1.765951211040589624e+04
1.751767209541907869e+04 1.717999031320077120e+04
1.703998657684969294e+04 1.671022634090398788e+04
1.657422565743766972e+04 1.625277407804345603e+04
1.612242918815252051e+04 1.580963086249399021e+04
1.568593767060964456e+04 1.538210835226053496e+04
1.526587030496136867e+04 1.497129990481563800e+04
1.486335995945079048e+04 1.457831035636973866e+04
1.448043870042762501e+04 1.420511898340556945e+04
1.411929924424545607e+04 1.385386270880210577e+04
1.378173276002691455e+04 1.352629022834027637e+04
1.346653645412621881e+04 1.322123164512721996e+04
1.317018143790519389e+04 1.293524699955540018e+04
1.288935805669876754e+04 1.266510925509787012e+04
1.262119318177600690e+04 1.240802349390349082e+04
1.236318858793384425e+04 1.216156464747156861e+04
1.211290695660959682e+04 1.192336324061839878e+04
1.186703275286626013e+04 1.169019165347577109e+04
1.162199416344500605e+04 1.145856325401508366e+04
1.137403204788659968e+04 1.122479671568208323e+04
1.111868878624915669e+04 1.098451511157059940e+04
1.085173913436694238e+04 1.073354487006092313e+04
1.056890085927473410e+04 1.046764098975436355e+04
1.026634143513354502e+04 1.018296832011071274e+04
9.941930413367666915e+03 9.877352134871893213e+03
9.595032826101500177e+03 9.550071611639648836e+03
9.227168787609103674e+03 9.202527196987275602e+03
8.841839094371245665e+03 8.838080882428565019e+03
8.444357811005984331e+03 8.461891065040917965e+03
8.041386164517252837e+03 8.080468567458407961e+03
7.640097719350906118e+03 7.700832726584357260e+03
7.247619494159911483e+03 7.329974415281221809e+03
6.871040386738352026e+03 6.974841240143830873e+03
6.516946572984246814e+03 6.641885338302926357e+03
6.191614120311120132e+03 6.337223265161919699e+03
5.899746578559831505e+03 6.065472452951566993e+03
5.644230547746409684e+03 5.829423695259290980e+03
5.425271161680487239e+03 5.629299942662095418e+03
5.239485551189512989e+03 5.461796919575689572e+03
5.080655662596542243e+03 5.320854274171510951e+03
4.940070170886121559e+03 5.197929948712542682e+03
4.807820566905044871e+03 5.083253666877260002e+03
4.674007230849142616e+03 4.966966743121838590e+03
4.529697531432081632e+03 4.840072815179837562e+03
4.368327532985298603e+03 4.695862430677374505e+03
4.186512033735170917e+03 4.530765929843638332e+03
3.985120597979285776e+03 4.345525878483228553e+03
3.768948766513312421e+03 4.144895107784481297e+03
3.545727401186115003e+03 3.936636903159604117e+03
3.325094608249396515e+03 3.730459411379192716e+03
3.117645986562680264e+03 3.536984786009042637e+03
2.933086594649900235e+03 3.365861776161711987e+03
2.777419299502297690e+03 3.223010591052481232e+03
2.650812951547709872e+03 3.108556039678122943e+03
2.547716425408503255e+03 3.016979395196859969e+03
2.459405159487710080e+03 2.939633113288536151e+03
2.376303962632247021e+03 2.866985721588894648e+03
2.288800159854799858e+03 2.789390413850087498e+03
2.189129487941818752e+03 2.698997493478453634e+03
2.075140720397614587e+03 2.593622615935499653e+03
1.951683460831852926e+03 2.478196424900812417e+03
1.827416101045244886e+03 2.361491615135478241e+03
1.711060493412039477e+03 2.252259555807223023e+03
1.609576282416438517e+03 2.157368637565951303e+03
1.525741319981637162e+03 2.079470059720644713e+03
1.456757055079401653e+03 2.015720501670550448e+03
1.395900805859664160e+03 1.959463062423586507e+03
1.335334439702510963e+03 1.902978663074419046e+03
1.269169841649423461e+03 1.840503143670062855e+03
1.196857197810482148e+03 1.771580276263816586e+03
1.122860549292356609e+03 1.700687071050988152e+03
1.052876575412640477e+03 1.633421268385568055e+03
9.913734358331601015e+02 1.574058210425737570e+03
9.392734245161364015e+02 1.523385416556744303e+03
8.931703332826306223e+02 1.478077250087492303e+03
8.484048093812219804e+02 1.433695651472282634e+03
8.019849992918509543e+02 1.387464536398101927e+03
7.541872903052884567e+02 1.339729508841970755e+03
7.080971293379790268e+02 1.293420934071308238e+03
6.664190864924248672e+02 1.251013677478877298e+03
6.294760648232730773e+02 1.212737066934791073e+03
5.954826244441510426e+02 1.176930161083867233e+03
5.621834556998829839e+02 1.141581507057346016e+03
5.289701611945396280e+02 1.106198274168010812e+03
4.970206580603300495e+02 1.071844032595434328e+03
4.675741154200673577e+02 1.039575241264312808e+03
4.406709111260504983e+02 1.009387906723900755e+03
4.152868167173506890e+02 9.804038774991139462e+02
3.906994594774230904e+02 9.520377548558112721e+02
3.670901065014484175e+02 9.244518984313816645e+02
3.450328900409576249e+02 8.980966413431956425e+02
3.245380271279681210e+02 8.729584234478372764e+02
3.051720744043674927e+02 8.486933310727971502e+02
2.866797537883854829e+02 8.251108518418508311e+02
2.692039339779786928e+02 8.023128323261410060e+02
2.528505323977036312e+02 7.803622912132354941e+02
2.374670125128764653e+02 7.591408927221186786e+02
2.229013133022900490e+02 7.385392828297997312e+02
2.091639961933916823e+02 7.185574351884342832e+02
1.962597880461387092e+02 6.991880868179778190e+02
1.841223756274864627e+02 6.803802067343907538e+02
1.726927354085695754e+02 6.620908414258129824e+02
1.619314210718020206e+02 6.442878126868293975e+02
1.518036672496206165e+02 6.269425906624169329e+02
1.422761141565474077e+02 6.100286743188055425e+02
1.333167878146446981e+02 5.935214754846819005e+02
1.248950766618841755e+02 5.773982117982253612e+02
1.169817050088556698e+02 5.616378076732692080e+02
1.095486546728782571e+02 5.462207834281248324e+02
1.025686220976141954e+02 5.311289603250662594e+02
9.601533835397050609e+01 5.163454850882945948e+02
8.986396050934540369e+01 5.018549205465120053e+02
8.409100763066800255e+01 4.876431768015346506e+02
7.867429163780646206e+01 4.736974434601466442e+02
7.359285131516952561e+01 4.600061255571324637e+02
6.882688963697718521e+01 4.465587858513655419e+02
6.435775939587369976e+01 4.333466263620755399e+02
6.016794010629780587e+01 4.203629527237977754e+02
5.624088028374588788e+01 4.076019991101763935e+02
5.256093690225226567e+01 3.950587260727073726e+02
4.911333114980980241e+01 3.827287786996606087e+02
4.588410590947261625e+01 3.706084456065774475e+02
4.286008493213861215e+01 3.586946186277490938e+02
4.002883015057425098e+01 3.469849630453604732e+02
3.737858283187534880e+01 3.354792326386600507e+02
3.489824868266310887e+01 3.241781513322949309e+02
3.257737647094054267e+01 3.130825644401018621e+02
3.040612359537985654e+01 3.021934112550009104e+02
2.837522322083981763e+01 2.915117027632043687e+02
2.647595299828966731e+01 2.810384997921129298e+02
2.470010531423816857e+01 2.707749142156933431e+02
2.303995936767398689e+01 2.607232343671825561e+02
2.148825431979028266e+01 2.508872347315605680e+02
2.003816312150712875e+01 2.412703611140709654e+02
1.868326823428345307e+01 2.318755845251292271e+02
1.741753863092244359e+01 2.227054092174344646e+02
1.623530797018839067e+01 2.137618817993465825e+02
1.513125389406992838e+01 2.050466013634199953e+02
1.410037786452046227e+01 1.965609911754060590e+02
1.313798467271928239e+01 1.883072945239721605e+02
1.223966728722861319e+01 1.802874794395648337e+02
1.140129100251400196e+01 1.725028062051796667e+02
1.061897748222700422e+01 1.649538655022178943e+02
9.889089671332021325e+00 1.576406172194453461e+02
9.208217535038956569e+00 1.505624294740200924e+02
8.573164559115262762e+00 1.437181285651482199e+02
7.980934479008727322e+00 1.371062859664501445e+02
7.428719433642562819e+00 1.307252078226287892e+02
6.913889282737882169e+00 1.245726792204226001e+02
6.433980881951501196e+00 1.186459962272463002e+02
5.986687938662037745e+00 1.129420109448250997e+02
5.569851448957079398e+00 1.074571752450279263e+02
5.181450685122217514e+00 1.021875830390578983e+02
4.819594545330258661e+00 9.712901246962061919e+01
