2.093673275958252270e+04 2.079079414901802738e+04
2.117802482377383421e+04 2.102624272308463696e+04
2.141148803023187429e+04 2.125371570545749273e+04
2.163647924134318237e+04 2.147257457257307397e+04
2.185235023851027290e+04 2.168217654463413419e+04
2.205844179871046799e+04 2.188186864459008939e+04
2.225406256825341188e+04 2.207096664281345147e+04
2.243851508860716422e+04 2.224878109915804089e+04
2.261110373577302016e+04 2.241462535488829599e+04
2.277111184135336953e+04 2.256779324009320408e+04
2.291780917420966216e+04 2.270756650127798639e+04
2.305047620133663077e+04 2.283323862351941716e+04
2.316839603097399231e+04 2.294410705646657152e+04
2.327083654854588167e+04 2.303945588729119481e+04
2.335708153075477458e+04 2.311858630354646812e+04
2.342643794944715046e+04 2.318082382315109862e+04
2.347821499835703071e+04 2.322549819790711626e+04
2.351173842049567975e+04 2.325195736629758903e+04
2.352637218438413038e+04 2.325958846334732880e+04
2.352151686224033620e+04 2.324781669594670529e+04
2.349660700863029342e+04 2.321610329009515772e+04
2.345112816826285052e+04 2.316396130548945803e+04
2.338462486140037072e+04 2.309096349674965313e+04
2.329671590771196497e+04 2.299675868092908422e+04
2.318709232348762816e+04 2.288106873481034563e+04
2.305551571689116827e+04 2.274368613360229210e+04
2.290185354739824106e+04 2.258450975995953922e+04
2.272610162739342195e+04 2.240356759161252921e+04
2.252833756872332742e+04 2.220096869143103686e+04
2.230873929733415571e+04 2.197692152233509478e+04
2.206769601394333586e+04 2.173184539704667986e+04
2.180571982314457273e+04 2.146628104767279001e+04
2.152339631825524339e+04 2.118084056879165291e+04
2.122152518871323991e+04 2.087634785300971271e+04
2.090114800177769212e+04 2.055386591308706920e+04
2.056335811034307335e+04 2.021450636271332041e+04
2.020935688646389826e+04 1.985948523358416787e+04
1.984070962949460227e+04 1.949037756210512453e+04
1.945906803536028383e+04 1.910884047911218295e+04
1.906607045012659000e+04 1.871651377894464895e+04
1.866364128230433562e+04 1.831531690947280003e+04
1.825395181639947259e+04 1.790740970565216412e+04
1.783907790721417405e+04 1.749485283734512996e+04
1.742110281578062859e+04 1.707970980758554288e+04
1.700240611642907970e+04 1.666433282509376295e+04
1.658528034433897119e+04 1.625098367580951526e+04
1.617184913143649464e+04 1.584175313109359740e+04
1.576436313967666683e+04 1.543885184988301080e+04
1.536510217060381001e+04 1.504451470796109606e+04
1.497612030725267323e+04 1.466075145598154450e+04
1.459911891406070208e+04 1.428922376441007145e+04
1.423525816702854718e+04 1.393106249102878610e+04
1.388550107728561670e+04 1.358720411406634594e+04
1.355070379368348949e+04 1.325847927124384842e+04
1.323176602370301771e+04 1.294575782673299545e+04
1.292957167625524380e+04 1.264989284767573008e+04
1.264486413501498100e+04 1.237160150463352147e+04
1.237654659330440700e+04 1.210981701184317353e+04
1.212124203073678291e+04 1.186126154569872779e+04
1.187567333597233846e+04 1.162275416887588653e+04
1.163707809757624818e+04 1.139161966410074092e+04
1.140326974578350928e+04 1.116574943546237591e+04
1.117219545457598360e+04 1.094316186429188201e+04
1.094109871062758975e+04 1.072119552112608471e+04
1.070680040698023731e+04 1.049677640382448953e+04
1.046614313165768544e+04 1.026684440006761724e+04
1.021540286055281285e+04 1.002779009531729389e+04
9.951112063491764275e+03 9.776236785390172372e+03
9.670415434436796204e+03 9.509400661523199233e+03
9.371109009699322996e+03 9.225116164780423787e+03
9.052820986825880027e+03 8.922990311041374298e+03
8.717153143319477749e+03 8.604548903534127021e+03
8.367144929808186134e+03 8.272706557121926380e+03
8.007599950299492775e+03 7.932102754340518004e+03
7.644052960963666919e+03 7.588080067327848155e+03
7.282828102643720740e+03 7.246754019276091640e+03
6.929998393942663824e+03 6.913985525894854618e+03
6.591268225536391583e+03 6.595276694633284933e+03
6.272088196066121782e+03 6.295868532131480606e+03
5.977304530392034394e+03 6.020421116912390971e+03
5.710938676404587568e+03 5.772760980117524014e+03
5.475581164889397769e+03 5.555376885230878543e+03
5.270866653885370397e+03 5.367879698767487753e+03
5.094441447538552893e+03 5.207985644833513106e+03
4.940243897316268885e+03 5.069834003076622139e+03
4.800885432156785100e+03 4.946263790591904581e+03
4.667594869864854445e+03 4.828746280491709513e+03
4.532072868949084295e+03 4.709158962996033551e+03
4.387061494612224124e+03 4.580329939538140934e+03
4.227494286991994159e+03 4.437193961645125455e+03
4.051262014312793781e+03 4.277564321379947614e+03
3.859593353280985411e+03 4.102550830758611482e+03
3.657120724993936619e+03 3.916657204062941673e+03
3.450554080816322312e+03 3.726456188258267048e+03
3.247803329072116412e+03 3.539714968541071812e+03
3.057263739584493578e+03 3.364655775049345721e+03
2.886749635390047843e+03 3.208879986243437997e+03
2.741094907233631602e+03 3.077062403929367065e+03
2.620170727525814982e+03 2.969048635107365953e+03
2.518720861175586833e+03 2.879705365030393750e+03
2.428815232738989835e+03 2.801301669536305326e+03
2.342518166820216265e+03 2.726071475945253042e+03
2.252492880252790656e+03 2.646785602725903118e+03
2.152900415372035695e+03 2.557655487565671137e+03
2.042305601501513820e+03 2.457244906312521834e+03
1.925166070122396150e+03 2.349965043152344606e+03
1.808984481679589635e+03 2.243231449664365300e+03
1.700720490389941006e+03 2.143876118072424106e+03
1.605173588099106382e+03 2.056551429103361443e+03
1.524215867841976433e+03 1.983022663365214157e+03
1.455207530678529110e+03 1.920680480497786903e+03
1.392505592317223091e+03 1.864028694616975599e+03
1.330116611953567144e+03 1.807248563012967224e+03
1.263766062260150647e+03 1.746211237848086057e+03
1.193371176524220118e+03 1.680886269283930460e+03
1.122823950782782276e+03 1.615093025098952012e+03
1.056484388123919871e+03 1.553049212577153867e+03
9.972831776637203802e+02 1.497530639680929653e+03
9.456260184903283061e+02 1.448869577225472540e+03
8.987004683531511091e+02 1.404360942686692852e+03
8.529983237166271692e+02 1.360689879593403475e+03
8.066307082952430392e+02 1.316114077097410473e+03
7.600034443241864892e+02 1.271063735302056330e+03
7.154181956640873068e+02 1.227708228178340278e+03
6.746962893355740789e+02 1.187713596717479959e+03
6.377576886085778369e+02 1.150971072333224811e+03
6.032495065777775380e+02 1.116230614615261857e+03
5.696778642203972822e+02 1.082155366742647857e+03
5.367485307407735036e+02 1.048510189386914135e+03
5.053155263519392975e+02 1.016066842717653230e+03
4.761121579703011548e+02 9.854577641941084494e+02
4.490274293515507225e+02 9.565673136048544620e+02
4.233531499528173754e+02 9.287831617593889177e+02
3.986857999843356879e+02 9.017723550669328461e+02
3.751540039287252171e+02 8.756490454536244670e+02
3.530829843394438399e+02 8.506741381179905375e+02
3.323963084046843619e+02 8.267747212707561175e+02
3.128146809361367104e+02 8.037238376925955663e+02
2.941956298929843570e+02 7.814103474265132263e+02
2.766105939954439918e+02 7.598855590170503547e+02
2.600788532622322009e+02 7.391559855308764782e+02
2.444841935791941125e+02 7.191294859307874958e+02
2.297359882595209797e+02 6.997364617237999482e+02
2.158215604526405968e+02 6.809624522806816458e+02
2.027199988702293467e+02 6.627859863664211844e+02
1.903766414413746304e+02 6.451636783418841787e+02
1.787295782509087303e+02 6.280494050270651769e+02
1.677583056203613978e+02 6.114234765958284470e+02
1.574302566152415181e+02 5.952593841962807346e+02
1.477093248226196920e+02 5.795289883909841819e+02
1.385613558571777162e+02 5.642061107115953291e+02
1.299540449626075542e+02 5.492664187909131215e+02
1.218568395362702290e+02 5.346873204596981850e+02
1.142408467347975431e+02 5.204478662061761725e+02
1.070787628951693478e+02 5.065286728749455847e+02
1.003451016410655683e+02 4.929121035203031056e+02
9.401599423518551646e+01 4.795821381298379151e+02
8.806876975111022432e+01 4.665240291949469338e+02
8.248189372443800949e+01 4.537242267657845787e+02
7.723492184346062572e+01 4.411703184389131707e+02
7.230845467637674062e+01 4.288509729006697739e+02
6.768409346669787396e+01 4.167558867068976269e+02
6.334436215619107458e+01 4.048759197794627767e+02
5.927260881583377738e+01 3.932033958897473553e+02
5.545307206123908372e+01 3.817315397396146182e+02
5.187085901871378013e+01 3.704543204434140193e+02
4.851190171128008188e+01 3.593664125857650902e+02
4.536291533319683822e+01 3.484631583516232354e+02
4.241135835253882647e+01 3.377405305590360740e+02
3.964539506194154228e+01 3.271951883683320261e+02
3.705386601017723791e+01 3.168254177138279601e+02
3.462624832227184157e+01 3.066305734231333986e+02
3.235261689102112825e+01 2.966102768393803331e+02
3.022361313150620532e+01 2.867643778950554747e+02
2.823041525664232765e+01 2.770929312835727956e+02
2.636470991848387513e+01 2.675961728869536955e+02
2.461866515250151721e+01 2.582745014223999647e+02
2.298490244867604559e+01 2.491292259555405622e+02
2.145647069421219655e+01 2.401632254086791534e+02
2.002682760078158708e+01 2.313793226702882748e+02
1.868981783007707165e+01 2.227800613362347519e+02
1.743965158221437051e+01 2.143677036862616490e+02
1.627088425935445670e+01 2.061442294468418197e+02
1.517839715856516314e+01 1.981113353392581189e+02
1.415737888941213640e+01 1.902706074135111862e+02
1.320330646622737092e+01 1.826245870105166773e+02
1.231193037271176216e+01 1.751758642571656424e+02
1.147925985985668795e+01 1.679264453749553923e+02
1.070154803225857520e+01 1.608777745206246550e+02
9.975277726571016856e+00 1.540307598211538505e+02
9.297148149398893224e+00 1.473858000032240909e+02
8.664062225623244018e+00 1.409428173327064826e+02
8.073114067348193146e+00 1.347015662856805420e+02
7.521577624283303010e+00 1.286617230699438323e+02
7.006896952263539369e+00 1.228224729363951298e+02
6.526676143374768202e+00 1.171825120416538937e+02
6.078669746374014693e+00 1.117400852931265547e+02
5.660773727335323358e+00 1.064930235399739757e+02
5.271016942506355996e+00 1.014387799499768050e+02
4.907553011163576784e+00 9.657447756346357437e+01
