2.529299964977591662e+04 2.514857140680637895e+04
2.553381965720629523e+04 2.538373854107738589e+04
2.576214739737336276e+04 2.560628122497119693e+04
2.597711703819941249e+04 2.581533655839463245e+04
2.617783536731965796e+04 2.601001606024895227e+04
2.636336296399771527e+04 2.618938763477165048e+04
2.653276455870746213e+04 2.635252453648644223e+04
2.668511055584979113e+04 2.649850678516260814e+04
2.681943743846115103e+04 2.662638170329770946e+04
2.693478318222475355e+04 2.673519933165601833e+04
2.703021248822641428e+04 2.682403766237815580e+04
2.710478480424516965e+04 2.689197136098082774e+04
2.715754555606506619e+04 2.693806331430510909e+04
2.718758167031065022e+04 2.696141928466894751e+04
2.719402180273530394e+04 2.696118835516510808e+04
2.717599998461152791e+04 2.693652785007231068e+04
2.713269981254151207e+04 2.688664640718535884e+04
2.706337855701713852e+04 2.681082754896899132e+04
2.696735375265904804e+04 2.670841776965987447e+04
2.684400850873941090e+04 2.657883190733422089e+04
2.669282240954026202e+04 2.642158210363180115e+04
2.651338267965463092e+04 2.623628949081151586e+04
2.630539879100321923e+04 2.602270102679856063e+04
2.606870053921241197e+04 2.578068472371182725e+04
2.580324441328673129e+04 2.551023500624954977e+04
2.550918429487499088e+04 2.521154582555649176e+04
2.518686518249634901e+04 2.488500351797027542e+04
2.483676129063503322e+04 2.453112181186907765e+04
2.445954064613298033e+04 2.415060706659959033e+04
2.405620451496863461e+04 2.374449954412929947e+04
2.362790137334665997e+04 2.331398364797497561e+04
2.317589888802146379e+04 2.286035888052479277e+04
2.270186154468457607e+04 2.238531856073152449e+04
2.220773422487275457e+04 2.189083210481517744e+04
2.169549175171376191e+04 2.137889296331767400e+04
2.116734876772114512e+04 2.085172708126002181e+04
2.062606945760135568e+04 2.031210031187917775e+04
2.007440903042055652e+04 1.976276265241683723e+04
1.951505735044226458e+04 1.920639208449140278e+04
1.895115111411524776e+04 1.864610051075888987e+04
1.838595457061359048e+04 1.808511823417800770e+04
1.782247098210861441e+04 1.752641071671168902e+04
1.726391186616414780e+04 1.697313488110761682e+04
1.671412157594216842e+04 1.642905165551037135e+04
1.617661182822993214e+04 1.589758917239879884e+04
1.565440864744526334e+04 1.538169423469995127e+04
1.514978832583074472e+04 1.488356806155331833e+04
1.466453004044531190e+04 1.440492025926405950e+04
1.420014261774627630e+04 1.394719568556306876e+04
1.375890508357504223e+04 1.351256521188593069e+04
1.334441838803615065e+04 1.310445123317174694e+04
1.295994717966243115e+04 1.272595242467591197e+04
1.260736372543551443e+04 1.237881874863009762e+04
1.228457670571322706e+04 1.206094715800421909e+04
1.198880127510380953e+04 1.176956576077358841e+04
1.171745965781402265e+04 1.150211162375137792e+04
1.146796661517588109e+04 1.125602613269381254e+04
1.123790021326290116e+04 1.102891489393496886e+04
1.102437788502023977e+04 1.081795395848833505e+04
1.082337674097991294e+04 1.061924412725816183e+04
1.063088878657641908e+04 1.042890959601778923e+04
1.044192266248293345e+04 1.024217247870178107e+04
1.025100860916810961e+04 1.005382200746245690e+04
1.005237207839969960e+04 9.858388798094185404e+03
9.839476761949750653e+03 9.649728682291261066e+03
9.606371336897045694e+03 9.422270324960123617e+03
9.348083695684106715e+03 9.171429508371818883e+03
9.060920933149458506e+03 8.893833411977226206e+03
8.743778617813299206e+03 8.588594601453965879e+03
8.397453051189137113e+03 8.256597966506778903e+03
8.025969514424681620e+03 7.901776309896138628e+03
7.634968471081696407e+03 7.529540050869180050e+03
7.232025910854634276e+03 7.147088900769353131e+03
6.825438165610823489e+03 6.762247555051478230e+03
6.424159412408709613e+03 6.383418325685978743e+03
6.037821646499845883e+03 6.019544972654112826e+03
5.675538583438570640e+03 5.679074862186478640e+03
5.345774646106031469e+03 5.369734508365412694e+03
5.055650117482985479e+03 5.097992054913752327e+03
4.808989861564881721e+03 4.867173273909482305e+03
4.606950188387419075e+03 4.678133343006380528e+03
4.446027623077383396e+03 4.527412597536743306e+03
4.320007508158945711e+03 4.409084906497014344e+03
4.219414399753006364e+03 4.314280267488211393e+03
4.132968469821103099e+03 4.232549924808472497e+03
4.048410968419349047e+03 4.152615683111611361e+03
3.953507181970468991e+03 4.063300632441659673e+03
3.838016340204109383e+03 3.955311905905467938e+03
3.695166337905349792e+03 3.822564122054252039e+03
3.523143004849225235e+03 3.663530778389440457e+03
3.325448738521935866e+03 3.481548756595671875e+03
3.110486481684516548e+03 3.284388318137696388e+03
2.890761838327654459e+03 3.083477473994317734e+03
2.681170357680143752e+03 2.892300574666341163e+03
2.495713888542173208e+03 2.723378478014759821e+03
2.343365655662765676e+03 2.584575704356366259e+03
2.226130020285574574e+03 2.477457898383659085e+03
2.140012051471869654e+03 2.398245559727803538e+03
2.076742100654083970e+03 2.339416948500308081e+03
2.024419309418519560e+03 2.290306972775589202e+03
1.968692386254043640e+03 2.238154681455038826e+03
1.897134614139919904e+03 2.171978628369199214e+03
1.804516977927340804e+03 2.087243161282046913e+03
1.694023162572342471e+03 1.986902661098804629e+03
1.574800329265289747e+03 1.879158847495910322e+03
1.459283904386456925e+03 1.774992148182469009e+03
1.359157209587184298e+03 1.684544203804698327e+03
1.280893610164642496e+03 1.613273455213372699e+03
1.223530714956813199e+03 1.560153759343507772e+03
1.179780972251180174e+03 1.518759888345038007e+03
1.138377888986926564e+03 1.479342790872825162e+03
1.089331848452331997e+03 1.433347077028153990e+03
1.029213205432395625e+03 1.377924366973422138e+03
9.614828171996591664e+02 1.316149098358793253e+03
8.942012912999670107e+02 1.254941561606613050e+03
8.359161057855108083e+02 1.201479307004127804e+03
7.901124027395254643e+02 1.158557385017194292e+03
7.539346400006400017e+02 1.123665407587724303e+03
7.207692211179462447e+02 1.091251782391420647e+03
6.843197573692305014e+02 1.056130477817453311e+03
6.431263988392037163e+02 1.017174512410620309e+03
6.008996700149416483e+02 9.774851996279081732e+02
5.626425574132248357e+02 9.411189100775545739e+02
5.308518280093240946e+02 9.100111513590155710e+02
5.037441109548614122e+02 8.826582707059617405e+02
4.773582997307932487e+02 8.558931535263201340e+02
4.494545946139485295e+02 8.279821752869981992e+02
4.211487791371500293e+02 7.998369063067277693e+02
3.950621580570889932e+02 7.734843182246567039e+02
3.723272107172365395e+02 7.497477011517474921e+02
3.516789053363777953e+02 7.276276973659745408e+02
3.312734093535000852e+02 7.057373778569765363e+02
3.109268724178838852e+02 6.839582176844496644e+02
2.917738616796130486e+02 6.631245738719355813e+02
2.744719436311339678e+02 6.436894957823906225e+02
2.584075952049639682e+02 6.251924566980679856e+02
2.428239369813125279e+02 6.070971992491039373e+02
2.278468132739928365e+02 5.894944144314966934e+02
2.139423954041633351e+02 5.726944176585984678e+02
2.010454814753330481e+02 5.566384834044770287e+02
1.887730637332220169e+02 5.410660237255499396e+02
1.770892341066015092e+02 5.259514148999214740e+02
1.661677522184224927e+02 5.113976869657483917e+02
1.559377057540612839e+02 4.973546191410424626e+02
1.462906956438580721e+02 4.837481124077257846e+02
1.371972366250824109e+02 4.705532657024220953e+02
1.286325504974854539e+02 4.577493787270522034e+02
1.205721538035365228e+02 4.453170065418593140e+02
1.129919598953028697e+02 4.332378848462362839e+02
1.058683666879725109e+02 4.214948605551449532e+02
9.917771736801645943e+01 4.100713756243310399e+02
9.289495350044470001e+01 3.989502427491759704e+02
8.699588972927354291e+01 3.881150482843005989e+02
8.145775330583002471e+01 3.775505110054697298e+02
7.625910147484756862e+01 3.672424178736669091e+02
7.137974378064296843e+01 3.571775644464447055e+02
6.680066899116494028e+01 3.473436994948679057e+02
6.250398797815044816e+01 3.377295110206865161e+02
5.847306694484932876e+01 3.283252508486742158e+02
5.469238058688763005e+01 3.191225276291396540e+02
5.114724198785573606e+01 3.101135874049068661e+02
4.782375615126851898e+01 3.012912564827342408e+02
4.470878290635567964e+01 2.926489110655737136e+02
4.178990110876532071e+01 2.841804483509448005e+02
3.905537412490375004e+01 2.758802589700518411e+02
3.649410070277088636e+01 2.677433314545738767e+02
3.409555246514887727e+01 2.597655131241098161e+02
3.184979636547766901e+01 2.519430910030525581e+02
2.974747516160273264e+01 2.442726713929542370e+02
2.777977627994779652e+01 2.367511607919599896e+02
2.593840220218491055e+01 2.293757473769425133e+02
2.421554231135267443e+01 2.221438830035000365e+02
2.260384640753079211e+01 2.150532893147995424e+02
2.109640320246069578e+01 2.081022981771751006e+02
1.968671409843176079e+01 2.012897090785835701e+02
1.836866638786740680e+01 1.946144352264240354e+02
1.713651171046721444e+01 1.880754821100782976e+02
1.598484571160929057e+01 1.816719366583336637e+02
1.490858873313765365e+01 1.754029566886867713e+02
1.390296749105632834e+01 1.692677607629815952e+02
1.296349647771514668e+01 1.632658096378346499e+02
1.208595954552374430e+01 1.573971439873133988e+02
1.126639805717632470e+01 1.516618319482167863e+02
1.050109668140429164e+01 1.460598467147933945e+02
9.786569180054838668e+00 1.405910650718791146e+02
9.119544970175160969e+00 1.352552662314802774e+02
8.496956422881122961e+00 1.300521309742027256e+02
7.915926839285337024e+00 1.249812751351245197e+02
7.373758830696285571e+00 1.200426860545147321e+02
6.867923791846214598e+00 1.152365161331285179e+02
6.396052056708493083e+00 1.105626953325492536e+02
5.955923345082310583e+00 1.060209317375661300e+02
5.545457744924624954e+00 1.016107219243041726e+02
5.162707208790035196e+00 9.733136146288805435e+01
4.805847537003168135e+00 9.318195567657522815e+01
4.473170613325367029e+00 8.916154461182999569e+01
4.163077014732747827e+00 8.526928206746556782e+01
3.874069898878364171e+00 8.150414110844918980e+01
3.604748765433196223e+00 7.786487219244388314e+01
3.353803477688947599e+00 7.435002030079739654e+01
