1.981852924145169527e+04 1.965481866769076441e+04
2.009711998613600372e+04 1.992647944354134597e+04
2.037046620017322130e+04 2.019270093363889828e+04
2.063797687468949152e+04 2.045289408853130590e+04
2.089902055685822779e+04 2.070643199684268620e+04
2.115294760299785776e+04 2.095267092522569874e+04
2.139909807802900468e+04 2.119095783610099534e+04
2.163678301908708818e+04 2.142061223865672218e+04
2.186528805338114762e+04 2.164092982188664973e+04
2.208389347275200635e+04 2.185120209323407107e+04
2.229186449137263480e+04 2.205070699830308877e+04
2.248842857075060238e+04 2.223868699072301024e+04
2.267280797387546772e+04 2.241438080542235912e+04
2.284422711629058904e+04 2.257703072431846886e+04
2.300188826332806639e+04 2.272585933394559834e+04
2.314498490819068684e+04 2.286008254944195505e+04
2.327272459178714416e+04 2.297893169127924193e+04
2.338431665702338432e+04 2.308164188257712158e+04
2.347895759904400256e+04 2.316743816723771306e+04
2.355586633799842457e+04 2.323556944799990742e+04
2.361429066609848087e+04 2.328531483593914163e+04
2.365349160232208305e+04 2.331596923356792831e+04
2.367276088299771072e+04 2.332685991818130424e+04
2.367143750927122892e+04 2.331736221739800749e+04
2.364891128022521661e+04 2.328690365713091524e+04
2.360462710632770904e+04 2.323496850658189578e+04
2.353809316637625670e+04 2.316110453132879411e+04
2.344889325211388496e+04 2.306493513937632088e+04
2.333672278267331785e+04 2.294619585604144595e+04
2.320136741583736148e+04 2.280471196512330425e+04
2.304269592338437724e+04 2.264039074951816292e+04
2.286073086023719588e+04 2.245329187746390380e+04
2.265565807216571557e+04 2.224363647210219642e+04
2.242775059069220515e+04 2.201173058106169992e+04
2.217741657668728294e+04 2.175801253127428936e+04
2.190534607004280042e+04 2.148319841910025934e+04
2.161234633596582717e+04 2.118811789482795211e+04
2.129930112976827149e+04 2.087367340531623995e+04
2.096739680538131142e+04 2.054106449472199529e+04
2.061806018487222536e+04 2.019172555803355135e+04
2.025273888899123267e+04 1.982710745414640405e+04
1.987304831604443825e+04 1.944882356804648225e+04
1.948103416626870239e+04 1.905891037411658908e+04
1.907875711015388515e+04 1.865941442962390647e+04
1.866823704410635401e+04 1.825233741845245459e+04
1.825180369427314145e+04 1.783998656754855983e+04
1.783189821099370965e+04 1.742477646679893951e+04
1.741080554653998115e+04 1.700896223814739278e+04
1.699094615275783872e+04 1.659493159916780860e+04
1.657514063179825462e+04 1.618546954509697389e+04
1.616602639905992146e+04 1.578317604699415097e+04
1.576592247314921769e+04 1.539033476696521393e+04
1.537642727497358464e+04 1.500853015547669202e+04
1.499874908387930191e+04 1.463896500438987096e+04
1.463396986964111420e+04 1.428271459997814236e+04
1.428375219813773583e+04 1.394143289478449151e+04
1.395060759745440919e+04 1.361762151133170664e+04
1.363687464100230500e+04 1.331361188114576908e+04
1.334367193295461948e+04 1.303054233273300815e+04
1.306865436961570231e+04 1.276616457232661196e+04
1.280895119636377240e+04 1.251771417944356472e+04
1.256193470846664422e+04 1.228266318531981779e+04
1.232525937037271797e+04 1.205876239401718522e+04
1.209675907641256526e+04 1.184393392745209712e+04
1.187391623205461656e+04 1.163574182987420681e+04
1.165348008641976230e+04 1.143100921315040796e+04
1.143224963410949749e+04 1.122658852171547369e+04
1.120638322662671817e+04 1.101865156925948031e+04
1.097185178619240833e+04 1.080314266250718902e+04
1.072466192819349817e+04 1.057598669503594283e+04
1.046072852064880863e+04 1.033294545975108304e+04
1.017673250632990676e+04 1.007049847873698491e+04
9.870706139877838723e+03 9.786425898152176160e+03
9.541949368452978888e+03 9.479758063897686952e+03
9.192456891114039536e+03 9.152258187642913981e+03
8.825579746349339985e+03 8.807082258219466894e+03
8.446864244841963227e+03 8.449683103778797886e+03
8.062537770347004880e+03 8.086257986956503373e+03
7.679680838196900368e+03 7.723946440700413405e+03
7.305272574399792575e+03 7.369836434161197758e+03
6.946140362945548077e+03 7.030916037743440938e+03
6.608906707811737760e+03 6.713987791722949623e+03
6.299437282613789648e+03 6.425142905585744302e+03
6.022117034259030333e+03 6.168984892436455084e+03
5.779874338260097829e+03 5.948688786924393753e+03
5.572017510067041258e+03 5.763763002667380533e+03
5.395509633086788199e+03 5.611325599728874295e+03
5.243448778053288152e+03 5.484479386073707246e+03
5.107348744412133783e+03 5.374562453334488055e+03
4.977240686036898296e+03 5.271168984129565615e+03
4.843443392337958358e+03 5.163928397106781631e+03
4.697397130174768790e+03 5.043395382600407174e+03
4.532930204142631737e+03 4.902473462665267107e+03
4.347482024643899422e+03 4.737899014381608140e+03
4.142459502960136888e+03 4.550776401718550005e+03
3.923268566710515188e+03 4.346755353554510293e+03
3.698193959424766035e+03 4.134817954928728795e+03
3.477253931254048439e+03 3.925960090501592731e+03
3.271018262280198996e+03 3.731825315036669053e+03
3.088868931791695104e+03 3.562752343109617414e+03
2.936171028285161810e+03 3.424697059317321418e+03
2.812081251076116132e+03 3.316904923782195510e+03
2.710236374680437166e+03 3.232618111918092382e+03
2.621391462138040879e+03 3.161826591715948325e+03
2.535578432230067847e+03 3.093503788108054778e+03
2.443151330167198466e+03 3.016705138309757785e+03
2.337003760926185805e+03 2.923151121724275981e+03
2.216201373660019726e+03 2.811573087664678951e+03
2.086766926993616380e+03 2.688784308810982111e+03
1.958062546711795903e+03 2.565507055032810968e+03
1.839048056448972829e+03 2.451960780612821509e+03
1.736328925927170758e+03 2.355598737098951915e+03
1.651886725414862440e+03 2.278631949465015623e+03
1.581789217770073719e+03 2.216666992660671895e+03
1.518352754161831399e+03 2.161095437167174168e+03
1.453480302840376680e+03 2.102772495430427625e+03
1.381814018500484508e+03 2.035621864112191588e+03
1.303960724973144124e+03 1.960400003467295164e+03
1.225331776205055121e+03 1.883354123856035130e+03
1.152041447375507687e+03 1.811431871936317748e+03
1.088332755039475842e+03 1.749338962356672255e+03
1.034231643781328330e+03 1.697023692241949220e+03
9.854595017097132086e+02 1.649715083117423092e+03
9.370637556949146756e+02 1.601977099217619525e+03
8.864220034348791160e+02 1.551018193047850218e+03
8.346248458690540701e+02 1.498157171969252204e+03
7.853233711375813755e+02 1.447426988437697901e+03
7.411079275790519887e+02 1.401579498340414830e+03
7.017802513355013616e+02 1.360335644528360717e+03
6.650400932500896261e+02 1.321253182241500099e+03
6.285890919612218113e+02 1.281991292044244119e+03
5.922382703407630515e+02 1.242444333363445139e+03
5.575452410776110810e+02 1.204244406597553734e+03
5.257262611184881962e+02 1.168589193369399936e+03
4.965112017665144322e+02 1.135174311570644704e+03
4.686631692408126924e+02 1.102805520591094819e+03
4.415576524195105321e+02 1.070931080357341898e+03
4.156124427043042147e+02 1.039972491751759890e+03
3.914325550959895850e+02 1.010474015923406114e+03
3.688861720429785578e+02 9.822982670866961143e+02
3.474472875898755433e+02 9.549895631791714550e+02
3.269331350221863204e+02 9.284086479975459270e+02
3.075676429945644372e+02 9.027416565634674726e+02
2.894216436093095126e+02 8.780325416453591743e+02
2.722840190067159938e+02 8.541104821274425376e+02
2.560163031666163533e+02 8.308717674432346030e+02
2.406670925108008703e+02 8.083457782292326783e+02
2.262213477486340025e+02 7.865111380660040368e+02
2.126024629906998200e+02 7.653079273305951347e+02
1.997515389631262792e+02 7.446915539124619272e+02
1.876290407998775152e+02 7.246255803262858990e+02
1.761987093342375488e+02 7.050766690727546120e+02
1.654256255597318557e+02 6.860138920218391831e+02
1.552762037803158250e+02 6.674085919669421401e+02
1.457181800935250919e+02 6.492342550781007731e+02
1.367205967141250085e+02 6.314663931445568323e+02
1.282536478803661737e+02 6.140820758414565717e+02
1.202880252618738695e+02 5.970580193711830361e+02
1.127955942988345299e+02 5.803721079940451091e+02
1.057496975330182636e+02 5.640042228389808088e+02
9.912508418864346993e+01 5.479361447961376825e+02
9.289784198200744925e+01 5.321514617710971606e+02
8.704533186445154058e+01 5.166354814668186464e+02
8.154612901831016814e+01 5.013751852943121889e+02
7.638004991602586813e+01 4.863601127235929766e+02
7.152807656906223599e+01 4.715822489103730959e+02
6.697219067164935780e+01 4.570347893823335994e+02
6.269532252448242104e+01 4.427120162529225240e+02
5.868130759109533301e+01 4.286092383872572782e+02
5.491484455318550317e+01 4.147227322986673244e+02
5.138145484873277979e+01 4.010496837902765606e+02
4.806743284951849660e+01 3.875892408444753983e+02
4.495978860001713429e+01 3.743447252123081057e+02
4.204624685686003716e+01 3.613202554611198707e+02
3.931521870602909985e+01 3.485199153446129117e+02
3.675576642768389490e+01 3.359477268522194322e+02
3.435756992511490182e+01 3.236076238654039798e+02
3.211089466506707879e+01 3.115034265173067638e+02
3.000656103009276165e+01 2.996390884119274460e+02
2.803591468584748014e+01 2.880213243141035377e+02
2.619079907793500084e+01 2.766579599630304074e+02
2.446352924837431431e+01 2.655558716643027424e+02
2.284686653634751607e+01 2.547209802397057103e+02
2.133399448643310592e+01 2.441582797222359318e+02
1.991849592241819167e+01 2.338718682940832423e+02
1.859433112288932577e+01 2.238649891139624231e+02
1.735581565739187582e+01 2.141407389979196410e+02
1.619760010746641399e+01 2.047024641733997896e+02
1.511465411193763053e+01 1.955525498332260668e+02
1.410224872738961821e+01 1.866923483697858046e+02
1.315593940792025407e+01 1.781222454404355346e+02
1.227154986879136267e+01 1.698417261944544805e+02
1.144515679369738592e+01 1.618494412207162725e+02
1.067307511760480843e+01 1.541432973686050900e+02
9.951843405186989955e+00 1.467206271725116551e+02
9.278211980863922292e+00 1.395781348207405870e+02
8.649131063044963597e+00 1.327119068794895895e+02
8.061739063415267026e+00 1.261174753423290440e+02
7.513351526289504534e+00 1.197898784791879478e+02
7.001450676686618024e+00 1.137237192395464831e+02
