3.201629099403286091e+04 3.177333741184595783e+04
3.233615284386858912e+04 3.208406281658659282e+04
3.264211963680333429e+04 3.238072240598738426e+04
3.293316121454382665e+04 3.266229520375114225e+04
3.320824413299268053e+04 3.292775826840117952e+04
3.346628792841320683e+04 3.317604590085060045e+04
3.370617051424346573e+04 3.340605504729295353e+04
3.392677694629584585e+04 3.361669141537391988e+04
3.412698772048942192e+04 3.380685792651118390e+04
3.430564036561609100e+04 3.397541696536219388e+04
3.446158301448755810e+04 3.412124325999716530e+04
3.459368930699860357e+04 3.424323868711058458e+04
3.470080910769963521e+04 3.434028479724047793e+04
3.478178853829739091e+04 3.441126239302650356e+04
3.483552166123210918e+04 3.445510165399481048e+04
3.486093683438704466e+04 3.447076928598942322e+04
3.485696748813168961e+04 3.445724077523110464e+04
3.482261040358757600e+04 3.441355637452295923e+04
3.475694108235234307e+04 3.433883607671091886e+04
3.465909227487875614e+04 3.423226038470031199e+04
3.452827543758098182e+04 3.409309045391903055e+04
3.436380985946528381e+04 3.392069521609783988e+04
3.416513715592821245e+04 3.371456696831349836e+04
3.393183551078564051e+04 3.347433682881294953e+04
3.366361590195893223e+04 3.319976771339262632e+04
3.336033799348476168e+04 3.289076973780852131e+04
3.302209623103393096e+04 3.254748851016766275e+04
3.264917474033349572e+04 3.217025778210138742e+04
3.224200437803760360e+04 3.175955441874567623e+04
3.180128745321652968e+04 3.131612400747501306e+04
3.132807677477465768e+04 3.084106012048519187e+04
3.082356963237075615e+04 3.033559541936108872e+04
3.028914241877961103e+04 2.980113591167965205e+04
2.972667601681900487e+04 2.923958721760511253e+04
2.913827810925640370e+04 2.865307512829162079e+04
2.852611032169598911e+04 2.804377184312153258e+04
2.789276634475421088e+04 2.741427313630221761e+04
2.724136580329609205e+04 2.676769155077437608e+04
2.657498125687778520e+04 2.610708465378638721e+04
2.589672176146575657e+04 2.543553867806581184e+04
2.521028357209155365e+04 2.475671756117845507e+04
2.451936398970778100e+04 2.407427912302992991e+04
2.382742684355981328e+04 2.339164191964822021e+04
2.313848506856225140e+04 2.271275652437148165e+04
2.245708420347126230e+04 2.204208998564413923e+04
2.178734266352298073e+04 2.138368236770382646e+04
2.113279440762880768e+04 2.074099468251776125e+04
2.049606762900793910e+04 2.011659745357576685e+04
1.987932791468959476e+04 1.951260450155586659e+04
1.928452844491911674e+04 1.893091800767611494e+04
1.871511538601787470e+04 1.837488494783422357e+04
1.817566921137931422e+04 1.784895241093861841e+04
1.767022611926468016e+04 1.735704219015991475e+04
1.720045996629929141e+04 1.690077254211816398e+04
1.676411790630970063e+04 1.647792385650036886e+04
1.635869620033661340e+04 1.608603523645371024e+04
1.598163790692338625e+04 1.572260196209872811e+04
1.563004568987239509e+04 1.538479746507971686e+04
1.530115708474405983e+04 1.506992905800821245e+04
1.499134573249979621e+04 1.477446960927799591e+04
1.469605091276413987e+04 1.449398474772326699e+04
1.441072411688022657e+04 1.422404632619275071e+04
1.412968287420567503e+04 1.395912338437353901e+04
1.384711542554960943e+04 1.369354368773705755e+04
1.355650540029053991e+04 1.342093406476986092e+04
1.325076866949461510e+04 1.313434272159793363e+04
1.292341704979421229e+04 1.282737062795277961e+04
1.256863308845448955e+04 1.249425140520202876e+04
1.218220316589552567e+04 1.213075465737311970e+04
1.176245080431559290e+04 1.173513597353004661e+04
1.131010263553075492e+04 1.130798839920980572e+04
1.082941396332782642e+04 1.085339950606743514e+04
1.032678146208272301e+04 1.037756236936248570e+04
9.810837346413465639e+03 9.888901064595424032e+03
9.291317630654075401e+03 9.396932945823096816e+03
8.778515791554627867e+03 8.911738587590265524e+03
8.283525786221385715e+03 8.444136088394692706e+03
7.816450947238063236e+03 8.004008930536512707e+03
7.387208562264248940e+03 7.600945956367680083e+03
7.003823593369388618e+03 7.242748437540770283e+03
6.671346598956871276e+03 6.934225612538676614e+03
6.391394982865812381e+03 6.676923049711408567e+03
6.160690483988808410e+03 6.467613942358999338e+03
5.971966239134277203e+03 6.299256183622544086e+03
5.814442489225387362e+03 6.161380328722950253e+03
5.674719742914776361e+03 6.040944767268982105e+03
5.538543597175214018e+03 5.923968601742337341e+03
5.391788819775507363e+03 5.796469301760307644e+03
5.222577648303034039e+03 5.646555635617097323e+03
5.023151775545905366e+03 5.466338730085302814e+03
4.791317377636167294e+03 5.253459577547482695e+03
4.531183336972500911e+03 5.011933011824346067e+03
4.252393056740356769e+03 4.751382479523648726e+03
3.968946481121094166e+03 4.485789785617224879e+03
3.697352430263142651e+03 4.231549789805316323e+03
3.453609830591583886e+03 4.004391489221926804e+03
3.248976796400957028e+03 3.815210242708669284e+03
3.086659953026408857e+03 3.666968676043999039e+03
2.961928976109814357e+03 3.554952834584202265e+03
2.864553012419086826e+03 3.469172910142005549e+03
2.780723837647288747e+03 3.396161859805418771e+03
2.694427060836801502e+03 3.320205783936119587e+03
2.591212443235601313e+03 3.227017766947258679e+03
2.464215683351545977e+03 3.109786910656241162e+03
2.316930099626903484e+03 2.972047149808849554e+03
2.160346368340644403e+03 2.824804942884145476e+03
2.008646540392252064e+03 2.682088221519120907e+03
1.875299921064386126e+03 2.556961010922267633e+03
1.768141219195673784e+03 2.456795496986972012e+03
1.686291045307649483e+03 2.380524463802337323e+03
1.620984221036790814e+03 2.319616159498650177e+03
1.559427726307877265e+03 2.261772575089342808e+03
1.489708002302505292e+03 2.195595328514144967e+03
1.407382037830125682e+03 2.116943783150058607e+03
1.316744864427420907e+03 2.030117498796009158e+03
1.227158210248381010e+03 1.944151628147716792e+03
1.148400968373407522e+03 1.868215291497577937e+03
1.084932185258919844e+03 1.806270392094768795e+03
1.033363746286112018e+03 1.754989965723200157e+03
9.858272861048360483e+02 1.707052407191901239e+03
9.349686616324743227e+02 1.655769846703027270e+03
8.788303500240526773e+02 1.599507547227151690e+03
8.217838054881292464e+02 1.542356951802492858e+03
7.698435292853362171e+02 1.489701864256132922e+03
7.258963795797325247e+02 1.443965571734991272e+03
6.879003118972958646e+02 1.403231915545497486e+03
6.511167948795726943e+02 1.363375117496749908e+03
6.127896685217897357e+02 1.322112785266926039e+03
5.742487250839124044e+02 1.280659596446260593e+03
5.386110026462006317e+02 1.241617681612702881e+03
5.072689750917051583e+02 1.206048759588841676e+03
4.786551752431554405e+02 1.172619199192447695e+03
4.505783412945563668e+02 1.139594680210577735e+03
4.227415789014752363e+02 1.106788991724390598e+03
3.965483566940810647e+02 1.075286248333856520e+03
3.727761322631616849e+02 1.045627330060535996e+03
3.506804970077250232e+02 1.017227664475902202e+03
3.293180281462964558e+02 9.894114714088733535e+02
3.088349341182969852e+02 9.622921512506572981e+02
2.898017430550132190e+02 9.362444264358158534e+02
2.721264587981373211e+02 9.111803557402034812e+02
2.553337878057244836e+02 8.867820158751829922e+02
2.393707840710417543e+02 8.630138099924664630e+02
2.244517145522712269e+02 8.399921720780813530e+02
2.104596641432905528e+02 8.176369940409291530e+02
1.972818300483214387e+02 7.958700837841327029e+02
1.848770561122974243e+02 7.746572408984300182e+02
1.732068666789945155e+02 7.539675275167608106e+02
1.622339707475275361e+02 7.337721877067443756e+02
1.519223044933394249e+02 7.140445267374385594e+02
1.422370627597027806e+02 6.947597991372789465e+02
1.331442616962560521e+02 6.758948549584066541e+02
1.246096695976585664e+02 6.574273820633625292e+02
1.166005027174665258e+02 6.393366352042589824e+02
1.090858108783267113e+02 6.216035893622558888e+02
1.020363803570221677e+02 6.042108531101290509e+02
9.542464160683130103e+01 5.871425871182605079e+02
8.922458159258255250e+01 5.703844271774174786e+02
8.341167159538150599e+01 5.539235035801050344e+02
7.796292729167997493e+01 5.377495957667377979e+02
7.285675022299912484e+01 5.218545659449977165e+02
6.807272777674579345e+01 5.062312238981355108e+02
6.359157272766550761e+01 4.908732494339999448e+02
5.939506832931398606e+01 4.757751432556092936e+02
5.546601553334840418e+01 4.609321788609052533e+02
5.178818222056651877e+01 4.463403588482132136e+02
4.834623816507391325e+01 4.319971490599417621e+02
4.512569433806584840e+01 4.179022684665612815e+02
4.211289726630524655e+01 4.040559269990384337e+02
3.929498981632190180e+01 3.904585344767070296e+02
3.665986820204623342e+01 3.771106721150923136e+02
3.419614105779249513e+01 3.640130644636923307e+02
3.189309049607347291e+01 3.511665518161049135e+02
2.974063519371064501e+01 3.385723465969140307e+02
2.772929591370023417e+01 3.262338011949663610e+02
2.585016131925051752e+01 3.141549050957303280e+02
2.409485575816814062e+01 3.023391863827888528e+02
2.245550915404925263e+01 2.907897085454321200e+02
2.092472843364416946e+01 2.795090744856099150e+02
1.949557042140658325e+01 2.684994316465983957e+02
1.816151608217732871e+01 2.577625015018319914e+02
1.691644393390703982e+01 2.473005648592685475e+02
1.575460693082703401e+01 2.371166333904325256e+02
1.467061406572724280e+01 2.272130075548963362e+02
1.365940970299221391e+01 2.175912043319706584e+02
1.271625378585784638e+01 2.082519966387400814e+02
1.183670313058633994e+01 1.991954533653877775e+02
1.101659375391420426e+01 1.904209797937029407e+02
1.025202395996184279e+01 1.819274926892068720e+02
9.539337952529569620e+00 1.737138692181397630e+02
8.875111885322368721e+00 1.657784678264564775e+02
8.256140076756798507e+00 1.581190021451079133e+02
7.679421717496671462e+00 1.507325934810630486e+02
7.142148341273774292e+00 1.436158222048475466e+02
6.641692018668233999e+00 1.367647778245807331e+02
6.175594212304392983e+00 1.301751099406614571e+02
5.741554951416190988e+00 1.238421124363448627e+02
5.337423153764839334e+00 1.177607534767392679e+02
4.961187705926763059e+00 1.119256813953760741e+02
4.610968710151862382e+00 1.063312662628515284e+02
