3.024704493548916435e+04 3.009835446176563710e+04
3.047839787969389363e+04 3.032406684485008373e+04
3.069265313548742415e+04 3.053255590460435269e+04
3.088876911425418803e+04 3.072278603178829508e+04
3.106571787623586715e+04 3.089373625878967505e+04
3.122244588341525741e+04 3.104436110445301165e+04
3.135785559075771380e+04 3.117357227193648941e+04
3.147087291098773494e+04 3.128030610307793540e+04
3.156044431620129399e+04 3.136352090471594784e+04
3.162547613153647762e+04 3.142213720227763406e+04
3.166489512914318766e+04 3.145509767638351695e+04
3.167768216984876926e+04 3.146140047540658634e+04
3.166281986099476853e+04 3.144004810244335022e+04
3.161929130053654808e+04 3.139004638883896041e+04
3.154615734952160346e+04 3.131048034693939553e+04
3.144254948304323261e+04 3.120050764224670638e+04
3.130761697144673235e+04 3.105930809049226809e+04
3.114059932671884235e+04 3.088615360932938711e+04
3.094085500319188577e+04 3.068043612300446330e+04
3.070783036188312326e+04 3.044163974655914353e+04
3.044107486372554195e+04 3.016935525887758558e+04
3.014028764351407881e+04 2.986332319862306394e+04
2.980532816855601777e+04 2.952344617659502183e+04
2.943622561087401482e+04 2.914980199592736244e+04
2.903318225120889110e+04 2.874264114432230053e+04
2.859658492502766967e+04 2.830239703106494926e+04
2.812709036421750352e+04 2.782977680649017202e+04
2.762559190508427855e+04 2.732572486246719200e+04
2.709315554835679359e+04 2.679135363096858418e+04
2.653113029221423130e+04 2.622805644836990541e+04
2.594127517915512362e+04 2.563763754016100575e+04
2.532550616961446212e+04 2.502205137025900694e+04
2.468589798299117683e+04 2.438340353247744861e+04
2.402506056869568056e+04 2.372433081594650866e+04
2.334585833017785262e+04 2.304771700349738603e+04
2.265114482857143230e+04 2.235642482571336586e+04
2.194414897884985112e+04 2.165368040433497663e+04
2.122868530103833837e+04 2.094328228963319634e+04
2.050841694715139238e+04 2.022886813799347510e+04
1.978690503993264065e+04 1.951396327421686146e+04
1.906832059488136656e+04 1.880268278610137349e+04
1.835676202209265466e+04 1.809905987591461599e+04
1.765588641403222937e+04 1.740668363999527719e+04
1.696974281785198036e+04 1.672950517366057829e+04
1.630289535153264114e+04 1.607195830207033941e+04
1.565926761023695872e+04 1.543784653062806501e+04
1.504207618847459889e+04 1.483027529855411194e+04
1.445376587518434826e+04 1.425157058629345738e+04
1.389622565292941363e+04 1.370351388619893623e+04
1.337097463722057000e+04 1.318753041232514806e+04
1.288062424459000795e+04 1.270606040069817027e+04
1.242872857361028036e+04 1.226242283379010405e+04
1.201829343554795742e+04 1.185942261336878073e+04
1.164999547809322030e+04 1.149761114574103522e+04
1.132024514807928063e+04 1.117338983041818574e+04
1.102531179625559707e+04 1.088303024733126767e+04
1.076180588333987725e+04 1.062314563340101631e+04
1.052650919490453271e+04 1.039052751888881903e+04
1.031648092242519124e+04 1.018224186433656723e+04
1.012782739396487523e+04 9.994462886358114702e+03
9.955429313129154252e+03 9.822214647168715601e+03
9.794125599237602728e+03 9.660498687424125819e+03
9.637080375169525723e+03 9.502788477328076624e+03
9.477064836231485970e+03 9.342216423123651111e+03
9.306266080722756669e+03 9.171432325712690727e+03
9.116314766587469421e+03 8.982630751451737524e+03
8.899806229156080008e+03 8.768966552607940685e+03
8.650746087802670445e+03 8.525008013981889235e+03
8.365277958861055595e+03 8.247340888654007358e+03
8.043192923380718639e+03 7.936017889901613671e+03
7.686529801388476699e+03 7.593160663598722749e+03
7.300155219963748095e+03 7.223527434851759608e+03
6.891031999941584218e+03 6.833760281690717420e+03
6.468430474331715232e+03 6.432604412699611203e+03
6.042624861882450205e+03 6.029664359496953693e+03
5.624405084422209256e+03 5.634966834251266846e+03
5.225942561855509666e+03 5.259688936019577341e+03
4.858050278195329156e+03 4.913767242218702449e+03
4.530658254593697166e+03 4.606135954127544210e+03
4.251132363030847955e+03 4.343414259591859263e+03
4.022558202941872423e+03 4.128137854952127782e+03
3.844767820741131800e+03 3.959884013912496812e+03
3.712858759894044397e+03 3.833858122572012689e+03
3.619132064503217862e+03 3.742760878555204727e+03
3.552943449743308065e+03 3.676672603940375666e+03
3.501324772977317934e+03 3.623692661476507055e+03
3.450194704784273199e+03 3.571039054673666669e+03
3.385348651953967419e+03 3.505970640782315513e+03
3.295014795003854033e+03 3.418068664517226807e+03
3.171500486055841975e+03 3.300659527270190665e+03
3.012665076151861285e+03 3.152077807745930841e+03
2.822661939144326880e+03 2.976285166973314062e+03
2.612186558480765143e+03 2.783003327269761030e+03
2.397259712724843666e+03 2.586557378413918286e+03
2.195825744846354155e+03 2.402834622196719010e+03
2.022770263723809876e+03 2.244848024431325484e+03
1.886154094836171680e+03 2.119455864635600392e+03
1.787280677423429324e+03 2.027520751564253715e+03
1.722232027262351494e+03 1.965332300305723720e+03
1.681922603851425265e+03 1.924735119635431147e+03
1.651859816137861571e+03 1.892999895237149758e+03
1.615413667828306188e+03 1.855714931969238023e+03
1.559741183334853531e+03 1.801900260646176775e+03
1.480019223016834303e+03 1.727588364320777600e+03
1.379572562344443668e+03 1.635844104590970801e+03
1.268932706378658622e+03 1.535846845485300264e+03
1.162847311561781680e+03 1.440215906122348315e+03
1.074080429681979695e+03 1.359682306871239916e+03
1.008867123237897999e+03 1.299304908551536300e+03
9.658570866920160825e+02 1.257714611532305071e+03
9.363008245809647860e+02 1.227413913585027558e+03
9.075845433139975285e+02 1.197825910942568044e+03
8.696843862845947797e+02 1.160674673858386086e+03
8.189621716218211986e+02 1.113078570331070068e+03
7.592670555638451333e+02 1.058353266554309585e+03
7.003019753492569635e+02 1.004520055041768160e+03
6.510670692962956991e+02 9.588544333632257803e+02
6.147394402963421953e+02 9.237822317760071655e+02
5.881515961287867640e+02 8.966117343691614678e+02
5.637707849796317987e+02 8.712480683105883372e+02
5.350187947908337947e+02 8.424824424924388495e+02
5.008262753701279735e+02 8.095521619442237125e+02
4.652157598115664427e+02 7.756891324497260030e+02
4.337254427200238638e+02 7.452075230457218140e+02
4.088456747312213793e+02 7.199552856149419995e+02
3.883678816345433802e+02 6.981528878890624128e+02
3.680646834686448869e+02 6.765503066423249265e+02
3.457301084574717720e+02 6.535085726473805607e+02
3.226834852009059205e+02 6.300580028916218680e+02
3.018035583292554520e+02 6.083377544004440551e+02
2.841861330338913945e+02 5.891103819701640987e+02
2.683642258270719481e+02 5.712656188489445412e+02
2.524392221810549870e+02 5.534282493613412726e+02
2.363030771495026841e+02 5.355382427497876279e+02
2.212240081261914497e+02 5.184939923103854653e+02
2.078598380131964518e+02 5.027326483555677896e+02
1.955104949619867796e+02 4.877499840362257828e+02
1.834087070310602030e+02 4.730206221104207316e+02
1.717411505434791934e+02 4.586732778260862347e+02
1.610092900582726543e+02 4.450325811469908786e+02
1.511172488008880919e+02 4.320220242467384537e+02
1.416853006611109436e+02 4.193920412410579956e+02
1.327030226324275759e+02 4.071328671473610825e+02
1.242919762846443916e+02 3.953144339868297834e+02
1.164135431297625729e+02 3.839057262112233389e+02
1.090303793735116642e+02 3.728802974911427555e+02
1.021081602857888129e+02 3.622137345207650583e+02
9.561534643663435418e+01 3.518833561073770966e+02
8.952293012930451255e+01 3.418680961932835771e+02
8.380420657581039734e+01 3.321483970333949287e+02
7.843456721535746112e+01 3.227061115372787867e+02
7.339174993067194919e+01 3.135248511304462227e+02
6.865726183760422430e+01 3.045916419181987180e+02
6.421420036489216443e+01 2.958950786343625055e+02
6.004639112492166930e+01 2.874244886521961462e+02
5.613837581345516270e+01 2.791698899714297681e+02
5.247539853405881161e+01 2.711219523121559973e+02
4.904339038935476225e+01 2.632719606603477587e+02
4.582894700722237502e+01 2.556117824994276475e+02
4.281907038299578971e+01 2.481339002746478286e+02
4.000113571122932399e+01 2.408313978592382512e+02
3.736324982838081610e+01 2.336978375458246830e+02
3.489423665391476703e+01 2.267272266170012358e+02
3.258359501345503872e+01 2.199139927615200634e+02
3.042145889102456735e+01 2.132529607230828788e+02
2.839855997268751508e+01 2.067393300755692280e+02
2.650620162962450621e+01 2.003687284040268253e+02
2.473627276763731686e+01 1.941375973215843942e+02
2.308116514001615727e+01 1.880428196617058916e+02
2.153371781642295346e+01 1.820814827578360280e+02
2.008719282809775564e+01 1.762508648641138223e+02
1.873525206487988726e+01 1.705484227466613163e+02
1.747193528823912700e+01 1.649717797066371077e+02
1.629163914447406825e+01 1.595187156121651526e+02
1.518909135126331655e+01 1.541872904422310739e+02
1.415932952310092752e+01 1.489759119323659888e+02
1.319769464459949937e+01 1.438830839094141254e+02
1.229981455947602065e+01 1.389073727830082987e+02
1.146158717176927233e+01 1.340474007556032348e+02
1.067916456667921388e+01 1.293018392914827928e+02
9.948938005357012671e+00 1.246694028440751083e+02
9.267523747593982009e+00 1.201488723274414951e+02
8.631749648864309066e+00 1.157393094917129446e+02
8.038642536965884489e+00 1.114398887085986161e+02
7.485416294644928747e+00 1.072497474356303684e+02
6.969460603481651972e+00 1.031679838122834241e+02
6.488330326327011122e+00 9.919365573028451877e+01
6.039735495023689893e+00 9.532578009077458603e+01
5.621531870262031383e+00 9.156333290087904686e+01
5.231711787852432849e+00 8.790538146319431689e+01
4.868395569531611677e+00 8.435121485836600641e+01
4.529824237091237826e+00 8.090005027475689303e+01
4.214352128325894675e+00 7.755099492346334955e+01
3.920439863134905334e+00 7.430305169011398903e+01
3.646647725992561373e+00 7.115512482075095591e+01
3.391629441649816279e+00 6.810602562503068214e+01
3.154126302811178117e+00 6.515449502007933802e+01
2.932961476750840735e+00 6.229938282411881545e+01
2.727034976070888295e+00 5.953954811778261558e+01
2.535318954881988329e+00 5.687372607354944876e+01
