2.443520478000853836e+04 2.422116988606849554e+04
2.474605360942321204e+04 2.452345967600067161e+04
2.504951636605143358e+04 2.481816321415900165e+04
2.534486450946110926e+04 2.510455875632230527e+04
2.563132271998628130e+04 2.538188228456235811e+04
2.590809984290756256e+04 2.564935574792243642e+04
2.617439408667651514e+04 2.590619179914862616e+04
2.642936578174737951e+04 2.615156731598416081e+04
2.667215109904620840e+04 2.638463688555638873e+04
2.690188428524463961e+04 2.660455457062138521e+04
2.711768165468536608e+04 2.681045884765044684e+04
2.731862289663463525e+04 2.700145501713755220e+04
2.750378985057810496e+04 2.717665224671586111e+04
2.767227100648538544e+04 2.733516801716163172e+04
2.782313149609599714e+04 2.747609989424823652e+04
2.795543678820010609e+04 2.759854815396527192e+04
2.806827616189199762e+04 2.770163816284856148e+04
2.816074831833179269e+04 2.778450715049091377e+04
2.823195359830967573e+04 2.784629717119655834e+04
2.828102938912129321e+04 2.788618838328525453e+04
2.830715692028525882e+04 2.790340577043287703e+04
2.830955556222223458e+04 2.789721502986170526e+04
2.828749755344423829e+04 2.786693569798378667e+04
2.824031982746943322e+04 2.781195186687559544e+04
2.816744229667450054e+04 2.773173115517323095e+04
2.806837734673695013e+04 2.762583414042870209e+04
2.794271989092998047e+04 2.749390275001377813e+04
2.779016962230928038e+04 2.733568216311489959e+04
2.761060358142861151e+04 2.715109340192795935e+04
2.740401679702768888e+04 2.694017307449581131e+04
2.717050378838546021e+04 2.670305429303341589e+04
2.691038048980927488e+04 2.644008778211325625e+04
2.662418420267340116e+04 2.615184132310577479e+04
2.631254431904272496e+04 2.583897055563994581e+04
2.597626049920525475e+04 2.550229646170690830e+04
2.561652275727150845e+04 2.514302388425339814e+04
2.523464606747706057e+04 2.476247713928271332e+04
2.483200750149452506e+04 2.436203744631864174e+04
2.441034360507732708e+04 2.394343956639721364e+04
2.397165938102800283e+04 2.350868076401251164e+04
2.351794078016329877e+04 2.305973403641660116e+04
2.305136724090066127e+04 2.259876100475911153e+04
2.257469861281173871e+04 2.212849902406740148e+04
2.209067483252774400e+04 2.165166102155303815e+04
2.160189809242666524e+04 2.117081910462331507e+04
2.111097416319409240e+04 2.068855514905005111e+04
2.062043475147868958e+04 2.020737965460894702e+04
2.013262350853940734e+04 1.972961201595917009e+04
1.965006474719977996e+04 1.925775386160283233e+04
1.917586737970666582e+04 1.879489828259518981e+04
1.871295184151480862e+04 1.834395001698805572e+04
1.826393916789055584e+04 1.790751776043663995e+04
1.783110231646415195e+04 1.748788942345965916e+04
1.741643418464215210e+04 1.708708671250337284e+04
1.702167583645986451e+04 1.670688178082571540e+04
1.664722283448564121e+04 1.634772862668689413e+04
1.629209953752753063e+04 1.600873708554282348e+04
1.595529757410025377e+04 1.568898241839624279e+04
1.563514798392510602e+04 1.538688589769522878e+04
1.532925261003110791e+04 1.510014442852882166e+04
1.503526665365733606e+04 1.482649867567589536e+04
1.475021261589071401e+04 1.456303992077158364e+04
1.447081445350626927e+04 1.430654083700196497e+04
1.419369654539023213e+04 1.405364287007701751e+04
1.391478083359498851e+04 1.380022623870417374e+04
1.363005445868294009e+04 1.354219303666128508e+04
1.333498846030859750e+04 1.327483738044545134e+04
1.302502331184004834e+04 1.299334834682190740e+04
1.269606665598865402e+04 1.269330417597199630e+04
1.234458466447717001e+04 1.237076693020636594e+04
1.196861953734549206e+04 1.202336507905900180e+04
1.156807580512556706e+04 1.165060825737769846e+04
1.114496503290620421e+04 1.125420149507656970e+04
1.070354216491669104e+04 1.083822424463351308e+04
1.024983025751851528e+04 1.040867683148951983e+04
9.791094784832668665e+03 9.972950793289470312e+03
9.335304435108482721e+03 9.539273560859779536e+03
8.890438796846827245e+03 9.115971924229341312e+03
8.464543843236631801e+03 8.711519330517498020e+03
8.064701332109888426e+03 8.333457058023161153e+03
7.697440784414175141e+03 7.988796557941544961e+03
7.367517438343142203e+03 7.682774136414460372e+03
7.077318291067749669e+03 7.418178483991047869e+03
6.826050904092229757e+03 7.194508056277425567e+03
6.609427698122969559e+03 7.007555735501809068e+03
6.419666111379799986e+03 6.849322172252441305e+03
6.246878331997181704e+03 6.709375471252902571e+03
6.079747814292833027e+03 6.575459141148246090e+03
5.907394382515522921e+03 6.435452715329622151e+03
5.720360137099943131e+03 6.278469007556991528e+03
5.512131529769951158e+03 6.096656382868881337e+03
5.280375733385489184e+03 5.886785212485024203e+03
5.027389566796849977e+03 5.650943320238319757e+03
4.759949216175818037e+03 5.396519998790134196e+03
4.488119739566355747e+03 5.134869363464265916e+03
4.223722675622329007e+03 4.879484470395133030e+03
3.978745824831602476e+03 4.644101394801677998e+03
3.763128424302397434e+03 4.440145826231404499e+03
3.581948515028453585e+03 4.273564611684216288e+03
3.433383444375224371e+03 4.142543449495120512e+03
3.309426817152702370e+03 4.038247188371825359e+03
3.198841122457403344e+03 3.947996811492186225e+03
3.089751459485366922e+03 3.858075689270140629e+03
2.971281181537257908e+03 3.755590998541880253e+03
2.836330256930627456e+03 3.631889341009791224e+03
2.685202606800165086e+03 3.487126960192383194e+03
2.525878015864574081e+03 3.330757449255788288e+03
2.369766350424160009e+03 3.176390429675985615e+03
2.227344510531399919e+03 3.036447666092490181e+03
2.105593913713198617e+03 2.919119891573578116e+03
2.005527548116241633e+03 2.825588501472536791e+03
1.921321423670714466e+03 2.749094255116277964e+03
1.843209794331953844e+03 2.678250265630690592e+03
1.761641700062396922e+03 2.601832029552886070e+03
1.671359999795629619e+03 2.513665268602469496e+03
1.574310616270665378e+03 2.416174371582498679e+03
1.477852301887188105e+03 2.318178939263871143e+03
1.389537546372456063e+03 2.228561728850185773e+03
1.313759559599180648e+03 2.152339014826384300e+03
1.249319402635951974e+03 2.088023124922985062e+03
1.190198680007032408e+03 2.028676416322605519e+03
1.130319789769678209e+03 1.967407069886150566e+03
1.067234720500389585e+03 1.901574506116631028e+03
1.003332441764104829e+03 1.834060660270893550e+03
9.435005846775507052e+02 1.770418613267073397e+03
8.905595840481526011e+02 1.713706198826356967e+03
8.434976850109105726e+02 1.662714674015427590e+03
7.988890763118788527e+02 1.613712444666500687e+03
7.540505099735938757e+02 1.563912194439097448e+03
7.093958670860534994e+02 1.513880010423447857e+03
6.672813003893840005e+02 1.466127047930633580e+03
6.290776323656999693e+02 1.422012118035339881e+03
5.939551600878777435e+02 1.380639966777177278e+03
5.601347756002006690e+02 1.340261457224883088e+03
5.270561746384942126e+02 1.300397346495457214e+03
4.955954222732848962e+02 1.261917880339016619e+03
4.665069364101341876e+02 1.225499084830245920e+03
4.393804084412788029e+02 1.190735859598677962e+03
4.134364907406556995e+02 1.156945807710287227e+03
3.885964156634884716e+02 1.124083066045692703e+03
3.652677454313324574e+02 1.092482205946634849e+03
3.434656828234159889e+02 1.062131258566660790e+03
3.228291438520290626e+02 1.032737258850389935e+03
3.032254803522527595e+02 1.004199498615257767e+03
2.847804235191214275e+02 9.765971009042378910e+02
2.674529175701197232e+02 9.498818048967493723e+02
2.511193422044275394e+02 9.239589968908023820e+02
2.357131276978466019e+02 8.987720575852008551e+02
2.211891757749253316e+02 8.742748859473604170e+02
2.075045834796885913e+02 8.504250034612925901e+02
1.946177610147497887e+02 8.271830214871849876e+02
1.824884714981112381e+02 8.045124600883391395e+02
1.710778600179040154e+02 7.823795814128050097e+02
1.603481347393205851e+02 7.607525896027368617e+02
1.502613408451638293e+02 7.395989154585624874e+02
1.407809214015095165e+02 7.188876978032627676e+02
1.318722733583613262e+02 6.985908005313307285e+02
1.235026509986476952e+02 6.786826740362374721e+02
1.156410734068443418e+02 6.591402260069615977e+02
1.082582361274595115e+02 6.399427008521349762e+02
1.013264270485253462e+02 6.210715686557207391e+02
9.481952712349378487e+01 6.025113233000971604e+02
8.871302604791472390e+01 5.842506135001444818e+02
8.298373587304212151e+01 5.662799657583954058e+02
7.760969573064964777e+01 5.485913180883324003e+02
7.257011588131940982e+01 5.311779437452421462e+02
6.784532362383090742e+01 5.140343761512771152e+02
6.341671105889329851e+01 4.971563346581344831e+02
5.926668398649232472e+01 4.805407306139453567e+02
5.537858741517330685e+01 4.641886245094585206e+02
5.173665949714995094e+01 4.481055847739933711e+02
4.832602514688029771e+01 4.322973481605496886e+02
4.513265309054218477e+01 4.167694869175156214e+02
4.214331214969552519e+01 4.015273805050589431e+02
3.934552948320197885e+01 3.865761883020605865e+02
3.672755072222193462e+01 3.719208234123458396e+02
3.427830174102880534e+01 3.575662114696049798e+02
3.198735027490651106e+01 3.435205103995891704e+02
2.984487278055634718e+01 3.297933582569282294e+02
2.784162332139365859e+01 3.163931334545064260e+02
2.596890208543157996e+01 3.033269402964285177e+02
2.421852540095615680e+01 2.906006542011967895e+02
2.258279722801332667e+01 2.782189696652143311e+02
2.105448206568355118e+01 2.661854505420301393e+02
1.962677873065013401e+01 2.545028192280950350e+02
1.829329390021161572e+01 2.431740509299404209e+02
1.704802136989549055e+01 2.322013290320289514e+02
1.588532104603890538e+01 2.215855852344400319e+02
1.479989792592793130e+01 2.113265842520932551e+02
1.378678218567208447e+01 2.014230089500173904e+02
1.284131032603048261e+01 1.918725446639783740e+02
1.195910732605758398e+01 1.826719622350710495e+02
1.113606920490256336e+01 1.738172117649236270e+02
1.036834629949137287e+01 1.653035204426358007e+02
9.652329764182846716e+00 1.571254348797901628e+02
8.984637514582058060e+00 1.492768892880642397e+02
8.362100655383953196e+00 1.417512775007723178e+02
7.781750669058313363e+00 1.345415217982520630e+02
7.240807326565332325e+00 1.276401383846173445e+02
6.736667274658003635e+00 1.210392976614791252e+02
