2.919453807630603842e+04 2.897281022580993886e+04
2.949359069996101243e+04 2.926321128645556746e+04
2.977970843790093568e+04 2.954047806926719932e+04
3.005195668363932418e+04 2.980368450117703469e+04
3.030940018748465809e+04 3.005190515244369089e+04
3.055109078419038633e+04 3.028420293176510313e+04
3.077604468333328623e+04 3.049960640369434259e+04
3.098328134304568084e+04 3.069714877196289308e+04
3.117182880077444133e+04 3.087587335967635590e+04
3.134068143053101085e+04 3.103479233285326700e+04
3.148882756112901916e+04 3.117291393696970772e+04
3.161528217839936406e+04 3.128927467470150077e+04
3.171906437236030615e+04 3.138291740408713667e+04
3.179918337032524505e+04 3.145287785688565782e+04
3.185468793615568575e+04 3.149823302299690840e+04
3.188466862134077383e+04 3.151810355091852762e+04
3.188822251967659759e+04 3.151161994770984893e+04
3.186449267381124082e+04 3.147796077270345268e+04
3.181269261240911510e+04 3.141637646184714686e+04
3.173209694552063593e+04 3.132618123523362374e+04
3.162204649980939212e+04 3.120675824603850560e+04
3.148197368311516402e+04 3.105758311633047924e+04
3.131141506543017749e+04 3.087823689705758443e+04
3.111003022439951019e+04 3.066842649110147977e+04
3.087759375431687295e+04 3.042797426796307263e+04
3.061400155698748858e+04 3.015682356082337355e+04
3.031934432130358982e+04 2.985511374320684990e+04
2.999388973555645498e+04 2.952316132312802074e+04
2.963802820450687796e+04 2.916140358904124514e+04
2.925235662173069431e+04 2.877048271717011448e+04
2.883778578250338614e+04 2.835135356663760467e+04
2.839535830867064215e+04 2.790509930123350205e+04
2.792625437099160990e+04 2.743293648594403930e+04
2.743207654010251645e+04 2.693649960277585706e+04
2.691465202979374953e+04 2.641764237127155138e+04
2.637585106849427029e+04 2.587825567994852827e+04
2.581786836188603775e+04 2.532054731368798457e+04
2.524334411124547114e+04 2.474716156381443943e+04
2.465489172100428186e+04 2.416070907053933479e+04
2.405517403712129817e+04 2.356384208795995073e+04
2.344743192678557534e+04 2.295977691229605989e+04
2.283493804850471133e+04 2.235175329442804286e+04
2.222076274863818981e+04 2.174280335598618694e+04
2.160824596155466497e+04 2.113621588052970037e+04
2.100095061170476401e+04 2.053549054612780674e+04
2.040211750862504778e+04 1.994380299167276826e+04
1.981482053364854801e+04 1.936415630823295942e+04
1.924235729428466220e+04 1.879976097579328052e+04
1.868774900047622214e+04 1.825355090003731311e+04
1.815361830498754716e+04 1.772806608599775791e+04
1.764199847808218692e+04 1.722526346804611603e+04
1.715447110636602520e+04 1.674665484229761205e+04
1.669238345885555827e+04 1.629352376144553273e+04
1.625679811035855164e+04 1.586687306439363965e+04
1.584843435524279448e+04 1.546736403715886081e+04
1.546787961210454159e+04 1.509553228081285670e+04
1.511492570030352363e+04 1.475115005727125936e+04
1.478564564975336543e+04 1.443040818897826830e+04
1.447523498890541669e+04 1.412865476123479857e+04
1.417935555370492693e+04 1.384169324827852506e+04
1.389444369666097373e+04 1.356609499170338495e+04
1.361734915374079901e+04 1.329883443060950049e+04
1.334450319153781129e+04 1.303648565375247199e+04
1.307084084856321897e+04 1.277419222923069719e+04
1.279135177615026805e+04 1.250714135663575144e+04
1.250034961503926024e+04 1.222987419253264670e+04
1.219180102885232918e+04 1.193658963630037942e+04
1.186054072717870804e+04 1.162230698962158385e+04
1.150256315038448338e+04 1.128316552634406617e+04
1.111544738250132832e+04 1.091679887219487500e+04
1.070058242526646427e+04 1.052452791027207604e+04
1.026112084966925067e+04 1.010934963809950023e+04
9.803066994134409470e+03 9.677024691799551874e+03
9.333528482987849202e+03 9.234367344151198267e+03
8.861258991136495752e+03 8.789773176516959211e+03
8.395011993973512290e+03 8.351632969339101692e+03
7.943558151294480012e+03 7.928321797396792135e+03
7.515183339848099422e+03 7.527737644375724813e+03
7.118150036472383363e+03 7.157728359320316486e+03
6.759418515512204067e+03 6.824841155316036748e+03
6.444532932845237156e+03 6.534273903197330583e+03
6.175029934029370452e+03 6.287423247712777084e+03
5.949246979980760443e+03 6.082615589232632374e+03
5.760783505316697301e+03 5.913733772641738142e+03
5.600290319849174011e+03 5.771835642438170908e+03
5.456020186417547848e+03 5.645707838025245110e+03
5.315776621734627042e+03 5.523641511935047674e+03
5.167740304658853347e+03 5.394221661925284934e+03
5.002231905134006411e+03 5.248012564293490868e+03
4.812712157125838530e+03 5.078542394684105602e+03
4.597701775196005656e+03 4.884256902946900482e+03
4.360473469161902358e+03 4.668242541184814399e+03
4.108396315647154552e+03 4.437626288177516471e+03
3.851856579916126975e+03 4.202500770411426856e+03
3.603469624349686910e+03 3.975059164742484427e+03
3.376292829965995679e+03 3.767828429393663100e+03
3.180862952157207474e+03 3.590821354653037815e+03
3.021181170538773131e+03 3.447722975451439197e+03
2.893414686594888281e+03 3.334788879820321199e+03
2.788936701183411060e+03 3.243762065451282069e+03
2.697269342193488683e+03 3.164637172055469364e+03
2.606879360198132872e+03 3.086360268722079127e+03
2.506270545603288610e+03 2.997846864729398931e+03
2.388603202422438244e+03 2.892470710285563655e+03
2.255597173457899771e+03 2.771910943791306636e+03
2.115477068577581122e+03 2.644165615786096623e+03
1.978438399516085155e+03 2.519084008260844257e+03
1.854023090962345805e+03 2.405752949762942990e+03
1.748807440226310291e+03 2.310305736340091244e+03
1.663170083598992960e+03 2.232966798383425612e+03
1.591641970150278667e+03 2.168493577971457398e+03
1.525732740321014717e+03 2.108863736895309103e+03
1.456694059237371221e+03 2.045856295151527547e+03
1.380168704356479338e+03 1.975432853297219026e+03
1.298570334340598492e+03 1.899958838605748724e+03
1.217617430489882736e+03 1.824857737062323167e+03
1.143321646309456810e+03 1.755707642339508084e+03
1.079497270391505481e+03 1.695930768593783114e+03
1.024824291810529985e+03 1.644211550526584460e+03
9.746219121605824967e+02 1.596236631030141552e+03
9.243890076099435191e+02 1.547943953729360146e+03
8.721010123411942914e+02 1.497580896407193222e+03
8.196527315452478888e+02 1.446917596731111189e+03
7.705116784211210188e+02 1.399045587074743480e+03
7.264773828738285602e+02 1.355494223129775264e+03
6.869518572193536556e+02 1.315677979206384862e+03
6.495974866488470525e+02 1.277558465168160183e+03
6.126277677523373768e+02 1.239638472713990041e+03
5.762993522943983180e+02 1.202174696329391054e+03
5.419914404452157441e+02 1.166324463687084290e+03
5.105090028255642665e+02 1.132719073035758584e+03
4.813343758547526363e+02 1.100906256145901580e+03
4.534949153214979560e+02 1.070102879576880241e+03
4.265905868974767827e+02 1.040007650804095874e+03
4.010846253836888309e+02 1.010981244793295559e+03
3.772995086584286355e+02 9.832516939505778737e+02
3.550313517480279302e+02 9.566484077435516156e+02
3.338775137199686469e+02 9.308712386377050052e+02
3.137659783215422635e+02 9.058672170379837780e+02
2.948407821563597508e+02 8.817278619259298011e+02
2.770800467584005560e+02 8.584246446711747467e+02
2.603165022713640155e+02 8.358365848052724232e+02
2.444614297308996811e+02 8.138995718639862389e+02
2.295347399005771649e+02 7.926161123730348663e+02
2.154971109340013697e+02 7.719516976936790797e+02
2.022629892696514275e+02 7.518468806984313915e+02
1.897915879970777269e+02 7.322689798006161936e+02
1.780554718865607811e+02 7.131934796137153398e+02
1.670150414557516001e+02 6.945905820824533521e+02
1.566306148994281102e+02 6.764313951148969863e+02
1.468647047606741580e+02 6.586891370081424384e+02
1.376818988688709453e+02 6.413390218445018718e+02
1.290487477187890306e+02 6.243581537438626583e+02
1.209336579373851919e+02 6.077254290435926123e+02
1.133068260388261166e+02 5.914215079206835526e+02
1.061405003130178386e+02 5.754294120852762262e+02
9.940864316067764150e+01 5.597341064860258939e+02
9.308654903811324743e+01 5.443218903681122356e+02
8.715078263431827565e+01 5.291803234743729263e+02
8.157912429307124569e+01 5.142981655153505471e+02
7.635051692810411339e+01 4.996653184095670781e+02
7.144501430048937607e+01 4.852727724920437709e+02
6.684368567097024538e+01 4.711130132474510788e+02
6.252852260922033878e+01 4.571805266860618531e+02
5.848250473138457295e+01 4.434707015908700782e+02
5.468956626594933823e+01 4.299796163269905946e+02
5.113454669403760988e+01 4.167039982930362498e+02
4.780314364550142869e+01 4.036411838920226955e+02
4.468186796850552156e+01 3.907890789247065868e+02
4.175800170552133039e+01 3.781462914568462566e+02
3.901956408715808067e+01 3.657136157006950725e+02
3.645526709267393528e+01 3.534930259743869101e+02
3.405447337185506740e+01 3.414865491277342358e+02
3.180716143400703189e+01 3.296962291611788487e+02
2.970389255739011247e+01 3.181241062409367260e+02
2.773577928696464667e+01 3.067721961945614453e+02
2.589445544585960945e+01 2.956424770626773011e+02
2.417204585570967623e+01 2.847378450010884308e+02
2.256113802974692106e+01 2.740629311122916079e+02
2.105476031835448225e+01 2.636220616443017093e+02
1.964635773353231585e+01 2.534189936552154165e+02
1.832976850980347905e+01 2.434569261463091152e+02
1.709920187502648758e+01 2.337385124625146204e+02
1.594921697658983462e+01 2.242658738725686760e+02
1.487470266738782598e+01 2.150407559111295654e+02
1.387085692868795839e+01 2.060655571127324208e+02
1.293317049953756381e+01 1.973425490167697944e+02
1.205741100923828668e+01 1.888732348149327436e+02
1.123960680978320781e+01 1.806583855839445221e+02
1.047603168224196502e+01 1.726980824294068952e+02
9.763190382875237106e+00 1.649917588796226084e+02
9.097804981648300426e+00 1.575382451299523723e+02
8.476801491849341730e+00 1.503359745904606655e+02
7.897297493908208565e+00 1.433831155381845974e+02
7.356591565595134163e+00 1.366773028700348505e+02
6.852152477606939129e+00 1.302156517941079983e+02
6.381608906215411992e+00 1.239948051152127277e+02
5.942739735023720549e+00 1.180109791692297705e+02
5.533464914504942378e+00 1.122600082509697614e+02
5.151836793755097510e+00 1.067373882376726755e+02
