3.455311486739756947e+04 3.431599262972138968e+04
3.485530534597822407e+04 3.460914451970510709e+04
3.513919192525486869e+04 3.488380486324618687e+04
3.540359524983886513e+04 3.513880121858859638e+04
3.564730870991461416e+04 3.537293680634751217e+04
3.586906745119900006e+04 3.558496113516595506e+04
3.606761766214309318e+04 3.577363677480578190e+04
3.624172063414767035e+04 3.593774316587923386e+04
3.639009443934090814e+04 3.607601866444279585e+04
3.651146301789188874e+04 3.618720950764418376e+04
3.660459506500622956e+04 3.627010858799865673e+04
3.666826088677666849e+04 3.632351351219372737e+04
3.670122007448822842e+04 3.634621480995473394e+04
3.670229826061215135e+04 3.633707109825973748e+04
3.667038741153571027e+04 3.629500971820421546e+04
3.660439875417266740e+04 3.621898172391215485e+04
3.650332313427607733e+04 3.610802027191700472e+04
3.636626192434497352e+04 3.596127064900578262e+04
3.619240857275450981e+04 3.577797427840973251e+04
3.598105888770087768e+04 3.555747875421151548e+04
3.573165028321798309e+04 3.529927404240103351e+04
3.544378011262625660e+04 3.500301177784043830e+04
3.511723199623636901e+04 3.466853455291368300e+04
3.475196220452320995e+04 3.429585778138009482e+04
3.434810866885089490e+04 3.388517746235558297e+04
3.390610178923566127e+04 3.343698459039830050e+04
3.342663091388671455e+04 3.295202943031406176e+04
3.291055968829601625e+04 3.243123281601717099e+04
3.235904970231506377e+04 3.187581100156986577e+04
3.177372012697744140e+04 3.128743682847747550e+04
3.115636415984455743e+04 3.066795116681735453e+04
3.050894828289537691e+04 3.001936118302989780e+04
2.983403047129809056e+04 2.934425941355074247e+04
2.913446979449332503e+04 2.864553136889467351e+04
2.841313796929380260e+04 2.792606578062289191e+04
2.767333386781746594e+04 2.718916585237901018e+04
2.691901284860330998e+04 2.643877604665059698e+04
2.615402106229791752e+04 2.567872174844197798e+04
2.538214945939552854e+04 2.491276245437962643e+04
2.460785225700963929e+04 2.414530017962102647e+04
2.383555587974358787e+04 2.338069824586442701e+04
2.306930467768328890e+04 2.262293276296195836e+04
2.231363850065290899e+04 2.187644398392746371e+04
2.157366452651449799e+04 2.114620648338287720e+04
2.085390717106235752e+04 2.043661676811373400e+04
2.015815706752289771e+04 1.975134546975001649e+04
1.948917334160329119e+04 1.909303955018570196e+04
1.884914760941267741e+04 1.846378833672925248e+04
1.823998643352631916e+04 1.786540136795754006e+04
1.766506836906442550e+04 1.730107377265892137e+04
1.712885416585084386e+04 1.677501916529729715e+04
1.663522347091816482e+04 1.629089722635616818e+04
1.618512450013204216e+04 1.584953426095394207e+04
1.577462160192318697e+04 1.544702825928543643e+04
1.539962206718083326e+04 1.507933377987295353e+04
1.505633386394278568e+04 1.474271101847832870e+04
1.474111792495491864e+04 1.443358739744674858e+04
1.445058235450126631e+04 1.414863676442191900e+04
1.418023886987417245e+04 1.388350630410879785e+04
1.392442394444377351e+04 1.363274080525768659e+04
1.367741926848370531e+04 1.339084695988354360e+04
1.343184118026910983e+04 1.315079546551106432e+04
1.318007209492232323e+04 1.290535058265589942e+04
1.291380105777122844e+04 1.264666446118301064e+04
1.262423520056763482e+04 1.236646664874932867e+04
1.230384956609306391e+04 1.205771231869284202e+04
1.194684943041718179e+04 1.171504136325826221e+04
1.154975486371225998e+04 1.133527767172425774e+04
1.111268011464685333e+04 1.091867812071381559e+04
1.063858891531865447e+04 1.046815846719584624e+04
1.013438687106973703e+04 9.990363328146242566e+03
9.608942269177747221e+03 9.493735925981631226e+03
9.072978645378903821e+03 8.988439252958676661e+03
8.538196670342238576e+03 8.485496519778864240e+03
8.016691227495346538e+03 7.996256149322170131e+03
7.521627397180931439e+03 7.532931638650633431e+03
7.064621336954496655e+03 7.106305930667581379e+03
6.656267706987227029e+03 6.726005252992422356e+03
6.304346221651616361e+03 6.399085076630409276e+03
6.011682222531405387e+03 6.127862761764142306e+03
5.777114448190756775e+03 5.911017922155324413e+03
5.593707217019109521e+03 5.741888530726822864e+03
5.450962004893258381e+03 5.610601153852569951e+03
5.335108590372171420e+03 5.504322343402388469e+03
5.230208001223689280e+03 5.408299822522985778e+03
5.119891500817634551e+03 5.307414722028224787e+03
4.988730171274693021e+03 5.187436666949939536e+03
4.825160457782556477e+03 5.037725876292968678e+03
4.623242999949569821e+03 4.852854235962342500e+03
4.383833866689969000e+03 4.633705073531490598e+03
4.114689286752799489e+03 4.387583664143439819e+03
3.829821283048302121e+03 4.127536268532076974e+03
3.547910724209168620e+03 3.870775147154146453e+03
3.288805709564074277e+03 3.635395060748599008e+03
3.068349825750870423e+03 3.435612493204201655e+03
2.893841504830452777e+03 3.277730514802738981e+03
2.763703703207590024e+03 3.160029458385727594e+03
2.669949522678982703e+03 3.075102203918920168e+03
2.599515931817951241e+03 3.011085718675174121e+03
2.534675018317396734e+03 2.951996986431139703e+03
2.456700449946171375e+03 2.880984838021925498e+03
2.353260657853964403e+03 2.786990060489980806e+03
2.223022792646149355e+03 2.668934192530096880e+03
2.074271547436625042e+03 2.534449977738738653e+03
1.921199071849066058e+03 2.396402905868068501e+03
1.780587310783354951e+03 2.269734410472715808e+03
1.665129095802955362e+03 2.165479786419276479e+03
1.578603913404955165e+03 2.086679367280158203e+03
1.515714926115424760e+03 2.028462354627937202e+03
1.463951447181419780e+03 1.979795097168106622e+03
1.408400584938549173e+03 1.927673025983950311e+03
1.339716601629836305e+03 1.864040991557484631e+03
1.257874746370852108e+03 1.789036342107200880e+03
1.170452765999006942e+03 1.709372498000332143e+03
1.089122202084549372e+03 1.635100840340813875e+03
1.022499064546043428e+03 1.573417008675363604e+03
9.709959796033696193e+02 1.524458585188469669e+03
9.282506997419210393e+02 1.482740840118684901e+03
8.851812290115901760e+02 1.440651328094161272e+03
8.360994728612816971e+02 1.393544059694778525e+03
7.826360514206093058e+02 1.342892608362176588e+03
7.309050876496211231e+02 1.293769293405508506e+03
6.862887565914084007e+02 1.250476692644117975e+03
6.494466746357489910e+02 1.213413349124646857e+03
6.162548974826012227e+02 1.179212342451511631e+03
5.821949946953792505e+02 1.144319940317181818e+03
5.464598284055532531e+02 1.108173855701763841e+03
5.117400180507167420e+02 1.072895755583619348e+03
4.808801392637963659e+02 1.040619953357350596e+03
4.537650598181177770e+02 1.011186059636568643e+03
4.281199955524858183e+02 9.828669380813844327e+02
4.023899648819028698e+02 9.545403630067021368e+02
3.773413977255318059e+02 9.267848633127557605e+02
3.543577810719611421e+02 9.005695109490384311e+02
3.334858009169856246e+02 8.758874259683748278e+02
3.136487726262556066e+02 8.519785593087513007e+02
2.943776579888005926e+02 8.285314319522397000e+02
2.761785121715603850e+02 8.058802210892185940e+02
2.593774995809667416e+02 7.842170781094924905e+02
2.436124384437333106e+02 7.632941194353538776e+02
2.285533636756557883e+02 7.429024151392605972e+02
2.143552880433196606e+02 7.231273499837092231e+02
2.010740360075830608e+02 7.039937480935132044e+02
1.885785964438473741e+02 6.854133088763995829e+02
1.768238856528098779e+02 6.673520431410161109e+02
1.657684661953742022e+02 6.497790965929264075e+02
1.553730525690411071e+02 6.326657250323055450e+02
1.456004102993587139e+02 6.159851703936868716e+02
1.364152590728309065e+02 5.997125465964361410e+02
1.277841804336473359e+02 5.838247361557682780e+02
1.196756397521630362e+02 5.683006328884316645e+02
1.120599875184861389e+02 5.531213948492957115e+02
1.049091245590719126e+02 5.382696556341720679e+02
9.819640140309276433e+01 5.237293507092748541e+02
9.189655555181602153e+01 5.094856507234503624e+02
8.598565051070468712e+01 4.955248989524662306e+02
8.044101661490455513e+01 4.818345524377896822e+02
7.524118322661887248e+01 4.684032146563816355e+02
7.036573922252456725e+01 4.552213375780027604e+02
6.579534918974626123e+01 4.422806970537579332e+02
6.151176225428136490e+01 4.295738257781062543e+02
5.749775681998826826e+01 4.170939682680194664e+02
5.373708709638325587e+01 4.048350433002113391e+02
5.021443207734100156e+01 3.927916075265257518e+02
4.691534690522303919e+01 3.809588226028481586e+02
4.382622055208435086e+01 3.693328622015671385e+02
4.093423472155197373e+01 3.579113103330914782e+02
3.822731247275162048e+01 3.466922006418172941e+02
3.569407737561373040e+01 3.356738588783767909e+02
3.332381586445318078e+01 3.248548791741645232e+02
3.110644139302268840e+01 3.142341006944580499e+02
2.903246032110063979e+01 3.038105846654310085e+02
2.709293902105386209e+01 2.935837003111840318e+02
2.527946948381584846e+01 2.835540191875678033e+02
2.358414298983655755e+01 2.737226840750830092e+02
2.199952480978241454e+01 2.640907470413502551e+02
2.051862751698655174e+01 2.546591531677555622e+02
1.913488564824569238e+01 2.454287322729699952e+02
1.784213168259694982e+01 2.364001911635750162e+02
1.663457327129789931e+01 2.275741094967011691e+02
1.550677051414314356e+01 2.189514697370625811e+02
1.445361467491601282e+01 2.105341490009655274e+02
1.347031150815980283e+01 2.023237630188679077e+02
1.255236318130283379e+01 1.943215148488297928e+02
1.169555082943415769e+01 1.865282082165329598e+02
1.089591807083602326e+01 1.789442614589062828e+02
1.014975543520484713e+01 1.715697220003604002e+02
9.453585594597820219e+00 1.644043501073727214e+02
8.804148973187585270e+00 1.574482059013594721e+02
8.198391080661618702e+00 1.507012582438752304e+02
7.633450516950615494e+00 1.441629959280271294e+02
7.106647276394249424e+00 1.378324533185433438e+02
6.615471718045013105e+00 1.317082406115004574e+02
6.157574171037047961e+00 1.257885738361888457e+02
5.730755139278344679e+00 1.200713049947641764e+02
5.332955771463050887e+00 1.145540410543159169e+02
4.962248950948080939e+00 1.092342510500463391e+02
4.616831817219707368e+00 1.041090976933080725e+02
4.295018122491527812e+00 9.917544176965061808e+01
3.995230949630226291e+00 9.442987330810024105e+01
