1.985913273935177131e+04 1.967150838556403687e+04
2.015247385279795344e+04 1.995695681472956494e+04
2.044188420183684138e+04 2.023826422949062544e+04
2.072680195354011812e+04 2.051487292351343058e+04
2.100664383788370105e+04 2.078620533486755448e+04
2.128078549912160452e+04 2.105164640421339209e+04
2.154858330957962244e+04 2.131056351841277501e+04
2.180938040488191837e+04 2.156231210608474066e+04
2.206248683849668669e+04 2.180621724367112620e+04
2.230718559357003323e+04 2.204157943074625655e+04
2.254275122227603060e+04 2.226769214311720498e+04
2.276843957524491998e+04 2.248383234838159842e+04
2.298347028126610530e+04 2.268924425826992592e+04
2.318705587785026000e+04 2.288316677950574376e+04
2.337840656925135045e+04 2.306483817187891691e+04
2.355670699187767968e+04 2.323347495140180399e+04
2.372113196594874535e+04 2.338828657122247387e+04
2.387086582900030044e+04 2.352849336486255925e+04
2.400509216248296798e+04 2.365331758399125829e+04
2.412298656001716154e+04 2.376197718864731723e+04
2.422374376090669102e+04 2.385371052502617385e+04
2.430658279616059735e+04 2.392778141846608560e+04
2.437074031501954960e+04 2.398347454465726696e+04
2.441548376172810822e+04 2.402010672267333211e+04
2.444012200324937294e+04 2.403703622850939064e+04
2.444401880715591687e+04 2.403367728429843555e+04
2.442660015850028140e+04 2.400950736367893114e+04
2.438734910938015310e+04 2.396406000903332460e+04
2.432582373676629868e+04 2.389694252515045446e+04
2.424170753545875414e+04 2.380788675653978862e+04
2.413476887306068966e+04 2.369670726377061146e+04
2.400485302194278847e+04 2.356329262466410000e+04
2.385197869727015132e+04 2.340770134488499752e+04
2.367632825071200932e+04 2.323015157746155455e+04
2.347815981451649350e+04 2.303093305696211246e+04
2.325787910630591432e+04 2.281047820648795096e+04
2.301618343864888448e+04 2.256950502454407615e+04
2.275386815541348551e+04 2.230882418296940887e+04
2.247180402767738269e+04 2.202931649770079821e+04
2.217119375000916989e+04 2.173218913893928038e+04
2.185344986760495885e+04 2.141885351758068282e+04
2.151999509571636008e+04 2.109072584708831346e+04
2.117244295326148494e+04 2.074940965117132509e+04
2.081278307421724821e+04 2.039688299578434089e+04
2.044299490550994597e+04 2.003510931379519025e+04
2.006503947743048775e+04 1.966603082785672450e+04
1.968120567847118218e+04 1.929192594598604410e+04
1.929384917083783876e+04 1.891514147478623636e+04
1.890518461955563544e+04 1.853787992519806721e+04
1.851734552506933687e+04 1.816227325276111515e+04
1.813240876762733023e+04 1.779041361219924511e+04
1.775229978838291208e+04 1.742424006634253965e+04
1.737891724807980427e+04 1.706567047865607310e+04
1.701466782547487674e+04 1.671716997839756368e+04
1.666196531841760589e+04 1.638122259712835148e+04
1.632292446192082571e+04 1.606001563614016959e+04
1.599823538592088335e+04 1.575434004852440739e+04
1.568760460496743872e+04 1.546402004249482889e+04
1.539067326497190879e+04 1.518881091530453887e+04
1.510632627492833853e+04 1.492771148341435401e+04
1.483293199156437731e+04 1.467919889198440978e+04
1.456882979703683122e+04 1.444170752092500697e+04
1.431166639591675812e+04 1.421294104117655115e+04
1.405891416076182213e+04 1.399040001500117251e+04
1.380785272158125554e+04 1.377133884746422518e+04
1.355528568407843704e+04 1.355244946183209504e+04
1.329805113211016214e+04 1.333040104263219837e+04
1.303248187052605863e+04 1.310121135570735169e+04
1.275495830579753601e+04 1.286085884317055570e+04
1.246198189744290175e+04 1.260530674794221159e+04
1.215036264314394975e+04 1.233072756887080868e+04
1.181802310304265302e+04 1.203437536973738679e+04
1.146399262129300405e+04 1.171461132149393779e+04
1.108920738992362021e+04 1.137184726620536458e+04
1.069623471725289528e+04 1.100829345819223818e+04
1.028960964521705682e+04 1.062842046933447637e+04
9.875004082078619831e+03 1.023807297449226280e+04
9.459162261083320118e+03 9.844454113538833553e+03
9.049050790311557648e+03 9.455175229254527949e+03
8.651754298531726818e+03 9.078155398095397686e+03
8.273709492595886331e+03 8.720731432145305007e+03
7.920947401095833811e+03 8.389946804063591117e+03
7.598143085441647600e+03 8.091457827349460786e+03
7.308526292064038898e+03 7.829424464410044493e+03
7.052563141205362626e+03 7.604965588400255001e+03
6.828243813833475542e+03 7.416409826745733881e+03
6.629956001889448999e+03 7.257845249933815467e+03
6.449992585448730097e+03 7.120690607430190539e+03
6.278741452884734827e+03 6.993728225350733737e+03
6.106396897850274399e+03 6.864988498408112719e+03
5.924051353623014620e+03 6.723066177871315631e+03
5.724859875344460306e+03 6.558635985962804625e+03
5.505305181652086503e+03 6.366289922768325596e+03
5.265855585478664580e+03 6.145672008887966513e+03
5.011091545117841633e+03 5.901912485150908651e+03
4.749078508385737223e+03 5.644989801965838524e+03
4.489956170828933864e+03 5.387907604046921733e+03
4.244442139121091714e+03 5.144674365781716006e+03
4.022195460386647937e+03 4.928111026937505812e+03
3.829692547627161730e+03 4.747073799456386041e+03
3.668034189646360119e+03 4.603576638704656943e+03
3.532143055466661281e+03 4.491594296304232557e+03
3.412435343469921008e+03 4.398944469422980546e+03
3.297820730719722178e+03 4.310944134569084781e+03
3.178004345687118075e+03 4.213380300266695485e+03
3.045266199525608499e+03 4.095103851098205268e+03
2.897140718902568096e+03 3.952142360698468110e+03
2.738368753807264966e+03 3.790839342227738598e+03
2.578949262878928948e+03 3.625226991101041222e+03
2.429487560968915659e+03 3.470311067377043400e+03
2.297770908203555337e+03 3.337128173378050178e+03
2.186813413575157938e+03 3.230055649460118730e+03
2.093408443131743752e+03 3.144842150419397512e+03
2.009214936209359166e+03 3.069980011725341683e+03
1.924696678830309793e+03 2.992042594178217769e+03
1.833176195101357280e+03 2.901468950529613267e+03
1.733974562853900352e+03 2.797309200757048529e+03
1.632797586383182761e+03 2.687879143618406943e+03
1.537547290440811821e+03 2.584572616220919372e+03
1.453594450025621427e+03 2.495003722891714006e+03
1.381737913519994436e+03 2.420252113561793522e+03
1.317468494280956520e+03 2.354000829282803807e+03
1.254241807072217171e+03 2.287168856782882358e+03
1.188239837403276852e+03 2.214581592280203040e+03
1.120313507294519695e+03 2.137656003601658540e+03
1.054896279566035446e+03 2.062686941047578330e+03
9.959716290709270652e+02 1.995112354671051662e+03
9.437520393499089550e+02 1.935125268690730991e+03
8.952687357850696799e+02 1.878736121583230215e+03
8.472058458478054490e+02 1.821674690865007278e+03
7.988794757728381910e+02 1.763246393237869825e+03
7.523709726652388099e+02 1.706272496779905850e+03
7.097392823531897648e+02 1.653353040323369896e+03
6.708188847089800220e+02 1.604217613073504026e+03
6.338156891792591523e+02 1.556693150725663145e+03
5.975653525812907674e+02 1.509497540517183324e+03
5.626288291262939083e+02 1.463386318060376652e+03
5.300867467985923440e+02 1.419597821829171835e+03
4.998822702585910065e+02 1.378034697123662227e+03
4.711482519040429793e+02 1.337775795491285180e+03
4.434992355787094880e+02 1.298472787198348215e+03
4.173335307443391002e+02 1.260552905895926415e+03
3.928784463092614487e+02 1.224219780987602462e+03
3.697959260587638255e+02 1.189146455735947484e+03
3.478108247684791650e+02 1.155097607984679144e+03
3.270272536723840631e+02 1.122164052114952256e+03
3.075065390489100423e+02 1.090377672071559346e+03
2.890701196334386509e+02 1.059584659754109907e+03
2.716213370477695435e+02 1.029701956920712973e+03
2.551699548960568507e+02 1.000719840101114187e+03
2.396688685865994159e+02 9.725868725273061273e+02
2.250626572794756726e+02 9.452466095106248076e+02
2.112994075788228940e+02 9.186468604124976309e+02
1.983304803154707088e+02 8.927394045151107775e+02
1.861115934976362212e+02 8.674779451458522317e+02
1.746031980080275900e+02 8.428167291745354532e+02
1.637677452785804064e+02 8.187135682545772397e+02
1.535693557538833431e+02 7.951299840789770315e+02
1.439737705955805325e+02 7.720310080205744043e+02
1.349483025435269212e+02 7.493849968713309408e+02
1.264617861901572411e+02 7.271634625109575154e+02
1.184845116976692339e+02 7.053409881169125129e+02
1.109879541211530238e+02 6.838961434468267271e+02
1.039448441640856799e+02 6.628109459467685838e+02
9.732932995720506142e+01 6.420697574261424734e+02
9.111691775270887206e+01 6.216591394863803544e+02
8.528440886393954656e+01 6.015677398383376158e+02
7.980983894897019582e+01 5.817861812970041910e+02
7.467241959266939944e+01 5.623069526492054138e+02
6.985248855123219869e+01 5.431258227172634179e+02
6.533148085240534897e+01 5.242481175586767677e+02
6.109184614006541381e+01 5.056820420728211047e+02
5.711698711610997492e+01 4.874355514761088557e+02
5.339121366584745942e+01 4.695163137907694590e+02
4.989969876064129295e+01 4.519316763487285016e+02
4.662843609167636316e+01 4.346886337427695821e+02
4.356419936070263788e+01 4.177938097235241344e+02
4.069449591708513481e+01 4.012559138667796219e+02
3.800752331749266233e+01 3.850881566566760057e+02
3.549215070741941958e+01 3.693027185118175453e+02
3.313788605732774784e+01 3.539099962924006491e+02
3.093484246361300549e+01 3.389186697434027451e+02
2.887370600775983220e+01 3.243357721650427834e+02
2.694570511775972577e+01 3.101667645911213640e+02
2.514258130807989389e+01 2.964156569396940313e+02
2.345656005092116558e+01 2.830859692487016446e+02
2.188032481781806737e+01 2.701805814774574515e+02
2.040699343564846657e+01 2.577008301903653660e+02
1.903009410161805448e+01 2.456465774305620187e+02
1.774354253257834912e+01 2.340163211005383914e+02
1.654162026506489269e+01 2.228073041711987230e+02
1.541895405711908573e+01 2.120156220639121329e+02
1.437049602996253483e+01 2.016363136263176443e+02
1.339150347216044068e+01 1.916633863941990512e+02
1.247752305223304070e+01 1.820899891583423766e+02
1.162437510630644866e+01 1.729085504695309510e+02
1.082813773836381621e+01 1.641108668957678560e+02
1.008513177171255570e+01 1.556881869916677488e+02
9.391906514711356735e+00 1.476312909783122507e+02
8.745226300825409638e+00 1.399305659077893722e+02
