2.953769935783041365e+04 2.943213503580564429e+04
2.968704270159087901e+04 2.957789474047232943e+04
2.981805485211020277e+04 2.970527424120030628e+04
2.992986366777523290e+04 2.981340681222395506e+04
3.002155999191262890e+04 2.990139072564301750e+04
3.009225992301243241e+04 2.996835026853655290e+04
3.014110444424865273e+04 3.001343533418413426e+04
3.016720954185613300e+04 3.003577199958007986e+04
3.016971494921841077e+04 3.003451093267933902e+04
3.014781211174906275e+04 3.000885518251520989e+04
3.010068964902456719e+04 2.995800669177496457e+04
3.002753151220700965e+04 2.988116460498299784e+04
2.992759277800579366e+04 2.977759981824999704e+04
2.980019015159454648e+04 2.964664596417559005e+04
2.964465176229087592e+04 2.948765086615713881e+04
2.946038640863978799e+04 2.930004386786218311e+04
2.924690674907383072e+04 2.908335851011811610e+04
2.900378525378808263e+04 2.883719100226159208e+04
2.873067469169550532e+04 2.856121989051796845e+04
2.842735923122233726e+04 2.825525470076810598e+04
2.809375179503126856e+04 2.791923487937394020e+04
2.772988450689466481e+04 2.755322275442224054e+04
2.733593774837235469e+04 2.715742808847330889e+04
2.691225334003339958e+04 2.673222077245025503e+04
2.645937531500425030e+04 2.627817619941835437e+04
2.597802943132258588e+04 2.579605150887514174e+04
2.546909969119643938e+04 2.528675857051209096e+04
2.493371232861976387e+04 2.475145121536930310e+04
2.437328563111915719e+04 2.419157690305715369e+04
2.378937741658985396e+04 2.360871761976973357e+04
2.318371724885041112e+04 2.300462211307394682e+04
2.255846897120307767e+04 2.238147282836703380e+04
2.191597088848539715e+04 2.174162155420167983e+04
2.125859627117990385e+04 2.108744761761648988e+04
2.058909740481340123e+04 2.042170449823493618e+04
1.991060415672224553e+04 1.974751857095109517e+04
1.922613956926546598e+04 1.906790180128955762e+04
1.853878305260539128e+04 1.838591377915691555e+04
1.785222521507689089e+04 1.770521301631664392e+04
1.717002642947779532e+04 1.702932186516627189e+04
1.649543129136278367e+04 1.636144292039131687e+04
1.583205267104042468e+04 1.570513193302497712e+04
1.518361972822537791e+04 1.506405195846445895e+04
1.455332421135646837e+04 1.444133298498930162e+04
1.394418586371057427e+04 1.383992417989161368e+04
1.335959247253286594e+04 1.326311475323544073e+04
1.280242754780731775e+04 1.271370012228204905e+04
1.227497842439225496e+04 1.219389286609983174e+04
1.177907508604145551e+04 1.170543001493961492e+04
1.131612962250099190e+04 1.124963171222563142e+04
1.088717476114346027e+04 1.082745922505856652e+04
1.049303873182498137e+04 1.043965843181234959e+04
1.013448472679663246e+04 1.008687788287794683e+04
9.812116105082341164e+03 9.769622556555670599e+03
9.525572479249580283e+03 9.487469061810150379e+03
9.270893966802521390e+03 9.236481525977316778e+03
9.043616569170211733e+03 9.012232924875272147e+03
8.839795950289808388e+03 8.810809295348501109e+03
8.656037603274040521e+03 8.628852428231433805e+03
8.489302258530999097e+03 8.463355687374858462e+03
8.335869951945402136e+03 8.310668588336026005e+03
8.190179640901635139e+03 8.165389405801447538e+03
8.046649629928072500e+03 8.022105298198091987e+03
7.898561982538093616e+03 7.874363266188060152e+03
7.738631600386785067e+03 7.715199923341127942e+03
7.560144779894312705e+03 7.538236091756991300e+03
7.357061562622959173e+03 7.337802207914625797e+03
7.124811935046486724e+03 7.109640522955365668e+03
6.861792504330315751e+03 6.852382824544544746e+03
6.568379976622948561e+03 6.566525955670354051e+03
6.248430200531806804e+03 6.255890899630097010e+03
5.907275441394302106e+03 5.925662359284028753e+03
5.551512625115443370e+03 5.582209210060107580e+03
5.188536573560788383e+03 5.232602600529332449e+03
4.827513737557213972e+03 4.885557092389241916e+03
4.477805506287191747e+03 4.549927288856018095e+03
4.148972471857902747e+03 4.234728750737318478e+03
3.850100514125188056e+03 3.948422548422333875e+03
3.588823208953635003e+03 3.698121456761871741e+03
3.369372443664211005e+03 3.487662058615184378e+03
3.193526444131760854e+03 3.318540258614586946e+03
3.058659877476112342e+03 3.188120327285171243e+03
2.959933518714984984e+03 3.091662196959167886e+03
2.889350912137741034e+03 3.021532063209655917e+03
2.837549810385555247e+03 2.968851044972489944e+03
2.793371547212517271e+03 2.923160871848026545e+03
2.745307688431865245e+03 2.873771289957280715e+03
2.682575198024908332e+03 2.810756607848133626e+03
2.597056052885434383e+03 2.726741270662329043e+03
2.484455054376303906e+03 2.617929900354403344e+03
2.344886488673961139e+03 2.484593170607661250e+03
2.183287976540659656e+03 2.331421669948902490e+03
2.009873790368847949e+03 2.167896740838848018e+03
1.838529787771189149e+03 2.006756224047778232e+03
1.683130608305827309e+03 1.860645698709323369e+03
1.553489244507468129e+03 1.738414167749468106e+03
1.453398567626759814e+03 1.643355753128839751e+03
1.382126536036674679e+03 1.574631983880058669e+03
1.335308968803316702e+03 1.528121613858266073e+03
1.304491170031898264e+03 1.496054138395999644e+03
1.277391649159621238e+03 1.467304381554369684e+03
1.241762220477464098e+03 1.430898437258998911e+03
1.190193229989036809e+03 1.380296441862933762e+03
1.121413799081911520e+03 1.314491677883842840e+03
1.039670466987289956e+03 1.237390170867723100e+03
9.540952053096901864e+02 1.157182095751876204e+03
8.755358704552725158e+02 1.083479083633819300e+03
8.118081418337715149e+02 1.023107434046664935e+03
7.656345791558355813e+02 9.783383267975044646e+02
7.342525527723604455e+02 9.466188997190590726e+02
7.099138610037856552e+02 9.210859570877730675e+02
6.838423107680872590e+02 8.940735978725881523e+02
6.505578589158153591e+02 8.608671307700344641e+02
6.090744117990553832e+02 8.206915965248485918e+02
5.635124301204398307e+02 7.771699891765641723e+02
5.208820563447127370e+02 7.363438500560101829e+02
4.860873899976964481e+02 7.023633802490026028e+02
4.598663396406407173e+02 6.757775160558774132e+02
4.390283356024228851e+02 6.538123258224031815e+02
4.183764396956817109e+02 6.320540968342114638e+02
3.946579376337807048e+02 6.077901494991156142e+02
3.683611499900847548e+02 5.814705447260342908e+02
3.424850863749167615e+02 5.556168143617320538e+02
3.201249562696012845e+02 5.327784543806095598e+02
3.018887932719607647e+02 5.134143546899036892e+02
2.858124300069715673e+02 4.958796919530992113e+02
2.695607401457393166e+02 4.782644483418903292e+02
2.524472979745459327e+02 4.600273398748780096e+02
2.356744753906409926e+02 4.421493569700174362e+02
2.206573620317240625e+02 4.257553748397101003e+02
2.075776591044091788e+02 4.109682204518557000e+02
1.953623409450589463e+02 3.969252240898704827e+02
1.832306734098580137e+02 3.830138632620644330e+02
1.713824130993239976e+02 3.693941422199934550e+02
1.604614724702936996e+02 3.565599346774973810e+02
1.505706363098929330e+02 3.445790431843367969e+02
1.412652612793191622e+02 3.331055381585719033e+02
1.322810105059808166e+02 3.219387446600253497e+02
1.237836295867643912e+02 3.112011684728014984e+02
1.159379781753502527e+02 3.010093915841318903e+02
1.086157261160124818e+02 2.912636993909169405e+02
1.016654050635352746e+02 2.818514178695739361e+02
9.511815271878100475e+01 2.727922712947401465e+02
8.900905321581419116e+01 2.641068500595372370e+02
8.329613253631961811e+01 2.557637171943440535e+02
7.792792410204387465e+01 2.477238045329072804e+02
7.288483352494691303e+01 2.399701015385234086e+02
6.815032656728554628e+01 2.324883418640690991e+02
6.370835040375091296e+01 2.252651135653053132e+02
5.954336164344965709e+01 2.182878047439297120e+02
5.564034810743348203e+01 2.115445530768076026e+02
5.198484492993862460e+01 2.050241989226408634e+02
4.856285291088640577e+01 1.987161691545700535e+02
4.536015426503038839e+01 1.926098614179444155e+02
4.236292082359441480e+01 1.866949960293458446e+02
3.955819077231986114e+01 1.809619600611469821e+02
3.693381803601527480e+01 1.754017688571325095e+02
3.447842024339304601e+01 1.700060267856166263e+02
3.218133010256105564e+01 1.647668907996998087e+02
3.003255005448250969e+01 1.596770368763658041e+02
2.802276418284267123e+01 1.547298083785988183e+02
2.614336588117973292e+01 1.499194527949737221e+02
2.438627100356878330e+01 1.452406438981322765e+02
2.274386434085513287e+01 1.406883765371685513e+02
2.120897509595612718e+01 1.362579481397499990e+02
1.977485342460164119e+01 1.319449412801933192e+02
1.843514801296086247e+01 1.277452072321246419e+02
1.718388343897958492e+01 1.236548585783831413e+02
1.601541947122146325e+01 1.196703961622841064e+02
1.492444100736034684e+01 1.157886560407272043e+02
1.390596112930782979e+01 1.120066537526241035e+02
1.295530245296856897e+01 1.083215690055630489e+02
1.206807875893074211e+01 1.047307360028504633e+02
1.124017765234184196e+01 1.012316342251413630e+02
1.046774419862522265e+01 9.782187963883011150e+01
9.747166492334384813e+00 9.449925249666630123e+01
9.075064216840122100e+00 9.126181233667220738e+01
8.448270535592303787e+00 8.810775027753115296e+01
7.863817855033308213e+00 8.503533049802966559e+01
7.318925892417797563e+00 8.204288534520111398e+01
6.810990411860260885e+00 7.912881066659079465e+01
6.337572594534194970e+00 7.629156135228798519e+01
5.896388987911587165e+00 7.352964818720147377e+01
5.485300968772686581e+00 7.084168858228440513e+01
5.102305724617589355e+00 6.822641793059486304e+01
4.745529627234565062e+00 6.568260122654270106e+01
4.413220340382173923e+00 6.320902386515334115e+01
4.103739252955013406e+00 6.080448970292983546e+01
3.815554362505064745e+00 5.846781924167878230e+01
3.547233583933273593e+00 5.619784793299346148e+01
3.297438456544155905e+00 5.399343492237182573e+01
3.064918213425261939e+00 5.185353360138645229e+01
2.848504245689399195e+00 4.977713354595857709e+01
2.647104897387496880e+00 4.776321354789073581e+01
2.459700563942026630e+00 4.581074173018478035e+01
2.285339089903095644e+00 4.391867606135522095e+01
2.123131448806624189e+00 4.208596491728182087e+01
1.972247688516223008e+00 4.031154781051900926e+01
1.831913052830673738e+00 3.859439745892592555e+01
1.701404337617354878e+00 3.693357002146920820e+01
