1.833045897394394342e+04 1.820619796455237520e+04
1.857509056659182897e+04 1.844555597268138808e+04
1.881390468399331803e+04 1.867894457715107637e+04
1.904629797605492422e+04 1.890576066979602183e+04
1.927164841132430229e+04 1.912538363354855755e+04
1.948930037257889853e+04 1.933716152280732058e+04
1.969858710504169721e+04 1.954043230884056902e+04
1.989883348468967597e+04 1.973452643447270020e+04
2.008932613990295795e+04 1.991873699278507411e+04
2.026932975063100457e+04 2.009233608837570864e+04
2.043810944444294000e+04 2.025459727153364292e+04
2.059491585057662815e+04 2.040478094197349128e+04
2.073897316957417570e+04 2.054212273691307928e+04
2.086951180352605661e+04 2.066586570071719689e+04
2.098576925462352665e+04 2.077526125519304696e+04
2.108695984407073411e+04 2.086953956932574874e+04
2.117230339342579828e+04 2.094793783401280598e+04
2.124104492786646733e+04 2.100971969162542882e+04
2.129243704876751508e+04 2.105415823906070000e+04
2.132573968480436815e+04 2.108053592987741649e+04
2.134025226713385200e+04 2.108817593872940415e+04
2.133531663318712890e+04 2.107644524073120920e+04
2.131030890426431870e+04 2.104474733601817206e+04
2.126465898916992955e+04 2.099254072918741804e+04
2.119786159932196097e+04 2.091934955248323604e+04
2.110949102239158674e+04 2.082477917452011752e+04
2.099920474614402701e+04 2.070851943769965874e+04
2.086674039135918792e+04 2.057034049788348784e+04
2.071194499785785592e+04 2.041012229157307229e+04
2.053481966533177183e+04 2.022789958034057781e+04
2.033546484274531394e+04 2.002380589045212037e+04
2.011408500016442122e+04 1.979807775517266055e+04
1.987111376540576020e+04 1.955117991767696367e+04
1.960714792732870410e+04 1.928373861253419454e+04
1.932286489064335910e+04 1.899645841603831286e+04
1.901915103174563410e+04 1.869024995985495116e+04
1.869719205538258757e+04 1.836631947406219479e+04
1.835823862067065056e+04 1.802593461575342371e+04
1.800363854516901847e+04 1.767045605282269389e+04
1.763516572095855008e+04 1.730166312322705198e+04
1.725472488290367255e+04 1.692146048370571953e+04
1.686418084691185504e+04 1.653170874602050753e+04
1.646563620458012883e+04 1.613449921942808396e+04
1.606145363104236822e+04 1.573217553534348008e+04
1.565387492539154118e+04 1.532695673901073496e+04
1.524517917748324726e+04 1.492109229648490691e+04
1.483822446399433102e+04 1.451739245993196164e+04
1.443579850754709696e+04 1.411859205099109749e+04
1.404039776381843149e+04 1.372713497321616524e+04
1.365398601337630134e+04 1.334494098251771902e+04
1.327808341772504355e+04 1.297349347228241277e+04
1.291402085510406869e+04 1.261408732316048918e+04
1.256352316954510388e+04 1.226839394843365153e+04
1.222958088069858604e+04 1.193930443008907969e+04
1.191507978053201259e+04 1.162960399714113009e+04
1.162218387016483757e+04 1.134137491800749012e+04
1.135024113372951433e+04 1.107396425693152196e+04
1.109762015140521362e+04 1.082577016839076168e+04
1.086277280427566802e+04 1.059527553143692421e+04
1.064392659641952014e+04 1.038075548833289940e+04
1.043930507812490760e+04 1.018048624483571075e+04
1.024695530021012746e+04 9.992578219967097539e+03
1.006402013297662597e+04 9.814279037413627520e+03
9.887591009458374174e+03 9.642789110665038606e+03
9.714246211076224427e+03 9.474821800695761340e+03
9.540077469075849876e+03 9.306626875970190667e+03
9.361075728064732175e+03 9.134355919869673016e+03
9.172536935059950338e+03 8.953493896282208880e+03
8.969981886685158315e+03 8.759733381895837738e+03
8.749281531658003587e+03 8.549103916230635150e+03
8.507001087647357053e+03 8.318288943251076489e+03
8.241528211296412337e+03 8.065730086491025759e+03
7.952665400443334875e+03 7.791219270429905009e+03
7.642610276458245608e+03 7.496866258886971991e+03
7.315021389276973423e+03 7.186181998795993422e+03
6.975441300492380833e+03 6.864502199876619670e+03
6.630130967688974124e+03 6.537849137822230659e+03
6.286097569262780780e+03 6.212964697467409678e+03
5.950690539417320906e+03 5.896893793115306835e+03
5.631210053485682693e+03 5.596630865410050319e+03
5.334456405556587015e+03 5.318651633212009074e+03
5.066685944344973905e+03 5.068896106703224177e+03
4.832069918874502946e+03 4.851290628826827742e+03
4.632896141922326024e+03 4.667961478626706594e+03
4.467822956479258210e+03 4.517587231875538237e+03
4.333105677964037568e+03 4.396568313466939799e+03
4.221714049544189947e+03 4.298194351030339931e+03
4.125027769519199865e+03 4.214223763362747377e+03
4.033193506889810578e+03 4.135197579834334647e+03
3.936234157346358643e+03 4.051467386170456848e+03
3.825322020480265564e+03 3.954409579167558149e+03
3.693943470733508548e+03 3.837568630343085715e+03
3.539420796382222761e+03 3.698201333019511821e+03
3.363357640936666485e+03 3.537766380126377499e+03
3.171404756611022549e+03 3.361725572758808994e+03
2.972549223155823256e+03 3.178842309334338097e+03
2.778099278228677576e+03 3.000126348644261725e+03
2.599826872506418113e+03 2.836953026121833773e+03
2.447044049746328255e+03 2.698232886669595246e+03
2.323939000858415056e+03 2.587907036981247074e+03
2.228768572612726530e+03 2.504245670590234113e+03
2.155178814187452645e+03 2.441150192014239110e+03
2.093955141790502239e+03 2.389789756714147643e+03
2.034010356351126120e+03 2.339463365522608456e+03
1.964289057298481112e+03 2.279386934276108150e+03
1.877877751565631343e+03 2.202737035718595052e+03
1.775199164472112443e+03 2.109888027513045472e+03
1.663006912950625519e+03 2.007476229123297117e+03
1.551168221465392435e+03 1.905168481026290237e+03
1.449877818063432414e+03 1.812831265478391060e+03
1.366368160480177266e+03 1.737333883189698781e+03
1.301897127317985905e+03 1.679770506226328507e+03
1.251516269540526309e+03 1.635352038157698189e+03
1.206477844376939174e+03 1.595699000781275117e+03
1.157421003785134872e+03 1.551837669690290795e+03
1.099194386499433222e+03 1.498838623168335971e+03
1.033378346101908619e+03 1.438291077324460275e+03
9.661337806160222499e+02 1.376175293354735686e+03
9.049197827630288202e+02 1.319589748546218743e+03
8.545340132526469006e+02 1.272973189794275186e+03
8.140146829997753457e+02 1.235318220493473291e+03
7.781155148368676464e+02 1.201673368556450896e+03
7.409437807036853201e+02 1.166558030510897652e+03
6.996700020135975819e+02 1.127408708024640873e+03
6.564474955345950775e+02 1.086303543275752418e+03
6.158464052375456959e+02 1.047468310348273690e+03
5.808859360630524407e+02 1.013594459309481408e+03
5.510552708233640260e+02 9.841425304197967989e+02
5.230597772054709367e+02 9.561345991159084861e+02
4.941462540430279091e+02 9.271595691162560797e+02
4.645170024458350895e+02 8.974563929941720062e+02
4.364182671775364497e+02 8.690064728840604857e+02
4.114557797525000638e+02 8.431562866371770042e+02
3.889819288968531623e+02 8.193094666596067555e+02
3.672714614718519783e+02 7.960120583275233912e+02
3.455973132934740875e+02 7.726916601207888107e+02
3.248384367785614586e+02 7.500850149485729617e+02
3.058442022329081738e+02 7.288575297446195691e+02
2.883356559941144042e+02 7.087630240702303581e+02
2.715057714155723261e+02 6.891728901883883509e+02
2.552319178856633926e+02 6.700054122364477962e+02
2.399607021352358913e+02 6.515918901588838708e+02
2.257892926311012616e+02 6.339878963153620361e+02
2.123734179277757050e+02 6.169394868466802109e+02
1.995665091517173835e+02 6.003451813896485874e+02
1.875003827520314417e+02 5.842905185520801297e+02
1.761448708749163643e+02 5.687468068093392048e+02
1.654553733724033293e+02 5.536789029672299876e+02
1.553914420978846351e+02 5.390556579829806196e+02
1.459153497098863568e+02 5.248480974100793901e+02
1.369918847751775957e+02 5.110292840345232435e+02
1.285881635817644622e+02 4.975741924892303700e+02
1.206734572079391086e+02 4.844595946697837689e+02
1.132192159494453563e+02 4.716640673539700401e+02
1.062003942449914149e+02 4.591688536625667325e+02
9.959410848329852683e+01 4.469571789509556083e+02
9.337845475758913949e+01 4.350135185571381840e+02
8.753247614391706577e+01 4.233235248220042308e+02
8.203614114562179793e+01 4.118739662491792615e+02
7.687032073237418217e+01 4.006526707430014653e+02
7.201676131592660113e+01 3.896484720743762296e+02
6.745785957088082796e+01 3.788511307436248217e+02
6.317657168312012317e+01 3.682512714998762249e+02
5.915675201359244539e+01 3.578403880507291319e+02
5.538314271068608008e+01 3.476108053363605563e+02
5.184132825619631291e+01 3.375556386876104398e+02
4.851769212368435547e+01 3.276687546355083782e+02
4.539937546446608252e+01 3.179447331244791144e+02
4.247424814096337542e+01 3.083790118567324612e+02
3.973091162198965520e+01 2.989686119790047769e+02
3.715861344618958384e+01 2.897113397253301059e+02
3.474719423193259615e+01 2.806053985823239714e+02
3.248705822701833767e+01 2.716493624554910298e+02
3.036914509134635765e+01 2.628421493995975311e+02
2.838490286280806529e+01 2.541829955739868012e+02
2.652626165144974379e+01 2.456714726273005738e+02
2.478559968672945857e+01 2.373084408076807961e+02
2.315572247183381194e+01 2.290958834432003073e+02
2.162985123312092739e+01 2.210357596589477112e+02
2.020160105732419709e+01 2.131299402090083959e+02
1.886495957454508954e+01 2.053801968328361056e+02
1.761426668024187592e+01 1.977881920993322638e+02
1.644419525374251023e+01 1.903554699491282634e+02
1.534973252999644266e+01 1.830839109886837264e+02
1.432616217410444648e+01 1.759766077546654799e+02
1.336904870558267078e+01 1.690364870670209427e+02
1.247422196295320873e+01 1.622660064397466613e+02
1.163776215869735253e+01 1.556671682607918399e+02
1.085598570737668744e+01 1.492415348784582250e+02
1.012543179193161080e+01 1.429902444889503386e+02
9.442849531786285056e+00 1.369140831347232847e+02
8.805184948330694539e+00 1.310140507047842391e+02
8.209570286312814602e+00 1.252910357621804707e+02
7.653313987303824284e+00 1.197454041845440855e+02
7.133890400693353229e+00 1.143770247254084182e+02
6.648930044411072160e+00 1.091853017430212134e+02
6.196210400969607512e+00 1.041692077889905050e+02
5.773647219864810332e+00 9.932731653404813699e+01
5.379286079753583749e+00 9.465790251578482639e+01
5.011294522078103775e+00 9.015901461353283253e+01
