1.874088968606656272e+04 1.862436055544772535e+04
1.897226226428063455e+04 1.885087858230495112e+04
1.919695746860126746e+04 1.907058052048291938e+04
1.941434996765025790e+04 1.928284321863490550e+04
1.962380680897770071e+04 1.948703658001577787e+04
1.982467953325359485e+04 1.968251561661783126e+04
2.001628929223743398e+04 1.986860549956278192e+04
2.019795102288151247e+04 2.004462593507548081e+04
2.036897617477321546e+04 2.020989400173012109e+04
2.052864061013939863e+04 2.036369247942157745e+04
2.067620370591798201e+04 2.050528884068558909e+04
2.081093223697151552e+04 2.063395894627421148e+04
2.093208527549937207e+04 2.074897222491951470e+04
2.103890387867611207e+04 2.084958159853264806e+04
2.113064420923296348e+04 2.093505624147752678e+04
2.120657777783778147e+04 2.100468193675954535e+04
2.126595972191360488e+04 2.105773012470161120e+04
2.130806069295770794e+04 2.109348925247589432e+04
2.133218715211022936e+04 2.111128474559772440e+04
2.133766625861500142e+04 2.111046467098814537e+04
2.132384793188144613e+04 2.109040190504474231e+04
2.129013358491420149e+04 2.105052188432150797e+04
2.123597980132795055e+04 2.099030658296651745e+04
2.116089457955868784e+04 2.090929190637918146e+04
2.106445270511411218e+04 2.080708160248833155e+04
2.094630554848766405e+04 2.068335658842951671e+04
2.080620625460912197e+04 2.053790149218535589e+04
2.064400912157043058e+04 2.037060338465099267e+04
2.045965670866421715e+04 2.018143733506432545e+04
2.025321852334912546e+04 1.997050563758483986e+04
2.002494422518423744e+04 1.973809183552465402e+04
1.977518642743963937e+04 1.948458130045334838e+04
1.950440622976390659e+04 1.921046629205585850e+04
1.921332463714157348e+04 1.891649820868679308e+04
1.890282850280584535e+04 1.860359224665091097e+04
1.857387312026095969e+04 1.827272890194581123e+04
1.822763976050120618e+04 1.792511120968024989e+04
1.786562014664333037e+04 1.756224863587607979e+04
1.748934237775588917e+04 1.718568266284502897e+04
1.710041666943549353e+04 1.679703178408655731e+04
1.670089313887685057e+04 1.639834583668905179e+04
1.629291006485010621e+04 1.599175675288251841e+04
1.587852232261354220e+04 1.557930852543374567e+04
1.546001629265968586e+04 1.516326788526408018e+04
1.503989765852697201e+04 1.474611201209795581e+04
1.462049520380086324e+04 1.433013806410359211e+04
1.420413887892614002e+04 1.391763641945426752e+04
1.379365500253239043e+04 1.351137191910527872e+04
1.339172823481359228e+04 1.311396431085299446e+04
1.300071393806712149e+04 1.272770670844077176e+04
1.262237415520909781e+04 1.235430646231618994e+04
1.225801252040262807e+04 1.199501911577377359e+04
1.190874474645320515e+04 1.165091545538452192e+04
1.157604448275881259e+04 1.132340321799295452e+04
1.126240258837515830e+04 1.101485621096462455e+04
1.097018266168855916e+04 1.072752369657867530e+04
1.070094203829607613e+04 1.046287603426115311e+04
1.045300863092294094e+04 1.021925826016178144e+04
1.022377947529176345e+04 9.994117815203448117e+03
1.001087575271110472e+04 9.785124809128756169e+03
9.812103194266233913e+03 9.590141443786569653e+03
9.625434959745096421e+03 9.407197713966668744e+03
9.448625094630257081e+03 9.234120604643978368e+03
9.278488467835419215e+03 9.067851407937929253e+03
9.111814741431771836e+03 8.905311089846769391e+03
8.944780411602865570e+03 8.742852768170472700e+03
8.773081393643571573e+03 8.576383677573878231e+03
8.592404861682023693e+03 8.401810284239809334e+03
8.398000541627745406e+03 8.214644993122603410e+03
8.185646212778535300e+03 8.010899288333082950e+03
7.952336943136591799e+03 7.787768291109398888e+03
7.696143263711373947e+03 7.543459031880731345e+03
7.417380427972186226e+03 7.278329027348163436e+03
7.117842880405341930e+03 6.994125592856097683e+03
6.801706708885139960e+03 6.694860286007025024e+03
6.474229456757506341e+03 6.385551328972838746e+03
6.141850780743027826e+03 6.072320858354331904e+03
5.811235973416727575e+03 5.761481319438015817e+03
5.489382408521170873e+03 5.459637557833338178e+03
5.183390699836581007e+03 5.173433620678704756e+03
4.900038317207984619e+03 4.909197302737442442e+03
4.644979178742861222e+03 4.672146074935810248e+03
4.422761184358988430e+03 4.466434673548850697e+03
4.234907610390275295e+03 4.293372823143398819e+03
4.080654821706402345e+03 4.152121674756154789e+03
3.955543449174101625e+03 4.038424664831419250e+03
3.853168967545033411e+03 3.946220362782084067e+03
3.764864035227411932e+03 3.867374979041977440e+03
3.681243337682582933e+03 3.793088572514881889e+03
3.592760586125274131e+03 3.714402418284820214e+03
3.490927616870919337e+03 3.623333921226779239e+03
3.369712513864559696e+03 3.514188506948546092e+03
3.226500978846192993e+03 3.384476813076552844e+03
3.062873383905728588e+03 3.235684901572060426e+03
2.884154019842169419e+03 3.072843337732606415e+03
2.698773466284940696e+03 2.903897358219913258e+03
2.517351681842930248e+03 2.738805513838414754e+03
2.351143743516411178e+03 2.588028939387517767e+03
2.209086365469527664e+03 2.459758604894910150e+03
2.094996785982752044e+03 2.357393143138552205e+03
2.007075017837418955e+03 2.279154877955484608e+03
1.939430571212066070e+03 2.219542240014498020e+03
1.883677905569097902e+03 2.170796994742710467e+03
1.829576964248750301e+03 2.123450896598276358e+03
1.766717243793257921e+03 2.067849161013886260e+03
1.688578828257624082e+03 1.997932154117746904e+03
1.595548636576624176e+03 1.914085439583534935e+03
1.493701057140042849e+03 1.822009521908071292e+03
1.391928611683895042e+03 1.729979104352739796e+03
1.299400046203774764e+03 1.646410366141314398e+03
1.222848347838034442e+03 1.577360047542537814e+03
1.163489534003283779e+03 1.523807752983189403e+03
1.117145626802006518e+03 1.481876207899624660e+03
1.076104240538978729e+03 1.444542945361657758e+03
1.031904028121530473e+03 1.404143298977813402e+03
9.798496710864183115e+02 1.356459740788015552e+03
9.211682994427704898e+02 1.302676287544248908e+03
8.610257169698842290e+02 1.247520145933857975e+03
8.059036325348467926e+02 1.196802625118295055e+03
7.601392733072596002e+02 1.154302469856877451e+03
7.230790293186429381e+02 1.119344454306552052e+03
6.903750250179806471e+02 1.088048243938889982e+03
6.570017069007509463e+02 1.056010669069817141e+03
6.203624144399220768e+02 1.021014678619749930e+03
5.820981503792502281e+02 9.845522364745170307e+02
5.459461537640670485e+02 9.498692752400521613e+02
5.144737773785356012e+02 9.191191123273323456e+02
4.874350409333900416e+02 8.920293365311965772e+02
4.622171913925443505e+02 8.663717304981012148e+02
4.365174216715209354e+02 8.402427113470575932e+02
4.103635471343421841e+02 8.137058707524474812e+02
3.854572363876235386e+02 7.881724885423611795e+02
3.631190981784197902e+02 7.646876040213683154e+02
3.429306463722253397e+02 7.428811511892557746e+02
3.235852440408657458e+02 7.217098893406516709e+02
3.044390410453765980e+02 7.006869542775405080e+02
2.860954931252383631e+02 6.802891405030366059e+02
2.691978458172816318e+02 6.609935764123199533e+02
2.535895043706203182e+02 6.426641936541000177e+02
2.386748126041768501e+02 6.248576979662849453e+02
2.243172655967184426e+02 6.074804337616449175e+02
2.108122228053726701e+02 5.907399827088631810e+02
1.982420585194456351e+02 5.746829804471968828e+02
1.863731302165099919e+02 5.591428261448869534e+02
1.750734148166901605e+02 5.440300150652072944e+02
1.644297495033754046e+02 5.293973445464851011e+02
1.544541968531306679e+02 5.152455908898313055e+02
1.450547186973350620e+02 5.015136875485282530e+02
1.361867036631195162e+02 4.881686411598752784e+02
1.278253852938966162e+02 4.751903788719297950e+02
1.199466262929095279e+02 4.625601203641908228e+02
1.125269265816759798e+02 4.502602796226851751e+02
1.055434629695112108e+02 4.382743968849698604e+02
9.897412096990666441e+01 4.265870753813511556e+02
9.279737170176102268e+01 4.151838030110464501e+02
8.699127355414671570e+01 4.040500214681894136e+02
8.153440299445483674e+01 3.931716873647230273e+02
7.640652945519676109e+01 3.825357717729322644e+02
7.158855572159635017e+01 3.721302106838103327e+02
6.706245609007915220e+01 3.619438545784387316e+02
6.281121784825914744e+01 3.519664212193355297e+02
5.881878721916408637e+01 3.421884551872865359e+02
5.507011616799604070e+01 3.326015879027489746e+02
5.155114908464312862e+01 3.231986705181600996e+02
4.824859036434752824e+01 3.139732159372138653e+02
4.514985099326876394e+01 3.049193123548719768e+02
4.224301592437397090e+01 2.960315934263871327e+02
3.951681257890771093e+01 2.873052095710790468e+02
3.696058046503342354e+01 2.787358002773096928e+02
3.456423582149289331e+01 2.703195382486306357e+02
3.231821361767091361e+01 2.620534771593508481e+02
3.021347325459730015e+01 2.539351949097691659e+02
2.824148860430864971e+01 2.459625720098957231e+02
2.639422091309798901e+01 2.381337705739529440e+02
2.466409293499881628e+01 2.304472142374713997e+02
2.304396429506382660e+01 2.229015684178995400e+02
2.152710808790791930e+01 2.154957334084089098e+02
2.010719071519937273e+01 2.082293465130143204e+02
1.877825069842660000e+01 2.011028653959524490e+02
1.753467516483282651e+01 1.941167934490520963e+02
1.637118061944334357e+01 1.872716132657092203e+02
1.528279490279605390e+01 1.805677776890477446e+02
1.426484004133224737e+01 1.740057012050071990e+02
1.331291595329112631e+01 1.675857517012277356e+02
1.242288432964036993e+01 1.613084426255789481e+02
1.159085171063697750e+01 1.551751712326767745e+02
1.081315848581456862e+01 1.491873833833772096e+02
1.008636665428588408e+01 1.433462345792637791e+02
9.407247109492061554e+00 1.376525975840130798e+02
8.772767601055717179e+00 1.321070706807349211e+02
8.180081341849676946e+00 1.267099863898183543e+02
7.626516216636249901e+00 1.214614360987713582e+02
7.109564281188121448e+00 1.163616692968583237e+02
6.626872202529652256e+00 1.114110557808508162e+02
6.176232538225408852e+00 1.066096187407190996e+02
5.755575120133601175e+00 1.019570313814713103e+02
5.362958897874590569e+00 9.745263864573631452e+01
4.996564238442453565e+00 9.309547887601505067e+01
4.654685658544371663e+00 8.888430531586159589e+01
4.335724853865603912e+00 8.481765002383805552e+01
