1.795562029032893406e+04 1.783664666312174450e+04
1.818281279218353666e+04 1.805895858944149586e+04
1.840447922035699594e+04 1.827561238705660071e+04
1.862008477417401809e+04 1.848607501739487270e+04
1.882906161265128321e+04 1.868978240783053479e+04
1.903083289368508485e+04 1.888616226848158112e+04
1.922481233656117547e+04 1.907463357058324618e+04
1.941038705946212576e+04 1.925458946810701673e+04
1.958693415174454640e+04 1.942541386840105770e+04
1.975382932326876835e+04 1.958649010524812547e+04
1.991042392620799001e+04 1.973717852717494316e+04
2.005604502845478055e+04 1.987681666687663528e+04
2.019002413095818338e+04 2.000474742449548648e+04
2.031169227858842714e+04 2.012031439586546185e+04
2.042036045701715193e+04 2.022284288295248189e+04
2.051534745163204207e+04 2.031166712037525940e+04
2.059598812433495914e+04 2.038613842572299109e+04
2.066160992427944439e+04 2.044560259899658558e+04
2.071154481663164916e+04 2.048941157715468944e+04
2.074515415210327410e+04 2.051694757043267964e+04
2.076182236800019746e+04 2.052761727941258869e+04
2.076094754256889428e+04 2.052084313461614511e+04
2.074196794943830901e+04 2.049608859138465778e+04
2.070436976656610568e+04 2.045286571714904858e+04
2.064768802990535187e+04 2.039073732294163347e+04
2.057151360747508079e+04 2.030932298747141613e+04
2.047550015172794519e+04 2.020830511718057460e+04
2.035938417648904215e+04 2.008744979350925860e+04
2.022299653837213555e+04 1.994661847723852770e+04
2.006624340557012329e+04 1.978574733147408551e+04
1.988912458215201696e+04 1.960486548641470290e+04
1.969180558386026678e+04 1.940416805251133701e+04
1.947455572890196709e+04 1.918395273069138784e+04
1.923772509248998176e+04 1.894459602004287808e+04
1.898186163860551824e+04 1.868667080485932092e+04
1.870770396717551921e+04 1.841093863856388634e+04
1.841605329657380571e+04 1.811822064780841902e+04
1.810784771223682037e+04 1.780947161792206680e+04
1.778433894221637092e+04 1.748595654324386487e+04
1.744685000670954105e+04 1.714900779264621451e+04
1.709673610572759935e+04 1.679998580055095590e+04
1.673568914537202727e+04 1.644058201021606874e+04
1.636559058564297811e+04 1.607267210802997943e+04
1.598825563092577249e+04 1.569806153191875092e+04
1.560560096400317343e+04 1.531865239063943045e+04
1.521982035860581345e+04 1.493661801999459931e+04
1.483300651036692580e+04 1.455402741503744801e+04
1.444717036487163568e+04 1.417286410372609316e+04
1.406473044093352655e+04 1.379550723128338177e+04
1.368813833596491895e+04 1.342436405100582488e+04
1.331959231792936589e+04 1.306158943023787651e+04
1.296080193575731209e+04 1.270885729386186358e+04
1.261292697864558068e+04 1.236730214265691757e+04
1.227695534565788330e+04 1.203788841345511355e+04
1.195399010783069753e+04 1.172168983735738584e+04
1.164616186586477670e+04 1.142077519577136081e+04
1.135570509605981533e+04 1.113731393642618059e+04
1.108442203496098409e+04 1.087305668293832605e+04
1.083152916134159022e+04 1.062723617381175063e+04
1.059465157716759859e+04 1.039753515393955786e+04
1.037157548454049174e+04 1.018179448077909910e+04
1.016024930697377567e+04 9.978020689889119240e+03
9.958768080788067891e+03 9.784367455753357717e+03
9.765223549607399036e+03 9.598984883377412189e+03
9.576968614447667278e+03 9.419309197383719948e+03
9.391211877135021496e+03 9.242632900774677182e+03
9.204919366418600475e+03 9.066009884065817459e+03
9.014525388951797140e+03 8.885974308895551076e+03
8.816578094421758578e+03 8.699157881105393244e+03
8.607317824098277924e+03 8.501887476860221796e+03
8.383258630748399810e+03 8.290735834304079617e+03
8.141814794691316820e+03 8.063148037893905894e+03
7.881264730954271727e+03 7.817394593984201492e+03
7.601768630774780831e+03 7.553581898465032282e+03
7.305054423492478236e+03 7.273345182146947081e+03
6.994613610537386194e+03 6.980048688127457353e+03
6.675135633809206411e+03 6.678236437040310193e+03
6.352283000563974383e+03 6.373405576651643969e+03
6.031961322310934520e+03 6.071299254093930358e+03
5.720257073386997035e+03 5.777833909609629700e+03
5.423032940829613835e+03 5.498696832884198557e+03
5.146018571102346868e+03 5.239428991806103113e+03
4.893905099971744676e+03 5.004572118856784073e+03
4.670489737003215851e+03 4.797765102124511941e+03
4.477378183203227309e+03 4.620554787118443528e+03
4.313826724591483980e+03 4.472194786609892617e+03
4.176189786623145665e+03 4.349159480953916500e+03
4.058670354680910350e+03 4.245820946952603663e+03
3.953532979377044740e+03 4.154662436510011503e+03
3.852504917477011986e+03 4.067587121717310765e+03
3.747314304648938105e+03 3.976433616146023724e+03
3.630910808074609577e+03 3.874170034511613267e+03
3.498335613827276575e+03 3.755769787323089531e+03
3.347716772504141318e+03 3.619250915408497349e+03
3.180832947341554700e+03 3.466290416667160116e+03
3.002581896615306960e+03 3.301707787939683840e+03
2.820253922043077637e+03 3.132739713698266769e+03
2.642646801224868341e+03 2.968117191483071565e+03
2.478960212472778039e+03 2.816910007450156172e+03
2.336726580847697278e+03 2.686483320746604022e+03
2.219492040635157537e+03 2.580264865685122459e+03
2.125674238197397699e+03 2.496670309532549254e+03
2.049530790282788530e+03 2.430074255239343074e+03
1.983280490777658770e+03 2.372857711078890134e+03
1.918402157132132061e+03 2.316626426208315934e+03
1.846594913067398466e+03 2.253131865035563806e+03
1.762397008692027384e+03 2.176903731105277075e+03
1.666122868224662852e+03 2.088245473553029115e+03
1.563462988709140518e+03 1.992857288347621534e+03
1.462270570504696252e+03 1.898572164465623473e+03
1.370046618475219248e+03 1.812785558642536216e+03
1.292079444997574683e+03 1.740621006884036206e+03
1.229302916588838116e+03 1.682907654692365895e+03
1.177663855722538983e+03 1.635645165008593040e+03
1.130562282525307410e+03 1.592391584516474268e+03
1.081107954135173031e+03 1.546434858726655648e+03
1.025399283459828212e+03 1.494004590910910565e+03
9.647672789564396680e+02 1.436470583859033923e+03
9.039623743533766174e+02 1.378514540750040396e+03
8.481542411304548068e+02 1.325131351752949058e+03
8.006826434916405333e+02 1.279457729621635963e+03
7.608653299357297328e+02 1.240763755760264075e+03
7.247847826660359942e+02 1.205297953933505369e+03
6.883570250005026310e+02 1.169218067852619697e+03
6.496738735298832808e+02 1.130789190628235929e+03
6.101849668243435190e+02 1.091436109731153010e+03
5.730805224550219918e+02 1.054140831433670201e+03
5.402931356634126132e+02 1.020640607591239586e+03
5.113842144069982396e+02 9.904807264781154572e+02
4.841821898809873801e+02 9.616806080619320483e+02
4.568687676506006596e+02 9.326403655239422505e+02
4.295779474271165554e+02 9.035233294966687936e+02
4.037472060376892955e+02 8.756052122703073337e+02
3.803160493025478104e+02 8.496749244419675051e+02
3.588620671213921582e+02 8.253417406517907011e+02
3.383016671724442972e+02 8.016901854367027909e+02
3.181948540507415260e+02 7.783746701910396268e+02
2.990418687174020533e+02 7.558151065063590295e+02
2.813113219512020464e+02 7.343763129182821103e+02
2.648160511188929718e+02 7.138941932820015381e+02
2.490850421893929649e+02 6.940020383583525927e+02
2.340314969049032072e+02 6.746395979823021207e+02
2.198794949970405810e+02 6.559703049064438574e+02
2.066590454080161408e+02 6.380055365584300944e+02
1.941711455140599014e+02 6.205981717330723768e+02
1.823188077437120000e+02 6.036797873023958800e+02
1.711632257461192523e+02 5.872868859713553320e+02
1.606898473718894707e+02 5.714022749637558718e+02
1.508270031065773935e+02 5.559760583080933429e+02
1.415295438469178748e+02 5.409747430794232059e+02
1.327694188133495174e+02 5.263752534711260296e+02
1.245198805711796695e+02 5.121562730160816272e+02
1.167550791951384781e+02 4.982979167160625025e+02
1.094500761233239672e+02 4.847816496795638841e+02
1.025808522752588061e+02 4.715902115827320245e+02
9.612427463788894499e+01 4.587075133205806310e+02
9.005742423986758638e+01 4.461179316774347399e+02
8.435784867431765122e+01 4.338063740632035206e+02
7.900429894854616464e+01 4.217588877242446301e+02
7.397669602351371054e+01 4.099626253942699350e+02
6.925606981209134005e+01 3.984057879045693085e+02
6.482450117218081687e+01 3.870775702430225351e+02
6.066506681078651297e+01 3.759681108944403150e+02
5.676183741090596158e+01 3.650686595678576509e+02
5.309990054566782192e+01 3.543718943719774188e+02
4.966516648056557415e+01 3.438713081336242681e+02
4.644430170337515307e+01 3.335610532152310839e+02
4.342469352966612917e+01 3.234359057894325247e+02
4.059441596465266855e+01 3.134912312256236646e+02
3.794219680858071087e+01 3.037229504409758647e+02
3.545738301310781537e+01 2.941275889806768191e+02
3.312988543210104098e+01 2.847029662155318874e+02
3.095016982784337500e+01 2.754477071970463840e+02
2.890924707488041889e+01 2.663606992360195136e+02
2.699864463079973120e+01 2.574410628817055340e+02
2.521037910398834470e+01 2.486881297315023858e+02
2.353693011343534636e+01 2.401014205703642119e+02
2.197121540257151295e+01 2.316806333069113748e+02
2.050656796308501129e+01 2.234263603773359534e+02
1.913671377223460723e+01 2.153404588113622253e+02
1.785574878625672568e+01 2.074247226579156234e+02
1.665811847826592995e+01 1.996807411791775451e+02
1.553859854335899193e+01 1.921098959966925861e+02
1.449227656421162180e+01 1.847133588543884741e+02
1.351453459708781857e+01 1.774920900037091087e+02
1.260103215170095403e+01 1.704470505320633436e+02
1.174768853780058997e+01 1.635801180990870023e+02
1.095067039650828811e+01 1.568931291570526980e+02
1.020637853457528621e+01 1.503874359698834553e+02
9.511434395312324597e+00 1.440639271617355064e+02
8.862667252103245019e+00 1.379230493398039528e+02
8.257102091243352149e+00 1.319648291564789133e+02
7.691948131316536319e+00 1.261889090491133771e+02
7.164587536025780246e+00 1.205948857071710165e+02
6.672565303748539733e+00 1.151822800286835786e+02
6.213580148356902200e+00 1.099501809041202165e+02
5.785475343187173713e+00 1.048972593632802273e+02
5.386230051586352374e+00 1.000218011916404635e+02
5.013951146199252307e+00 9.532173895464208613e+01
4.666865491728134252e+00 9.079468330388682773e+01
