2.767351104826145820e+04 2.740748884220243053e+04
2.803665075794307268e+04 2.775984289168452960e+04
2.839104336812429028e+04 2.810319204392753090e+04
2.873579675647930344e+04 2.843665510893649116e+04
2.906998290611313860e+04 2.875931959998270031e+04
2.939266178850520737e+04 2.907026274294904943e+04
2.970286648414921729e+04 2.936853651309776615e+04
2.999957562304830935e+04 2.965314007283932369e+04
3.028175540740711222e+04 2.992306191010052498e+04
3.054836728589691484e+04 3.017728779745869178e+04
3.079833428361096230e+04 3.041476984861707024e+04
3.103055970981382779e+04 3.063444421930047247e+04
3.124395657176755049e+04 3.083525870854485402e+04
3.143743036996818410e+04 3.101615643028022896e+04
3.160985818635024043e+04 3.117605598320331774e+04
3.176013606102309859e+04 3.131389695993168061e+04
3.188718689875619020e+04 3.142864774965208198e+04
3.198993266431415759e+04 3.151927994278413826e+04
3.206731979594863878e+04 3.158479229411734559e+04
3.211834564061175115e+04 3.162423559378410209e+04
3.214205856178982503e+04 3.163671369287111884e+04
3.213755985966312437e+04 3.162138601992012627e+04
3.210402283788390923e+04 3.157748439458858047e+04
3.204070564452618783e+04 3.150432549567408569e+04
3.194698214471860774e+04 3.140134258532124659e+04
3.182233206306447028e+04 3.126807427799700963e+04
3.166633711531783774e+04 3.110415958414756824e+04
3.147875012091949611e+04 3.090940655096965565e+04
3.125952506932842152e+04 3.068382173978112769e+04
3.100873413531106416e+04 3.042752668205713053e+04
3.072660494057017422e+04 3.014079435434515472e+04
3.041370019472812419e+04 2.982422683840000900e+04
3.007076032573353950e+04 2.947859857467946858e+04
2.969863361544697182e+04 2.910478667899046923e+04
2.929852621605256718e+04 2.870401854044474385e+04
2.887202280926809908e+04 2.827789166153267797e+04
2.842077540180848882e+04 2.782806466205246033e+04
2.794659327155482606e+04 2.735634687404945362e+04
2.745180226283515731e+04 2.686505584566948892e+04
2.693883289404678362e+04 2.635660698330317609e+04
2.641009762861779382e+04 2.583339170658775402e+04
2.586858632214469253e+04 2.529837244949712112e+04
2.531776468682542327e+04 2.475498113931897751e+04
2.476092892723615660e+04 2.420647513766624252e+04
2.420117152706826528e+04 2.365590908530329762e+04
2.364137931855910210e+04 2.310614547939682234e+04
2.308422537314515648e+04 2.255983233588653093e+04
2.253224519233938554e+04 2.201947690737559606e+04
2.198893956985905243e+04 2.148855636553719523e+04
2.145840067680260472e+04 2.097114284677291653e+04
2.094434397684182113e+04 2.047093126931238658e+04
2.044983889098011787e+04 1.999099003331200220e+04
1.997690711856613780e+04 1.953339025152735849e+04
1.952722959829403771e+04 1.909986934104161264e+04
1.910202466059258950e+04 1.869171002491865511e+04
1.870049703709915048e+04 1.830823128015622933e+04
1.832112873419324023e+04 1.794804482700399967e+04
1.796232679192805153e+04 1.760968476202169768e+04
1.762137011677436021e+04 1.729057015441576732e+04
1.729520606765482080e+04 1.698778513744045995e+04
1.698068277616655178e+04 1.669829692462619278e+04
1.667380274242976157e+04 1.641819618714224998e+04
1.637057912907606078e+04 1.614355528323090221e+04
1.606641344863195809e+04 1.586976337803985916e+04
1.575612816628712426e+04 1.559154845064817346e+04
1.543454987550994338e+04 1.530356095253859348e+04
1.509586204007391461e+04 1.499965202344814679e+04
1.473470513325911270e+04 1.467404343287441588e+04
1.434659909820666871e+04 1.432170879038255589e+04
1.392816960448437021e+04 1.393866922603034618e+04
1.347888374540439145e+04 1.352382760970088384e+04
1.300020319661751455e+04 1.307814392174656132e+04
1.249688595101289502e+04 1.260609182540344591e+04
1.197547765144971891e+04 1.211410366561306728e+04
1.144475033913095467e+04 1.161110551953060713e+04
1.091402242790629680e+04 1.110672923503931270e+04
1.039312013642637794e+04 1.061129216948620160e+04
9.891741090857571180e+03 1.013508611976864086e+04
9.419127945601310785e+03 9.688041168694180669e+03
8.983320351798540287e+03 9.278905372095885468e+03
8.591218276830592004e+03 8.915328862099198886e+03
8.246404404611474092e+03 8.601542062704707860e+03
7.949528937659991243e+03 8.338738894377860561e+03
7.696001542643817629e+03 8.122544322334641947e+03
7.477939579623355712e+03 7.944969983284109730e+03
7.283395690350927907e+03 7.793400486207904578e+03
7.099120695209122459e+03 7.653405312775964376e+03
6.911398283052182705e+03 7.509538138592284668e+03
6.708007308676991670e+03 7.347481735472293622e+03
6.479811979515066923e+03 7.156002116989066963e+03
6.222160769729306594e+03 6.928782786395943731e+03
5.936363281753303454e+03 6.666488370326541371e+03
5.629283564927221050e+03 6.376532549624406784e+03
5.312163855000814692e+03 6.071796851453898853e+03
4.999014133399085040e+03 5.768690595449137618e+03
4.704886179395889485e+03 5.484972251377183966e+03
4.443269229905119573e+03 5.236604704041399600e+03
4.222408012554989000e+03 5.033495232415510145e+03
4.042418859183406767e+03 4.876180120852009168e+03
3.895355370354584011e+03 4.755812396303499554e+03
3.768348160891395310e+03 4.657588347512829387e+03
3.646989472685849250e+03 4.564450253469988638e+03
3.517256819403982263e+03 4.459242205278508663e+03
3.368440894246162316e+03 4.328408249882822929e+03
3.198037637714142875e+03 4.168417444371649253e+03
3.013605887787907704e+03 3.988443267127953732e+03
2.828484191963864760e+03 3.805049098880442216e+03
2.656133457660009299e+03 3.634927274574135936e+03
2.506759073818886918e+03 3.490615439462682843e+03
2.384075819904259333e+03 3.376662429247709497e+03
2.283204586532156554e+03 3.287214185095330777e+03
2.193167623056306638e+03 3.208972374655822023e+03
2.101801824313623001e+03 3.127022118630570276e+03
2.000357570876452883e+03 3.030536070147158171e+03
1.888807276132097968e+03 2.919567480655739473e+03
1.774797028426082079e+03 2.803768936771966764e+03
1.667875827020098995e+03 2.695003053422593439e+03
1.574950094106512779e+03 2.601633332228911968e+03
1.496779002550185169e+03 2.524443998555763756e+03
1.427266873816728548e+03 2.456033814316035205e+03
1.358534318366986327e+03 2.386990111242158491e+03
1.286014370705856209e+03 2.312007021012937457e+03
1.210925564000160875e+03 2.232776280249428055e+03
1.138878383364424053e+03 2.156076340918793449e+03
1.074423002661514829e+03 2.087176847651455319e+03
1.017684668287488648e+03 2.026089929936351382e+03
9.651146075901832546e+02 1.968716264759045316e+03
9.127935053965464931e+02 1.910730364627894915e+03
8.600758910535547557e+02 1.851591700095740634e+03
8.094394401929488367e+02 1.794133467932338817e+03
7.631544031108853687e+02 1.740775671528308749e+03
7.210004182685945580e+02 1.691203021173443403e+03
6.809079000807084867e+02 1.643262438994516060e+03
6.416457826952996584e+02 1.595785401802457272e+03
6.038503861703870825e+02 1.549481078938705878e+03
5.686919740875212028e+02 1.505477922918539662e+03
5.360711838327010810e+02 1.463637973089617390e+03
5.050542972768803338e+02 1.423101452744160042e+03
4.752470228559732277e+02 1.383551713987236781e+03
4.470695557772525603e+02 1.345362271743451402e+03
4.207359194010368810e+02 1.308686913371191622e+03
3.958887506461081216e+02 1.273220627122043197e+03
3.722510683653856631e+02 1.238750544982003248e+03
3.499232475150424193e+02 1.205344027065307500e+03
3.289447628241484267e+02 1.173006315548477232e+03
3.091706143459806526e+02 1.141624141239439723e+03
2.904986281497699565e+02 1.111115263468313969e+03
2.728754988141255922e+02 1.081423375181488154e+03
2.562522826536672937e+02 1.052497603277246299e+03
2.405812901583751398e+02 1.024290762942899619e+03
2.258161644402632362e+02 9.967591453538493624e+02
2.119119447115011781e+02 9.698623224828910452e+02
1.988246191343730231e+02 9.435618378410066498e+02
1.865093757086431481e+02 9.178166215059069373e+02
1.749228873016407420e+02 8.925873501440315749e+02
1.640241279727263759e+02 8.678382387580118120e+02
1.537742583047680114e+02 8.435368675724131435e+02
1.441365156991901131e+02 8.196540211348316234e+02
1.350761098200683250e+02 7.961635386468680053e+02
1.265601374766157932e+02 7.730422945944972071e+02
1.185577225425000165e+02 7.502721136767260077e+02
1.110398184267608030e+02 7.278390739578896955e+02
1.039788760994767784e+02 7.057313587608965690e+02
9.734877077751298202e+01 6.839390862735572227e+02
9.112473928733916750e+01 6.624542113988821939e+02
8.528331933863225345e+01 6.412704286596932661e+02
7.980229060794650309e+01 6.203830860859318364e+02
7.466058881738869957e+01 5.997919321537374344e+02
6.983822287033993348e+01 5.795043080392351840e+02
6.531629322332801735e+01 5.595285446296716145e+02
6.107694808754089877e+01 5.398728725517755720e+02
5.710333057263856915e+01 5.205453787040113411e+02
5.337952811840781919e+01 5.015539637051599016e+02
4.989052414254863521e+01 4.829063004324561916e+02
4.662215208958663482e+01 4.646106088440120629e+02
4.356105268416006027e+01 4.466802710743860985e+02
4.069463034384959599e+01 4.291296633412819688e+02
3.801101218619617583e+01 4.119714730445996906e+02
3.549900979157123260e+01 3.952167329899514812e+02
3.314808275290856443e+01 3.788748711700846457e+02
3.094830394317956745e+01 3.629537647841505645e+02
2.889032629997150892e+01 3.474598425568353264e+02
2.696534761758882226e+01 3.323994001543057948e+02
2.516508129119759118e+01 3.177785788175115727e+02
2.348173277430666772e+01 3.036018162690123745e+02
2.190797243641517156e+01 2.898718603946350640e+02
2.043690952329868438e+01 2.765898772121489060e+02
1.906206745017242454e+01 2.637555592305830601e+02
1.777736036848116896e+01 2.513672334543910267e+02
1.657707039280069949e+01 2.394220048818173723e+02
1.545582559001509182e+01 2.279159297026874356e+02
1.440858181283556760e+01 2.168440069754339277e+02
1.343060410814906547e+01 2.062002563147850651e+02
1.251744873714926065e+01 1.959778181443637379e+02
1.166494616811212026e+01 1.861690503416830325e+02
1.086918499455722831e+01 1.767656209631941238e+02
1.012649662891501379e+01 1.677585808759471888e+02
9.433440086800326085e+00 1.591383145744163983e+02
8.786789133647999961e+00 1.508947197521818850e+02
8.183520091159428134e+00 1.430173789734296577e+02
