1.603856605059589492e+04 1.594828803697243529e+04
1.623081119434464199e+04 1.613684516712106415e+04
1.641754454173202976e+04 1.631978951166293155e+04
1.659828248325354798e+04 1.649663864840849055e+04
1.677251891615090426e+04 1.666688889265080070e+04
1.693974310496700491e+04 1.683003245755669923e+04
1.709943522618081988e+04 1.698555296892586921e+04
1.725105161281607070e+04 1.713291069392676945e+04
1.739404411420929682e+04 1.727156198400623543e+04
1.752786502728772393e+04 1.740096426673854876e+04
1.765194404574916553e+04 1.752055336859028466e+04
1.776569675805604493e+04 1.762975196825382591e+04
1.786854656344105388e+04 1.772799126702957074e+04
1.795991679420101354e+04 1.781470330778956486e+04
1.803921710716434245e+04 1.788930767499166905e+04
1.810586960330346483e+04 1.795123723008792876e+04
1.815931332829026724e+04 1.799994260816429960e+04
1.819898206454862520e+04 1.803487065378159969e+04
1.822432039763723151e+04 1.805548017603126573e+04
1.823480317715541969e+04 1.806126098973642365e+04
1.822992943115200615e+04 1.805172830148332287e+04
1.820921800461523526e+04 1.802641873336732169e+04
1.817222843984268184e+04 1.798491029143803826e+04
1.811856692341835151e+04 1.792682831911111862e+04
1.804788946778871832e+04 1.785184967091294675e+04
1.795990638709432096e+04 1.775970630170351069e+04
1.785438685794056073e+04 1.765018918534884870e+04
1.773118114269846774e+04 1.752317132010366913e+04
1.759022982838179814e+04 1.737861708398379778e+04
1.743154153093009154e+04 1.721655851408648959e+04
1.725521160543575024e+04 1.703711405368395208e+04
1.706149300268497245e+04 1.684056034530574834e+04
1.685073070764254953e+04 1.662726525092320298e+04
1.662333867057912721e+04 1.639766413212518455e+04
1.637991206943719408e+04 1.615237259648063264e+04
1.612121917527858932e+04 1.589217795524713074e+04
1.584807627750360371e+04 1.561791314102726756e+04
1.556141331350415021e+04 1.533052211320929564e+04
1.526244697801360962e+04 1.503123255369808976e+04
1.495245083772204998e+04 1.472132582153343537e+04
1.463270874855485454e+04 1.440209023710592737e+04
1.430478563905857482e+04 1.407508963486674475e+04
1.397041904542424163e+04 1.374205541534587792e+04
1.363127032141388736e+04 1.340463974093556317e+04
1.328905633522237258e+04 1.306454563595620675e+04
1.294574405701910473e+04 1.272371897688988975e+04
1.260320470907622621e+04 1.238400732606589736e+04
1.226319564634079870e+04 1.204714186077548766e+04
1.192774285606686499e+04 1.171510973180143446e+04
1.159890880119506801e+04 1.138992851314363725e+04
1.127853304113893500e+04 1.107339455415207158e+04
1.096807912092294828e+04 1.076693228389022261e+04
1.066853096155218918e+04 1.047149244904001898e+04
1.038070896568691023e+04 1.018786498282849425e+04
1.010542134245475972e+04 9.916825375577433078e+03
9.844067991059970154e+03 9.659711787576068673e+03
9.598174699297165716e+03 9.417980900025720985e+03
9.369006152255242341e+03 9.192837731745821657e+03
9.155812903340221965e+03 8.983533307827323370e+03
8.956142231574056495e+03 8.787666700065896293e+03
8.767680980163711865e+03 8.602974850997523390e+03
8.588413668398747177e+03 8.427492234980547437e+03
8.416588601642282811e+03 8.259516769315041529e+03
8.250502946157288534e+03 8.097395536107212138e+03
8.087816587902424544e+03 7.938870980024245910e+03
7.925963766538748132e+03 7.781471470420885453e+03
7.762249620612175931e+03 7.622606802932449682e+03
7.593432452980389826e+03 7.459175259954135981e+03
7.416418685859510333e+03 7.288215528682300828e+03
7.228071091225364398e+03 7.106742182725673956e+03
7.025547625748546125e+03 6.912050509582470113e+03
6.807202779583039046e+03 6.702593488797892860e+03
6.572490844332999586e+03 6.477880107023393975e+03
6.322353270441381028e+03 6.238841541068473816e+03
6.059183401600394973e+03 5.987799923783768463e+03
5.786635464449149367e+03 5.728270522081224954e+03
5.509380625512407278e+03 5.464735561796105685e+03
5.232470884360430318e+03 5.202018065937216306e+03
4.960978085899987491e+03 4.944948515375361239e+03
4.700012383154889903e+03 4.698368254439128577e+03
4.454369775273034975e+03 4.466801482996605046e+03
4.228686700061997726e+03 4.254578675955935068e+03
4.026491837870238669e+03 4.064992470783492081e+03
3.850028484187570939e+03 3.900067793248377711e+03
3.699623813331970723e+03 3.760044132128288311e+03
3.573063997800203651e+03 3.642746642692207843e+03
3.466076706845518856e+03 3.544088902648516068e+03
3.372619096107780479e+03 3.458322873259378412e+03
3.285686445113069112e+03 3.378818351424715729e+03
3.198194471071754833e+03 3.298869524013682621e+03
3.103593856308047179e+03 3.212280841960082853e+03
2.996914985503794014e+03 3.114348352486994827e+03
2.875407875917818274e+03 3.002463076068009286e+03
2.739307638820612738e+03 2.876857242387142833e+03
2.591730268965624873e+03 2.740498266085703563e+03
2.437998651044398230e+03 2.598436601250035892e+03
2.284972336911042476e+03 2.457156689966494923e+03
2.140378334029616781e+03 2.323912744451933122e+03
2.011483636056545947e+03 2.205457397403594769e+03
1.902932253869119450e+03 2.106045828732975224e+03
1.815181632448613300e+03 2.026016488252316549e+03
1.744626961795635907e+03 1.961944121273432756e+03
1.685315236351238354e+03 1.908254996695446835e+03
1.630449922037067154e+03 1.858613319406984829e+03
1.572913335488670100e+03 1.806389567481050335e+03
1.506723635675154810e+03 1.746016802459404289e+03
1.429887067664664528e+03 1.675662966309601188e+03
1.345495846983861384e+03 1.598252583245142432e+03
1.259537175154194756e+03 1.519388838609634377e+03
1.178415743297053496e+03 1.445002459347952708e+03
1.107415079164395365e+03 1.379914056113081870e+03
1.049003280032240809e+03 1.326306798295607450e+03
1.001595045369828767e+03 1.282657074689165711e+03
9.605495086867932741e+02 1.244690110333716348e+03
9.201373313340120603e+02 1.207178721878347005e+03
8.757611987775402440e+02 1.165959937937489713e+03
8.266281066863834894e+02 1.120359642151092203e+03
7.756601736109093963e+02 1.073073666450481596e+03
7.269664546961104179e+02 1.027824105118863372e+03
6.840720539636693047e+02 9.877368488579282939e+02
6.479951226587966175e+02 9.536568623065933252e+02
6.165079037858680522e+02 9.235585853977939905e+02
5.862323293737899803e+02 8.944452727667777481e+02
5.547419212526593810e+02 8.642037408952780879e+02
5.219624696070746950e+02 8.328084694000411901e+02
4.900436679599051786e+02 8.021529048996247866e+02
4.610813307494015589e+02 7.740325049239216924e+02
4.355489753132283113e+02 7.488144583232885907e+02
4.122730823299601752e+02 7.254705283287489692e+02
3.895421058357919719e+02 7.025537102142958474e+02
3.667447224016950713e+02 6.795707595642410297e+02
3.446561586461029947e+02 6.571793568653509965e+02
3.242494916348408651e+02 6.361710720106231065e+02
3.056810317525922187e+02 6.166505272274412164e+02
2.882401935198238334e+02 5.980314759438791725e+02
2.713307153912776926e+02 5.798410876985713003e+02
2.550212906962599959e+02 5.621393182365892471e+02
2.397509785516735121e+02 5.452625273803821528e+02
2.255901877066724239e+02 5.292518614726650412e+02
2.122353793944411109e+02 5.138694266532883148e+02
1.994652610353132900e+02 4.989492217406543659e+02
1.873695341235164733e+02 4.845547804414769075e+02
1.760500499240375234e+02 4.707521178839208460e+02
1.654124048375254574e+02 4.574669547064565904e+02
1.553348448477831880e+02 4.446105613713829143e+02
1.458183645608358461e+02 4.321795814123577770e+02
1.368763354533191716e+02 4.201771860597874593e+02
1.284640019681812930e+02 4.085683694817646483e+02
1.205405625541279733e+02 3.973229359441437509e+02
1.130773113497226632e+02 3.864179292441431812e+02
1.060504598900075877e+02 3.758337818527296577e+02
9.943718840749532717e+01 3.655522430100297129e+02
9.321561904503421658e+01 3.555562908565018461e+02
8.736479993378014797e+01 3.458300578526655045e+02
8.186468718197876626e+01 3.363587619778657540e+02
7.669611794821490491e+01 3.271286398659942734e+02
7.184051850024019359e+01 3.181267567078966181e+02
6.727988021610327962e+01 3.093409253540569921e+02
6.299714276077219921e+01 3.007598386290218286e+02
5.897617505287320938e+01 2.923730337382039579e+02
5.520172839707775836e+01 2.841708465870335658e+02
5.165939174287222357e+01 2.761443691300538603e+02
4.833554898791003041e+01 2.682854094340734150e+02
4.521735407249045835e+01 2.605865859128044804e+02
4.229274014125122960e+01 2.530417320289817553e+02
3.955031581332819002e+01 2.456453712570937000e+02
3.697931026068093985e+01 2.383925066682812712e+02
3.456954324317079852e+01 2.312785952912863081e+02
3.231139630050439848e+01 2.242995235075725304e+02
3.019578507717958615e+01 2.174515833497593462e+02
2.821413203211492871e+01 2.107314690957369976e+02
2.635832774739940376e+01 2.041366271414915445e+02
2.462071184176076244e+01 1.976651515422493048e+02
2.299406428390264523e+01 1.913153717748731140e+02
2.147158251130696982e+01 1.850858212362505242e+02
2.004685905957195757e+01 1.789752216585027895e+02
1.871386026096950772e+01 1.729824678289424469e+02
1.746690597055392757e+01 1.671066127235170313e+02
1.630065038531767030e+01 1.613470709906923730e+02
1.521006387453705067e+01 1.557040038528736261e+02
1.419041521916620674e+01 1.501776861403606631e+02
1.323725499792926108e+01 1.447683617147324924e+02
1.234639987651886450e+01 1.394762372159979122e+02
1.151391769239655716e+01 1.343014761113387010e+02
1.073611330082034776e+01 1.292441930597771886e+02
1.000951501777609209e+01 1.243045013138076342e+02
9.330860575021457493e+00 1.194830613168900015e+02
8.697086012997607085e+00 1.147807581708313336e+02
8.105315330293141329e+00 1.101982552880967887e+02
7.552849572511986409e+00 1.057359932760654857e+02
7.037156491271013614e+00 1.013941971902738146e+02
6.555860765243534338e+00 9.717288411896541334e+01
6.106734754044615521e+00 9.307187243576504443e+01
5.687689498981263192e+00 8.909100241252409091e+01
5.296766289637205638e+00 8.523032313918474756e+01
4.932129457732662203e+00 8.148965050937782451e+01
4.592059061312862234e+00 7.786852376184353375e+01
4.274943906539807159e+00 7.436622372674096937e+01
3.979274966203385944e+00 7.098179094838192782e+01
3.703639174184766070e+00 6.771404360302626912e+01
