1.757530163857704974e+04 1.741540818234994731e+04
1.783952065195114483e+04 1.767280056603003322e+04
1.810027793600465884e+04 1.792654110191444852e+04
1.835707241623853406e+04 1.817613076897364226e+04
1.860938896086745081e+04 1.842105740046650317e+04
1.885668058356605979e+04 1.866078024561710845e+04
1.909837657019182006e+04 1.889473729452120097e+04
1.933389555368648507e+04 1.912235693520229324e+04
1.956263630021192148e+04 1.934304911631123468e+04
1.978396735914338569e+04 1.955619544623426555e+04
1.999724756740130033e+04 1.976116907652652662e+04
2.020182750865069829e+04 1.995733629047151408e+04
2.039702922807198047e+04 2.014403775708424291e+04
2.058216087381776015e+04 2.032060234650905477e+04
2.075653086850365798e+04 2.048636049104780977e+04
2.091943766489361587e+04 2.064063494711576277e+04
2.107016414554008588e+04 2.078273584921799920e+04
2.120799975876091776e+04 2.091198127049716277e+04
2.133224266856120084e+04 2.102769948173339799e+04
2.144218716625895831e+04 2.112921806644969183e+04
2.153713906599953771e+04 2.121587790578567001e+04
2.161642668562605104e+04 2.128704324996414653e+04
2.167940296438213772e+04 2.134210492436463755e+04
2.172544901424500131e+04 2.138048406011016777e+04
2.175398068278882056e+04 2.140163689505139337e+04
2.176445825788496222e+04 2.140506446674864128e+04
2.175641006152273258e+04 2.139033717517563491e+04
2.172941878969627578e+04 2.135707968013404752e+04
2.168312013155311797e+04 2.130496877655631033e+04
2.161725393854037247e+04 2.123378476019634036e+04
2.153166739010306264e+04 2.114341420254451805e+04
2.142626852546398732e+04 2.103380259713574196e+04
2.130106377207119294e+04 2.090499147671681203e+04
2.115625543489282791e+04 2.075721533356256259e+04
2.099213364439006546e+04 2.059079337765212040e+04
2.080905596608635096e+04 2.040610890999636831e+04
2.060761358723046578e+04 2.020377466937873760e+04
2.038858689279267128e+04 1.998458818516655083e+04
2.015279621285056055e+04 1.974938284993754860e+04
1.990119225438719513e+04 1.949911843470621170e+04
1.963501917424208659e+04 1.923504423822704848e+04
1.935556761559189908e+04 1.895845174258876796e+04
1.906415305949146932e+04 1.867065330909812474e+04
1.876246476069490018e+04 1.837333400540068760e+04
1.845239050082741960e+04 1.806837517733842833e+04
1.813574750496761044e+04 1.775758375891397736e+04
1.781427230047009652e+04 1.744268842619322459e+04
1.748961657384699356e+04 1.712534220338349041e+04
1.716334165734270573e+04 1.680710566365920386e+04
1.683698828031646553e+04 1.648951748482890980e+04
1.651260927468093723e+04 1.617464241401518666e+04
1.619241719338891380e+04 1.586471056152961683e+04
1.587845724235183116e+04 1.556178296479638266e+04
1.557242961407473194e+04 1.526759366015910200e+04
1.527558697984858918e+04 1.498345951468647218e+04
1.498904747769282221e+04 1.471056343659783124e+04
1.471351198540877886e+04 1.444967575574958391e+04
1.444833842241384264e+04 1.420024501071784653e+04
1.419260314905989799e+04 1.396143816341600905e+04
1.394525378742011526e+04 1.373228650674176242e+04
1.370454646446617880e+04 1.351111926874047822e+04
1.346865342322014112e+04 1.329616980701621469e+04
1.323562437375610716e+04 1.308552408692107747e+04
1.300313397584362974e+04 1.287685188445408494e+04
1.276891690040055437e+04 1.266785675466747307e+04
1.253039669454467003e+04 1.245586016628740617e+04
1.228488980136384453e+04 1.223801836038427609e+04
1.202968913774507018e+04 1.201139415449480111e+04
1.176188732690215875e+04 1.177274345516826361e+04
1.147895151604508283e+04 1.151914759730961669e+04
1.117896987378004451e+04 1.124823529475917167e+04
1.086077259609972680e+04 1.095837012845708705e+04
1.052493734897479771e+04 1.064972884311300368e+04
1.017311920481396373e+04 1.032364345824437623e+04
9.809015153773932980e+03 9.983691708042204482e+03
9.437188764962116693e+03 9.634461814226660863e+03
9.063393665902707653e+03 9.281953068285045447e+03
8.693490890912418763e+03 8.932396426527744552e+03
8.333346589202619725e+03 8.592157299237955158e+03
7.988441803687996980e+03 8.267303404305510412e+03
7.663649782919833342e+03 7.963346746906956469e+03
7.362929198296106733e+03 7.684907142209053745e+03
7.089297999405433984e+03 7.435672086407349525e+03
6.843582898026024850e+03 7.216980418336544972e+03
6.624853714370911803e+03 7.028251834006154240e+03
6.428914913944996442e+03 6.865184999588292158e+03
6.249742134653719404e+03 6.721250994123393866e+03
6.079297206013889081e+03 6.587333809340365406e+03
5.909337157392606059e+03 6.453704002783646501e+03
5.732246538630905889e+03 6.310983016908268837e+03
5.542236618887690383e+03 6.151616360668524976e+03
5.336187190024228585e+03 5.971077098925911741e+03
5.114092326029021933e+03 5.768608314498567779e+03
4.879433817456402721e+03 5.547903103895940149e+03
4.638608645570962835e+03 5.316534266502883838e+03
4.399664525179720840e+03 5.084410164196374353e+03
4.171093441716232519e+03 4.862235974555793291e+03
3.960694002597871531e+03 4.660032264077695800e+03
3.774279023133284227e+03 4.485475008692867959e+03
3.613842347041263565e+03 4.341552413823141251e+03
3.476244008139657126e+03 4.224777091694480987e+03
3.353897900426916294e+03 4.125814946615703775e+03
3.237452292451967423e+03 4.032679018772439122e+03
3.118511679431919674e+03 3.934182161753703895e+03
2.990962292617626190e+03 3.821803544464224160e+03
2.852100724782528687e+03 3.691464205735698215e+03
2.704396189299709931e+03 3.546205620564360288e+03
2.555327622862905173e+03 3.396126680434743321e+03
2.413764225357614578e+03 3.253400337554510315e+03
2.286186370476809770e+03 3.127009116446281496e+03
2.175320826178963671e+03 3.020855893779877078e+03
2.079544640053103194e+03 2.932942348192632835e+03
1.992973408505318503e+03 2.855379778955039001e+03
1.908125111083600814e+03 2.777897609625100813e+03
1.819461484451204115e+03 2.692749391332706182e+03
1.725530132952176473e+03 2.597874027210387794e+03
1.629790710685550948e+03 2.498184598898048534e+03
1.538424311245717718e+03 2.402436104465678454e+03
1.455731113014388484e+03 2.316693909896987861e+03
1.382793648805376279e+03 2.242494713816120566e+03
1.317031072042510459e+03 2.176299461453488220e+03
1.253633714196835172e+03 2.111504567432672502e+03
1.189282973013987430e+03 2.043610228455080915e+03
1.124072136997640428e+03 1.972886061919468148e+03
1.060726765424716632e+03 1.903214874930862379e+03
1.002321432270661035e+03 1.838845326101668661e+03
9.494950970226237814e+02 1.780627651598450029e+03
9.003791674117087496e+02 1.726056766520576730e+03
8.526574927326522584e+02 1.672118762736849476e+03
8.054446227126469466e+02 1.617771442912267275e+03
7.598410673778681712e+02 1.564564273715301397e+03
7.173162693644510455e+02 1.514427063954815367e+03
6.779942536534875899e+02 1.467506766518403765e+03
6.408168989975248451e+02 1.422497245749477543e+03
6.048650564996921730e+02 1.378337674649842938e+03
5.702999145669796235e+02 1.335298530096504692e+03
5.377393940912930930e+02 1.294142649134126714e+03
5.072900060900876156e+02 1.254991593341492262e+03
4.784353027908543936e+02 1.217275690868396623e+03
4.508476234553966719e+02 1.180671470307908976e+03
4.246609845740219384e+02 1.145350326810260185e+03
4.000256109732295045e+02 1.111471284450035910e+03
3.767708389507293987e+02 1.078862289911057815e+03
3.546919034733112994e+02 1.047333971667699416e+03
3.337882293382025409e+02 1.016891694455764082e+03
3.140821808487892781e+02 9.875496756309971715e+02
2.954715872510982990e+02 9.592118786021936785e+02
2.778699656438132592e+02 9.318004845725102996e+02
2.612514969166177821e+02 9.052874814552689031e+02
2.455700930807991256e+02 8.796220396916769459e+02
2.307764447854058290e+02 8.547506413820634634e+02
2.168236285120212585e+02 8.306235769876344648e+02
2.036670028718143612e+02 8.071946965949720152e+02
1.912641087864876681e+02 7.844211824275978415e+02
1.795745978398095417e+02 7.622630539521081801e+02
1.685604870703239726e+02 7.406787055923965681e+02
1.581858909889807023e+02 7.196261842984758914e+02
1.484165962276193795e+02 6.990669643902825783e+02
1.392199926902707716e+02 6.789658626875271921e+02
1.305650157011312160e+02 6.592908538337624123e+02
1.224220889035063493e+02 6.400129012219400693e+02
1.147630680199382169e+02 6.211058014628712272e+02
1.075611697948747718e+02 6.025461838851821312e+02
1.007908534081887097e+02 5.843140068030345446e+02
9.442784427296440697e+01 5.663918153949509815e+02
8.844911320391121023e+01 5.487643234817602433e+02
8.283282137966980940e+01 5.314183055968555891e+02
7.755826705952580369e+01 5.143424933409045252e+02
7.260583408326907318e+01 4.975274747296697910e+02
6.795694213039644183e+01 4.809656084981938875e+02
6.359399663355750931e+01 4.646538629730972616e+02
5.950034065569975894e+01 4.485968784463640304e+02
5.566021536977758899e+01 4.328003260193288497e+02
5.205871767221368884e+01 4.172698624799493814e+02
4.868175870462161470e+01 4.020110922143056769e+02
4.551602401805768494e+01 3.870295298210330088e+02
4.254893534217713835e+01 3.723305635739155832e+02
3.976861364046315828e+01 3.579195973790236280e+02
3.716383826979782867e+01 3.438057585458784047e+02
3.472401528068596832e+01 3.300010871984321739e+02
3.243915188295166985e+01 3.165162760307034659e+02
3.029982545939708061e+01 3.033605294876880407e+02
2.829715369213086973e+01 2.905416151215019909e+02
2.642276605732922690e+01 2.780659187196239941e+02
2.466877664020196192e+01 2.659385026279190356e+02
2.302775775237934752e+01 2.541633535331403380e+02
2.149271266051913898e+01 2.427445182188732815e+02
2.005705478094970218e+01 2.316851857750558850e+02
1.871458680300690602e+01 2.209871331564915522e+02
1.745947921924471657e+01 2.106508190578040285e+02
1.628624991960293755e+01 2.006754804219009998e+02
1.518974481149178146e+01 1.910592281834598225e+02
1.416511942127301715e+01 1.817991416114623462e+02
1.320782078296430129e+01 1.728913375971818311e+02
1.231356996858027486e+01 1.643310255535105284e+02
1.147834828377314054e+01 1.561126591526395657e+02
1.069838264922274362e+01 1.482300314517900119e+02
9.970131399086307411e+00 1.406763536825483243e+02
9.290270839754072085e+00 1.334443304591798380e+02
8.655682532690896380e+00 1.265262312335053991e+02
