3.046767583700112664e+04 3.025591281486484149e+04
3.078364027895656545e+04 3.056365420343466030e+04
3.108636636958923918e+04 3.085797825547515458e+04
3.137482567663128066e+04 3.113786234374399282e+04
3.164798528513211204e+04 3.140228054191856427e+04
3.190476466917495782e+04 3.165016277796820577e+04
3.214403601802848789e+04 3.188039544190913512e+04
3.236467637436496443e+04 3.209187134437882196e+04
3.256555675969288859e+04 3.228347890535548868e+04
3.274549637135084413e+04 3.245405682826269185e+04
3.290331999869459105e+04 3.260245113426666649e+04
3.303787684338317194e+04 3.272753393273196707e+04
3.314798646014063706e+04 3.282815085858764360e+04
3.323245429471535317e+04 3.290313643900275201e+04
3.329013242947127583e+04 3.295137349831347092e+04
3.331990492834522593e+04 3.297177919097947597e+04
3.332064693805780553e+04 3.296326567725399218e+04
3.329129379946221161e+04 3.292480716366860725e+04
3.323086036237867665e+04 3.285545880897167808e+04
3.313840381665692257e+04 3.275432199161146491e+04
3.301304889198046294e+04 3.262056844901005388e+04
3.285403261483568349e+04 3.245348280009716473e+04
3.266070901674182824e+04 3.225246854458811140e+04
3.243255059043021538e+04 3.201705145044522214e+04
3.216916886160845388e+04 3.174689622974148006e+04
3.187033007657646522e+04 3.144182161694456227e+04
3.153601132796258753e+04 3.110185988043247926e+04
3.116638075393170948e+04 3.072723438349159187e+04
3.076177079406785924e+04 3.031832974809943335e+04
3.032277427297822578e+04 2.987578957168174020e+04
2.985032754528488294e+04 2.940060077850690504e+04
2.934553738572749353e+04 2.889391569930751575e+04
2.880970086131366043e+04 2.835707138666138053e+04
2.824459790307840012e+04 2.779188474172921269e+04
2.765226756477411618e+04 2.720042564625597879e+04
2.703483085932435642e+04 2.658483759172290229e+04
2.639482757275110998e+04 2.594767397029985659e+04
2.573536577488620605e+04 2.529204680018166619e+04
2.505954143506201217e+04 2.462104656901679118e+04
2.437049106758013295e+04 2.393779472160969817e+04
2.367197493746596592e+04 2.324602423093788821e+04
2.296780734872679750e+04 2.254951263818392545e+04
2.226156167710675800e+04 2.185178901810832758e+04
2.155736513846883099e+04 2.115691320287651251e+04
2.086000633465946521e+04 2.046958157977659357e+04
2.017381914297884214e+04 1.979403529283206080e+04
1.950257689085288803e+04 1.913395806296651426e+04
1.884936160960893540e+04 1.849234845475401380e+04
1.821676384375942871e+04 1.787171913331988253e+04
1.760705120960329077e+04 1.727426283279411655e+04
1.702389203386906229e+04 1.670350798586490782e+04
1.647223037087306875e+04 1.616420197076015756e+04
1.595636785067491292e+04 1.566047442902387593e+04
1.547865645535208569e+04 1.519455788363652027e+04
1.503800192826753664e+04 1.476531824629115908e+04
1.463293859070785766e+04 1.437126725786530915e+04
1.426177472173116803e+04 1.401070619638163953e+04
1.392212230572541921e+04 1.368126626655058863e+04
1.361167196399798740e+04 1.338066186393890530e+04
1.332727764840933924e+04 1.310581248162150769e+04
1.306469827525250184e+04 1.285259156355746745e+04
1.281970801634972486e+04 1.261689280601245264e+04
1.258682401731841128e+04 1.239342387162270279e+04
1.236026889503182610e+04 1.217661343806519290e+04
1.213339802312285065e+04 1.196007154182996783e+04
1.189859327568033405e+04 1.173648325407432094e+04
1.164839919683587686e+04 1.149868906475079348e+04
1.137528494695185509e+04 1.123947139293928922e+04
1.107281822363880565e+04 1.095265312571594768e+04
1.073640970960091909e+04 1.063384585879656152e+04
1.036364095078227729e+04 1.028072584739279773e+04
9.955562258975942314e+03 9.894326980724890745e+03
9.515765017541632915e+03 9.478107484285073951e+03
9.050804104444565382e+03 9.038390300604118238e+03
8.569111210932203903e+03 8.583288309901630782e+03
8.080541846759831060e+03 8.122276447719472344e+03
7.596588005360550596e+03 7.666348552018002010e+03
7.128340521494424138e+03 7.226112159338385027e+03
6.687681396173146823e+03 6.812797643786657318e+03
6.285122501177920640e+03 6.436356815576622466e+03
5.929404982138094965e+03 6.104890904845276964e+03
5.626245482876926872e+03 5.823686221694940286e+03
5.377002346343363570e+03 5.593815991213880807e+03
5.178923292802101059e+03 5.412547727079442666e+03
5.025063483640540653e+03 5.273201678372098286e+03
4.904741020249158282e+03 5.165653924731942425e+03
4.804958285688246178e+03 5.077601518704427690e+03
4.710754719816151010e+03 4.994891173449283997e+03
4.607023475800581764e+03 4.903177183079875249e+03
4.480333187809709671e+03 4.789639909383416125e+03
4.321072949270771460e+03 4.645046575397645029e+03
4.125530366162895916e+03 4.465815938247852500e+03
3.896543697302485725e+03 4.254686858656159529e+03
3.643453672516877759e+03 4.020667644337492675e+03
3.381181751314351459e+03 3.778085425031120849e+03
3.128082425597434394e+03 3.544403561776380229e+03
2.901785423042871116e+03 3.336155630432240741e+03
2.714414208924000377e+03 3.164483520376889373e+03
2.570103167043313988e+03 3.032973409599761908e+03
2.465576173208896307e+03 2.938356131466792249e+03
2.391713778713229203e+03 2.872048002749762873e+03
2.334243095393183467e+03 2.820760219163104011e+03
2.275287697082712839e+03 2.767840181053468768e+03
2.198492606444408921e+03 2.697995874740889576e+03
2.095436922378897179e+03 2.603362343369258269e+03
1.968012617933231468e+03 2.485835403140355538e+03
1.826569041160174720e+03 2.355290124351737177e+03
1.686693346478268950e+03 2.226348425971236338e+03
1.564198603805429229e+03 2.113521193304568442e+03
1.468588984782840726e+03 2.025243112588839722e+03
1.400318504802700545e+03 1.961630917103529100e+03
1.351188752326867188e+03 1.915080980953401649e+03
1.307106538086778755e+03 1.872796395923212458e+03
1.254393769078887999e+03 1.822441972009107303e+03
1.186779811968811828e+03 1.758471768684164545e+03
1.107285215506459053e+03 1.683813599837690845e+03
1.026131641632403898e+03 1.607787451241418239e+03
9.551785468050168220e+02 1.540875731899457605e+03
9.004240419773158237e+02 1.488122792885255194e+03
8.593363127402332111e+02 1.447091502702079197e+03
8.233934054313474462e+02 1.410297835050879939e+03
7.834358476552880575e+02 1.369883352437436315e+03
7.362187024587780115e+02 1.323211789735817774e+03
6.859982937629815751e+02 1.274061835544022415e+03
6.400023754004217835e+02 1.228541072224279560e+03
6.026493092935351115e+02 1.190186782002992913e+03
5.722342605101367781e+02 1.157437930895591762e+03
5.431759272905791249e+02 1.125701046559437373e+03
5.115547773275237660e+02 1.091886055544767714e+03
4.783485523216185697e+02 1.056876022734933713e+03
4.474921615607587455e+02 1.023784525971724065e+03
4.212617592510417239e+02 9.942885218680726211e+02
3.981593233410817447e+02 9.671590485606454877e+02
3.752198982363547088e+02 9.401658594386589129e+02
3.517239666976973922e+02 9.128295682959582109e+02
3.293817035845571013e+02 8.864136379653872382e+02
3.095490485049686527e+02 8.618408442349942788e+02
2.914681127138904344e+02 8.385346760617952668e+02
2.737840283754318307e+02 8.155683395939520324e+02
2.565294419534549775e+02 7.929826783826316614e+02
2.405726785444509801e+02 7.713351875653196430e+02
2.259758749687980526e+02 7.506357554092213604e+02
2.120750476295897329e+02 7.304606689490028657e+02
1.987373448410296248e+02 7.107334415264027712e+02
1.861911906888919077e+02 6.915721511117155842e+02
1.744702674343202489e+02 6.729892968863322267e+02
1.635053576396215078e+02 6.549410967832540109e+02
1.532331559961322114e+02 6.373862441424428198e+02
1.435970890176552359e+02 6.202866327929729096e+02
1.345465575254205248e+02 6.036071615118788714e+02
1.260362704782705947e+02 5.873155575655672465e+02
1.180274967149253200e+02 5.713837843946666908e+02
1.104935112030619138e+02 5.557934856843966145e+02
1.034111255283900874e+02 5.405298679930540402e+02
9.675772654869651035e+01 5.255792530085136605e+02
9.051132736727132055e+01 5.109290200997808711e+02
8.465060930399675954e+01 4.965675523488083059e+02
7.915495511438165011e+01 4.824841853066217823e+02
7.400442796815131885e+01 4.686691458588389310e+02
6.917887994489306891e+01 4.551132514235485473e+02
6.465829141409157899e+01 4.418079082907656243e+02
6.042382360193317226e+01 4.287453430776222945e+02
5.645778929550333203e+01 4.159185702537185989e+02
5.274358214855755023e+01 4.033213493164630563e+02
4.926561040974042527e+01 3.909481432587783729e+02
4.600923480950055477e+01 3.787940783113357952e+02
4.296077359613438773e+01 3.668553700134236237e+02
4.010755805934529405e+01 3.551302105417772168e+02
3.743767866239058861e+01 3.436173761458222202e+02
3.493990228683462362e+01 3.323158819789744030e+02
3.260363787697906446e+01 3.212249581398151008e+02
3.041890350560540668e+01 3.103440261063200296e+02
2.837629482831273720e+01 2.996726755755783529e+02
2.646695255267428237e+01 2.892107357233885523e+02
2.468250852146792695e+01 2.789593097560849628e+02
2.301507549649679163e+01 2.689201998815926800e+02
2.145724214730880064e+01 2.590950189196383349e+02
2.000204636915812628e+01 2.494851679716864226e+02
1.864294957751618043e+01 2.400918321568608746e+02
1.737381236112635463e+01 2.309159770258038975e+02
1.618887143499281578e+01 2.219583488009093628e+02
1.508271873369759675e+01 2.132200568446847910e+02
1.405028147150979834e+01 2.047031267993888832e+02
1.308680050294258912e+01 1.964092256118476030e+02
1.218781168893149136e+01 1.883394979340422140e+02
1.134912856377109769e+01 1.804945880374429521e+02
1.056682594792184204e+01 1.728746623106555091e+02
9.837224460483470878e+00 1.654794322194304357e+02
9.156875703580709569e+00 1.583082557133022874e+02
8.522547302751700471e+00 1.513606701888222403e+02
7.931210989700457681e+00 1.446359863374485428e+02
7.380031000559879928e+00 1.381329963327748942e+02
6.866352369934286770e+00 1.318500092876495842e+02
6.387689892227918165e+00 1.257848882720838617e+02
5.941717719614554305e+00 1.199350866852239790e+02
5.526259554593498713e+00 1.142976852185324788e+02
5.139279000268603959e+00 1.088694998354429231e+02
4.778870813104044046e+00 1.036471346095697186e+02
4.443253436323249872e+00 9.862689477252679637e+01
4.130761316446363907e+00 9.380481110961463287e+01
