1.891326656430228832e+04 1.881130573194391400e+04
1.911706952603677200e+04 1.901115189718963302e+04
1.931384733469835191e+04 1.920387958740681643e+04
1.950305363417676199e+04 1.938894493656929262e+04
1.968411244456400527e+04 1.956577613406227465e+04
1.985644376138709413e+04 1.973379798267872684e+04
2.001946211295370085e+04 1.989243040476854003e+04
2.017255584307647587e+04 2.004106784907159090e+04
2.031510765247595191e+04 2.017909977695460111e+04
2.044650479088941211e+04 2.030592084684396832e+04
2.056611378198179227e+04 2.042090618512689980e+04
2.067328036642077495e+04 2.052341141237185730e+04
2.076736169489514214e+04 2.061280428638076410e+04
2.084772112264256430e+04 2.068845971145858493e+04
2.091370455087912705e+04 2.074973676531136152e+04
2.096467222793311885e+04 2.079600978569886502e+04
2.100000907053488118e+04 2.082667851380485808e+04
2.101909752129086701e+04 2.084114196246889333e+04
2.102132824194872956e+04 2.083880886737868059e+04
2.100613054194478536e+04 2.081912718480340482e+04
2.097296667324762166e+04 2.078157895373697465e+04
2.092131829266123532e+04 2.072566778803346460e+04
2.085071603175256314e+04 2.065094682982792074e+04
2.076074823783470129e+04 2.055702726032703140e+04
2.065105717284634375e+04 2.044357625562378234e+04
2.052134750987189909e+04 2.031032442337965040e+04
2.037139639375895422e+04 2.015707441693028522e+04
2.020107054681546288e+04 1.998371918500376705e+04
2.001034153610269641e+04 1.979025822800082460e+04
1.979926548868147802e+04 1.957677460259426516e+04
1.956799437351671440e+04 1.934344606518665751e+04
1.931685057608219358e+04 1.909062199271261852e+04
1.904627513364073820e+04 1.881876938130637427e+04
1.875679046047658630e+04 1.852843392143128949e+04
1.844910324807677898e+04 1.822034438892410617e+04
1.812413941932592934e+04 1.789544786534301602e+04
1.778289006245294877e+04 1.755475286173379573e+04
1.742645104264480688e+04 1.719936897188588046e+04
1.705624345511435240e+04 1.683072872268932406e+04
1.667378414737445928e+04 1.645035627645191926e+04
1.628059054149055009e+04 1.605977153737220397e+04
1.587846119467252902e+04 1.566076990843789281e+04
1.546945194580869975e+04 1.525539846859869067e+04
1.505553246903255967e+04 1.484561379703994317e+04
1.463868612622646106e+04 1.443338107067002420e+04
1.422121182068378948e+04 1.402097326119288846e+04
1.380532141719213359e+04 1.361057305020258173e+04
1.339305943236619351e+04 1.320419338482745297e+04
1.298677853057305401e+04 1.280414017204773154e+04
1.258897044638312764e+04 1.241284897226225985e+04
1.220183915052809243e+04 1.203247140961843979e+04
1.182717325810979492e+04 1.166474818426459387e+04
1.146617252813566665e+04 1.131083537790327318e+04
1.111979957569648468e+04 1.097165700521802501e+04
1.078895292050325224e+04 1.064807375552584926e+04
1.047533966030308693e+04 1.034171461735639969e+04
1.018098854349029170e+04 1.005451569836604722e+04
9.907628100136485955e+03 9.788128767262061956e+03
9.655008701947768714e+03 9.542281631752242902e+03
9.420613407064023704e+03 9.314491499988213036e+03
9.202003219333753805e+03 9.102353205092322241e+03
8.996967123652913870e+03 8.903691274175213039e+03
8.803498346957667309e+03 8.716537894897104707e+03
8.619695308040352757e+03 8.539028774725689800e+03
8.443015081132554769e+03 8.368689125075999982e+03
8.270534890039431048e+03 8.202680639664198679e+03
8.099265856784767493e+03 8.038104017578141793e+03
7.925512505086724559e+03 7.871396319485271306e+03
7.745655126912064588e+03 7.699063138732542029e+03
7.555844869021327213e+03 7.517408629096617005e+03
7.352330998207767152e+03 7.322831074770900159e+03
7.132335772074797205e+03 7.112674066418941948e+03
6.894168069792483948e+03 6.885336876160195061e+03
6.637589919099798863e+03 6.640612027804239915e+03
6.364142461023272517e+03 6.380014776931258893e+03
6.076830120190104935e+03 6.106452827476898165e+03
5.780237363408464262e+03 5.824355514695517741e+03
5.479646754002427770e+03 5.538800096116169698e+03
5.180744615806503134e+03 5.255242308866882922e+03
4.889407096146373078e+03 4.979293876245546016e+03
4.611330267475446817e+03 4.716378273462337347e+03
4.352308857768029156e+03 4.471951172553462129e+03
4.117113683197177124e+03 4.250518463524846993e+03
3.909541004172126122e+03 4.055573868509107342e+03
3.731640148958664668e+03 3.888990138628974364e+03
3.582750757233082368e+03 3.750030471296212454e+03
3.460005093338133065e+03 3.635903925305947723e+03
3.358021439539833409e+03 3.541448028206788877e+03
3.269868120973539590e+03 3.460070239783309717e+03
3.187774492290682247e+03 3.384392782151398478e+03
3.103760002921796513e+03 3.306859586704383673e+03
3.010719331544564284e+03 3.220744366441840157e+03
2.903198087998202936e+03 3.120883284712203931e+03
2.778634119424672008e+03 3.004872803543175451e+03
2.637745129259519217e+03 2.873429874295209174e+03
2.484334092794775188e+03 2.730203090944688483e+03
2.324750909063174731e+03 2.581250932305298647e+03
2.167225486081028976e+03 2.434363371211721187e+03
2.020724077158976343e+03 2.297940673427959155e+03
1.892932757539657587e+03 2.179104270950242153e+03
1.788011898125330163e+03 2.081623184256516197e+03
1.705384678048840669e+03 2.004839043378803808e+03
1.640621556183091570e+03 1.944550858552989212e+03
1.587204160327271438e+03 1.894667231207704617e+03
1.537326345456557419e+03 1.847935745131692784e+03
1.482688117504432512e+03 1.796666503637722371e+03
1.417155249812115244e+03 1.735201702888857881e+03
1.339768545769861475e+03 1.662714451033973319e+03
1.254666058990359943e+03 1.583114460712323307e+03
1.168568305634118360e+03 1.502660457027754546e+03
1.088680769574865963e+03 1.427966234646538624e+03
1.020720649027146237e+03 1.364177447708797672e+03
9.666647751039830609e+02 1.312977419997605239e+03
9.239950099508675976e+02 1.271987942575288116e+03
8.871733079240876805e+02 1.236160406668280075e+03
8.496027655585968432e+02 1.199552348417297253e+03
8.067206561962923388e+02 1.158104573618924860e+03
7.585554483482333126e+02 1.111915359507001085e+03
7.086428315687014674e+02 1.064206943781882728e+03
6.617694454016819918e+02 1.019239753776169209e+03
6.217801392596337564e+02 9.803462657158437423e+02
5.890403697549484150e+02 9.477604981673893008e+02
5.606415571198597263e+02 9.188902099516268436e+02
5.327522557900661013e+02 8.904082401831377638e+02
5.028638694514475560e+02 8.601893846265751336e+02
4.714995739282774139e+02 8.287343041062084694e+02
4.413264581648259650e+02 7.983333217861423918e+02
4.145402709490688835e+02 7.708093780122547969e+02
3.914187004952464122e+02 7.463418681493221811e+02
3.703068647488844363e+02 7.235261112133362076e+02
3.492940298702939685e+02 7.007974562834683638e+02
3.279830433384971684e+02 6.778593597738313292e+02
3.074546935080090861e+02 6.555967237468240683e+02
2.888058629404594626e+02 6.348671419256585295e+02
2.720150710108779890e+02 6.156244427447120415e+02
2.561778223588536889e+02 5.971506566052859171e+02
2.406533701804751217e+02 5.789596869681003000e+02
2.257060839481676169e+02 5.612590129375981860e+02
2.118441278398815086e+02 5.444203804517920844e+02
1.990821675853930230e+02 5.284384900330517212e+02
1.870105972015278439e+02 5.130082746033923513e+02
1.754290217907156944e+02 4.979872441692448319e+02
1.645011580871306762e+02 4.834874770171202272e+02
1.543344583167428539e+02 4.695739026478759683e+02
1.447906447052276064e+02 4.561454644699149412e+02
1.357373406110984604e+02 4.431114366940338414e+02
1.272072918072505985e+02 4.304888684428829038e+02
1.192272674716197258e+02 4.182881410966055000e+02
1.117316422858537521e+02 4.064647925639530968e+02
1.046762428335513420e+02 3.949865763334946109e+02
9.803911438594987260e+01 3.838356213220874906e+02
9.179905079981487859e+01 3.729952677314500420e+02
8.593553941042571864e+01 3.624499473993730021e+02
8.042877935214913521e+01 3.521851194535199738e+02
7.525969418273200517e+01 3.421872105117010392e+02
7.040992835671627859e+01 3.324435543276460976e+02
6.586133743318137590e+01 3.229421115169018321e+02
6.159593117555629505e+01 3.136713506481648892e+02
5.759669808499508292e+01 3.046205449953313860e+02
5.384761555941316402e+01 2.957797547270593554e+02
5.033359397727230089e+01 2.871397834726521978e+02
4.704042388107671258e+01 2.786921375204491937e+02
4.395472609035267197e+01 2.704289873889351838e+02
4.106393033699485784e+01 2.623432643183201662e+02
3.835632881781138082e+01 2.544291762450871772e+02
3.582091130392340972e+01 2.466816205996754263e+02
3.344727981146732532e+01 2.390959014250761641e+02
3.122561848628647141e+01 2.316677057758616911e+02
2.914666469312037833e+01 2.243930812042441971e+02
2.720168124988986591e+01 2.172684140585664636e+02
2.538242912133407359e+01 2.102904187526807220e+02
2.368112361756674389e+01 2.034564111636103974e+02
2.209041335824399610e+01 1.967642877619774140e+02
2.060338125806373810e+01 1.902121375046488936e+02
1.921352184705850163e+01 1.837982064700467220e+02
1.791471835782009592e+01 1.775208843281066322e+02
1.670122097179051934e+01 1.713786911836734532e+02
1.556762617441769692e+01 1.653702647873393516e+02
1.450885785969189889e+01 1.594944828336614080e+02
1.352015057855543212e+01 1.537508421618682632e+02
1.259702919225207118e+01 1.481389610471204890e+02
1.173529150173903801e+01 1.426584152514315065e+02
1.093099260901307623e+01 1.373087339292762294e+02
1.018043009759404072e+01 1.320893958389098088e+02
9.480129995024487499e+00 1.269998258650617942e+02
8.826833392747388984e+00 1.220394144582940612e+02
8.217482294616065275e+00 1.172079312231005019e+02
7.649208397477552879e+00 1.125054056763181052e+02
7.119323570885964791e+00 1.079316834838631678e+02
6.625309142560529274e+00 1.034864171276290392e+02
6.164805718404539725e+00 9.916907393442862428e+01
5.735603575824849365e+00 9.497894428299872516e+01
5.335633600892557560e+00 9.091514999169309874e+01
4.962958648094070391e+00 8.697677718677711312e+01
4.615765319036956527e+00 8.316312616052134388e+01
4.292356671108964683e+00 7.947334065151170535e+01
3.991145112108856807e+00 7.590633508190015277e+01
3.710645641672195350e+00 7.246081156407574042e+01
3.449469488251806215e+00 6.913527663481893626e+01
3.206318120175560171e+00 6.592805765785524841e+01
