1.026872789417095009e+04 1.023166138887880516e+04
1.039198568073151000e+04 1.035337137794610135e+04
1.051167957899004796e+04 1.047147161134119779e+04
1.062749148893576057e+04 1.058564423987426380e+04
1.073908406336351982e+04 1.069555194579564704e+04
1.084610978930232523e+04 1.080084725044629158e+04
1.094821892675319395e+04 1.090118065520142591e+04
1.104505174962565980e+04 1.099619321173064236e+04
1.113623575511800482e+04 1.108551389562106306e+04
1.122139872701535023e+04 1.116877228769338035e+04
1.130016628945129560e+04 1.124559607851178225e+04
1.137214485062668427e+04 1.131559392039609520e+04
1.143693942106625946e+04 1.137837336252461864e+04
1.149416171544664030e+04 1.143354901518300903e+04
1.154341810822103253e+04 1.148073070250607634e+04
1.158431230059968948e+04 1.151952614294831437e+04
1.161646106578830586e+04 1.154955653051260379e+04
1.163948962136458067e+04 1.157045202977667213e+04
1.165301857750897398e+04 1.158183899185653536e+04
1.165668539774425153e+04 1.158336111099830850e+04
1.165015048909696634e+04 1.157468548101992928e+04
1.163308820533426479e+04 1.155549409700540673e+04
1.160519450216974292e+04 1.152549129344867652e+04
1.156619815435723467e+04 1.148441458008183326e+04
1.151586247238193391e+04 1.143203676044923304e+04
1.145398683532495670e+04 1.136816784867872775e+04
1.138041183242161424e+04 1.129265935071985223e+04
1.129502498045931861e+04 1.120540998227602904e+04
1.119777982916235123e+04 1.110638573457014900e+04
1.108868592320701646e+04 1.099560898026212817e+04
1.096780266605483303e+04 1.087315171682792970e+04
1.083527679136740153e+04 1.073917379343676294e+04
1.069135286965952764e+04 1.059393349002017749e+04
1.053632507574290867e+04 1.043773797816819751e+04
1.037055924310299997e+04 1.027096544828427795e+04
1.019457842413440085e+04 1.009415142224583906e+04
1.000896937646670631e+04 9.907894054154574405e+03
9.814353335268002411e+03 9.712824447263137699e+03
9.611514206148553058e+03 9.509734969530885792e+03
9.401366253509557282e+03 9.299546672029198817e+03
9.184819382223926368e+03 9.083174254314195423e+03
8.962861490931931257e+03 8.861607714984626000e+03
8.736708853617943532e+03 8.636061440492136171e+03
8.507561845493191868e+03 8.407731701288661498e+03
8.276574340476554426e+03 8.177766205570448619e+03
8.045067623387229105e+03 7.947474609287311978e+03
7.814400614967385991e+03 7.718200846817491765e+03
7.585811902757389362e+03 7.491167913752776258e+03
7.360590379092636795e+03 7.267643084662249748e+03
7.140199859974220999e+03 7.049058596380476047e+03
6.925965077756542996e+03 6.836708457307753633e+03
6.719016707950879209e+03 6.631694483939028942e+03
6.520158568133686458e+03 6.434791476901700662e+03
6.330009650480031269e+03 6.246591165599134911e+03
6.149102480690394259e+03 6.067601059684330721e+03
5.978194804607867809e+03 5.898538461641403956e+03
5.818319277582038922e+03 5.740377633238350427e+03
5.670405773755071095e+03 5.593994508442059669e+03
5.534684119165119228e+03 5.459585318760432529e+03
5.409686640811083635e+03 5.335694908346005832e+03
5.293786778920193683e+03 5.220715590733339013e+03
5.185526601792825204e+03 5.113207837080386525e+03
5.083652614279048066e+03 5.011938334027805467e+03
4.987016422825825430e+03 4.915778461566459555e+03
4.894198117620223456e+03 4.823345807488447463e+03
4.803334758185616010e+03 4.732841897930309642e+03
4.712578976776599120e+03 4.642488457286182893e+03
4.619645050587946571e+03 4.550109785140425629e+03
4.522153493657461695e+03 4.453451147297551870e+03
4.417756139343418909e+03 4.350307233571271354e+03
4.304120147730523058e+03 4.238510174736352383e+03
4.179474501686840995e+03 4.116433361817451441e+03
4.043007514955095303e+03 3.983383156643963957e+03
3.894635290618915860e+03 3.839348873587286562e+03
3.735566534511095142e+03 3.685547448817922941e+03
3.567703781839734802e+03 3.523832732854370079e+03
3.394041639769844096e+03 3.357074518640115457e+03
3.217859117728918591e+03 3.188386024374854969e+03
3.042739652171997932e+03 3.021142946797837340e+03
2.872289218340118623e+03 2.858718285440805630e+03
2.710093254213451473e+03 2.704447398344086650e+03
2.559730518485265748e+03 2.561615283030794672e+03
2.424288859329291881e+03 2.433050698541767815e+03
2.305909297374575999e+03 2.320657432415788207e+03
2.205848247456961417e+03 2.225512818382079786e+03
2.123341345867353084e+03 2.146806840953063784e+03
2.056493599741861999e+03 2.082685313981249237e+03
2.001644347246687175e+03 2.029688425974314214e+03
1.954456212612577247e+03 1.983762395681368162e+03
1.909957808127933959e+03 1.940317106315968886e+03
1.863215227745547736e+03 1.894849494978380562e+03
1.809826340700843502e+03 1.843383875219349420e+03
1.746582585323337753e+03 1.783071518788752201e+03
1.672179247153437018e+03 1.712812456012645271e+03
1.587317585578363833e+03 1.633320207844431025e+03
1.494638960392590434e+03 1.547046933164259826e+03
1.398362659016759380e+03 1.457836248159263960e+03
1.303873673471668553e+03 1.370534453669593631e+03
1.216894483870543127e+03 1.290244983119535391e+03
1.142157460829670526e+03 1.221140682161270206e+03
1.081842492158440791e+03 1.165076010272090571e+03
1.035079964712658921e+03 1.121181220864481929e+03
9.988789797522704248e+02 1.086718764871946860e+03
9.690647310633963798e+02 1.057937556225532717e+03
9.405591735162660143e+02 1.030338253937067293e+03
9.080640110244959260e+02 9.992824605100105373e+02
8.680721868768168861e+02 9.617483402365048732e+02
8.205679843036447210e+02 9.177859345630999997e+02
7.685541443018315704e+02 8.700635019109482755e+02
7.163099582998711412e+02 8.223228194783617937e+02
6.684335246137662807e+02 7.785323884048576701e+02
6.283869191195808526e+02 7.416315729411326174e+02
5.969676211337728091e+02 7.122388538425036586e+02
5.722607828518031283e+02 6.886515503202472246e+02
5.505843007506144886e+02 6.676889032533093769e+02
5.277427018693744003e+02 6.457789009718728721e+02
5.012332367732532816e+02 6.208265950964694184e+02
4.715020487435690484e+02 5.932460485789155200e+02
4.409411509881505253e+02 5.650760323256971560e+02
4.126266568384543234e+02 5.388930788735002579e+02
3.887900554272075624e+02 5.165287133932221195e+02
3.692913859964043013e+02 4.978242751580779668e+02
3.521382895597035940e+02 4.811016448598844590e+02
3.349477088213983507e+02 4.643911918178065434e+02
3.163503246544617014e+02 4.465838665564688768e+02
2.969705743287780138e+02 4.282075128649379963e+02
2.785304699747250083e+02 4.106648635461305048e+02
2.622716954279219408e+02 3.949438366356502002e+02
2.481919369229954953e+02 3.810192193741465303e+02
2.351493695770986960e+02 3.679635394071424912e+02
2.220379508461074067e+02 3.548978471635681444e+02
2.087780764885854694e+02 3.417665926027623300e+02
1.960956172901838670e+02 3.291414429885398931e+02
1.846110620091241117e+02 3.174973830589262320e+02
1.741971283019699968e+02 3.067234259986643110e+02
1.642901349566478473e+02 2.963795231208756036e+02
1.545588617019745357e+02 2.862132547536358516e+02
1.452297913970553509e+02 2.763964722289373981e+02
1.365853538384610601e+02 2.671365567534203933e+02
1.285862809466620149e+02 2.583972474508374262e+02
1.209799529317631510e+02 2.499879103137666903e+02
1.136827955121690366e+02 2.418460732902848349e+02
1.068050892458156653e+02 2.340492865389266797e+02
1.003890288886643560e+02 2.266235620795394254e+02
9.434269453539033634e+01 2.194999491586729903e+02
8.859995001409245674e+01 2.126297723722832700e+02
8.318714221106780826e+01 2.060289232724475994e+02
7.810883753772792204e+01 1.996974485123420493e+02
7.332468097327851808e+01 1.936052909655937810e+02
6.881672247657648711e+01 1.877383379856968020e+02
6.457072737474712198e+01 1.820846565539262656e+02
6.057302276548328024e+01 1.766328633808511483e+02
5.681050785466067055e+01 1.713722831555499795e+02
5.327064265984684965e+01 1.662929017810763810e+02
4.994143568705376168e+01 1.613853231490832343e+02
4.681143073357954876e+01 1.566407291594077265e+02
4.386964624289715431e+01 1.520507969065330371e+02
4.110538878932941742e+01 1.476074814187769277e+02
3.850845418412775700e+01 1.433031703781197166e+02
3.606919036513017573e+01 1.391307353648462879e+02
3.377846982557752398e+01 1.350835016633546957e+02
3.162766322974842126e+01 1.311552202427724296e+02
2.960861421940330374e+01 1.273400417708401449e+02
2.771361615034244608e+01 1.236324961933677713e+02
2.593541168683240983e+01 1.200275814546816093e+02
2.426716750958471636e+01 1.165207468189437634e+02
2.270242294617555601e+01 1.131077333640042184e+02
2.123507018692822257e+01 1.097845493148657141e+02
1.985933705849215869e+01 1.065474548517373847e+02
1.856977048457435586e+01 1.033929478591673501e+02
1.736122061809896522e+01 1.003177505390814304e+02
1.622882315825057731e+01 9.731882353796567031e+01
1.516797746231820554e+01 9.439344123087082039e+01
1.417434290147654252e+01 9.153908151755358347e+01
1.324382845974839640e+01 8.875338031925832638e+01
1.237257939471085422e+01 8.603412274673685545e+01
1.155696453739931684e+01 8.337923471110183016e+01
1.079356420620806034e+01 8.078677494193782138e+01
1.007915872947750735e+01 7.825492995104430349e+01
9.410717938378969194e+00 7.578206540040648065e+01
8.785390645292848077e+00 7.336671179036862611e+01
8.200494258939551528e+00 7.100749115886584661e+01
7.653505422040678852e+00 6.870310847665454901e+01
7.142051144493570369e+00 6.645234644227501519e+01
6.663900386754754379e+00 6.425406048165349659e+01
6.216956073759157597e+00 6.210717394114911372e+01
5.799247188129672104e+00 6.001069110651203431e+01
5.408920808055426299e+00 5.796373882497218943e+01
5.044236540921136047e+00 5.596550260860634296e+01
4.703560354296731028e+00 5.401520555490525055e+01
4.385358399454287515e+00 5.211210516979661378e+01
4.088191169536012026e+00 5.025549031517136456e+01
3.810707975991231233e+00 4.844467827845043928e+01
3.551641717309914181e+00 4.667901598319709677e+01
3.309803771284808072e+00 4.495794850627779482e+01
3.084079413467873287e+00 4.328099594452952203e+01
2.873423604324199410e+00 4.164767748023401595e+01
2.676856826149946578e+00 4.005750774821523663e+01
2.493461148327622112e+00 3.850999600644633603e+01
2.322376515838067146e+00 3.700464538541396564e+01
