2.847062101549273939e+04 2.827080905653238369e+04
2.874461498043850224e+04 2.853717377007130563e+04
2.900568437257181358e+04 2.879045354614752068e+04
2.925295120652940022e+04 2.902977557736816379e+04
2.948553360830711608e+04 2.925426457142455547e+04
2.970251543261369443e+04 2.946301470528907157e+04
2.990297385251693049e+04 2.965511566701336051e+04
3.008599707149662936e+04 2.982966941041876271e+04
3.025065303253495949e+04 2.998575910179860512e+04
3.039598283313713546e+04 3.012244265583783636e+04
3.052104836890520528e+04 3.023880013958416748e+04
3.062492949240304733e+04 3.033393121844263806e+04
3.070668888616727054e+04 3.040692118881118222e+04
3.076541357113155391e+04 3.045688147298776676e+04
3.080023409346904373e+04 3.048296839272289435e+04
3.081029380707149903e+04 3.048435365924184953e+04
3.079475440790371067e+04 3.046022989857461289e+04
3.075283993867138634e+04 3.040985328335749728e+04
3.068383708770597514e+04 3.033254431141112946e+04
3.058708082928443037e+04 3.022767504029730117e+04
3.046198408940724767e+04 3.009469669704234911e+04
3.030805143597393908e+04 2.993315275332069723e+04
3.012489298035848333e+04 2.974269475633405818e+04
2.991222849087413852e+04 2.952308566398317271e+04
2.966988621609515758e+04 2.927419649891477457e+04
2.939783413270096935e+04 2.899603837899594510e+04
2.909622996523559050e+04 2.868881413536679975e+04
2.876536005445880437e+04 2.835285395183666697e+04
2.840564182449843065e+04 2.798861709938827698e+04
2.801777012113378805e+04 2.759684017505699012e+04
2.760264984043493678e+04 2.717846804247724867e+04
2.716128731824244096e+04 2.673454307367403817e+04
2.669492793743224684e+04 2.626634313972305245e+04
2.620520557167805600e+04 2.577553125493757034e+04
2.569384291141085851e+04 2.526385381415775919e+04
2.516265302707065348e+04 2.473314165911611417e+04
2.461393054608148304e+04 2.418570018441137654e+04
2.405017061117298726e+04 2.362402824393413903e+04
2.347381018305008547e+04 2.305055994962388650e+04
2.288755638321789957e+04 2.246799009602053411e+04
2.229457550389533571e+04 2.187946110106882406e+04
2.169789398400476057e+04 2.128796958389184147e+04
2.110043053665695697e+04 2.069639806794891047e+04
2.050553240566454406e+04 2.010804257127041274e+04
1.991650025481030752e+04 1.952614589634528602e+04
1.933631453892862191e+04 1.895362951381269158e+04
1.876800668144785959e+04 1.839345343867965130e+04
1.821475118921970716e+04 1.784870632794986159e+04
1.767936702186773982e+04 1.732212516238879107e+04
1.716424339500913629e+04 1.681602241893765313e+04
1.667113007167223623e+04 1.633207444275877606e+04
1.620142470225271609e+04 1.587161174321061117e+04
1.575631196722513596e+04 1.543575871270996686e+04
1.533683021158147130e+04 1.502548578126030407e+04
1.494390057790359970e+04 1.464163894903100299e+04
1.457831136390267420e+04 1.428494060386150886e+04
1.423926169818804192e+04 1.395458290590134311e+04
1.392244587663250968e+04 1.364637485655057571e+04
1.362340097938821600e+04 1.335597565239030337e+04
1.333819179971413178e+04 1.307956369640388766e+04
1.306359900474257302e+04 1.281402915278860746e+04
1.279668588521920537e+04 1.255653597958576211e+04
1.253371539594153546e+04 1.230348751505793552e+04
1.226989418875949741e+04 1.205027979009165210e+04
1.200054317115926096e+04 1.179241296618190063e+04
1.172008228999155835e+04 1.152454178793241772e+04
1.142298685738358290e+04 1.124136373173986067e+04
1.110453581267949630e+04 1.093835575001110374e+04
1.076091099936536557e+04 1.061186644405583684e+04
1.039030742295071650e+04 1.026016113706207943e+04
9.994133842839864883e+03 9.884612765993219000e+03
9.575464349777146708e+03 9.488168130722415299e+03
9.140095863888693202e+03 9.076404139026733901e+03
8.694800963330157174e+03 8.655810012054154868e+03
8.247924839384504594e+03 8.234378224179694371e+03
7.807694244432279447e+03 7.819963186769292406e+03
7.382250527792872163e+03 7.420311068542191606e+03
6.979513236207827504e+03 7.042922020597171468e+03
6.607010250367071421e+03 6.694908648630525022e+03
6.271268723979694187e+03 6.382338143478181337e+03
5.977183428363762687e+03 6.109775254154115828e+03
5.725712459610816950e+03 5.878002201126114414e+03
5.515295655404330319e+03 5.685432494347643114e+03
5.339301069295620437e+03 5.525719345144057115e+03
5.189062022948452068e+03 5.390589995124921188e+03
5.053382939998762595e+03 5.269411069874976420e+03
4.920892520299180433e+03 5.151357909746900987e+03
4.780621029609173092e+03 5.025955190377682811e+03
4.623624913857655883e+03 4.884631868703238069e+03
4.444192880644367506e+03 4.721869937211180513e+03
4.241031397008358908e+03 4.536386995016298897e+03
4.017633067615170148e+03 4.331518922087348074e+03
3.781127064023502044e+03 4.114099102094281079e+03
3.541368975383057204e+03 3.893573231078100434e+03
3.310234369904539562e+03 3.681254623382596037e+03
3.099991974153911087e+03 3.488703260353879159e+03
2.919916720894309492e+03 3.324560861660152113e+03
2.773181562350912372e+03 3.191671322280314598e+03
2.655915350259549996e+03 3.086272977723966505e+03
2.559814179547791355e+03 3.000512100655786071e+03
2.475033286007506376e+03 2.925126738761441629e+03
2.390694285748734274e+03 2.849880214214873831e+03
2.296184525061573368e+03 2.764768845528100883e+03
2.185608889055250074e+03 2.664249372607869191e+03
2.061250312574750751e+03 2.550533878525518958e+03
1.930938494716962396e+03 2.431078222546906545e+03
1.804176598797473162e+03 2.314842861197631919e+03
1.689838350677474409e+03 2.210066977504858642e+03
1.593731383689698987e+03 2.122016654352741170e+03
1.515733869032864050e+03 2.050440454264061827e+03
1.450437089532803611e+03 1.990266365688012229e+03
1.389769990178774833e+03 1.934044560081036479e+03
1.325675728284413481e+03 1.874398758978739806e+03
1.254552196994069163e+03 1.808097590519772666e+03
1.178986748368867666e+03 1.737600695163765522e+03
1.104416754487429216e+03 1.667918208139108174e+03
1.036465908159772198e+03 1.604112360105100834e+03
9.784238099630862280e+02 1.549040660511388069e+03
9.286958740365221274e+02 1.501180521328010173e+03
8.828135160650180069e+02 1.456523472892640712e+03
8.366184864334411486e+02 1.411420334715906165e+03
7.884610205997843195e+02 1.364488564893592866e+03
7.403480933226736624e+02 1.317536019783592792e+03
6.955111821133576768e+02 1.273355374529603296e+03
6.555051719473652838e+02 1.233223337682708461e+03
6.196046851438628664e+02 1.196465285445823838e+03
5.855461562913367288e+02 1.161160485575821212e+03
5.517514638604357060e+02 1.126020364580425849e+03
5.185954919111042045e+02 1.091384491900607600e+03
4.873970924028721470e+02 1.058325903935089173e+03
4.588533835918661339e+02 1.027372963004713029e+03
4.323916706957843417e+02 9.980423594364337987e+02
4.070968950666878641e+02 9.696137270594664415e+02
3.826504062093807192e+02 9.418516751153516680e+02
3.595255311291653584e+02 9.151138203420160835e+02
3.380034827108589752e+02 8.895924463073390598e+02
3.178577921135746465e+02 8.651045926910721846e+02
2.987102290525916715e+02 8.413727183264355745e+02
2.805197805303964742e+02 8.183654166380904371e+02
2.634283091350634436e+02 7.961711621850079155e+02
2.474012842532171703e+02 7.747540698958949861e+02
2.322764889174724487e+02 7.539984733670369224e+02
2.179807617239707440e+02 7.338509299276413458e+02
2.045342077766458999e+02 7.143153508017464901e+02
1.918988843881114690e+02 6.953587014765491858e+02
1.799931644965477346e+02 6.769253492813029425e+02
1.687807451338131273e+02 6.589856305902006852e+02
1.582381052307573839e+02 6.415189643870714917e+02
1.483273321361844808e+02 6.244977268974405433e+02
1.390118898320429253e+02 6.078958206444401640e+02
1.302573004893343693e+02 5.916890218249542386e+02
1.220310298525293291e+02 5.758548763441386882e+02
1.143023790463758189e+02 5.603726037059243481e+02
1.070423824369289179e+02 5.452230079630797945e+02
1.002238270157086930e+02 5.303886493172483370e+02
9.382146608807659049e+01 5.158545118653881900e+02
8.781148164753727769e+01 5.016070515861271133e+02
8.217128746943899387e+01 4.876338474001223631e+02
7.687947593156683013e+01 4.739235449676712619e+02
7.191576629020882194e+01 4.604658033466867550e+02
6.726095444370211851e+01 4.472512441721679011e+02
6.289686053502861540e+01 4.342714342942366557e+02
5.880621199422388656e+01 4.215194612609119531e+02
5.497262427481829405e+01 4.089897697092341105e+02
5.138063578504019802e+01 3.966774550598642008e+02
4.801566296408439172e+01 3.845782002898667997e+02
4.486395422077669792e+01 3.726882410648128143e+02
4.191254601657347933e+01 3.610043315639854313e+02
3.914922101243193708e+01 3.495237109322528113e+02
3.656247036974993847e+01 3.382444430125256076e+02
3.414146027222653856e+01 3.271662484392758188e+02
3.187598824840925005e+01 3.162892945051728475e+02
2.975644728742908995e+01 3.056138588446496556e+02
2.777379356158886736e+01 2.951403098271935050e+02
2.591951571450519509e+01 2.848690873333474087e+02
2.418560565237881121e+01 2.748006839450601433e+02
2.256453061620370804e+01 2.649356994707891317e+02
2.104920439176150637e+01 2.552759584787301321e+02
1.963296349446486033e+01 2.458240882694413756e+02
1.830954581601433517e+01 2.365823989413006245e+02
1.707306792826314634e+01 2.275528514041319852e+02
1.591800349364069866e+01 2.187370613256407808e+02
1.483916280831042656e+01 2.101363038691228553e+02
1.383167342547925394e+01 2.017515194140455606e+02
1.289096116515896284e+01 1.935837061808548185e+02
1.201273172600123829e+01 1.856346151994356717e+02
1.119295624547152279e+01 1.779056430692210995e+02
1.042785606973770030e+01 1.703976141168801917e+02
9.713887951392102593e+00 1.631108095221846952e+02
9.047730067447339763e+00 1.560449968258384388e+02
8.426268816236209602e+00 1.491994596579355914e+02
7.846586303767449699e+00 1.425730526564458387e+02
7.305947987893698148e+00 1.361645410923223665e+02
6.801791963893422555e+00 1.299724697805738742e+02
6.331719034680491909e+00 1.239949188450851665e+02
5.893482805509853151e+00 1.182295355226354872e+02
5.484980338436104219e+00 1.126735716610731686e+02
5.104243349032322463e+00 1.073239202559088596e+02
4.749429915799401769e+00 1.021771509382179204e+02
4.418816530977761836e+00 9.722956303624003738e+01
