2.792746500690624089e+04 2.771178393509369926e+04
2.822362943845695190e+04 2.799964170665623169e+04
2.850816201102795458e+04 2.827569024005488973e+04
2.878016696084885189e+04 2.853904321480200815e+04
2.903873182775274472e+04 2.878879992433764710e+04
2.928294327898360280e+04 2.902406003359710303e+04
2.951185740544916916e+04 2.924389417703379149e+04
2.972449418364204757e+04 2.944733855417845552e+04
2.991988019008648916e+04 2.963343734907923863e+04
3.009704438494476926e+04 2.980123884994862601e+04
3.025498693975321294e+04 2.994976543264798238e+04
3.039271797469806916e+04 3.007805123763316078e+04
3.050927275597750122e+04 3.018515702074060027e+04
3.060368051411848865e+04 3.027014013448005062e+04
3.067497511128304541e+04 3.033206501382847273e+04
3.072223347764960999e+04 3.037004048107184644e+04
3.074457019956052682e+04 3.038321488596432391e+04
3.074112115559790254e+04 3.037076087359941812e+04
3.071107998288896852e+04 3.033191011168682599e+04
3.065371084474846430e+04 3.026596571095562103e+04
3.056835275231211199e+04 3.017230797242289191e+04
3.045442733563602087e+04 3.005040117920218836e+04
3.031144712121306657e+04 2.989980053644928194e+04
3.013904441165747266e+04 2.972018170395376001e+04
2.993699632129878955e+04 2.951136629670156253e+04
2.970519035234025068e+04 2.927328543783381247e+04
2.944364303533358543e+04 2.900599806565064137e+04
2.915261211134972473e+04 2.870980391423752371e+04
2.883251711177152174e+04 2.838516266693787475e+04
2.848388942096296523e+04 2.803264303464487602e+04
2.810753011938304553e+04 2.765308051762847390e+04
2.770454585904295527e+04 2.724761274560495804e+04
2.727613682021212298e+04 2.681746660805238935e+04
2.682366935038013253e+04 2.636403044561079150e+04
2.634897463415659877e+04 2.588915165194417932e+04
2.585401544868036581e+04 2.539480357182681837e+04
2.534078045284202017e+04 2.488297986237847363e+04
2.481169469483950888e+04 2.435610252728983323e+04
2.426952201686961416e+04 2.381692437010750655e+04
2.371693297500525659e+04 2.326809943270837175e+04
2.315668003828070505e+04 2.271235753141962414e+04
2.259194698893684836e+04 2.215285166323225712e+04
2.202580535944833537e+04 2.159261784644825093e+04
2.146116139571166786e+04 2.103452258214119865e+04
2.090141742136946777e+04 2.048191540694269497e+04
2.035011589409969019e+04 1.993827837413255111e+04
1.981044846025268635e+04 1.940674316030617774e+04
1.928496840843923201e+04 1.888981303395441864e+04
1.877536162913888620e+04 1.838914195609752278e+04
1.828303981200415728e+04 1.790611243373577599e+04
1.780944685710294289e+04 1.744213529276546251e+04
1.735734857449860283e+04 1.699990917145054482e+04
1.692983762536733047e+04 1.658245122416559752e+04
1.652952788438290736e+04 1.619231301314473058e+04
1.615566120898637018e+04 1.582875957967275644e+04
1.580457319485261360e+04 1.548822243748931942e+04
1.547278115587657157e+04 1.516731072220978785e+04
1.515714177762653526e+04 1.486297228656798507e+04
1.485481427635009277e+04 1.457245616836892259e+04
1.456304000748858743e+04 1.429308883312184116e+04
1.427808080213628091e+04 1.402124242689712810e+04
1.399584268121478090e+04 1.375293556107908080e+04
1.371203924235240629e+04 1.348398805338553211e+04
1.342152502219785310e+04 1.320936849196908224e+04
1.311934611239520018e+04 1.292420935512975666e+04
1.280028416348088103e+04 1.262336387281614407e+04
1.245945168040521276e+04 1.230197617028348031e+04
1.209338137185955929e+04 1.195656359365109347e+04
1.170001396685962936e+04 1.158500116739436817e+04
1.127984430367934328e+04 1.118766550148207170e+04
1.083594856006332338e+04 1.076747685112509862e+04
1.037360501475908677e+04 1.032953145039695119e+04
9.899972951170828310e+03 9.880802859913888824e+03
9.423278643375877436e+03 9.429324651783388617e+03
8.952108753310018074e+03 8.983507089036183970e+03
8.495144305210711536e+03 8.551854442240188291e+03
8.060618934818978232e+03 8.142433112063037697e+03
7.656593863686788609e+03 7.763109655703015960e+03
7.289554757270467235e+03 7.420247184435729650e+03
6.964386156668371768e+03 7.118588427267076440e+03
6.683116032968483523e+03 6.860143488874757168e+03
6.443750874947877492e+03 6.642969904304026386e+03
6.240710002656181132e+03 6.461651279459669240e+03
6.064870990532444011e+03 6.307272909221723239e+03
5.904929423005117314e+03 6.168733817115427883e+03
5.748855077614699439e+03 6.034111833808918163e+03
5.585024255170594188e+03 5.891765056810950227e+03
5.403892598055678718e+03 5.732000512849623192e+03
5.199082539731595716e+03 5.548201238283799285e+03
4.969014449606154812e+03 5.338570063960965854e+03
4.717144336848232342e+03 5.106433518299896605e+03
4.451192412183576380e+03 4.859496747418847917e+03
4.181985954973925800e+03 4.608666385406630980e+03
3.922207939347503270e+03 4.366704564181573915e+03
3.684640418902620240e+03 4.146397461243004727e+03
3.479244552769148868e+03 3.957647591861085402e+03
3.310005095439716570e+03 3.804376529378866962e+03
3.173431807202543496e+03 3.683094584264340483e+03
3.060402337480399183e+03 3.584750761885327393e+03
2.959466010748053122e+03 3.497951256586595719e+03
2.858565579712812905e+03 3.410597838059065452e+03
2.746444515548666459e+03 3.311282086537243231e+03
2.616538290577553198e+03 3.193289057998299086e+03
2.470770391680051489e+03 3.058555697453702578e+03
2.318185604353304370e+03 2.916299449678881047e+03
2.170054491816897098e+03 2.777951674131378695e+03
2.036475757117579860e+03 2.653632360879863427e+03
1.924022847588055356e+03 2.549808933196342878e+03
1.832561357711709206e+03 2.466244455219091378e+03
1.755610882813756007e+03 2.396449681289374439e+03
1.683512537057464215e+03 2.330826563533916669e+03
1.607053858670703676e+03 2.260236402198595897e+03
1.521895151915615088e+03 2.180425703393642834e+03
1.431078678519916821e+03 2.094525522351638301e+03
1.341668409925684045e+03 2.009609712222681537e+03
1.260544884257154536e+03 1.932428880364298948e+03
1.191504686405016173e+03 1.866584174102747966e+03
1.132612948824325940e+03 1.810093111021223422e+03
1.078039452768641695e+03 1.757286998030563154e+03
1.022498292812860996e+03 1.703120177004618199e+03
9.641349595152888696e+02 1.645912334695455911e+03
9.056073693332945140e+02 1.588286019334303546e+03
8.512704183311515180e+02 1.534362492428628684e+03
8.031905695156732463e+02 1.486004606765482322e+03
7.602066137239623913e+02 1.442063158703198951e+03
7.192173088029448991e+02 1.399678419506630689e+03
6.781283555546280013e+02 1.356996028946828346e+03
6.375655525466654581e+02 1.314638605692834517e+03
5.995115294871663991e+02 1.274377163287573467e+03
5.649176345546686662e+02 1.237003402807912380e+03
5.329238226299469261e+02 1.201734831516462918e+03
5.021306504681702449e+02 1.167381558301580981e+03
4.721813854765262590e+02 1.133671585350850364e+03
4.438423844362357045e+02 1.101244581432487166e+03
4.175830010941440378e+02 1.070458152150359410e+03
3.930184574959308179e+02 1.040983744603076502e+03
3.695650622810666164e+02 1.012364937794699927e+03
3.472108334001051730e+02 9.845967112676253237e+02
3.262333458214154689e+02 9.578760860585085766e+02
3.065887362523311026e+02 9.321540665349111805e+02
2.880078396785230552e+02 9.072302261111389043e+02
2.704046733522774844e+02 8.830400730985256814e+02
2.538511574352577043e+02 8.596211110489065277e+02
2.382968667566383374e+02 8.369277888627505035e+02
2.236432681231300990e+02 8.148893621696947775e+02
2.098335245276138892e+02 7.934594761688123299e+02
1.968254050564429178e+02 7.726016894942955560e+02
1.845781881515300142e+02 7.522820800928307108e+02
1.730526534459338563e+02 7.324690900816542580e+02
1.622110814804638039e+02 7.131333909214888536e+02
1.520172468433683264e+02 6.942477590854771279e+02
1.424363456965963621e+02 6.757869079705886861e+02
1.334341275511250728e+02 6.577265841356406781e+02
1.249773183528186991e+02 6.400437322912954414e+02
1.170344290295018936e+02 6.227171374026177091e+02
1.095756891737465537e+02 6.057273528566217919e+02
1.025729593643430206e+02 5.890566129103660842e+02
9.599964759694644556e+01 5.726887506634465126e+02
8.983062984863046552e+01 5.566091222940390253e+02
8.404224373837965345e+01 5.408050604763878937e+02
7.861229170676438116e+01 5.252664989395723296e+02
7.351979298951137309e+01 5.099846682011403800e+02
6.874489762419462124e+01 4.949518260564551611e+02
6.426883306985718036e+01 4.801612047127306937e+02
6.007385276609442570e+01 4.656069592336032770e+02
5.614318660682699402e+01 4.512841170546619765e+02
5.246098860439705192e+01 4.371887365254282827e+02
4.901225806640611893e+01 4.233194137387728802e+02
4.578282561204328260e+01 4.096761210600752747e+02
4.275933310996796166e+01 3.962591512415979764e+02
3.992919103606759279e+01 3.830690763209004217e+02
3.728053762401630422e+01 3.701067155269264504e+02
3.480219993960401581e+01 3.573731034618921854e+02
3.248365682330088333e+01 3.448694824168788386e+02
3.031500457001871141e+01 3.325986742523098201e+02
2.828692354301656309e+01 3.205655785742006287e+02
2.639064454217319877e+01 3.087748508872802518e+02
2.461791838733079629e+01 2.972306897200415392e+02
2.296098715591524453e+01 2.859368365910817147e+02
2.141255685566268951e+01 2.748965772109872887e+02
1.996577147236779837e+01 2.641127438994690237e+02
1.861418755019810689e+01 2.535880803891625135e+02
1.735174800761624425e+01 2.433266312840073056e+02
1.617276361990913358e+01 2.333322120755304638e+02
1.507189326081865310e+01 2.236077850944348882e+02
1.404412375554863068e+01 2.141554974945568972e+02
1.308475081279941676e+01 2.049767206574306044e+02
1.218936098506323340e+01 1.960720904178245689e+02
1.135381457520549908e+01 1.874415674022214660e+02
1.057422884229439930e+01 1.790848910911352903e+02
9.846962993121129770e+00 1.710015263588584560e+02
9.168604563780993644e+00 1.631902326749856229e+02
8.535955791361477196e+00 1.556490973258453039e+02
7.946020717115632515e+00 1.483755890857240445e+02
7.395993017898840449e+00 1.413666108480087473e+02
6.883244528100114223e+00 1.346185509986879651e+02
6.405314196701252349e+00 1.281273483381240226e+02
5.959897522986207896e+00 1.218885672921423264e+02
5.544837634551177175e+00 1.158973993492935222e+02
5.158116338096615294e+00 1.101486988239608280e+02
