2.791525210494654675e+04 2.775401646309867283e+04
2.814794302421494649e+04 2.798071017932979885e+04
2.836632515079958102e+04 2.819297441909675763e+04
2.856949881996952899e+04 2.838991683740862572e+04
2.875656809581014750e+04 2.857064995413592987e+04
2.892664183738901556e+04 2.873429206256188263e+04
2.907878868789053377e+04 2.887992241085177011e+04
2.921207120126116570e+04 2.900661528897134849e+04
2.932557531201122765e+04 2.911346944887401332e+04
2.941838341854685132e+04 2.919958181901712305e+04
2.948956279617113978e+04 2.926403627951619274e+04
2.953821620441827326e+04 2.930595341156790892e+04
2.956348116930013202e+04 2.932448995332631603e+04
2.956448721734727951e+04 2.931879727920508958e+04
2.954040171282714437e+04 2.928806621202584938e+04
2.949045624113581653e+04 2.923155285820539211e+04
2.941392564030503127e+04 2.914855902481883822e+04
2.931013070714529385e+04 2.903843506683647865e+04
2.917847709254570145e+04 2.890061696803993254e+04
2.901846128470259282e+04 2.873463282018272730e+04
2.882966860979108969e+04 2.854010296657045546e+04
2.861178846215643716e+04 2.831675261782282178e+04
2.836462516924611191e+04 2.806442180477850343e+04
2.808813778812654346e+04 2.778310767555846178e+04
2.778243912849077969e+04 2.747296272083513031e+04
2.744776663899509367e+04 2.713426266799880977e+04
2.708453143931230079e+04 2.676745644219804672e+04
2.669341319257776922e+04 2.637326327803849199e+04
2.627523446565155973e+04 2.595254296830654494e+04
2.583094913840938534e+04 2.550628330412558716e+04
2.536186134919588585e+04 2.503582127681510974e+04
2.486952461213867355e+04 2.454274042325748451e+04
2.435556002223755422e+04 2.402868656953390018e+04
2.382183481447416852e+04 2.349554657723863056e+04
2.327067510761816084e+04 2.294566112554544452e+04
2.270444052302292039e+04 2.238139803043344000e+04
2.212551436140238729e+04 2.180514185080686366e+04
2.153681786356334123e+04 2.121980405858686572e+04
2.094144197203241856e+04 2.062845736948163903e+04
2.034229603704565307e+04 2.003398750608069531e+04
1.974245335681319557e+04 1.943943340618539150e+04
1.914535629978326324e+04 1.884818914891896566e+04
1.855418169931085140e+04 1.826338058265979271e+04
1.797190657933292823e+04 1.768792855054229585e+04
1.740199947343667736e+04 1.712521684686427034e+04
1.684782452919417483e+04 1.657851848309386332e+04
1.631229589906277033e+04 1.605066355073616069e+04
1.579768076557178210e+04 1.554383814364876343e+04
1.530559375656562406e+04 1.505957813051229277e+04
1.483736012144151391e+04 1.459913869546511887e+04
1.439429199674867778e+04 1.416375635721201434e+04
1.397851421371782453e+04 1.375542257186797178e+04
1.359215661058618934e+04 1.337613070407753185e+04
1.323680491726328182e+04 1.302735466914434437e+04
1.291043782326003020e+04 1.270707370666953284e+04
1.260888226271710664e+04 1.241118328888600990e+04
1.232831227278694132e+04 1.213592119701151751e+04
1.206540374751799027e+04 1.187802956770228047e+04
1.181722563450670896e+04 1.163464370478048477e+04
1.158082924146770529e+04 1.140288917359103289e+04
1.135196993192246919e+04 1.117867153375934322e+04
1.112614035276936374e+04 1.095765236214114884e+04
1.089838445752637381e+04 1.073508801860563835e+04
1.066280005244301537e+04 1.050536721306660002e+04
1.041377106429755622e+04 1.026315899863315644e+04
1.014560935466245428e+04 1.000311842440358669e+04
9.853315154844673089e+03 9.720557067532470683e+03
9.534148976565355042e+03 9.412975654511150424e+03
9.187180847456065749e+03 9.079595745893933781e+03
8.814151026668050690e+03 8.722177750242055481e+03
8.418929205964836001e+03 8.344491231046293251e+03
8.007665498966048290e+03 7.952438684936761092e+03
7.587877127495098648e+03 7.553191946630056918e+03
7.167867864007264870e+03 7.154614666005658364e+03
6.755939170823847235e+03 6.764536919440872225e+03
6.360768112582579306e+03 6.391090560734621249e+03
5.990643617360964527e+03 6.041985323497059653e+03
5.653610649773522709e+03 5.724630445048012007e+03
5.355555136193794169e+03 5.444414740038393575e+03
5.100261182888556505e+03 5.204660173493330149e+03
4.887946534485752636e+03 5.005403372664224662e+03
4.715015560471711069e+03 4.843090702828429130e+03
4.574478275785217193e+03 4.711079460577772807e+03
4.456882332340931498e+03 4.600466394181419673e+03
4.351016958890671958e+03 4.500802394900885702e+03
4.245375232713457081e+03 4.401407196746567024e+03
4.128893844878611162e+03 4.292069181779464088e+03
3.992859103185571257e+03 4.164797323808616056e+03
3.832069327293950209e+03 4.014866737025126440e+03
3.646089604455335120e+03 3.841983517527640288e+03
3.439174801408217718e+03 3.650187449465577174e+03
3.219509076154097329e+03 3.447105030739845915e+03
2.998407195292893448e+03 3.243182854850072999e+03
2.789205921359349759e+03 3.050617404709691073e+03
2.604322031395665363e+03 2.880614739346225178e+03
2.451330417661667525e+03 2.739881032056806816e+03
2.331066845267747794e+03 2.628972047426535937e+03
2.238573675901643128e+03 2.543225229030464561e+03
2.165475046541473603e+03 2.474965650230517440e+03
2.101069886314105588e+03 2.414500419609605160e+03
2.032960637023404161e+03 2.350678649045646580e+03
1.950645144223659599e+03 2.274116074926788770e+03
1.850543098796985078e+03 2.181697777539796334e+03
1.736828495685963617e+03 2.077284217514129523e+03
1.618046781230881152e+03 1.968605361709981935e+03
1.504659845435548050e+03 1.864987620673384981e+03
1.406138969661880310e+03 1.774730487875998051e+03
1.327158567595505929e+03 1.701793616248379067e+03
1.265944205662773129e+03 1.644457432311886578e+03
1.215759787363443820e+03 1.596727031593224183e+03
1.167152199284151720e+03 1.550331819589418728e+03
1.112194969356782167e+03 1.498418470676338302e+03
1.049012652386904165e+03 1.439448552133653493e+03
9.812809500126762714e+02 1.376689317182109107e+03
9.154560606021879039e+02 1.315727785638719979e+03
8.579548476985005436e+02 1.261989665046230357e+03
8.109523167099496277e+02 1.217207841906735212e+03
7.715085516023021910e+02 1.178801539363253369e+03
7.343899088302009659e+02 1.142337751250821611e+03
6.951001676588774671e+02 1.104086330882616494e+03
6.530134447956393160e+02 1.063588893620094268e+03
6.112722471330838516e+02 1.023479350130392049e+03
5.733801684299285171e+02 9.866084442426264332e+02
5.407082210010091785e+02 9.540255223451582651e+02
5.116716534926977147e+02 9.243951119582475258e+02
4.834358742022334354e+02 8.954366657898945050e+02
4.546841235274426367e+02 8.661293789903490961e+02
4.264113801811381563e+02 8.372777266978772559e+02
4.003013275475964292e+02 8.101815413580949325e+02
3.768872087242755811e+02 7.852151421835044403e+02
3.551840029849927305e+02 7.615994829149872203e+02
3.340661850163440363e+02 7.384837948888307437e+02
3.135246573295068515e+02 7.158691112529735392e+02
2.942584978198031536e+02 6.942642443264447820e+02
2.765461242472659933e+02 6.738513944107735369e+02
2.599497785888309522e+02 6.543009232668053983e+02
2.440470955049210602e+02 6.353105305261785816e+02
2.289369265180790194e+02 6.169461615542066966e+02
2.148372756784356170e+02 5.993467018768217258e+02
2.016528483293901672e+02 5.824359623817507554e+02
1.891673166977094240e+02 5.660639802489321255e+02
1.773588441348950369e+02 5.502116017894227298e+02
1.663119246814960661e+02 5.349234067745263701e+02
1.559224394245787266e+02 5.201273727518600936e+02
1.461455178411140707e+02 5.057897901787347337e+02
1.369490845958808904e+02 4.918848203073013678e+02
1.283020819333677593e+02 4.783879601596386806e+02
1.201747960328332283e+02 4.652763371828360164e+02
1.125388277574695621e+02 4.525286089369927254e+02
1.053670611548361933e+02 4.401248705768290392e+02
9.863363007159611584e+01 4.280465694183026812e+02
9.231383380906073910e+01 4.162764373063478160e+02
8.638369414410900049e+01 4.047985169185316749e+02
8.082025064364817979e+01 3.935980329192664726e+02
7.560182056631701641e+01 3.826612600126941857e+02
7.070793593698464008e+01 3.719754645092277201e+02
6.611927993633690903e+01 3.615288505643752046e+02
6.181762633577885424e+01 3.513105098632281624e+02
5.778578204046533529e+01 3.413103764063967560e+02
5.400756728213316649e+01 3.315195639136941281e+02
5.046779136257389098e+01 3.219307148844077915e+02
4.715212200768912254e+01 3.125371538199406700e+02
4.404703113752412946e+01 3.033327381793189943e+02
4.113975419755378482e+01 2.943118295162377080e+02
3.841825120680707784e+01 2.854692657824135722e+02
3.587116947639740516e+01 2.768003346834282752e+02
3.348780578552810994e+01 2.683008040425861509e+02
3.125805459209775350e+01 2.599673834092498055e+02
2.917239020599634003e+01 2.517973908533753615e+02
2.722184866398544756e+01 2.437883886015866324e+02
2.539799691527753467e+01 2.359381616766589502e+02
2.369290338899491033e+01 2.282447011554745870e+02
2.209911004536452239e+01 2.207061878402140849e+02
2.060960585162155567e+01 2.133209777168227959e+02
1.921780253058144083e+01 2.060878479308392173e+02
1.791751140368171491e+01 1.990062394631032987e+02
1.670291862375466607e+01 1.920756808907483162e+02
1.556856354646998852e+01 1.852956986861439646e+02
1.450931852354034746e+01 1.786658097804076419e+02
1.352036975733041047e+01 1.721855144552029060e+02
1.259719916815210716e+01 1.658542895737362244e+02
1.173556696629112039e+01 1.596716429085648201e+02
1.093149328514438423e+01 1.536376269456720252e+02
1.018124460135324760e+01 1.477524823224693762e+02
9.481320749264728676e+00 1.420162628081509979e+02
8.828441030974149228e+00 1.364288353786541848e+02
8.219531084298584034e+00 1.309898851288508297e+02
7.651710489006463334e+00 1.256989204819370372e+02
7.122281072368536137e+00 1.205552799427971564e+02
6.628715709264093370e+00 1.155583725470554981e+02
6.168647791745267561e+00 1.107079031624993490e+02
5.739861820538552983e+00 1.060033650514317429e+02
5.340284197262240795e+00 1.014439820986256962e+02
4.967974497422319224e+00 9.702872542298557335e+01
4.621117252505642981e+00 9.275632990995076455e+01
4.298014213538201567e+00 8.862531060110721626e+01
3.997077029920724112e+00 8.463399938459663474e+01
3.716820075985770355e+00 8.078073364900137676e+01
3.455854281930696992e+00 7.706374771469081963e+01
3.212881308394099467e+00 7.348106405358255699e+01
