2.668081456810257077e+04 2.656788355622297240e+04
2.684215498802759976e+04 2.672541848640798344e+04
2.698850922063376856e+04 2.686791875804571828e+04
2.711913375639753212e+04 2.699464638475314860e+04
2.723325939575621305e+04 2.710483994160976727e+04
2.733012984408647753e+04 2.719775178346896064e+04
2.740900922510047531e+04 2.727265529547215192e+04
2.746914221373656619e+04 2.732880550188546840e+04
2.750977424828752555e+04 2.736545911308894574e+04
2.753018702223707442e+04 2.738190966496324836e+04
2.752968091105063286e+04 2.737747054906404810e+04
2.750755153466585034e+04 2.735145234742721004e+04
2.746313967483972374e+04 2.730321147048043349e+04
2.739583832469288973e+04 2.723215716314963720e+04
2.730505549809289732e+04 2.713771597544054021e+04
2.719024318429418054e+04 2.701935970051546974e+04
2.705092823761978434e+04 2.687663514431036674e+04
2.688670385363906462e+04 2.670915697551704579e+04
2.669722424469039470e+04 2.651660339823475806e+04
2.648223349211946697e+04 2.629874235454859081e+04
2.624157427028366146e+04 2.605544034720024865e+04
2.597519855700681728e+04 2.578667621591906209e+04
2.568316695391918256e+04 2.549253780921292127e+04
2.536564975768168006e+04 2.517322120618029658e+04
2.502297401783973328e+04 2.482908036322184853e+04
2.465564086526204119e+04 2.446064514488719942e+04
2.426426322250819794e+04 2.406855471150943413e+04
2.384959412388045166e+04 2.365358624538186632e+04
2.341266561802774595e+04 2.321679770382692004e+04
2.295465209098751075e+04 2.275938686336835599e+04
2.247681084592629850e+04 2.228262994557329876e+04
2.198068380360852825e+04 2.178808599945284004e+04
2.146809540441061108e+04 2.127759461871172607e+04
2.094089247990048170e+04 2.075301222850725026e+04
2.040103988102404037e+04 2.021630784121269971e+04
1.985095716859562890e+04 1.966990061941930617e+04
1.929309508281252056e+04 1.911623548909272722e+04
1.872981568740499279e+04 1.855766311133263298e+04
1.816382565645229261e+04 1.799686959315428612e+04
1.759805865942097807e+04 1.743676043823881992e+04
1.703521387761812002e+04 1.688000394430494998e+04
1.647794840891475906e+04 1.632921930480157425e+04
1.592929361270759000e+04 1.578738360395885320e+04
1.539204750527469332e+04 1.525724046521961645e+04
1.486867451941729814e+04 1.474120239489690721e+04
1.436167291360429408e+04 1.424169786306226888e+04
1.387343869563149929e+04 1.376104568867346643e+04
1.340599674546069036e+04 1.330120447684857936e+04
1.296102148994304662e+04 1.286378148430091096e+04
1.253986320462271033e+04 1.245004279560887881e+04
1.214361497388682801e+04 1.206100771793023159e+04
1.177309694915815271e+04 1.169743497287747414e+04
1.142834995147677910e+04 1.135930154270150342e+04
1.110900391461775507e+04 1.104617609028743209e+04
1.081464547786032927e+04 1.075759463263160251e+04
1.054326279714086559e+04 1.049154808889636115e+04
1.029097740911787696e+04 1.024421740511652570e+04
1.005413337286852948e+04 1.001200101434266435e+04
9.829482137594332016e+03 9.791708149725951444e+03
9.614163197648333153e+03 9.580543367530608521e+03
9.405454742326877749e+03 9.375848276492593868e+03
9.199483839405767867e+03 9.173880765840989625e+03
8.991723602349973589e+03 8.970282226134584562e+03
8.777688568085846782e+03 8.760746739587440970e+03
8.552193393380368434e+03 8.540349028747563352e+03
8.310498424546078240e+03 8.304589507755088562e+03
8.049118946237208547e+03 8.050218513308039292e+03
7.765710935822294232e+03 7.775086690268636630e+03
7.460228136648702275e+03 7.479245405706427846e+03
7.134962814144711956e+03 7.164988795273281539e+03
6.793913387982106542e+03 6.836205264462742889e+03
6.442977246289578943e+03 6.498580204255404169e+03
6.088343470618175161e+03 6.158038360393749826e+03
5.736384158543734884e+03 5.820653204328786160e+03
5.393825676879884668e+03 5.492784765019377119e+03
5.067491421774791888e+03 5.180865268645127799e+03
4.764125729957500880e+03 4.891197182602249086e+03
4.489608737901916356e+03 4.629253701069416820e+03
4.248534625619432518e+03 4.399200255220897816e+03
4.043471516077046090e+03 4.203347859902192795e+03
3.873194002361611183e+03 4.040376614503966266e+03
3.734425555968687604e+03 3.907065011609648536e+03
3.620310280625078576e+03 3.796874968626375903e+03
3.522882173155392138e+03 3.702266603351696631e+03
3.432941079204405924e+03 3.614616345443551836e+03
3.341393289116369488e+03 3.525467661701825364e+03
3.239934911682295024e+03 3.427148715609867395e+03
3.122421773898488027e+03 3.314056813738988239e+03
2.985920679700471283e+03 3.183585631653221753e+03
2.831069002455819373e+03 3.036436785668080120e+03
2.661923334812080157e+03 2.876461532860117131e+03
2.485221795679237403e+03 2.709934283437396516e+03
2.309889977100571286e+03 2.545080888521439192e+03
2.146280621211157268e+03 2.391366357435852478e+03
2.003546900041596700e+03 2.257051054739924439e+03
1.886305856255277149e+03 2.146211990988390426e+03
1.793799570354949310e+03 2.058011787443032972e+03
1.721298171394189239e+03 1.988023763664066564e+03
1.662238509736341257e+03 1.930215993450423412e+03
1.608559539757416360e+03 1.877269153310269985e+03
1.550845284342049808e+03 1.820720106681063953e+03
1.482066114340526610e+03 1.754323088643424171e+03
1.401016299761945220e+03 1.677093959965631939e+03
1.311739401412641428e+03 1.592735028359825719e+03
1.220692314987462623e+03 1.507052778711820110e+03
1.135204610402588969e+03 1.426552334721332727e+03
1.061550710743414129e+03 1.356719549041426717e+03
1.002071077219964423e+03 1.299512865789293983e+03
9.547151090228535395e+02 1.253026904285137107e+03
9.143990694240106905e+02 1.212742064754416106e+03
8.744506861334764380e+02 1.172820521367613310e+03
8.300273725913987164e+02 1.129085799649318233e+03
7.808415451007502952e+02 1.081346634732251232e+03
7.297383645672330204e+02 1.032106775980038037e+03
6.810101131623795254e+02 9.850643554699083779e+02
6.385779523427399909e+02 9.435340388752872514e+02
6.031402109260868656e+02 9.080449009740742667e+02
5.723711769120160398e+02 8.765721332925655815e+02
5.429459785016420028e+02 8.462919869007045008e+02
5.123041094393298636e+02 8.150705857859998105e+02
4.805503742662934314e+02 7.830242196850705341e+02
4.497955250130425497e+02 7.519182405799766684e+02
4.219158301844973380e+02 7.232850248748325157e+02
3.974124632089587408e+02 6.975013610145011853e+02
3.751189636409300192e+02 6.735882503155499990e+02
3.534378181817757536e+02 6.502448981107695545e+02
3.318529220077222135e+02 6.270642929826450427e+02
3.110370105447091760e+02 6.045889058584036775e+02
2.918360676676683170e+02 5.834800395388388097e+02
2.743435698302425862e+02 5.637932221746650612e+02
2.579774411995414880e+02 5.450610126368956116e+02
2.421884655127445001e+02 5.268555222450105475e+02
2.270659382994509485e+02 5.092450451595470327e+02
2.129228512236119570e+02 4.924617412721754022e+02
1.998135989130277608e+02 4.765364699402111910e+02
1.874862546133643946e+02 4.612736381406443797e+02
1.757646287847347537e+02 4.465395408599916891e+02
1.647038078886472476e+02 4.323705549759620226e+02
1.543644828946662813e+02 4.188043474619784661e+02
1.446714095135671982e+02 4.057811248743361148e+02
1.355250525775028336e+02 3.932264075117949460e+02
1.269171859245877698e+02 3.811303940735647302e+02
1.188467250366642247e+02 3.694875705992888584e+02
1.112743735400797220e+02 3.582667874938332488e+02
1.041515200565473833e+02 3.474317881471126839e+02
9.746321736081561937e+01 3.369683496773095044e+02
9.118958275317827145e+01 3.268601304408427950e+02
8.530560884431461943e+01 3.170878087083282253e+02
7.978771928711641692e+01 3.076332795201065551e+02
7.461374744422310812e+01 2.984796182663006334e+02
6.976285158200172987e+01 2.896110044402816470e+02
6.521543528749637630e+01 2.810126511983233968e+02
6.095307340969815613e+01 2.726707413586944426e+02
5.695857664847894597e+01 2.645726187565121563e+02
5.321604172659050391e+01 2.567070058786654272e+02
4.971046943775661475e+01 2.490634057143514326e+02
4.642767682282021724e+01 2.416319767452592657e+02
4.335425909197586236e+01 2.344034946187762785e+02
4.047755280408809853e+01 2.273693163041444620e+02
3.778560030617907017e+01 2.205213465280571086e+02
3.526710995500794610e+01 2.138520296740461220e+02
3.291137115650943912e+01 2.073545549782947148e+02
3.070826174665119979e+01 2.010226981709045333e+02
2.864825872443351074e+01 1.948506180513233517e+02
2.672240560237336737e+01 1.888328321723464001e+02
2.492228074627779222e+01 1.829641965723000396e+02
2.323996733707828710e+01 1.772398865609587517e+02
2.166802488738004229e+01 1.716553786992476773e+02
2.019946467331753936e+01 1.662065381931249135e+02
1.882772698580611959e+01 1.608897494940475212e+02
1.754665030053058317e+01 1.557016430601067896e+02
1.635044753415565566e+01 1.506390363423131760e+02
1.523368465784428949e+01 1.456989224576144295e+02
1.419126042864773218e+01 1.408784593421259501e+02
1.321838718805333457e+01 1.361749593579567943e+02
1.231057259375275770e+01 1.315858894017807472e+02
1.146360141841004143e+01 1.271089848548196102e+02
1.067351991114439791e+01 1.227421823138234629e+02
9.936621275120424812e+00 1.184835055848582925e+02
9.249431039309694569e+00 1.143310568456023475e+02
8.608693218586402907e+00 1.102830104948398144e+02
8.011357243037052100e+00 1.063376072643751087e+02
7.454565617553638113e+00 1.024931486239478318e+02
6.935641802713757187e+00 9.874804643041188967e+01
6.452078502596318543e+00 9.510091474433602343e+01
6.001528746250027524e+00 9.155041037984204877e+01
5.581796330351872726e+00 8.809519700311095391e+01
5.190826525513145384e+00 8.473394306412912158e+01
4.826697325528106042e+00 8.146531988908988353e+01
4.487611210089974989e+00 7.828799993178039074e+01
4.171887378460535700e+00 7.520066536681051161e+01
3.877954247190825487e+00 7.220216036700250584e+01
3.604342705260041413e+00 6.929143017486450162e+01
3.349679873374908912e+00 6.646737189783766553e+01
3.112683027761222743e+00 6.372883265787721996e+01
2.892153884631207816e+00 6.107461234965229124e+01
2.686973231148576335e+00 5.850346642414650944e+01
2.496095883081552280e+00 5.601410869511036594e+01
2.318545893249495116e+00 5.360526663743148390e+01
2.153411994946366814e+00 5.127579830585867882e+01
