2.060742326692386996e+04 2.049217804957275439e+04
2.082989902073607664e+04 2.071015562609054541e+04
2.104427324850483274e+04 2.091992563921079636e+04
2.124989591066848152e+04 2.112084128181136111e+04
2.144609016211885682e+04 2.131223074097240533e+04
2.163217578998413956e+04 2.149341957310901853e+04
2.180746281418603758e+04 2.166372430521757269e+04
2.197121845384254266e+04 2.182241961679814267e+04
2.212270167557686000e+04 2.196877276646337123e+04
2.226117745813883448e+04 2.210205783534515285e+04
2.238589206814103090e+04 2.222153160910696533e+04
2.249607654519031712e+04 2.232643709522188146e+04
2.259097794594235529e+04 2.241603419727182700e+04
2.266985009486681156e+04 2.248959076236803958e+04
2.273192145097770481e+04 2.254635128617101873e+04
2.277643931800803330e+04 2.258558021684077175e+04
2.280268387316938606e+04 2.260657576866539603e+04
2.280994320566015813e+04 2.260864611100158072e+04
2.279752537295061848e+04 2.259112111615409594e+04
2.276478895031432694e+04 2.255338183436968029e+04
2.271113929505841224e+04 2.249485740061455363e+04
2.263601680135643255e+04 2.241501451795204775e+04
2.253892613552252806e+04 2.231338475888200264e+04
2.241944727155794681e+04 2.218957526689269071e+04
2.227724654655670020e+04 2.204328176629619338e+04
2.211207947449500352e+04 2.187429023134757517e+04
2.192379172968402418e+04 2.168247611208999297e+04
2.171234991024516785e+04 2.146783622186785942e+04
2.147787468937105587e+04 2.123052314055652823e+04
2.122059108082772218e+04 2.097079236484109788e+04
2.094083899013704649e+04 2.068901249090042256e+04
2.063919941496463798e+04 2.038579368320721551e+04
2.031641480287579543e+04 2.006190594474109457e+04
1.997331197077545949e+04 1.971820014705516223e+04
1.961093505959303729e+04 1.935574210425863566e+04
1.923062811498680094e+04 1.897589562910893073e+04
1.883379644228182588e+04 1.858008121330449649e+04
1.842193812784506008e+04 1.816980716231922270e+04
1.799698765992951303e+04 1.774701284900569226e+04
1.756101270388276680e+04 1.731376541236908088e+04
1.711602446615865483e+04 1.687207035603242912e+04
1.666425282785072341e+04 1.642414545324507708e+04
1.620821077504102323e+04 1.597248493658400184e+04
1.575027199909564479e+04 1.551943968711478738e+04
1.529279154942338755e+04 1.506733524145058254e+04
1.483872598753224884e+04 1.461907894677361219e+04
1.439098763884638902e+04 1.417752891801774967e+04
1.395216201025541523e+04 1.374521850329633162e+04
1.352433022808026908e+04 1.332418050826228864e+04
1.310909153167225304e+04 1.291597025481924356e+04
1.270781373710357002e+04 1.252191524628259322e+04
1.232206199860069137e+04 1.214352817963350390e+04
1.195474657947997730e+04 1.178361009138386544e+04
1.160877797533980811e+04 1.144496178940764548e+04
1.128646267135175185e+04 1.112980072516598557e+04
1.098752108602106819e+04 1.083781593873706515e+04
1.071033846464779344e+04 1.056739219930228865e+04
1.045339017716860872e+04 1.031700716775652290e+04
1.021491104112386529e+04 1.008491054155797792e+04
9.993063336683506350e+03 9.869285581210724558e+03
9.785951452608544059e+03 9.668264296392688266e+03
9.590769375265512281e+03 9.479107757417121320e+03
9.404578701661601372e+03 9.298951035871763452e+03
9.224076825437157822e+03 9.124588955325783900e+03
9.045354735093265845e+03 8.952245106151258369e+03
8.864480875624980399e+03 8.778123427513386559e+03
8.676743575311360473e+03 8.597700310966754842e+03
8.477545769144398946e+03 8.406559572245259915e+03
8.262616237090102004e+03 8.200623004614892125e+03
8.028252455220653246e+03 7.976357069706575203e+03
7.772245986290067776e+03 7.731681115565429536e+03
7.493756452547947447e+03 7.465825466704472092e+03
7.194209225335604970e+03 7.180202581793197169e+03
6.876687593130332061e+03 6.877807494784543451e+03
6.546120480712262179e+03 6.563398174209833996e+03
6.208317566102565252e+03 6.242560567480580175e+03
5.869985494773914979e+03 5.921724729184064017e+03
5.538169634152132858e+03 5.607606446495287855e+03
5.220141725761801354e+03 5.307113410130676129e+03
4.922617517082710947e+03 5.026588227067219123e+03
4.652057419559811933e+03 4.772082882612767207e+03
4.413115269476304093e+03 4.547918546997070735e+03
4.208734176977491188e+03 4.356755456911932015e+03
4.038660289975381602e+03 4.198242210468202757e+03
3.900248810256025081e+03 4.069762385161354814e+03
3.787610827867723856e+03 3.965680324691730675e+03
3.693185985976777374e+03 3.878802190212422374e+03
3.607817615312627822e+03 3.800462300052427054e+03
3.521898882140318165e+03 3.721589644638433583e+03
3.426361583127453741e+03 3.633624853814495964e+03
3.313822934526146582e+03 3.529603541998599667e+03
3.180124980665076237e+03 3.405623964150184747e+03
3.025011159235515606e+03 3.261483661487911377e+03
2.852265173730972492e+03 3.100812533135579997e+03
2.669250855939902067e+03 2.930623107749746850e+03
2.486079920247967948e+03 2.760469942124251702e+03
2.314065509434224168e+03 2.600939935243510263e+03
2.163197470721127047e+03 2.461278193489472869e+03
2.039420625772554104e+03 2.346881400089246654e+03
1.943202634066298970e+03 2.258032860774048459e+03
1.870229441515908320e+03 2.190621900456040294e+03
1.812986827114752259e+03 2.137637110740254684e+03
1.761664447711644243e+03 2.089988886501590514e+03
1.705385783224493935e+03 2.037623734316028731e+03
1.635586700265163699e+03 1.972646211496700516e+03
1.549777663376910596e+03 1.892817116609278173e+03
1.452017996578366137e+03 1.801983111741392122e+03
1.350488638382874797e+03 1.707766915820800250e+03
1.254908529121348010e+03 1.619097102376474595e+03
1.173613734426351357e+03 1.543493991833376640e+03
1.110204789290088684e+03 1.484078385405881136e+03
1.062288980508441227e+03 1.438556357416814535e+03
1.023065809244101160e+03 1.400728540667089419e+03
9.835766136070787979e+02 1.362526504701243766e+03
9.369553698094154015e+02 1.317825358388024370e+03
8.820646440421429588e+02 1.265691983363345116e+03
8.230456903037276106e+02 1.209920588297103677e+03
7.666788210234333292e+02 1.156569193263845364e+03
7.189413659729381152e+02 1.110846161193773924e+03
6.812158316698812541e+02 1.073847157178326825e+03
6.500302621850142941e+02 1.042458157728086007e+03
6.198075830383876337e+02 1.011821235014150488e+03
5.863329679338528422e+02 9.783397203340045962e+02
5.497024015883818038e+02 9.421712879083569305e+02
5.136062200035174783e+02 9.065100762929716893e+02
4.817655251201654778e+02 8.744765472119802325e+02
4.552049384871427833e+02 8.468551451980437150e+02
4.316946746475842360e+02 8.217361595778311312e+02
4.080991081254832125e+02 7.965332640979995631e+02
3.833564444756524949e+02 7.704186340055698565e+02
3.589897421079176638e+02 7.446585055073122703e+02
3.370188592408018167e+02 7.208572999430264190e+02
3.177601887747257479e+02 6.992216819055895485e+02
2.998049380513645588e+02 6.786218778741101687e+02
2.818859548330100324e+02 6.580862498702579160e+02
2.642925261741194731e+02 6.378544124758054750e+02
2.480155520323768883e+02 6.186687658654057032e+02
2.332808175073076029e+02 6.006731206804331578e+02
2.193934729460585515e+02 5.833445174932736563e+02
2.058912292384205784e+02 5.663533822988595148e+02
1.930616812381840646e+02 5.499056611409063180e+02
1.812165427883720952e+02 5.342074414211393787e+02
1.701556494815907570e+02 5.191099608723716301e+02
1.595941433380862975e+02 5.044193318504408126e+02
1.496035408675562906e+02 4.901800811360367902e+02
1.402844315008761953e+02 4.764501693151808581e+02
1.315243505786090452e+02 4.631531648090647195e+02
1.232746624364950492e+02 4.502524062783045906e+02
1.155106153589241131e+02 4.377276259517341828e+02
1.082081209347930297e+02 4.255598355457143498e+02
1.013437939721042653e+02 4.137312477661683943e+02
9.489498693762968173e+01 4.022252053703358570e+02
8.883965016726396868e+01 3.910259968694803661e+02
8.315538368305344363e+01 3.801180573770274123e+02
7.782041885947688797e+01 3.694864911888942061e+02
7.281420289730667150e+01 3.591174391794822895e+02
6.811733707996826581e+01 3.489980223616105945e+02
6.371151515123051468e+01 3.391162872927479270e+02
5.957946481015883222e+01 3.294611551067677624e+02
5.570489390731182766e+01 3.200223824114893887e+02
5.207251635958010638e+01 3.107909231134792662e+02
4.866800927640361607e+01 3.017590051052940794e+02
4.547783921731009826e+01 2.929194857321416521e+02
4.248921463124550257e+01 2.842657708936659446e+02
3.969005006387719448e+01 2.757917852618887764e+02
3.706893171297052447e+01 2.674919438438250268e+02
3.461508431116440221e+01 2.593611247593474900e+02
3.231833306043553478e+01 2.513947358617633938e+02
3.016905193279747976e+01 2.435890330861988673e+02
2.815816251788698565e+01 2.359407276080872009e+02
2.627711516585781837e+01 2.284468138996462585e+02
2.451786045745587117e+01 2.211045510989870593e+02
2.287282204398203334e+01 2.139114449556983004e+02
2.133487080643156020e+01 2.068652302726808330e+02
1.989730035053744572e+01 1.999638709347440226e+02
1.855380509246825227e+01 1.932059152889966640e+02
1.729845757118319938e+01 1.865904190372601192e+02
1.612568565483615401e+01 1.801165115941754493e+02
1.503025258035992273e+01 1.737833675669356523e+02
1.400723807887432137e+01 1.675901975925260388e+02
1.305202046389442394e+01 1.615362394969372133e+02
1.216025964048073860e+01 1.556207498248307104e+02
1.132788009165955323e+01 1.498431967217098304e+02
1.055105395446360994e+01 1.442036660777945372e+02
9.826189548024968801e+00 1.387022412899526955e+02
9.149918204363981289e+00 1.333388549038564577e+02
8.519081132991155769e+00 1.281132910690647577e+02
7.930717005345028880e+00 1.230251882974768733e+02
7.382050223611773099e+00 1.180740425137906726e+02
6.870479804970361037e+00 1.132592462825184327e+02
6.393568526332268576e+00 1.085805127930593414e+02
5.949033313894090291e+00 1.040376573605312274e+02
5.534736267304678492e+00 9.963024372624637692e+01
5.148675842642408185e+00 9.535759079312553865e+01
4.788978532866690507e+00 9.121878718440629541e+01
4.453891026968588740e+00 8.721270576854014678e+01
4.141772821852972797e+00 8.333801856214464010e+01
3.851089139756549873e+00 7.959331188209624486e+01
3.580404272956147604e+00 7.597719980574565568e+01
3.328375712974220413e+00 7.248810897184810642e+01
