3.256402181457008919e+04 3.246124886757444256e+04
3.269826606396834904e+04 3.259227692494262374e+04
3.281166391498421581e+04 3.270243784821271038e+04
3.290325275553672691e+04 3.279077681908458180e+04
3.297206621974625887e+04 3.285633658697167266e+04
3.301717679403167858e+04 3.289819925590513594e+04
3.303765998685756495e+04 3.291545089584637026e+04
3.303257341284197173e+04 3.290716092236938857e+04
3.300102680291149591e+04 3.287245137917176180e+04
3.294217808573900402e+04 3.281049321787532244e+04
3.285514843379609374e+04 3.272042299214323066e+04
3.273909795023421975e+04 3.260141726349427336e+04
3.259327531485685904e+04 3.245274141699106985e+04
3.241696775391232950e+04 3.227370124422697700e+04
3.220949013653755173e+04 3.206363251469421448e+04
3.197026982536729338e+04 3.182198345056028847e+04
3.169884223799140818e+04 3.154831079667554513e+04
3.139478448823498184e+04 3.124221667114022421e+04
3.105779143102480157e+04 3.090342134976146190e+04
3.068771293073540073e+04 3.053179905055595373e+04
3.028452972906671857e+04 3.012735737340725609e+04
2.984835822004664442e+04 2.969024200272077360e+04
2.937949204651868422e+04 2.922077358578846179e+04
2.887841427928666235e+04 2.871946122471208582e+04
2.834581726220390556e+04 2.818702753132634098e+04
2.778258494768772653e+04 2.762438435569091598e+04
2.718979212422681667e+04 2.703262994281063584e+04
2.656881259872769078e+04 2.641316313573153457e+04
2.592129228403725574e+04 2.576765482882871220e+04
2.524902942228273969e+04 2.509792141996488863e+04
2.455406890560325337e+04 2.440602148148655760e+04
2.383891594685148084e+04 2.369447513770216756e+04
2.310620304906719684e+04 2.296592266960551206e+04
2.235862993950247983e+04 2.222306290131692367e+04
2.159940092805429231e+04 2.146909584483706931e+04
2.083200855495395081e+04 2.070750462326690467e+04
2.005980556941109899e+04 1.994162356002222077e+04
1.928631471045532453e+04 1.917494818096814197e+04
1.851568671866045042e+04 1.841159381932142787e+04
1.775181940015912551e+04 1.765541737605980234e+04
1.699828226521445686e+04 1.690994225169282799e+04
1.625916106857496197e+04 1.617919243811733941e+04
1.553852933442397443e+04 1.546717422065252686e+04
1.483981407561453670e+04 1.477725290543747178e+04
1.416633784223914881e+04 1.411267754590883123e+04
1.352182488704936623e+04 1.347707269696470576e+04
1.290934097157397446e+04 1.287342056355014938e+04
1.233125680233263301e+04 1.230402368392204880e+04
1.178954994698647351e+04 1.177076523900694156e+04
1.128574791127902972e+04 1.127508229043959000e+04
1.082090104354969299e+04 1.081796201496886715e+04
1.039583606458535178e+04 1.040015524336194358e+04
1.001134409633816722e+04 1.002234009298734418e+04
9.668019620491040769e+03 9.685020947959614205e+03
9.365408696200856866e+03 9.387691131398292782e+03
9.099334759228397161e+03 9.126191968688634006e+03
8.865186916838978505e+03 8.895936741369903757e+03
8.658891826635252073e+03 8.692870125266150353e+03
8.476764030370211913e+03 8.513336990670526575e+03
8.315477378307683466e+03 8.354036779501177080e+03
8.170989437815467682e+03 8.210984237063161345e+03
8.037324353299606628e+03 8.078339256371453303e+03
7.908475463578582094e+03 7.950235509903555794e+03
7.777065949922879554e+03 7.819525638670128501e+03
7.635006404585895325e+03 7.678400171316977321e+03
7.474656146536373853e+03 7.519514300412334705e+03
7.288858049545640824e+03 7.336046875919882950e+03
7.071941718916850732e+03 7.122614779007833931e+03
6.821216268023499651e+03 6.876763929139472566e+03
6.536165092066899888e+03 6.598109305144748760e+03
6.220087972534190158e+03 6.289958577055515889e+03
5.878046453977322926e+03 5.957273358958272183e+03
5.516618534912195173e+03 5.606470687904395163e+03
5.143524820166247991e+03 5.245007112096825040e+03
4.768645282167479309e+03 4.882385717830362410e+03
4.402276310191156881e+03 4.528463605888540769e+03
4.055022941451419683e+03 4.193376936280986229e+03
3.737312175822385598e+03 3.886970587138105657e+03
3.457965027935049420e+03 3.617604523228525522e+03
3.222409488826534925e+03 3.390312857298247764e+03
3.033491298907893452e+03 3.207658977555063302e+03
2.889420640436246686e+03 3.067797832053523507e+03
2.786117714435679773e+03 2.966675778927799001e+03
2.716040525076932227e+03 2.897014824825490905e+03
2.670099192593901080e+03 2.850079602218458604e+03
2.636932063767366799e+03 2.815070235576507002e+03
2.604252243910629204e+03 2.780380928177955411e+03
2.559832499455580546e+03 2.734542195305516088e+03
2.493494542112808176e+03 2.668081470721867845e+03
2.398600950424973234e+03 2.574905928314995890e+03
2.273026034012455511e+03 2.453166170318265358e+03
2.119987403720271686e+03 2.306017652955557878e+03
1.948919336072167425e+03 2.142399750016228154e+03
1.774199260773381184e+03 1.975766744279862451e+03
1.611344782561322290e+03 1.820555783650979947e+03
1.472470682005833169e+03 1.687949494808341569e+03
1.363714313307089014e+03 1.583500883501219732e+03
1.286045977182053093e+03 1.507952315248743389e+03
1.236727526189704349e+03 1.458619557277652348e+03
1.208399078645567215e+03 1.428593145002493657e+03
1.188851842217042758e+03 1.406573007312480513e+03
1.164467534254426482e+03 1.380066302155149060e+03
1.125219641079273970e+03 1.339958185570447540e+03
1.066950810026253293e+03 1.282554642581829285e+03
9.916501223859459060e+02 1.209789575130505909e+03
9.075929835191791426e+02 1.129289063624772098e+03
8.265564045029002500e+02 1.051773794477635192e+03
7.585256874367100863e+02 9.862316187008880206e+02
7.086685777467170055e+02 9.372148549082394311e+02
6.762993257045428663e+02 9.039819088865031063e+02
6.546943154314704998e+02 8.804071713803178909e+02
6.344228500991874853e+02 8.580202838510964511e+02
6.080065891364988602e+02 8.301747020151794914e+02
5.720789085573717330e+02 7.939410058119955238e+02
5.290993418043010479e+02 7.515790710666146879e+02
4.862098720460946311e+02 7.094465895382610370e+02
4.499576813713305796e+02 6.732891420034482053e+02
4.230156687386987073e+02 6.453818397643728986e+02
4.034784450614868661e+02 6.239872620644624703e+02
3.860310127809222536e+02 6.044397164133946490e+02
3.659720088382849781e+02 5.826699798307469109e+02
3.422303559782304774e+02 5.577915569396266164e+02
3.172402778229751448e+02 5.319360627102269063e+02
2.948250697260327229e+02 5.083813547597646334e+02
2.768861216484646093e+02 4.887143882922260332e+02
2.621699110477459271e+02 4.718324963602404978e+02
2.479532873529232120e+02 4.554209226567145947e+02
2.326041440832890999e+02 4.381196304550192622e+02
2.167727603406110575e+02 4.204909618291014226e+02
2.022196719724523746e+02 4.040009024589870705e+02
1.898112592234278964e+02 3.893479919728098366e+02
1.787293680607671433e+02 3.758418741163355890e+02
1.678092130656278869e+02 3.625278747461449598e+02
1.568388899403005041e+02 3.492406280351265195e+02
1.465144063199818163e+02 3.365430563037155025e+02
1.372803869377029287e+02 3.247828070231515198e+02
1.287961853070979430e+02 3.136801520210976264e+02
1.205955168438920708e+02 3.028653539932696503e+02
1.127150898615309700e+02 2.923681396209944410e+02
1.054268483932003591e+02 2.823967276406448264e+02
9.870924366572518238e+01 2.729289849949025779e+02
9.235894137088531863e+01 2.638073079856251866e+02
8.632781071023934771e+01 2.549939106694354223e+02
8.070896212283035709e+01 2.465548944266489571e+02
7.547412118161595629e+01 2.384686216823163250e+02
7.055938644419235573e+01 2.306850904582045416e+02
6.594487529637265766e+01 2.231867209288066931e+02
6.161539150111122609e+01 2.159600163140359825e+02
5.755613985597978655e+01 2.089922399350941191e+02
5.375276050602654010e+01 2.022713686181958792e+02
5.019135647472658945e+01 1.957860492484184931e+02
4.685851500820563587e+01 1.895255582400218088e+02
4.374125123816727978e+01 1.834796966052700498e+02
4.082632236083112787e+01 1.776380694782049545e+02
3.810075181323831828e+01 1.719904321134625320e+02
3.555239104752011770e+01 1.665271810801947936e+02
3.316987417016528639e+01 1.612393214724665427e+02
3.094256643918693328e+01 1.561184282332660871e+02
2.886051626828748340e+01 1.511566102424870337e+02
2.691441049545348818e+01 1.463464769536065262e+02
2.509557659184810774e+01 1.416812273748147391e+02
2.339602765388592687e+01 1.371548822513161952e+02
2.180827818207277247e+01 1.327618926672506348e+02
2.032528288511629100e+01 1.284970272760863566e+02
1.894041327523166629e+01 1.243553538385058062e+02
1.764743530370208546e+01 1.203322218673702082e+02
1.644048800731581039e+01 1.164232462984319483e+02
1.531406248853267194e+01 1.126242948105929855e+02
1.426296477405546170e+01 1.089315505911112325e+02
1.328230081841926769e+01 1.053414982118020475e+02
1.236748259775759351e+01 1.018508139708223155e+02
1.151421099844850637e+01 9.845634962531120493e+01
1.071845836100033544e+01 9.515512231312784763e+01
9.976452025229811227e+00 9.194430499581380900e+01
9.284658823091573865e+00 8.882121738959531854e+01
8.639771117659140742e+00 8.578333486192312307e+01
8.038696267031511411e+00 8.282837380312359699e+01
7.478540060242053755e+00 7.995419986221669717e+01
6.956592752171286698e+00 7.715877053373860406e+01
6.470317836187183147e+00 7.444012956351468802e+01
6.017341463827738934e+00 7.179640176752873515e+01
5.595442472101684217e+00 6.922578809687126977e+01
5.202542981563012425e+00 6.672656111716442240e+01
4.836698782927752127e+00 6.429708954432284429e+01
4.496090474182890873e+00 6.193586005769489589e+01
4.179017333948647384e+00 5.964141244500584804e+01
3.883890059087221847e+00 5.741232826747322093e+01
3.609223715490329276e+00 5.524722815146766663e+01
3.353631115707889521e+00 5.314476922279776261e+01
3.115816599009631371e+00 5.110364267916630610e+01
2.894570191255923408e+00 4.912257502447209134e+01
2.688762127754861009e+00 4.720037110030722971e+01
2.497337702886575528e+00 4.533589076413631602e+01
2.319312435140939321e+00 4.352800701184362708e+01
2.153767536691021167e+00 4.177560424114054172e+01
1.999845664064890949e+00 4.007757757921980613e+01
1.856746933209283856e+00 3.843283228060729328e+01
1.723725183294979146e+00 3.684028319289718212e+01
1.600084440168215716e+00 3.529887374596749083e+01
1.485175549306605003e+00 3.380762826940375021e+01
