1.995817588587068167e+04 1.988563097643740184e+04
2.011605103844376936e+04 2.004078082804076985e+04
2.026300167336020968e+04 2.018494913914475910e+04
2.039835582425309258e+04 2.031746589376271368e+04
2.052143033513828414e+04 2.043765072172255896e+04
2.063150504988994726e+04 2.054478773811685824e+04
2.072786620342787137e+04 2.063816812827749527e+04
2.080981321151875454e+04 2.071709682338171478e+04
2.087662510877661407e+04 2.078085916151846322e+04
2.092758241319468289e+04 2.082874268229041991e+04
2.096199482562772391e+04 2.086006470875701780e+04
2.097918073859810829e+04 2.087415231051448791e+04
2.097844956757943510e+04 2.087032505282995771e+04
2.095915029671755110e+04 2.084794276787853596e+04
2.092067629968946494e+04 2.080641044178856828e+04
2.086243336876819012e+04 2.074514739095024925e+04
2.078387085615682372e+04 2.066361758111444942e+04
2.068450652312321472e+04 2.056135383505414575e+04
2.056391779646421855e+04 2.043795025050600452e+04
2.042174128283541722e+04 2.029306215345718374e+04
2.025769886588334703e+04 2.012643034055749376e+04
2.007160680469874933e+04 1.993789045332490787e+04
1.986338915369364986e+04 1.972738861773085591e+04
1.963307434792864296e+04 1.949497571022767079e+04
1.938079697621480955e+04 1.924080799755646512e+04
1.910685184529996332e+04 1.896520338976741186e+04
1.881169828257885820e+04 1.866864558034567017e+04
1.849590095362781358e+04 1.835172178519528461e+04
1.816017253779086241e+04 1.801516596645664322e+04
1.780550312548087459e+04 1.765999059617381499e+04
1.743300410799883684e+04 1.728732710207319178e+04
1.704386824324912959e+04 1.689838486025876409e+04
1.663959062272094525e+04 1.649467388671648951e+04
1.622190096240257844e+04 1.607793631279494912e+04
1.579253282914451484e+04 1.564991362884351656e+04
1.535337387256128204e+04 1.521249639975659011e+04
1.490675342249556343e+04 1.476801094113559702e+04
1.445497482226321881e+04 1.431875302230808484e+04
1.400024678080779449e+04 1.386691943135727524e+04
1.354510580883102557e+04 1.341502610212150284e+04
1.309218306186204609e+04 1.296567779353301376e+04
1.264385603970823468e+04 1.252122412629254723e+04
1.220259889495758398e+04 1.208410093768182742e+04
1.177135615885134575e+04 1.165719461329169462e+04
1.135277391006942344e+04 1.124309525128773021e+04
1.094908464373262541e+04 1.084398413375063683e+04
1.056196244087169180e+04 1.046148178327740061e+04
1.019268685445995834e+04 1.009681711871860534e+04
9.842300651777319217e+03 9.750989233383661485e+03
9.512328709426155910e+03 9.425452437423869924e+03
9.205187669672253833e+03 9.122507550397120212e+03
8.923038605537627518e+03 8.844211937914504233e+03
8.666989123279636260e+03 8.591598319222039208e+03
8.435028804370969738e+03 8.362645192642237816e+03
8.224625893385100426e+03 8.154823210838697378e+03
8.033492023563597286e+03 7.965845908840223274e+03
7.859485596421215632e+03 7.793577394004872986e+03
7.700642915867048032e+03 7.636058919323999362e+03
7.554635176853312259e+03 7.490987066117768336e+03
7.418180027317723216e+03 7.355149546222973186e+03
7.288002125613150383e+03 7.225347316461319679e+03
7.159994473888858010e+03 7.097611714643242522e+03
7.029623034025277775e+03 6.967584146527386110e+03
6.892187300773047355e+03 6.830774972886529213e+03
6.742489378682482311e+03 6.682264648689004389e+03
6.575907830186999490e+03 6.517702558236860568e+03
6.388917202653069580e+03 6.333838384086390761e+03
6.179102860983201936e+03 6.128483458390524902e+03
5.946193696025394274e+03 5.901518778898332130e+03
5.691404674450390303e+03 5.654218687754186249e+03
5.418348285434616628e+03 5.390127439874909214e+03
5.131758203180722376e+03 5.113814099103492481e+03
4.837642082480952013e+03 4.831021922731545601e+03
4.542477912833136543e+03 4.547897388366513042e+03
4.253208148217766393e+03 4.270995054907000849e+03
3.977285476403034409e+03 4.007281874003552275e+03
3.721679803516060474e+03 3.763267880389318634e+03
3.492530517789125952e+03 3.544605621000855990e+03
3.294745933874067305e+03 3.355788529549529358e+03
3.130349582631702560e+03 3.198555994715308316e+03
2.999305905184999574e+03 3.072713186598013635e+03
2.898157977957101139e+03 2.974867590390947498e+03
2.821650964500258851e+03 2.899968842169785148e+03
2.762346465733873174e+03 2.840985429464260960e+03
2.711600068469929283e+03 2.789841955232769578e+03
2.660151995301190254e+03 2.737976004868150994e+03
2.598962393102586702e+03 2.677127764930987269e+03
2.520795314272086671e+03 2.600776722998963123e+03
2.421260851257127797e+03 2.505057156040008522e+03
2.299752008472739817e+03 2.389577216962509738e+03
2.159603459736827062e+03 2.257519019829187073e+03
2.007918649277919485e+03 2.115434708273919568e+03
1.854853866515035406e+03 1.972571848759221439e+03
1.711848141881534502e+03 1.839264044379792267e+03
1.588590068721989610e+03 1.724176729451197843e+03
1.490244544458043720e+03 1.631831106220112815e+03
1.417073008572877143e+03 1.562305957486363468e+03
1.365634175379547059e+03 1.512355184194445428e+03
1.329470252054821003e+03 1.476071794961840624e+03
1.299125147175836446e+03 1.444956080090706109e+03
1.263805489902419367e+03 1.409433520930736449e+03
1.215396988609366872e+03 1.362409916932069791e+03
1.151597197386619882e+03 1.301978410952409149e+03
1.075518747296870060e+03 1.230995182634663252e+03
9.944168076444417466e+02 1.155899952588481710e+03
9.177071048170121230e+02 1.084938120158131596e+03
8.534159555602664113e+02 1.025048279575371453e+03
8.050174487631093143e+02 9.791404989562355468e+02
7.708984198988637218e+02 9.456935174122577337e+02
7.449879586381980516e+02 9.193730378755877837e+02
7.189158262910121948e+02 8.929520151530998646e+02
6.864042773309355425e+02 8.610891162958309906e+02
6.459917152414410566e+02 8.226116908604368518e+02
6.008032624985700068e+02 7.802478123715408174e+02
5.571296053620767452e+02 7.393522885787609766e+02
5.205976282959522905e+02 7.046377845566277074e+02
4.926777068317520047e+02 6.772646674813332766e+02
4.707477862168084926e+02 6.549678362603026471e+02
4.498628228827811313e+02 6.335967529900486852e+02
4.260330965345565346e+02 6.098599541808164304e+02
3.990930050711401122e+02 5.836625667226073801e+02
3.719905497341184741e+02 5.574546678934030979e+02
3.481012296151882310e+02 5.339848695040830080e+02
3.286409738786353500e+02 5.142004855848409761e+02
3.118744085873766494e+02 4.966588111913295052e+02
2.950943462668618054e+02 4.791714957488616164e+02
2.771963186799429764e+02 4.608699334156144118e+02
2.592636287001756159e+02 4.426313038296081004e+02
2.430791018869755362e+02 4.258593104262394036e+02
2.290747096996632308e+02 4.108703239751603178e+02
2.161980928567402600e+02 3.968249153556133137e+02
2.033146214186663201e+02 3.828423573830049804e+02
1.905386069694442597e+02 3.690169182922305708e+02
1.786702035847385730e+02 3.559576991537333583e+02
1.679963013182306781e+02 3.438701477589619913e+02
1.580055052677888909e+02 3.323598475933468990e+02
1.482788947410892604e+02 3.211127571974294028e+02
1.389943394834327535e+02 3.102601200118240286e+02
1.304234708261872413e+02 2.999956095998897467e+02
1.224546833816035445e+02 2.902312469344838064e+02
1.148547821240475599e+02 2.807959269591436851e+02
1.076451476247313082e+02 2.717028597824415215e+02
1.009248042861803896e+02 2.630177643057277237e+02
9.462438520061451186e+01 2.546878946377235025e+02
8.869022438823972720e+01 2.466735578039183281e+02
8.310419684049377054e+01 2.389593328723057937e+02
7.784957185498976173e+01 2.315304186937707129e+02
7.291002207151410630e+01 2.243728589265975017e+02
6.826964129308426266e+01 2.174734953501823043e+02
6.391297931750623462e+01 2.108199180638656571e+02
5.982476458652435269e+01 2.044001499168302303e+02
5.598921345318999698e+01 1.982019039443584063e+02
5.239116641406003083e+01 1.922134298627519229e+02
4.901635374448305527e+01 1.864237247435316647e+02
4.585134386119246841e+01 1.808224843450630317e+02
4.288349468587833258e+01 1.754000581152657503e+02
4.010090783288136151e+01 1.701474075533107850e+02
3.749238975932708939e+01 1.650560773966386421e+02
3.504750315777912562e+01 1.601183780986924319e+02
3.275649960739131927e+01 1.553273248803019726e+02
3.061017336788563625e+01 1.506763630243362968e+02
2.859982987934396803e+01 1.461593317021624046e+02
2.671726052811830954e+01 1.417704408858451472e+02
2.495471841165714721e+01 1.375042497577014444e+02
2.330489508233564777e+01 1.333556464990937513e+02
2.176089211334414486e+01 1.293198618846300008e+02
2.031618198356548888e+01 1.253925555510076464e+02
1.896461304059098651e+01 1.215696798253410833e+02
1.770039700681309469e+01 1.178474228295328459e+02
1.651808883055185007e+01 1.142221952666222364e+02
1.541256755883132890e+01 1.106906179429442716e+02
1.437901818709114821e+01 1.072495099703786110e+02
1.341291450631248239e+01 1.038958803015792256e+02
1.251000455821623625e+01 1.006269957277106499e+02
1.166629483405021261e+01 9.744037152991685957e+01
1.087803321927466804e+01 9.433366326767557553e+01
1.014169513168985581e+01 9.130465331210207580e+01
9.453970518111720622e+00 8.835124354347766484e+01
8.811751534185855661e+00 8.547144838463782435e+01
8.212120875901506523e+00 8.266338814995556561e+01
7.652340320093652615e+00 7.992529493313327293e+01
7.129838804807052455e+00 7.725555393112759361e+01
6.642204455436793609e+00 7.465264731178488944e+01
6.187175885273637377e+00 7.211512757287347597e+01
5.762633232049263476e+00 6.964161296298850345e+01
5.366589696124816733e+00 6.723078310778501532e+01
4.997183554917514314e+00 6.488137482313796056e+01
4.652670626542646737e+00 6.259217911250522803e+01
4.331417074209888973e+00 6.036207632161755043e+01
4.031892709041036582e+00 5.819003825738739266e+01
3.752664809733802453e+00 5.607506933685333195e+01
3.492392170908799276e+00 5.401620013020382061e+01
3.249819487255155348e+00 5.201248504146330021e+01
3.023772064794304271e+00 5.006300010837566106e+01
2.813150841512732203e+00 4.816684091931258394e+01
2.616927638334261896e+00 4.632313774536439865e+01
2.434140479425509707e+00 4.453113311697749310e+01
2.263889765253449760e+00 4.279010114110314333e+01
2.105334505453360983e+00 4.109930603623200085e+01
1.957688626891568973e+00 3.945800220291905447e+01
