2.043166627826953845e+04 2.025072111397239496e+04
2.072387682030280484e+04 2.053536921004414762e+04
2.101160653930563785e+04 2.081533670589901885e+04
2.129426748998978292e+04 2.109003889754106785e+04
2.157125731198429276e+04 2.135887758074330850e+04
2.184193700643960983e+04 2.162122130415127322e+04
2.210563356655328971e+04 2.187640794058087704e+04
2.236166215719082174e+04 2.212376478300529561e+04
2.260931828694566866e+04 2.236260098171680511e+04
2.284785796064964961e+04 2.259218841112461450e+04
2.307652448041301977e+04 2.281178773630763681e+04
2.329455416508202325e+04 2.302065409563272988e+04
2.350114837066352629e+04 2.321801083716746507e+04
2.369548571445605921e+04 2.340306123816860054e+04
2.387674694169059148e+04 2.357501213396213643e+04
2.404410231472773012e+04 2.373306220109632704e+04
2.419669392689568122e+04 2.387638548961370179e+04
2.433367136624092745e+04 2.400416516424499423e+04
2.445419744473464016e+04 2.411559908503455154e+04
2.455742364771086795e+04 2.420987721769976633e+04
2.464251028659819713e+04 2.428620056341154122e+04
2.470864816441515359e+04 2.434380146091218558e+04
2.475505235776898917e+04 2.438193837267045092e+04
2.478095936475750568e+04 2.439989368421912877e+04
2.478565085583167092e+04 2.439699528408835977e+04
2.476846227087077932e+04 2.437262492240227584e+04
2.472879323032086540e+04 2.432622973414843364e+04
2.466610968202032382e+04 2.425732296048730859e+04
2.457994804463531909e+04 2.416548705899558263e+04
2.446995332528762447e+04 2.405041183001032914e+04
2.433589279071292185e+04 2.391190775079769082e+04
2.417761863692050247e+04 2.374986771187607519e+04
2.399509762060006324e+04 2.356429605298544629e+04
2.378851610432620510e+04 2.335541257085186589e+04
2.355818244908469933e+04 2.312355502387641900e+04
2.330449605267253719e+04 2.286914801549763433e+04
2.302810912199017184e+04 2.259286320180406983e+04
2.272991183483843270e+04 2.229560414986550677e+04
2.241086136241729400e+04 2.197833643995611783e+04
2.207207951403100378e+04 2.164218481557326231e+04
2.171509458865899796e+04 2.128867379875344704e+04
2.134152088966819065e+04 2.091940846722546848e+04
2.095299618876195746e+04 2.053601252512491556e+04
2.055152872240480428e+04 2.014047641975139049e+04
2.013935618575340413e+04 1.973501617322513630e+04
1.971863599850297032e+04 1.932176332334136896e+04
1.929164904119489438e+04 1.890297217958973852e+04
1.886109045781771420e+04 1.848131525946268448e+04
1.842955619840451254e+04 1.805936370765685206e+04
1.799946171680853513e+04 1.763950734286188163e+04
1.757313274448828452e+04 1.722406062950348860e+04
1.715275232233736824e+04 1.681520205863655792e+04
1.674030823746006718e+04 1.641491304456048238e+04
1.633804247686551025e+04 1.602544082723791507e+04
1.594878849808497762e+04 1.564964709006542398e+04
1.557518084766078391e+04 1.529019768710173412e+04
1.521923409142698983e+04 1.494914965142421715e+04
1.488122726973228419e+04 1.462686345678297585e+04
1.456097677959979592e+04 1.432324500036833706e+04
1.425808016055245935e+04 1.403798341243147661e+04
1.397117969955517765e+04 1.376982671152863622e+04
1.369873731087427404e+04 1.351734136117112394e+04
1.343891472940000676e+04 1.327878427442923748e+04
1.318906463292555964e+04 1.305158643650849808e+04
1.294653999267973632e+04 1.283316098640973723e+04
1.270816363006407119e+04 1.262034067571821834e+04
1.247046679129982294e+04 1.240961849205749058e+04
1.222978370565234945e+04 1.219722397563388586e+04
1.198185522427357137e+04 1.197868305153417350e+04
1.172256450027856954e+04 1.174959045153953775e+04
1.144769446809686451e+04 1.150530431159153704e+04
1.115354470699041849e+04 1.124163208845880035e+04
1.083759767566344999e+04 1.095551012868261023e+04
1.049846923528595835e+04 1.064500893796238779e+04
1.013703337849510353e+04 1.031056638377502168e+04
9.755679491629118274e+03 9.954253997747173344e+03
9.359077816808381613e+03 9.580665023294981438e+03
8.953017231476032975e+03 9.195688639118548963e+03
8.544424721523368135e+03 8.806564588295314024e+03
8.140813456421363298e+03 8.421288790041877292e+03
7.749593049083621736e+03 8.047865906215187351e+03
7.378005187226517592e+03 7.694210732165429363e+03
7.032743330728436376e+03 7.367753643776496574e+03
6.719191392455680216e+03 7.074585068780298570e+03
6.441215818345262051e+03 6.819251938343923939e+03
6.199613780505876093e+03 6.603032503456461200e+03
5.992595536630813513e+03 6.424430741344336639e+03
5.814733942295732049e+03 6.277926745400942309e+03
5.658106241367808252e+03 6.155091038829116769e+03
5.512994940186123131e+03 6.045222902470296503e+03
5.368897725130019353e+03 5.936333861333254390e+03
5.215988471845746972e+03 5.816770835964318394e+03
5.046172289839420955e+03 5.676489390139734496e+03
4.854531151023968050e+03 5.508926519929464121e+03
4.640413458531493234e+03 5.312566154324272247e+03
4.407603984502887215e+03 5.091371693672272158e+03
4.163814260973956152e+03 4.854311698763634922e+03
3.919518815370186530e+03 4.613946417517166083e+03
3.686480639611419974e+03 4.384530205216473405e+03
3.475790587543250240e+03 4.179553223068676743e+03
3.295264144802581995e+03 4.008611589982744590e+03
3.147031914998717184e+03 3.874568607428102041e+03
3.026876605691797067e+03 3.772739059446994816e+03
2.925864943702657911e+03 3.692684542750286255e+03
2.832812599940897144e+03 3.620936369818745334e+03
2.736161655551577951e+03 3.543104595945921119e+03
2.626228511225842340e+03 3.446716504925494519e+03
2.498837473020688776e+03 3.326099767616180543e+03
2.357675329776132457e+03 3.185744376565960010e+03
2.212342490271066254e+03 3.037907195744309320e+03
2.074062798293396099e+03 2.896939360053225755e+03
1.952303517222961318e+03 2.774823104535270886e+03
1.851924305251658780e+03 2.677650301994331130e+03
1.770970100524534473e+03 2.603025397148087904e+03
1.701533360816808454e+03 2.541145040301108111e+03
1.633340125882761640e+03 2.479126900895800645e+03
1.557955694790174221e+03 2.406270097292219361e+03
1.473070605263801781e+03 2.319691623843038997e+03
1.383600679917890602e+03 2.225817097721928349e+03
1.297562966216958557e+03 2.134931432586463870e+03
1.222031852551503562e+03 2.055879503654268774e+03
1.159358368179407535e+03 1.991441975328316403e+03
1.105683173572952683e+03 1.936764817617887502e+03
1.054055905400086658e+03 1.883315331287220033e+03
9.992596544899769242e+02 1.824816563510573587e+03
9.409215938740632055e+02 1.761032261743193658e+03
8.834020920677255617e+02 1.697427511865034830e+03
8.315818097697007261e+02 1.639839750831720266e+03
7.868386116374509811e+02 1.589757754019874255e+03
7.465925015662222677e+02 1.544078975928545560e+03
7.068535426469836693e+02 1.498255174517089699e+03
6.660206357181508565e+02 1.450628492444135418e+03
6.259227535303160721e+02 1.403393516090319281e+03
5.891967808270650266e+02 1.359453418843877444e+03
5.563764265425237454e+02 1.319288452872631524e+03
5.256673673027560199e+02 1.280958920550136327e+03
4.953781825319924792e+02 1.242779270035868194e+03
4.657349198641472299e+02 1.205071694433345556e+03
4.380882567562167083e+02 1.169181787159296618e+03
4.127705596740799479e+02 1.135375260052392150e+03
3.888851097881493502e+02 1.102793560606487745e+03
3.657535684114991454e+02 1.070857460403822643e+03
3.437292762837508917e+02 1.039901203225141444e+03
3.232539001357197890e+02 1.010275701171857349e+03
3.040655065450326902e+02 9.817412930471837171e+02
2.857580730250410284e+02 9.539819124092025504e+02
2.683974963438201371e+02 9.270482898911202483e+02
2.521445681787195383e+02 9.010345737298246149e+02
2.368668119389586195e+02 8.758352342430339377e+02
2.224327020137972966e+02 8.513513211253903137e+02
2.088027981716112436e+02 8.275386822103949953e+02
1.959451861725420372e+02 8.043605985804442753e+02
1.838276533239524326e+02 7.817829209364101644e+02
1.724179199550456190e+02 7.597739195058373980e+02
1.616836667222318624e+02 7.383038824148685535e+02
1.515896175563122199e+02 7.173401928397380516e+02
1.420989711043007446e+02 6.968483213524247049e+02
1.331768872461254603e+02 6.767965914581105835e+02
1.247904982901494009e+02 6.571562014775647640e+02
1.169087971805291346e+02 6.379010738643994500e+02
1.095025321888588934e+02 6.190077156312622719e+02
1.025441076992228062e+02 6.004550883155159227e+02
9.600755885725877192e+01 5.822248117497076692e+02
8.986885414781264103e+01 5.643030402670877947e+02
8.410541813775738262e+01 5.466787357603478767e+02
7.869582174477314140e+01 5.293424171165158896e+02
7.361973385022392335e+01 5.122860707754780378e+02
6.885787518295201437e+01 4.955030685775143979e+02
6.439197332121769080e+01 4.789880868735710919e+02
6.020471885162717030e+01 4.627370268644080511e+02
5.627969366567250376e+01 4.467486587697305254e+02
5.260127597774440744e+01 4.310280999733096223e+02
4.915469539171031954e+01 4.155815336170511500e+02
4.592601129415371730e+01 4.004149086177961294e+02
4.290207029379116932e+01 3.855339135012460474e+02
4.007046555024606249e+01 3.709439513994212234e+02
3.741949792943638187e+01 3.566501163166204833e+02
3.493813897734475660e+01 3.426572115650216119e+02
3.261599862515973314e+01 3.289721299910960965e+02
3.044329209333752573e+01 3.156046844869093775e+02
2.841080239114387140e+01 3.025636180024364990e+02
2.650984952599221245e+01 2.898562871867409285e+02
2.473226163489875162e+01 2.774887162131042260e+02
2.307034748630071874e+01 2.654656535512762048e+02
2.151687030069683360e+01 2.537906311604295411e+02
2.006502261405962528e+01 2.424660879974895522e+02
1.870839963984981580e+01 2.314942749314861317e+02
1.744097848235803383e+01 2.208769200844559748e+02
1.625709952695536131e+01 2.106145128377918354e+02
1.515144595135902250e+01 2.007063729604535922e+02
1.411902422112082256e+01 1.911507402155169189e+02
1.315514560002306332e+01 1.819448628046369834e+02
1.225540862960916400e+01 1.730850841475446771e+02
1.141568223198121146e+01 1.645669208466696887e+02
1.063208865502259037e+01 1.563851137521523924e+02
9.900990176847082935e+00 1.485337400852415328e+02
9.218975719952265280e+00 1.410063057011881256e+02
8.582847436707430333e+00 1.337958168506729066e+02
7.989608034135341263e+00 1.268948484669418946e+02
7.436448802499845634e+00 1.202956088813158857e+02
