1.988074780653449488e+04 1.969385288145700179e+04
2.018493604320962186e+04 1.998997936444008155e+04
2.048492300139735016e+04 2.028167359233559546e+04
2.078009965640239898e+04 2.056832927655255480e+04
2.106981231744389879e+04 2.084929942174592361e+04
2.135338603030554441e+04 2.112391753199604864e+04
2.163013034890247218e+04 2.139150285874149267e+04
2.189931826819636262e+04 2.165133994216935389e+04
2.216019319346621342e+04 2.190268551600236242e+04
2.241198808696167544e+04 2.214478726923230715e+04
2.265391401686817699e+04 2.237687313857597474e+04
2.288514111557955766e+04 2.259813342003072103e+04
2.310483017794536499e+04 2.280775092179405692e+04
2.331213787888689694e+04 2.300490608300302483e+04
2.350619204562496088e+04 2.318875382939817791e+04
2.368610803529622353e+04 2.335843922814065445e+04
2.385100965232175076e+04 2.351311739669539384e+04
2.400001799341783772e+04 2.365194334265698853e+04
2.413224221310042776e+04 2.377406361299869968e+04
2.424680997654736711e+04 2.387864486642379052e+04
2.434287348386930171e+04 2.396487980885188517e+04
2.441960125375756979e+04 2.403198050974317448e+04
2.447619259670097017e+04 2.407919155315544413e+04
2.451189006456496645e+04 2.410580143263134232e+04
2.452599203415419834e+04 2.411115574964732514e+04
2.451786117725976510e+04 2.409466573440788852e+04
2.448692105030284438e+04 2.405580332634687875e+04
2.443267302221355567e+04 2.399411774713774503e+04
2.435475037558966505e+04 2.390928954294809955e+04
2.425287996223421214e+04 2.380109149706314565e+04
2.412687046630070108e+04 2.366937634323352177e+04
2.397670928987910884e+04 2.351417253242182778e+04
2.380256824712139860e+04 2.333568937603451195e+04
2.360470376857922020e+04 2.313421760970353716e+04
2.338351876510904913e+04 2.291019032586115281e+04
2.313973649121222115e+04 2.266435467025743492e+04
2.287419936295434673e+04 2.239757215980005640e+04
2.258782421242726559e+04 2.211077422138204201e+04
2.228186427086413460e+04 2.180522216604918503e+04
2.195783072049556722e+04 2.148242885160090373e+04
2.161724857133880141e+04 2.114391613617834446e+04
2.126182073470859905e+04 2.079137903872999595e+04
2.089370903811149037e+04 2.042696649865360087e+04
2.051508779490309098e+04 2.005283525471646499e+04
2.012808212721269956e+04 1.967108932270405421e+04
1.973509245404737885e+04 1.928411126049089944e+04
1.933861252596767008e+04 1.889437723777872088e+04
1.894098482685425188e+04 1.850420859795020078e+04
1.854452812497351260e+04 1.811590827542431725e+04
1.815165970038263549e+04 1.773189127186297264e+04
1.776463705233657311e+04 1.735441151240863837e+04
1.738560219077248257e+04 1.698560901634523179e+04
1.701706954722964656e+04 1.662802430060912229e+04
1.666158704435436084e+04 1.628424287678768269e+04
1.632143017908767251e+04 1.595657841029103838e+04
1.599752961714579214e+04 1.564603486757625797e+04
1.568956324177314673e+04 1.535239641454833873e+04
1.539714074992286623e+04 1.507537713853328023e+04
1.511918414995781859e+04 1.481401545215887563e+04
1.485394175760075086e+04 1.456668620524919970e+04
1.459965651610864916e+04 1.433175090874391935e+04
1.435384499336625959e+04 1.410682967562484737e+04
1.411369998656645839e+04 1.388920126187715505e+04
1.387627185556213408e+04 1.367596758543111901e+04
1.363798237941418847e+04 1.346353587113693720e+04
1.339526830224313017e+04 1.324828312104338693e+04
1.314397983985446626e+04 1.302588111231688526e+04
1.287987745714053199e+04 1.279182636482198905e+04
1.259885621866157817e+04 1.254162884926796505e+04
1.229706185142683535e+04 1.227093626564907754e+04
1.197180725229280688e+04 1.197651265937814060e+04
1.162174846669686667e+04 1.165643424196543856e+04
1.124747956089401305e+04 1.131079613862603219e+04
1.085160975678261093e+04 1.094183231084264116e+04
1.043877564216944302e+04 1.055401588234121482e+04
1.001508632559134639e+04 1.015349630572091701e+04
9.587815831288222398e+03 9.747819414484614754e+03
9.164602792248402693e+03 9.345061600605318745e+03
8.753438844183137917e+03 8.953838380237695674e+03
8.361624722433425632e+03 8.582137077736504580e+03
7.996234440189212364e+03 8.237846174412065011e+03
7.662948868963066161e+03 7.927466434042987203e+03
7.365804135764618877e+03 7.655840547089159372e+03
7.106016170425860764e+03 7.424835869925292172e+03
6.881752246860782179e+03 7.233036208718403941e+03
6.687377519945041058e+03 7.074771533748912589e+03
6.514722518242033402e+03 6.941372109171456032e+03
6.353259018016220580e+03 6.821150063685209716e+03
6.192045797101215612e+03 6.701455875141196884e+03
6.020683644950386224e+03 6.569724717232261355e+03
5.830813809616895014e+03 6.415277504788690749e+03
5.617523460413361136e+03 6.231239684075603691e+03
5.380225685342235010e+03 6.015896343826032535e+03
5.123133944612788582e+03 5.773583436671031450e+03
4.854638428978396405e+03 5.514121146496233450e+03
4.585851498654556053e+03 5.251036224988231879e+03
4.329083525044299677e+03 4.999600625425414364e+03
4.095958361984371095e+03 4.774416940498269469e+03
3.894879667652582611e+03 4.586260306020154530e+03
3.728270208537205235e+03 4.438669843330279036e+03
3.591503881402966726e+03 4.326525084203997721e+03
3.474684299987680333e+03 4.237966114402606763e+03
3.365670130603714824e+03 4.157835472740714067e+03
3.252340665027357318e+03 4.070345979343513591e+03
3.124702775921246030e+03 3.961883281548836294e+03
2.978413969680676473e+03 3.826043290010382862e+03
2.817529523128440360e+03 3.667799699759415944e+03
2.652642852234775091e+03 3.501227086023677657e+03
2.495899064211336736e+03 3.342653324985284144e+03
2.357177919812685559e+03 3.205371074827639859e+03
2.241454118049000044e+03 3.096148136932691614e+03
2.146489814335941446e+03 3.012245334311387978e+03
2.063629005933409644e+03 2.942344991062667305e+03
1.981874972221660073e+03 2.871723980610119270e+03
1.892436777701449728e+03 2.788346838662068421e+03
1.793004904619074296e+03 2.688980296229049600e+03
1.689050200505343355e+03 2.581197762490352034e+03
1.589337493854775630e+03 2.477095605905156390e+03
1.501161960378335607e+03 2.386600019911516483e+03
1.426832439337163805e+03 2.312779931249412584e+03
1.362121944209955245e+03 2.249951033957833715e+03
1.299534740421143624e+03 2.188097778475694213e+03
1.233707542411764280e+03 2.120122872235046088e+03
1.164448066928157004e+03 2.045962931502061338e+03
1.096443398040924194e+03 1.972051668903869995e+03
1.034841110765391932e+03 1.905214494319868891e+03
9.808996939814508096e+02 1.847002985868526366e+03
9.317780051499089495e+02 1.793685198968820941e+03
8.833364881142933882e+02 1.740021894074850479e+03
8.340045597127514156e+02 1.684196236827761822e+03
7.857786202935554911e+02 1.628877957554446539e+03
7.413789685430348300e+02 1.577454269243345379e+03
7.012373404406414465e+02 1.530379475703902244e+03
6.634597456495225742e+02 1.485371512630807501e+03
6.263402521240731176e+02 1.440516398065614567e+03
5.901713367930749428e+02 1.396265615396195017e+03
5.563252356296036396e+02 1.354194807105396421e+03
5.250775408884704802e+02 1.314569857895675568e+03
4.954943447492627229e+02 1.276385922984180752e+03
4.669146198941084549e+02 1.239006382865699152e+03
4.397064555922131603e+02 1.202843292872268421e+03
4.142854312759336608e+02 1.168292737475699823e+03
3.903631733644011774e+02 1.135066128770255091e+03
3.675411877869919977e+02 1.102812063648535968e+03
3.458863381224486488e+02 1.071599057250719170e+03
3.255399780411455026e+02 1.041532101642168527e+03
3.063419357609793110e+02 1.012467374580518822e+03
2.881888992408343597e+02 9.843202940149395772e+02
2.710282130650125509e+02 9.570363400750691198e+02
2.548164247270901797e+02 9.305658751663984276e+02
2.395108746984851962e+02 9.048625980952697319e+02
2.250697861944998976e+02 8.798833322815198699e+02
2.114523574059632551e+02 8.555878162298932921e+02
1.986176519755110519e+02 8.319344867643745829e+02
1.865235984717955375e+02 8.088758526345883411e+02
1.751298535691944096e+02 7.863670814360028771e+02
1.643981280869301713e+02 7.643671174762287137e+02
1.542920905732340202e+02 7.428384719511977892e+02
1.447772749724434789e+02 7.217470318837340528e+02
1.358209922247995962e+02 7.010618854262899049e+02
1.273922536508277688e+02 6.807551767600956509e+02
1.194618910561299856e+02 6.608023620355340881e+02
1.120024361202978298e+02 6.411820551690252614e+02
1.049877897019889872e+02 6.218754131841919843e+02
9.839315292247272282e+01 6.028659916844625286e+02
9.219497355515166248e+01 5.841396316025852684e+02
8.637089377312203453e+01 5.656843499488859379e+02
8.089969929058921139e+01 5.474902334722177102e+02
7.576126353306209182e+01 5.295500579873406650e+02
7.093645083999226131e+01 5.118650054969244252e+02
6.640711163074510637e+01 4.944405622234680777e+02
6.215607150340366616e+01 4.772824514637571838e+02
5.816708467050688824e+01 4.603965435794023051e+02
5.442478888025993200e+01 4.437888074675464622e+02
5.091466215480456015e+01 4.274652623892280303e+02
4.762298129930802304e+01 4.114319303252925693e+02
4.453678149093746441e+01 3.956963834162359035e+02
4.164381651519496330e+01 3.802721755681124591e+02
3.893252480663044679e+01 3.651730495633260034e+02
3.639199519293430996e+01 3.504111425381913705e+02
3.401193340437991708e+01 3.359970288125019238e+02
3.178263008064353201e+01 3.219397675810759551e+02
2.969493022461602649e+01 3.082469548878717660e+02
2.774020403416059466e+01 2.949247871372358532e+02
2.591031707305914722e+01 2.819789709458885909e+02
2.419760269295177579e+01 2.694153448723280349e+02
2.259484094792449582e+01 2.572382661705604505e+02
2.109523480277766083e+01 2.454505096600473735e+02
1.969238702173307942e+01 2.340533711368412639e+02
1.838027819739492230e+01 2.230467711618233295e+02
1.715324587264750278e+01 2.124293584554198162e+02
1.600596463227388355e+01 2.021986114113442170e+02
1.493342586524216919e+01 1.923509238994067232e+02
1.393092047063563754e+01 1.828817082326072807e+02
1.299402347658610068e+01 1.737855068919487280e+02
1.211857790626590337e+01 1.650560849927402955e+02
1.130067943175398604e+01 1.566865186209911940e+02
1.053666184067615674e+01 1.486692794062623761e+02
9.823083277406151836e+00 1.409963151064790168e+02
9.156713042102541777e+00 1.336591001932508789e+02
