2.274595811303065420e+04 2.260140876060131632e+04
2.299803212213440202e+04 2.284772551798283166e+04
2.324092372814434930e+04 2.308471715148399016e+04
2.347388817593322528e+04 2.331164247789873843e+04
2.369615159387611493e+04 2.352773336066814591e+04
2.390693656660075430e+04 2.373221906859452065e+04
2.410545490303877887e+04 2.392431903148817946e+04
2.429087190814029236e+04 2.410320727420429102e+04
2.446234476874435495e+04 2.426805075873671012e+04
2.461903797252177901e+04 2.441802482028379382e+04
2.476009516947303564e+04 2.455228567493431910e+04
2.488464347539450318e+04 2.466997476934633960e+04
2.499182897875273557e+04 2.477025370798664881e+04
2.508080792659939107e+04 2.485229574405065432e+04
2.515071395367349396e+04 2.491525387041700378e+04
2.520070424775475112e+04 2.495830607972426515e+04
2.522997467598681396e+04 2.498067027294946820e+04
2.523773307868594929e+04 2.498157875823178983e+04
2.522321203672256888e+04 2.496029072510714468e+04
2.518570272316631235e+04 2.491612495344325725e+04
2.512455441337236698e+04 2.484845993570084465e+04
2.503916669642141642e+04 2.475672735624243433e+04
2.492901446414100428e+04 2.464043510302568029e+04
2.479365938537401234e+04 2.449917834352142745e+04
2.463276935692836923e+04 2.433266088950443009e+04
2.444611884718085275e+04 2.414069443221830079e+04
2.423358414678302142e+04 2.392319192922076400e+04
2.399518421904938441e+04 2.368020935936267051e+04
2.373113054553864640e+04 2.341199673625818468e+04
2.344175306240794453e+04 2.311892104020954503e+04
2.312750747183572821e+04 2.280147301228671495e+04
2.278913231651497335e+04 2.246042595319645261e+04
2.242755732069733858e+04 2.209674225832129378e+04
2.204379904489756518e+04 2.171146730769136775e+04
2.163911542377503793e+04 2.130588436101988555e+04
2.121512924837545143e+04 2.088163802037707501e+04
2.077352539542738305e+04 2.044042979661134450e+04
2.031607069209658948e+04 1.998403741976409947e+04
1.984502408546250444e+04 1.951472273890744691e+04
1.936280733461313503e+04 1.903490351541467680e+04
1.887175606134850022e+04 1.854690578339439162e+04
1.837441662784233631e+04 1.805325812776465682e+04
1.787367220717323289e+04 1.755681646824848576e+04
1.737223805392328723e+04 1.706026442553470406e+04
1.687275597890002609e+04 1.656620535965433373e+04
1.637849299056607379e+04 1.607784401583073122e+04
1.589269424816371247e+04 1.559835605047609351e+04
1.541823424797124426e+04 1.513054900651354910e+04
1.495738763132307577e+04 1.467663717805666602e+04
1.451181216568994023e+04 1.423822590754987141e+04
1.408291222750529414e+04 1.381667120809266817e+04
1.367222927178962163e+04 1.341345542999709687e+04
1.328273251568883643e+04 1.303142374196113815e+04
1.291750340147827046e+04 1.267352657561397973e+04
1.257902401396524510e+04 1.234213660518514189e+04
1.226662254771322296e+04 1.203656182072863703e+04
1.197769757144574578e+04 1.175423638536234103e+04
1.170982989000070847e+04 1.149277635357095096e+04
1.146064386052735426e+04 1.124985139421790518e+04
1.122784242419801558e+04 1.102321529719345017e+04
1.100911255046520819e+04 1.081061144022368353e+04
1.080110635127687419e+04 1.060880051153585737e+04
1.060025044468845772e+04 1.041433003958982044e+04
1.040260013971615081e+04 1.022340249059031703e+04
1.020341685128753852e+04 1.003147568766697623e+04
9.998007541703018433e+03 9.834051357068676225e+03
9.780957480817229225e+03 9.625963909425825477e+03
9.547051406198992481e+03 9.402233493187191925e+03
9.291970300329989186e+03 9.158759715544971186e+03
9.012355281253278008e+03 8.892357348888643173e+03
8.706902061128208516e+03 8.601818134416778776e+03
8.376163893561182704e+03 8.287707802751516283e+03
8.023227007908092673e+03 7.953013968865637253e+03
7.653049316363515572e+03 7.602506910028958373e+03
7.272222743687416369e+03 7.242502460579669787e+03
6.888020203938542181e+03 6.879951309572285027e+03
6.508390062754298924e+03 6.522425614851664250e+03
6.141365480477709752e+03 6.177537198621314928e+03
5.795157965104572213e+03 5.853026342819152887e+03
5.476918148659084181e+03 5.555605266582164404e+03
5.193132353735940342e+03 5.291284568092693007e+03
4.947710762186170541e+03 5.063651904295279564e+03
4.741981309599732413e+03 4.873810959260521486e+03
4.573484894620289197e+03 4.719340788239474023e+03
4.436931569464901258e+03 4.595153897579415570e+03
4.323851371874494362e+03 4.493227797488111719e+03
4.224351457880403359e+03 4.404207212336649718e+03
4.127434397670534054e+03 4.317710519863387162e+03
4.022429888609630325e+03 4.223651492441289520e+03
3.900232503014638496e+03 4.113396115650974025e+03
3.754767316405952897e+03 3.981163507269457568e+03
3.584416212496300886e+03 3.825413222375338137e+03
3.392117943898885187e+03 3.648944772175767412e+03
3.184995702739023727e+03 3.458545231322123982e+03
2.973538770196669248e+03 3.264179501831113612e+03
2.770417747361670081e+03 3.077787654928366464e+03
2.587978108161829368e+03 2.910876844999014793e+03
2.434903928273584825e+03 2.771427304949019799e+03
2.313797604417404727e+03 2.661704101059439381e+03
2.221184701185240101e+03 2.578348738783985937e+03
2.149443778371926328e+03 2.514220485020246088e+03
2.088295433983537805e+03 2.459756895114452163e+03
2.025615997542200603e+03 2.403681019743051365e+03
1.950244099153410161e+03 2.335591196232248876e+03
1.856755814687366637e+03 2.250446247258618769e+03
1.747628705465315534e+03 2.150625354607953341e+03
1.630993000662023405e+03 2.043792274254494032e+03
1.517424779301859189e+03 1.939802784018220564e+03
1.417258986745000584e+03 1.848129718231804191e+03
1.336512559502496970e+03 1.774143808009942859e+03
1.274762871308739477e+03 1.717307020423656923e+03
1.225798670477817723e+03 1.671878063449184538e+03
1.180044855801299036e+03 1.629131524094467977e+03
1.128437114024626453e+03 1.580858882284563379e+03
1.067426242548316395e+03 1.523910897380774031e+03
9.999979420844288143e+02 1.461094786552463574e+03
9.329363065569202718e+02 1.398592507105756340e+03
8.735850613401720466e+02 1.342941726680003057e+03
8.254958793026339663e+02 1.297177124803553852e+03
7.863768566178177934e+02 1.259163246191518056e+03
7.505506693250874832e+02 1.223866955094356626e+03
7.125204039331135846e+02 1.186506555513255535e+03
6.706196903817528892e+02 1.145710076384031254e+03
6.278924703579789366e+02 1.104183795135291803e+03
5.887094110418366881e+02 1.065678750528084493e+03
5.553113700884367745e+02 1.032028809255069291e+03
5.263967668500365562e+02 1.002062578418728776e+03
4.985789345338249063e+02 9.729309615930824293e+02
4.697612800386738741e+02 9.429340983640323657e+02
4.407658398166467464e+02 9.127939848910839373e+02
4.137839634149387962e+02 8.842933655638174741e+02
3.899011900327072908e+02 8.582602905863118394e+02
3.680957227497384565e+02 8.338467027487912446e+02
3.468135224845993321e+02 8.098368584703051738e+02
3.257567738326339963e+02 7.860237679695050019e+02
3.058652103751750246e+02 7.631283359932569965e+02
2.877178410156591895e+02 7.415625020450340799e+02
2.708483358793979505e+02 7.209614449725678469e+02
2.545900848829973881e+02 7.008415861941662115e+02
2.389981279876791405e+02 6.812476909432432421e+02
2.244555667646011727e+02 6.624397011443531937e+02
2.109245499914657671e+02 6.443774735549975503e+02
1.980862756548551431e+02 6.268413445909957318e+02
1.858815199533924840e+02 6.097911373136983002e+02
1.744418812477651670e+02 5.933040810725668734e+02
1.637209497069153770e+02 5.773429365645361031e+02
1.536170250392653145e+02 5.618399569733309136e+02
1.440931331595642746e+02 5.467682594166485615e+02
1.351217131082357525e+02 5.321053692751726203e+02
1.266759089583807878e+02 5.178302589317376032e+02
1.187296122639819771e+02 5.039232650447897868e+02
1.112575030134002390e+02 4.903660110397011067e+02
1.042350818897986215e+02 4.771413350543534193e+02
9.763865162438655432e+01 4.642331980096634538e+02
9.144438003982298824e+01 4.516260430579430931e+02
8.562858432502592620e+01 4.393047915006300741e+02
8.016889191791027258e+01 4.272554407841817010e+02
7.504421963916075811e+01 4.154650375681917467e+02
7.023470041528199204e+01 4.039216228751403719e+02
6.572161416649646526e+01 3.926141805881624123e+02
6.148732268231072595e+01 3.815325891559626257e+02
5.751528609998666752e+01 3.706678441619496311e+02
5.379012349157136441e+01 3.600124905038391034e+02
5.029732559558678417e+01 3.495598564743801262e+02
4.702316752691884716e+01 3.393038643962318019e+02
4.395467179493481069e+01 3.292389987803068720e+02
4.107957264093933958e+01 3.193602756020240463e+02
3.838628168214485470e+01 3.096632125716101314e+02
3.586385080344918919e+01 3.001438581437695916e+02
3.350190883622310167e+01 2.907992421775634853e+02
3.129065792253219769e+01 2.816270324587191567e+02
2.922086661857100154e+01 2.726251808298209198e+02
2.728383972740508767e+01 2.637918985670968368e+02
2.547138933281289752e+01 2.551256357783938142e+02
2.377580723844143407e+01 2.466250611875723280e+02
2.218983877107779890e+01 2.382890519315533595e+02
2.070665869498985856e+01 2.301172114628751331e+02
1.931984767705744943e+01 2.221100406894780690e+02
1.802336837591037266e+01 2.142680602862054684e+02
1.681154404954344983e+01 2.065917257297577407e+02
1.567903836714794963e+01 1.990814198541619362e+02
1.462083625018733279e+01 1.917374458259346568e+02
1.363222569767849812e+01 1.845600205564815326e+02
1.270878007462710357e+01 1.775494968880350086e+02
1.184634033794719166e+01 1.707071033173708088e+02
1.104100159114697988e+01 1.640340525962292872e+02
1.028909900985012271e+01 1.575312266824387279e+02
9.587193840790192212e+00 1.511991875255179423e+02
8.932060160350570044e+00 1.450381883543862500e+02
8.320672355690376776e+00 1.390481853837587494e+02
7.750193252692916701e+00 1.332288787026134003e+02
7.217962359524162430e+00 1.275801540360147186e+02
6.721485622653395886e+00 1.221019206250413873e+02
6.258426032643861880e+00 1.167937097255996974e+02
5.826594182209548833e+00 1.116546865632771670e+02
5.423939343324668982e+00 1.066836748331307518e+02
5.048541053465576134e+00 1.018791809817878544e+02
4.698601183257544278e+00 9.723941846080820994e+01
4.372436253590164412e+00 9.276239826031135749e+01
4.068470213311604411e+00 8.844601959457673956e+01
