2.403318722793544293e+04 2.393008456938139352e+04
2.423522880843006715e+04 2.412834797623054692e+04
2.442516670443635303e+04 2.431443856655069249e+04
2.460221294504837715e+04 2.448757194495018121e+04
2.476558145027451246e+04 2.464696625593111094e+04
2.491444420672878914e+04 2.479179974108945680e+04
2.504795034127343024e+04 2.492122941847877883e+04
2.516526358779877410e+04 2.503442761099526979e+04
2.526554399329755688e+04 2.513056386345796273e+04
2.534792162279944023e+04 2.520877896724039601e+04
2.541154748174775523e+04 2.526823544365915586e+04
2.545559980071619430e+04 2.530812388629808265e+04
2.547923393242980092e+04 2.532761409456353067e+04
2.548161647972996798e+04 2.532588856783175288e+04
2.546196500332238793e+04 2.530218142363351581e+04
2.541952477465895572e+04 2.525575613633253306e+04
2.535355015801184709e+04 2.518588775596291816e+04
2.526336222541265306e+04 2.509191866523007047e+04
2.514835597948805662e+04 2.497326588668859767e+04
2.500797015955268216e+04 2.482939336381603789e+04
2.484171987076530786e+04 2.465984265846982817e+04
2.464922281236276831e+04 2.446425767805553551e+04
2.443020093860632551e+04 2.424238856443739132e+04
2.418448437988433579e+04 2.399409646763547062e+04
2.391202448187200935e+04 2.371936276384716257e+04
2.361290991072578981e+04 2.341830552265484584e+04
2.328741768074533320e+04 2.309123458982850570e+04
2.293597465438976360e+04 2.273860884100964540e+04
2.255914130575487798e+04 2.236101772727557181e+04
2.215772018826082785e+04 2.195929323469675728e+04
2.173276686963384418e+04 2.153452081587923749e+04
2.128545111429634562e+04 2.108789537075125554e+04
2.081711573693989703e+04 2.062078082870830622e+04
2.032950345340853164e+04 2.013494092049064420e+04
1.982448879952635980e+04 1.963226607332111598e+04
1.930399256769789281e+04 1.911468613098620335e+04
1.877034395778158796e+04 1.858453355058335001e+04
1.822620401140448666e+04 1.804446664122091897e+04
1.767414718234229804e+04 1.749705028268286696e+04
1.711681435464620517e+04 1.694490847588521865e+04
1.655730982661016606e+04 1.639111987736073934e+04
1.599862280782153357e+04 1.583864289506816931e+04
1.544353099702685540e+04 1.529021954367264880e+04
1.489538137546324106e+04 1.474913797184024224e+04
1.435777431033576431e+04 1.421892590562268560e+04
1.383385066682412798e+04 1.370265692046614458e+04
1.332622452948207501e+04 1.320288086928213488e+04
1.283690534313194075e+04 1.272154108622518106e+04
1.236752215614923261e+04 1.226020807653160045e+04
1.191954542397545265e+04 1.182029590763969827e+04
1.149584549539942782e+04 1.140454955447210341e+04
1.109985508787049002e+04 1.101625094848644403e+04
1.073442852022091574e+04 1.065813276032827889e+04
1.040020559220687755e+04 1.033076066022904524e+04
1.009527150622578483e+04 1.003219047403373952e+04
9.817722307148693289e+03 9.760495839923503809e+03
9.565594304543485123e+03 9.513698088109988021e+03
9.336762661184040553e+03 9.289664614398772756e+03
9.129223307345560897e+03 9.086385541976686000e+03
8.940093298606292592e+03 8.901011784265390816e+03
8.765904100081595971e+03 8.730134408869329491e+03
8.603080086860891242e+03 8.570251240635443537e+03
8.446968607392951526e+03 8.416853785169529147e+03
8.292843026884494975e+03 8.265370534805146235e+03
8.135105370130202573e+03 8.110434489630852113e+03
7.967754604728671438e+03 7.946315516136890437e+03
7.785122715531313588e+03 7.767637922002846608e+03
7.581956561710126152e+03 7.569462035997975363e+03
7.354304587623015323e+03 7.348109782852467106e+03
7.099953707142150961e+03 7.101594979079455698e+03
6.818762993255234505e+03 6.829900476652058387e+03
6.513084806649671918e+03 6.535389925003537428e+03
6.187180425992771234e+03 6.222213762734327247e+03
5.846945949745290818e+03 5.896052690372691359e+03
5.499508206064500882e+03 5.563719020790056675e+03
5.152654860944648135e+03 5.232611274328623040e+03
4.815276513528831856e+03 4.911109618534661422e+03
4.495544354221687172e+03 4.606902223027353102e+03
4.201973253774662226e+03 4.327892643218481680e+03
3.941302963988585816e+03 4.080338609715369785e+03
3.718364156921369158e+03 3.868590634199450506e+03
3.535068856226846947e+03 3.694295552467920061e+03
3.390203570384318027e+03 3.556116660507047072e+03
3.279397644567683528e+03 3.449811109323318306e+03
3.195989442868120477e+03 3.369005769425470589e+03
3.130908138147879072e+03 3.305162143267026295e+03
3.073873135661084689e+03 3.248678345311152498e+03
3.013846026215447637e+03 3.189331761544086021e+03
2.940443310034449951e+03 3.117588617320867797e+03
2.845617442729841514e+03 3.026137274277450160e+03
2.724948812511297092e+03 2.911048358313278186e+03
2.578628294533004464e+03 2.772655600365739701e+03
2.411674031043161449e+03 2.615716450224211258e+03
2.233639942349233479e+03 2.449087353689596512e+03
2.057294636519620781e+03 2.284471620985891605e+03
1.895887331216039456e+03 2.133903580190782577e+03
1.759600876748098926e+03 2.006513553978159280e+03
1.653157124073209616e+03 1.906397475594706748e+03
1.575953216803344731e+03 1.832814706838478742e+03
1.523216582067126183e+03 1.781290488867436807e+03
1.486286719208311069e+03 1.743919565279318022e+03
1.453069342270129482e+03 1.709812695021350464e+03
1.411054044635680384e+03 1.667814786180089186e+03
1.352050375724998730e+03 1.610717605670583680e+03
1.274729978163199576e+03 1.537478719374768843e+03
1.184139374561982777e+03 1.452719419398589707e+03
1.090066227256657157e+03 1.365190917923004690e+03
1.003983988935160710e+03 1.284999504190973312e+03
9.345097138465558828e+02 1.219602313847571395e+03
8.843536001940877895e+02 1.171202280049560386e+03
8.500873266015287300e+02 1.136659944451511592e+03
8.231909278140375363e+02 1.108492410653123216e+03
7.936059202510219848e+02 1.077995990391113082e+03
7.548695090984988383e+02 1.039667356719974350e+03
7.064945876302958823e+02 9.931958615539637094e+02
6.537468834055724756e+02 9.431804768762719959e+02
6.049062227888895222e+02 8.966844361970728414e+02
5.659151557612701708e+02 8.586597843293345704e+02
5.372535411901307043e+02 8.293925116058775302e+02
5.145607015209477595e+02 8.051433967316305598e+02
4.913346049605677308e+02 7.804757710983072911e+02
4.635294193695788749e+02 7.520816013502621900e+02
4.321735229331665664e+02 7.208795630015434881e+02
4.016393842056194217e+02 6.904879650364684949e+02
3.759770276714745592e+02 6.641699113056895385e+02
3.557020428914862009e+02 6.422705773361371939e+02
3.378260517727929368e+02 6.223415845224310488e+02
3.190004765366916217e+02 6.017154331441292925e+02
2.985484747906498342e+02 5.798924684577104927e+02
2.785209084363735315e+02 5.585074281821018758e+02
2.611123772579935576e+02 5.392512523415799706e+02
2.463062157002019603e+02 5.220708795834895000e+02
2.323119592795522124e+02 5.055754018939996399e+02
2.179354763057628759e+02 4.888686573192669584e+02
2.037623241745111216e+02 4.724045354594244372e+02
1.909453866161125291e+02 4.570326326829755885e+02
1.795417334545371091e+02 4.427735104877140202e+02
1.686823695109801236e+02 4.289845752934107850e+02
1.579812014718499711e+02 4.153920849501390080e+02
1.478795978937917823e+02 4.023101618375966382e+02
1.386839261057072008e+02 3.899434293120963275e+02
1.300898175601220714e+02 3.780720010309983650e+02
1.218236532986426681e+02 3.665076654649203647e+02
1.140180586064111878e+02 3.553381073486820583e+02
1.068337692693453391e+02 3.446629761063542219e+02
1.000706403939468743e+02 3.343487096376308614e+02
9.369279136679709552e+01 3.243662972867442704e+02
8.768657786446478042e+01 3.147023722476672560e+02
8.203772000526019781e+01 3.053442169275563174e+02
7.673149028573796215e+01 2.962797284736516872e+02
7.175288177418090640e+01 2.874973863010494597e+02
6.708675256697738121e+01 2.789862177030761359e+02
6.271675872728204837e+01 2.707347538316260511e+02
5.862433044907734825e+01 2.627298083103840440e+02
5.479170889057309779e+01 2.549587260878938935e+02
5.120232256181510877e+01 2.474096959811791976e+02
4.784070239844569983e+01 2.400716991077295859e+02
4.469240334167492534e+01 2.329344610238256337e+02
4.174393189550275451e+01 2.259884072386817309e+02
3.898272580143721200e+01 2.192247195895582195e+02
3.639740464780016538e+01 2.126359975233563091e+02
3.397741994019361300e+01 2.062157132129223953e+02
3.171279837895436060e+01 1.999577416380377883e+02
2.959411406907348763e+01 1.938563348151386094e+02
2.761246316486020191e+01 1.879061006400634426e+02
2.575943928666774596e+01 1.821019828563551357e+02
2.402710904353018151e+01 1.764392436852440653e+02
2.240795141751056718e+01 1.709135393834114325e+02
2.089482854022789837e+01 1.655209395139646347e+02
1.948102901751055782e+01 1.602577612512417318e+02
1.816024904643627025e+01 1.551205420045596952e+02
1.692656890642867040e+01 1.501060263451855121e+02
1.577443071822411014e+01 1.452111535006004601e+02
1.469861740843164455e+01 1.404330453802201077e+02
1.369423463043161604e+01 1.357690346356119164e+02
1.275669857449039846e+01 1.312168108477604278e+02
1.188170965551724123e+01 1.267742451612501924e+02
1.106523272479903142e+01 1.224393090712895571e+02
1.030348176031689178e+01 1.182100670527759547e+02
9.592905371626873290e+00 1.140846695255324903e+02
8.930173079692552918e+00 1.100613461032595097e+02
8.312162244878859241e+00 1.061384039196424425e+02
7.735943804790601064e+00 1.023143312669510436e+02
7.198771304136172056e+00 9.858777566582573115e+01
6.698072342814104019e+00 9.495741133978755499e+01
6.231438141076642623e+00 9.142192994966023889e+01
5.796613587862808892e+00 8.798003760268363749e+01
5.391487859726451504e+00 8.463045204462797244e+01
5.014085580225030370e+00 8.137190004546027922e+01
4.662558458310583909e+00 7.820318068368572995e+01
4.335177383656603212e+00 7.512329876407528673e+01
4.030325149811812224e+00 7.213126051084654478e+01
3.746489520584038946e+00 6.922602536685755581e+01
3.482256680657621395e+00 6.640650782348662062e+01
3.236305074446972352e+00 6.367157931929985892e+01
3.007399611715618537e+00 6.102007020193470055e+01
2.794386193985751721e+00 5.845078520430344327e+01
2.596186315475189410e+00 5.596265832068424118e+01
2.411792445798416562e+00 5.355467082542908486e+01
2.240263748858678294e+00 5.122572522863306688e+01
