2.616880729422596050e+04 2.599297769450315900e+04
2.642435132601292207e+04 2.624187666150352743e+04
2.666808754257469627e+04 2.647883750837048137e+04
2.689918354626639484e+04 2.670303360434632850e+04
2.711680192004421042e+04 2.691363450935559740e+04
2.732006315674048165e+04 2.710977120366635791e+04
2.750807377390903639e+04 2.729056288500434675e+04
2.767994964506981705e+04 2.745513920898882498e+04
2.783479528046918495e+04 2.760261983504284217e+04
2.797169476407922411e+04 2.773210553127925959e+04
2.808975080453468036e+04 2.784271686405366199e+04
2.818808451540187889e+04 2.793359419397412785e+04
2.826580135193942988e+04 2.800386488304939485e+04
2.832202672994259774e+04 2.805267791333316563e+04
2.835592778783067479e+04 2.807922507607669831e+04
2.836669782311015661e+04 2.808272645040096540e+04
2.835355731430402011e+04 2.806243161424748178e+04
2.831578567575028137e+04 2.801764995804482896e+04
2.825272728204166560e+04 2.794775698168411691e+04
2.816379091515706750e+04 2.785219534093365655e+04
2.804846221592873189e+04 2.773048545418422873e+04
2.790631332902767099e+04 2.758223436517202936e+04
2.773703641292752582e+04 2.740717078436610973e+04
2.754044793465916518e+04 2.720514903417939786e+04
2.731646440406026886e+04 2.697612266023715347e+04
2.706513845066665090e+04 2.672018086940194917e+04
2.678674625097956960e+04 2.643763743782462916e+04
2.648169136312335104e+04 2.612893195548389485e+04
2.615048875697410767e+04 2.579461301932841525e+04
2.579393788679702629e+04 2.543551252489848048e+04
2.541307509910709268e+04 2.505269711687178642e+04
2.500901467866274834e+04 2.464730746710396488e+04
2.458306887524083140e+04 2.422067833780422734e+04
2.413696796825184356e+04 2.377455874364817646e+04
2.367252276489809810e+04 2.331077325201420535e+04
2.319158461215400530e+04 2.283118162426379422e+04
2.269645987007275107e+04 2.233809131462498044e+04
2.218969847086689333e+04 2.183404657662876343e+04
2.167375457845424535e+04 2.132149074370183371e+04
2.115120312252045551e+04 2.080298133443496408e+04
2.062499820747115155e+04 2.028144649861346625e+04
2.009795969091795996e+04 1.975967594295936215e+04
1.957276871837581348e+04 1.924031610918725346e+04
1.905259759939640571e+04 1.872648704153743165e+04
1.854069910559177879e+04 1.822138106419954420e+04
1.803999298811537301e+04 1.772785923745173204e+04
1.755280286735681511e+04 1.724819388754831743e+04
1.708068140376460724e+04 1.678389787750963660e+04
1.662493210876026569e+04 1.633623834328415796e+04
1.618687769120079065e+04 1.590649737013139566e+04
1.576903411460878306e+04 1.549710409677932330e+04
1.537421317344564886e+04 1.511077184529551232e+04
1.500478670696358131e+04 1.474978942631634527e+04
1.466004570983760459e+04 1.441344694963671463e+04
1.433660166625852435e+04 1.409842504387782901e+04
1.403123583511255674e+04 1.380157142722824756e+04
1.374104799044752508e+04 1.352005418214784731e+04
1.346342207991483883e+04 1.325132689422604562e+04
1.319582106031897456e+04 1.299292044441423059e+04
1.293480151430349906e+04 1.274149730640858252e+04
1.267658491370973752e+04 1.249339575047154722e+04
1.241721962785112373e+04 1.224478825847363987e+04
1.215195595271343154e+04 1.199108677253417773e+04
1.187622065904735791e+04 1.172786343359299644e+04
1.158519581506524082e+04 1.145046748317046331e+04
1.127436528787101633e+04 1.115452698553073242e+04
1.094052418059316915e+04 1.083694536977062671e+04
1.058177169900204899e+04 1.049588359333853623e+04
1.019854081036298885e+04 1.013175595926150527e+04
9.793638449447062158e+03 9.747278443673269066e+03
9.371876966437954252e+03 9.347096011985280711e+03
8.939793866481471923e+03 8.937525385362447196e+03
8.504902006660417101e+03 8.525805082749107896e+03
8.075050303555349274e+03 8.119494514404523215e+03
7.658181550684599642e+03 7.726217830790631524e+03
7.261835661337707279e+03 7.353193359600903932e+03
6.893413542816676454e+03 7.007451952635768066e+03
6.558874454582971339e+03 6.694665491094685422e+03
6.262731349058462911e+03 6.419043444644546980e+03
6.006819483127492276e+03 6.182276818378881217e+03
5.789397797626013926e+03 5.982602012094959719e+03
5.605332541506440975e+03 5.815056033608343569e+03
5.446391878476965758e+03 5.671708404015808810e+03
5.302246048603833515e+03 5.542644459640739115e+03
5.161947786156375514e+03 5.417329989300174020e+03
5.014853326923634995e+03 5.285501216593920617e+03
4.852177308645002086e+03 5.138650025021910551e+03
4.668028399406448443e+03 4.971027190720235012e+03
4.460806134719524380e+03 4.781038916113764571e+03
4.233568043465887058e+03 4.571616602295744087e+03
3.993261267653042523e+03 4.349470228124254390e+03
3.749696947341960822e+03 4.124084301427485116e+03
3.514424110196790025e+03 3.906575470169671007e+03
3.299183671235183283e+03 3.708153802496064145e+03
3.113147306702767764e+03 3.537494080354625567e+03
2.959997424924626557e+03 3.397998891217837809e+03
2.836672836850657404e+03 3.286660024942035761e+03
2.735014042645686004e+03 3.195665758391452073e+03
2.644678191213813534e+03 3.115156062889492205e+03
2.554673536079708811e+03 3.034641903917986383e+03
2.454643820399405286e+03 2.944216389069642446e+03
2.338464643790396622e+03 2.838022970110215283e+03
2.207734597434206080e+03 2.717635215191494353e+03
2.070545008924336798e+03 2.590855238307701711e+03
1.937085387322573524e+03 2.467430455262729083e+03
1.816605194553077808e+03 2.356098920762139187e+03
1.715237370339675408e+03 2.262545248313256707e+03
1.632970582955328382e+03 2.186641607626822861e+03
1.564078391806046739e+03 2.122940360890187549e+03
1.499818360822003342e+03 2.063227294009865091e+03
1.431740193346087381e+03 1.999606124007811559e+03
1.355768408258967611e+03 1.928324230695667438e+03
1.274519461046984588e+03 1.851913878755921132e+03
1.194313674966168719e+03 1.776316002860748085e+03
1.121450269133342772e+03 1.707338026295091368e+03
1.059505904503692136e+03 1.648179541004007433e+03
1.006833456175942615e+03 1.597240841804233924e+03
9.582114306220248636e+02 1.549729113949383873e+03
9.087879235940808940e+02 1.501267552303159164e+03
8.567661717526534630e+02 1.450301791456697856e+03
8.044743918681213017e+02 1.398985383142766750e+03
7.558581050895684257e+02 1.350839328067572296e+03
7.128715038282834939e+02 1.307536590172885326e+03
6.745447459905371943e+02 1.268166662956067967e+03
6.380779174436737549e+02 1.230276539261289145e+03
6.015178517146408694e+02 1.192210775623049585e+03
5.653707130995202306e+02 1.154441977331990756e+03
5.314260725634575238e+02 1.118490563642007146e+03
5.005924544545387107e+02 1.085085234437625104e+03
4.721281747058336578e+02 1.053580630846351141e+03
4.447580244318798464e+02 1.022931446223421631e+03
4.181219403909718153e+02 9.928637765103975426e+02
3.929025627308132016e+02 9.639261822138021216e+02
3.695452538789106143e+02 9.364516755849093670e+02
3.477204891606434671e+02 9.101676834200102348e+02
3.268921721114534193e+02 8.846633075823493755e+02
3.070345314655950233e+02 8.599216487515066092e+02
2.884012360671433157e+02 8.361221817011169151e+02
2.709636407538753815e+02 8.132318606516948876e+02
2.544783296231539964e+02 7.910715396025481141e+02
2.388609697539761214e+02 7.695793688456194559e+02
2.241780585739664104e+02 7.487932408432374132e+02
2.103859636190169340e+02 7.286754638748101343e+02
1.973801076606496565e+02 7.091516877532488934e+02
1.851329789056266009e+02 6.901981401096417130e+02
1.736083199815434739e+02 6.717859263785002213e+02
1.627663203456174017e+02 6.538844039871544283e+02
1.525691580055723762e+02 6.364649695386742678e+02
1.429809153948351366e+02 6.195009384362668925e+02
1.339674971017417420e+02 6.029674332466539681e+02
1.254965508833596459e+02 5.868412845921476446e+02
1.175374190820544413e+02 5.711011120576097255e+02
1.100610654518895473e+02 5.557272795792159741e+02
1.030399590281002844e+02 5.407015608015487942e+02
9.644800385367015849e+01 5.260070454237362583e+02
9.026047430442899611e+01 5.116280699671532375e+02
8.445395257794577049e+01 4.975501529354226591e+02
7.900626833149154038e+01 4.837599339267301843e+02
7.389643636433237361e+01 4.702452510062469742e+02
6.910458870729343062e+01 4.569955167446418614e+02
6.461193734958357027e+01 4.440011775822386539e+02
6.040072691668304827e+01 4.312534948349440356e+02
5.645418375094090635e+01 4.187445024782294354e+02
5.275646707076985109e+01 4.064669666406350075e+02
4.929262215594764029e+01 3.944143466087422780e+02
4.604853506389532924e+01 3.825807921697762026e+02
4.301088290813728321e+01 3.709616735056690686e+02
4.016709615616279194e+01 3.595533716949366294e+02
3.750532635007249382e+01 3.483526948641235208e+02
3.501440828715637821e+01 3.373568327117691865e+02
3.268382372355350185e+01 3.265633297418264078e+02
3.050366677540008098e+01 3.159700590067552639e+02
2.846461095212015735e+01 3.055751973345371653e+02
2.655787649936959482e+01 2.953776476911841087e+02
2.477519906925128623e+01 2.853776258329268103e+02
2.310880467581594644e+01 2.755755362958946648e+02
2.155138306438631446e+01 2.659717623655812986e+02
2.009606184520997729e+01 2.565666544189099341e+02
1.873638193530209151e+01 2.473605187180990015e+02
1.746627425225010199e+01 2.383536066808651697e+02
1.628003734172172301e+01 2.295462419667167353e+02
1.517231452973147476e+01 2.209398461629814676e+02
1.413807576687491796e+01 2.125361649564003130e+02
1.317260007779694853e+01 2.043365739579763840e+02
1.227145759577521034e+01 1.963420824335332782e+02
1.143049255409160736e+01 1.885533439292491380e+02
1.064580720004131287e+01 1.809706674630634495e+02
9.913746576929721499e+00 1.735940367264940676e+02
9.230883599037539966e+00 1.664235550118323772e+02
8.594005370178125602e+00 1.594596038124447546e+02
8.000101313400293179e+00 1.527021428883130909e+02
7.446351085007021808e+00 1.461506728606061074e+02
6.930113088534586296e+00 1.398042631873950370e+02
6.448913641566919708e+00 1.336615800631844877e+02
6.000436761314481338e+00 1.277209141184269754e+02
5.582514425336074559e+00 1.219802531125614848e+02
5.193117116529770705e+00 1.164374746978923980e+02
4.830345786995077439e+00 1.110901801418546739e+02
4.492423975842776862e+00 1.059356460653058178e+02
4.177690197024296559e+00 1.009708549038000029e+02
