1.561809584366279159e+04 1.552820771602925743e+04
1.580719702146203417e+04 1.571361241336940111e+04
1.599094634454992229e+04 1.589356323152898221e+04
1.616888380214385870e+04 1.606760042090729075e+04
1.634052711972769248e+04 1.623524325315071655e+04
1.650537665668105183e+04 1.639599478715792429e+04
1.666292999244442763e+04 1.654935583948644125e+04
1.681267543525508154e+04 1.669481846827827030e+04
1.695408016375445004e+04 1.683185409833181257e+04
1.708660996103386788e+04 1.695993335194565589e+04
1.720973219580429213e+04 1.707852909975602233e+04
1.732289441198487839e+04 1.718709542283174596e+04
1.742553682424118233e+04 1.728507999780735918e+04
1.751710975069766937e+04 1.737194133024715848e+04
1.759706452221783547e+04 1.744713989538974056e+04
1.766484466183396580e+04 1.751012955703722400e+04
1.771990965352580679e+04 1.756038095960425926e+04
1.776173754753366666e+04 1.759738417184234277e+04
1.778980655937185657e+04 1.762063091977182557e+04
1.780361223329996574e+04 1.762963134291852475e+04
1.780268217956802255e+04 1.762392837805023009e+04
1.778657307891335586e+04 1.760309527899680688e+04
1.775487103772057162e+04 1.756673620197966738e+04
1.770720478456528508e+04 1.751449854281853914e+04
1.764325181542901191e+04 1.744607915474541005e+04
1.756274918074030575e+04 1.736123605333974047e+04
1.746549074215570363e+04 1.725978469531701558e+04
1.735132818080314246e+04 1.714159845140322432e+04
1.722020413470329368e+04 1.700664250885419460e+04
1.707215818575900994e+04 1.685497976157042285e+04
1.690729328745641760e+04 1.668673597845825498e+04
1.672580096441729256e+04 1.650212507650833504e+04
1.652804015517580774e+04 1.630152864885504823e+04
1.631445300764695094e+04 1.608541045431048769e+04
1.608554300171251089e+04 1.585429403601378726e+04
1.584200525009346711e+04 1.560889322345320397e+04
1.558469873988601830e+04 1.535008391467462752e+04
1.531451471520846098e+04 1.507877184049578500e+04
1.503245637304820957e+04 1.479597185961018295e+04
1.473980561432111426e+04 1.450297386862879466e+04
1.443787784408111111e+04 1.420109808565970889e+04
1.412798466030361669e+04 1.389165771652440890e+04
1.381170152445293024e+04 1.357622388338583551e+04
1.349073798113930570e+04 1.325649681973768929e+04
1.316671305432011650e+04 1.293408357111643272e+04
1.284129238136025378e+04 1.261063297768233497e+04
1.251635496116022296e+04 1.228799958172292827e+04
1.219367118206426676e+04 1.196792725469156539e+04
1.187488507194231534e+04 1.165203169572093611e+04
1.156176443040671620e+04 1.134204276685696459e+04
1.125604178969912573e+04 1.103965104538671221e+04
1.095926092099073139e+04 1.074635998689997905e+04
1.067266558462072317e+04 1.046337565465313128e+04
1.039713668851420698e+04 1.019154462220621281e+04
1.013342041242235246e+04 9.931581258159339995e+03
9.882173619634513670e+03 9.684111387255095906e+03
9.644027889292501641e+03 9.449727198309437881e+03
9.419559312029767170e+03 9.228964572187762315e+03
9.209190189072611247e+03 9.022212165154352988e+03
9.011650097581967202e+03 8.828224327094494583e+03
8.824291606020156905e+03 8.644426579383263743e+03
8.644632909738649687e+03 8.468406686841950432e+03
8.470614936473695707e+03 8.298171397693051404e+03
8.300549072734222136e+03 8.132093948858846488e+03
8.132786761905324056e+03 7.968587232806823522e+03
7.965002117232553246e+03 7.805423696026306970e+03
7.794657644485877427e+03 7.640174799452989646e+03
7.619138438039072753e+03 7.470342994681656819e+03
7.435410247995199825e+03 7.293043567456621531e+03
7.240724559903825138e+03 7.105660519341885447e+03
7.032852841424016333e+03 6.906094240918220748e+03
6.810129831178407585e+03 6.692778229269646545e+03
6.572557725334407223e+03 6.465746417919853229e+03
6.321478808969077363e+03 6.226312818903316838e+03
6.059516098118277114e+03 5.977004924911330818e+03
5.790410427456730758e+03 5.721413558352795917e+03
5.518581375236063650e+03 5.463757220226588288e+03
5.248867315708596834e+03 5.208644465473226774e+03
4.985978052315654168e+03 4.960534639226987565e+03
4.734310953535082263e+03 4.723579513180558934e+03
4.498185715216653080e+03 4.501829361052232343e+03
4.281380089216486340e+03 4.298809974944775604e+03
4.087044723429267833e+03 4.117414829096420362e+03
3.916929102216120555e+03 3.959239051889560415e+03
3.770592553955557378e+03 3.823778670536633399e+03
3.645779882395735513e+03 3.708846432643580101e+03
3.537674235854680319e+03 3.609849289646789657e+03
3.440364453437164684e+03 3.521183319573189237e+03
3.347124684555316435e+03 3.436484603216742926e+03
3.251533356346537403e+03 3.349685483759032195e+03
3.148058509617889285e+03 3.255547015340036978e+03
3.032803087024965407e+03 3.150376402920083365e+03
2.904334732177436763e+03 3.032812142566145212e+03
2.763764128431516383e+03 2.903898390555027618e+03
2.614759278558874485e+03 2.767110905575621018e+03
2.462601050070616566e+03 2.627439387942185022e+03
2.313556212796075215e+03 2.490781004866724288e+03
2.174301710762696075e+03 2.363385605678897718e+03
2.050968316590639915e+03 2.250934877050185150e+03
1.946987745756864570e+03 2.156555605727462989e+03
1.861684350271421181e+03 2.079549956707639012e+03
1.790759161126658455e+03 2.015863955674182989e+03
1.728245929047349591e+03 1.959918180328371136e+03
1.668084417549452382e+03 1.906057786336314621e+03
1.604407580325727849e+03 1.848807378174535188e+03
1.532688984555809611e+03 1.783946330922978859e+03
1.452295523893754080e+03 1.710903779743770428e+03
1.367074137034991509e+03 1.633297435112184075e+03
1.282781091015401216e+03 1.556501459012192299e+03
1.204545463873373819e+03 1.485257049105769056e+03
1.136281141318483606e+03 1.423128938256160382e+03
1.079164516095980389e+03 1.371134976639706338e+03
1.030888196253083152e+03 1.327108115720084015e+03
9.870480559137498631e+02 1.286991435722570031e+03
9.429582875810532414e+02 1.246499118170484508e+03
8.954204458009826340e+02 1.202731476322731623e+03
8.447437712305676314e+02 1.156008320959008643e+03
7.940099855302788683e+02 1.109162820555972530e+03
7.464971998185139910e+02 1.065162314975990739e+03
7.045252027351726838e+02 1.026061925794594117e+03
6.681962311162391188e+02 9.919061948481576110e+02
6.351835652065767590e+02 9.605898567061806261e+02
6.028592588060446360e+02 9.297773706483891374e+02
5.698045520341495376e+02 8.982352344236587669e+02
5.364806710413345172e+02 8.663984302725783664e+02
5.047547234109859460e+02 8.359102612859850296e+02
4.759251584970733120e+02 8.078813573999146911e+02
4.498863055192428533e+02 7.821926023454997221e+02
4.255415930523276415e+02 7.578886192666030865e+02
4.017473900069849719e+02 7.340012965309310857e+02
3.783586377728449861e+02 7.104227303754910281e+02
3.560781348655319221e+02 6.877462061649707721e+02
3.354420720438853323e+02 6.664056849533067179e+02
3.163374854741519471e+02 6.462932706668666469e+02
2.982023262565732011e+02 6.269464441544386091e+02
2.807472131087552043e+02 6.081356840143531599e+02
2.641081596637731082e+02 5.899707372923104458e+02
2.485269070427780775e+02 5.726349637509084687e+02
2.339364254828419973e+02 5.560677626329609211e+02
2.201163364621678795e+02 5.400965720842342535e+02
2.069708893173577167e+02 5.246481422288431986e+02
1.945649013478972620e+02 5.097669344525803581e+02
1.829108146719765386e+02 4.954559398669994152e+02
1.719173148763186134e+02 4.816449027055010674e+02
1.615191070043490242e+02 4.682845720844654238e+02
1.517137014081799009e+02 4.553691202442178110e+02
1.424844721784982653e+02 4.428824045136236691e+02
1.337891693691107946e+02 4.307920213041555826e+02
1.255878973867155679e+02 4.190682733991273494e+02
1.178629883764616864e+02 4.076955159229052583e+02
1.105924576055150226e+02 3.966561371775735552e+02
1.037507223532142007e+02 3.859307445156890708e+02
9.731355042571409797e+01 3.755012333067718941e+02
9.125802903939514010e+01 3.653507349217853175e+02
8.556249490524116652e+01 3.554635432101352421e+02
8.020646797343540868e+01 3.458250466827502123e+02
7.517059103526227659e+01 3.364216689497509947e+02
7.043672936356352920e+01 3.272410246703199732e+02
6.598796307057138222e+01 3.182719750158623810e+02
6.180824655730333461e+01 3.095042221537955811e+02
5.788234525775573047e+01 3.009282304530587453e+02
5.419580195215172580e+01 2.925351862499101685e+02
5.073490389905715148e+01 2.843169600855210319e+02
4.748665081667109433e+01 2.762660711622101530e+02
4.443871135416095797e+01 2.683757100469621264e+02
4.157934080128963927e+01 2.606399629583168576e+02
3.889741342454291129e+01 2.530535378831562525e+02
3.638241964905805048e+01 2.456116128384402373e+02
3.402443488832809493e+01 2.383098106671785104e+02
3.181408970877318865e+01 2.311441749450455916e+02
2.974254132170281650e+01 2.241111467222237650e+02
2.780144649471705875e+01 2.172075533910633851e+02
2.598293933012335089e+01 2.104309126197354374e+02
2.427960578348009335e+01 2.037794110341205567e+02
2.268445500442260609e+01 1.972514760197048531e+02
2.119089684114122463e+01 1.908457361825993530e+02
1.979272066323542845e+01 1.845610057013967662e+02
1.848407517117414400e+01 1.783962689700353224e+02
1.725944915613523634e+01 1.723506655223013126e+02
1.611365227907170095e+01 1.664236610468576316e+02
1.504179550529144294e+01 1.606155190640340322e+02
1.403927784800152878e+01 1.549266548970175279e+02
1.310177134170892543e+01 1.493574408488655649e+02
1.222520584862943238e+01 1.439082002518616150e+02
1.140575463592914573e+01 1.385792018285796416e+02
1.063982069013795240e+01 1.333706543790203796e+02
9.924023675336821171e+00 1.282827403162966391e+02
9.255186767800077874e+00 1.233161766212427040e+02
8.630325460549975958e+00 1.184719854727425172e+02
8.046637355380296341e+00 1.137509532990859356e+02
7.501491650333502292e+00 1.091536228352466793e+02
6.992419167923352497e+00 1.046803015258295346e+02
6.517102922766514261e+00 1.003310702703874000e+02
6.073369201817021334e+00 9.610579281795497764e+01
5.659178865280617643e+00 9.200429485305780020e+01
5.272619064789511256e+00 8.802660101678915794e+01
4.911896441545909653e+00 8.417251105818439783e+01
4.575330103721072739e+00 8.044153993972540206e+01
4.261344875807643540e+00 7.683293675186119742e+01
3.968464930409496549e+00 7.334570348656031058e+01
