3.015825503504437074e+04 2.986039707945547343e+04
3.053004051362151949e+04 3.022051126647607089e+04
3.089172521083640095e+04 3.057028215663429728e+04
3.124238843542306859e+04 3.090880110231272192e+04
3.158105748017533915e+04 3.123511418080102885e+04
3.190674034078367549e+04 3.154825118384452799e+04
3.221843643335031084e+04 3.184723516893995111e+04
3.251510519732160537e+04 3.213105220450895649e+04
3.279567539210733958e+04 3.239866050853680281e+04
3.305907722306151118e+04 3.264902163732890767e+04
3.330422875495623884e+04 3.288108804338682967e+04
3.353001095493136381e+04 3.309378001142053108e+04
3.373531177891599509e+04 3.328602714287597337e+04
3.391903437252502044e+04 3.345677626910023537e+04
3.408006492856911063e+04 3.360496179206466331e+04
3.421729694418464351e+04 3.372952854424736870e+04
3.432965979903284460e+04 3.382945862967630819e+04
3.441610796013535582e+04 3.390376208534611942e+04
3.447561529015793349e+04 3.395147215592137218e+04
3.450720901963788492e+04 3.397167633694875985e+04
3.450997982610274630e+04 3.396352627091827162e+04
3.448308915206466918e+04 3.392624687575522694e+04
3.442577615322783095e+04 3.385914117050936329e+04
3.433736569255442009e+04 3.376159689135782537e+04
3.421730751275483635e+04 3.363312622583268967e+04
3.406518673372289777e+04 3.347337590090127196e+04
3.388069260692285752e+04 3.328209421774931252e+04
3.366365944033484993e+04 3.305917136738053523e+04
3.341417358511813654e+04 3.280474574532216502e+04
3.313246341292705620e+04 3.251909340020689706e+04
3.281888040213616478e+04 3.220260859407784665e+04
3.247409234712730540e+04 3.185599528237086997e+04
3.209902647999074179e+04 3.148020999410442528e+04
3.169470387816629227e+04 3.107629693342119572e+04
3.126240375009059426e+04 3.064555117866460569e+04
3.080389302348208730e+04 3.018974665790093786e+04
3.032103617234225749e+04 2.971074767834921659e+04
2.981576974681941283e+04 2.921048396303726986e+04
2.929048501634098648e+04 2.869133387248212603e+04
2.874776907580991974e+04 2.815586522635504298e+04
2.819015236695052590e+04 2.760658295056900533e+04
2.762059366986136229e+04 2.704641718145203413e+04
2.704273109030602791e+04 2.647897601522280092e+04
2.646006409940886078e+04 2.590772409163613702e+04
2.587579997181941508e+04 2.533583401209328804e+04
2.529256059873035701e+04 2.476591331761616675e+04
2.471265135577904221e+04 2.420025650827550635e+04
2.413824614768983884e+04 2.364102271531331644e+04
2.357269018998118918e+04 2.309155350724043092e+04
2.302049139858028138e+04 2.255636690557591282e+04
2.248580379978145356e+04 2.203962766366447249e+04
2.197189517753877954e+04 2.154463318171340507e+04
2.148000533206601176e+04 2.107271292642197659e+04
2.101085455124018699e+04 2.062468691934000890e+04
2.056488762366470837e+04 2.020110114956209873e+04
2.014083895977948123e+04 1.980081829470039156e+04
1.973665586426098162e+04 1.942192164552630129e+04
1.935030237748920990e+04 1.906250177909501144e+04
1.897878139583635129e+04 1.871967394453371162e+04
1.861870700757843224e+04 1.839014599460664977e+04
1.826672321574839225e+04 1.807062658537773314e+04
1.791880104110883985e+04 1.775708587549472941e+04
1.757093326106724271e+04 1.744547205158187717e+04
1.721866539722239759e+04 1.713119144640665036e+04
1.685692420302350001e+04 1.680890992318397548e+04
1.648082686967715563e+04 1.647339847367335096e+04
1.608515245276626592e+04 1.611891251133174956e+04
1.566523543119252099e+04 1.574018032510294142e+04
1.521785121608326335e+04 1.533329721446350959e+04
1.474107190119812367e+04 1.489563522811057192e+04
1.423607435986161727e+04 1.442782158807228188e+04
1.370620788321312648e+04 1.393280333219272688e+04
1.315774897944181066e+04 1.341675301447345919e+04
1.259854712223445131e+04 1.288764611501183936e+04
1.203792087685915794e+04 1.235520675965812552e+04
1.148528789890056942e+04 1.182941698642148185e+04
1.095003357258434880e+04 1.132038107607866550e+04
1.044094146841910151e+04 1.083768012818778698e+04
9.966161165066312606e+03 1.039034216659846425e+04
9.532161528591381284e+03 9.985699456116344663e+03
9.143818372441724932e+03 9.629476086395512539e+03
8.802343186073576362e+03 9.323523208412892927e+03
8.505466778414847795e+03 9.065941982077052671e+03
8.246009077766560949e+03 8.849390239898028085e+03
8.013754082808632120e+03 8.662976967435351980e+03
7.795653662276637988e+03 8.492276717365504737e+03
7.578525268081384638e+03 8.322227665301072193e+03
7.350094280984912075e+03 8.138267045876125849e+03
7.100939248303120621e+03 7.928678039036543851e+03
6.825696208400344403e+03 7.686233945236154796e+03
6.524122715618418624e+03 7.409741940656835141e+03
6.201691004955662720e+03 7.105053337743660450e+03
5.868219575034186164e+03 6.783546162323503268e+03
5.536279315472392227e+03 6.460213832794553127e+03
5.219495805426489824e+03 6.151524022140043598e+03
4.930880617824825094e+03 5.873297926439085131e+03
4.680016086565006844e+03 5.637322618813834197e+03
4.469706108983173181e+03 5.447379356860793450e+03
4.294490948562996891e+03 5.297388060518471320e+03
4.142657670465618139e+03 5.173595457984064524e+03
4.000416587827890908e+03 5.059357274185583265e+03
3.854809916646598595e+03 4.938554694467121408e+03
3.695237304876739472e+03 4.797579309337789709e+03
3.516701706915908744e+03 4.629719501582695557e+03
3.323347640194877840e+03 4.440000509453569975e+03
3.126807851035910062e+03 4.243198206748214943e+03
2.940090714169296461e+03 4.055897948268272557e+03
2.773226862741029436e+03 3.890824193600946273e+03
2.631274747769845817e+03 3.754375087543421159e+03
2.512099960798751454e+03 3.643963965946105418e+03
2.406792969709501449e+03 3.548535959690936124e+03
2.304318605314162596e+03 3.454265189703904980e+03
2.195546382567704768e+03 3.349622128852187416e+03
2.077891209475552841e+03 3.231414526951026346e+03
1.956582662887386277e+03 3.106467939524864050e+03
1.840367024545546883e+03 2.985985275589281628e+03
1.735998738754420856e+03 2.878444104179558508e+03
1.645782326244980823e+03 2.786615961089084522e+03
1.566002381443666991e+03 2.705835853463326657e+03
1.489553686016755819e+03 2.627387955509774656e+03
1.411434906432105890e+03 2.545279855408889944e+03
1.331234507552898776e+03 2.459238973672739121e+03
1.252894527975204710e+03 2.374229965325415378e+03
1.181032886644277141e+03 2.295806744754714146e+03
1.116773261844215085e+03 2.225202225117288435e+03
1.057751459768863924e+03 2.159587984782616786e+03
1.000505343569690012e+03 2.095023035191637518e+03
9.435292951726997899e+02 2.029947228264553587e+03
8.882812314384774481e+02 1.966134346378258442e+03
8.369094840120612844e+02 1.905972921856160610e+03
7.897761119354620405e+02 1.849794474304776486e+03
7.454753497296741216e+02 1.796082706725925618e+03
7.026358384175689480e+02 1.743469165519123862e+03
6.613470044242397989e+02 1.692121062516600205e+03
6.225276983741208596e+02 1.642965401320958563e+03
5.863828969970551270e+02 1.596167228517979311e+03
5.522622044129795995e+02 1.551101627261616386e+03
5.196523118130029388e+02 1.507322663120038897e+03
4.887116943551333748e+02 1.464983923495299223e+03
4.596761536168170323e+02 1.424268420326602381e+03
4.323493309537622622e+02 1.384992534779985590e+03
4.064439348968504646e+02 1.346921829407107680e+03
3.819403675818257398e+02 1.310032430291113087e+03
3.588870662025263414e+02 1.274337003625411398e+03
3.371607920511499970e+02 1.239726455635499633e+03
3.166682932461012001e+02 1.206123276946963415e+03
2.973450977022621942e+02 1.173462843119691570e+03
2.791315194142424616e+02 1.141680701138474660e+03
2.619703350303884690e+02 1.110717183309141319e+03
2.458067099560321935e+02 1.080517175510892457e+03
2.305881465200840523e+02 1.051029852637147087e+03
2.162644288032520024e+02 1.022208436778266446e+03
2.027875631369221026e+02 9.940099690004445847e+02
1.901114039014116770e+02 9.663936837530943649e+02
1.781913195817940618e+02 9.393192812043928370e+02
1.669848662340962733e+02 9.127498130559346237e+02
1.564517940425737947e+02 8.866519616474646455e+02
1.465539469623617208e+02 8.609958666632351196e+02
1.372551660624271506e+02 8.357549631913102530e+02
1.285211964935576532e+02 8.109058292403182122e+02
1.203195999612172642e+02 7.864281464418961605e+02
1.126197298549085275e+02 7.623079908848192190e+02
1.053926421762943448e+02 7.385379488208278644e+02
9.861093069880482176e+01 7.151124774976440222e+02
9.224865070406505652e+01 6.920275247396964460e+02
8.628125073254366839e+01 6.692804360923763625e+02
8.068550679292070527e+01 6.468698618358691874e+02
7.543945899772828056e+01 6.247956636613655519e+02
7.052234824640362376e+01 6.030594171955838192e+02
6.591453277060612947e+01 5.816709371128547446e+02
6.159744892516751946e+01 5.606446662357733430e+02
5.755357809039431061e+01 5.399941694289683483e+02
5.376639339200671941e+01 5.197320152848865291e+02
5.022030837032711759e+01 4.998697671484857210e+02
4.690062795104346094e+01 4.804179774542684527e+02
4.379350164042763538e+01 4.613861853442485312e+02
4.088587798613506408e+01 4.427837347934375316e+02
3.816545816289447401e+01 4.246235344840836774e+02
3.562065989774216490e+01 4.069182567161233237e+02
3.324058073115870826e+01 3.896784487982598648e+02
3.101496091749184458e+01 3.729126229211386203e+02
2.893414813866692015e+01 3.566273534074836675e+02
2.698906396101902416e+01 3.408273772405872819e+02
2.517117196277983027e+01 3.255156971421531011e+02
2.347244636269036278e+01 3.106939593186563116e+02
2.188534153019262618e+01 2.963630352831569894e+02
2.040276811129250945e+01 2.825223273675317728e+02
1.901806769267989239e+01 2.691697173846482656e+02
1.772498809104862971e+01 2.563016897746796303e+02
1.651765994785763070e+01 2.439134525254587800e+02
1.539057456879467622e+01 2.319990552389965046e+02
1.433856293569117213e+01 2.205515024678901170e+02
1.335677498032290167e+01 2.095627772732886740e+02
1.244066058665320362e+01 1.990239160105779774e+02
1.158595343668831568e+01 1.889252627115354528e+02
1.078865429044711632e+01 1.792565760941874089e+02
1.004501504763607933e+01 1.700071168193724702e+02
9.351523701258429355e+00 1.611657298555798832e+02
8.704890137643410242e+00 1.527209218824358175e+02
8.102032694863629203e+00 1.446609245224227323e+02
