1.201547116177139105e+04 1.193969299882414271e+04
1.218605619640875011e+04 1.210702939897365468e+04
1.235405932831412065e+04 1.227168400824934724e+04
1.251914443747690166e+04 1.243332014306648307e+04
1.268095810715906919e+04 1.259158474984311579e+04
1.283912692125630201e+04 1.274610596066206381e+04
1.299326962767293662e+04 1.289650454393705513e+04
1.314299581219724678e+04 1.304239254828552475e+04
1.328789538115028154e+04 1.318336281874607266e+04
1.342754933470103242e+04 1.331899979338537014e+04
1.356153449745536273e+04 1.344888426517851985e+04
1.368941053463130083e+04 1.357258073020321717e+04
1.381072058304593156e+04 1.368963806986783129e+04
1.392500699817230270e+04 1.379960501390931495e+04
1.403180886116780312e+04 1.390202777217455514e+04
1.413065098411988401e+04 1.399643939104269339e+04
1.422105928925113221e+04 1.408237480349126599e+04
1.430256591516115259e+04 1.415937586610002654e+04
1.437469676254458318e+04 1.422697938588629222e+04
1.443697677014573310e+04 1.428472230851731547e+04
1.448894463997497951e+04 1.433215603243320402e+04
1.453015147072667787e+04 1.436884526728408309e+04
1.456015581737212779e+04 1.439436352636235461e+04
1.457853668359945914e+04 1.440830548239486416e+04
1.458489872325280703e+04 1.441029204974217282e+04
1.457887670134084874e+04 1.439997540056351136e+04
1.456013790112045535e+04 1.437704103370782832e+04
1.452838414563445440e+04 1.434120927946731535e+04
1.448336533363475064e+04 1.429224906105378250e+04
1.442489376876167262e+04 1.422999245493227681e+04
1.435282652233831686e+04 1.415431628044636091e+04
1.426707187350172171e+04 1.406514837541553425e+04
1.416764269860722015e+04 1.396252124231689595e+04
1.405462603577122536e+04 1.384654113342964956e+04
1.392815523041991219e+04 1.371735979365849016e+04
1.378847047678801755e+04 1.357523491623977861e+04
1.363595432211203479e+04 1.342056542850024562e+04
1.347103557774443834e+04 1.325379507741204361e+04
1.329420840545195460e+04 1.307543126996862156e+04
1.310618400278649824e+04 1.288619595843822572e+04
1.290776032311654490e+04 1.268689555603046938e+04
1.269974720872072976e+04 1.247834627603929403e+04
1.248308889729855400e+04 1.226149623289189185e+04
1.225888521487288745e+04 1.203744635976712379e+04
1.202821924110654982e+04 1.180727851454562551e+04
1.179223005926818041e+04 1.157212736194366153e+04
1.155242160632424748e+04 1.133348557605703536e+04
1.131033134265803892e+04 1.109287604075609124e+04
1.106739190914608480e+04 1.085171546929440592e+04
1.082477029456969285e+04 1.061115966354258671e+04
1.058338287824377767e+04 1.037211850643399885e+04
1.034406927655226718e+04 1.013542391542565201e+04
1.010787398969876267e+04 9.902106172224799593e+03
9.876700245987132803e+03 9.674035046242765020e+03
9.652483296000820701e+03 9.453109111193136414e+03
9.436925408271974447e+03 9.240996828103772714e+03
9.230775859274433969e+03 9.038435119470435893e+03
9.034084608094746727e+03 8.845477801230163095e+03
8.846864185995938897e+03 8.662141751276913055e+03
8.668756141364183350e+03 8.488083617371108630e+03
8.498799098718554887e+03 8.322374870256971917e+03
8.336033312247975118e+03 8.164088406736073011e+03
8.179319174387457679e+03 8.012123403744502866e+03
8.027156769517730027e+03 7.865030510940948261e+03
7.878092481032478645e+03 7.721403772008515261e+03
7.730508825828411318e+03 7.579677514942888592e+03
7.582648052637377987e+03 7.438147845887603580e+03
7.432765033004699035e+03 7.295118033510474561e+03
7.278729390075234733e+03 7.148510938275365334e+03
7.118443156292464664e+03 6.996271806938530062e+03
6.949811388888937472e+03 6.836340541610100445e+03
6.770824119506481111e+03 6.666728345267313671e+03
6.580055406785115338e+03 6.486007891451483374e+03
6.376825559365684057e+03 6.293476167388035719e+03
6.161377874685682400e+03 6.089326895022136341e+03
5.935380972558878966e+03 5.875157063591399492e+03
5.701304680065046341e+03 5.653349128482333981e+03
5.462698070502480732e+03 5.427357066143254997e+03
5.223418139065115611e+03 5.200940293874511553e+03
4.987565505482371009e+03 4.978106660418161482e+03
4.759089258827644699e+03 4.762717519339840692e+03
4.541657618035807900e+03 4.558365753378675436e+03
4.338690703318666237e+03 4.368390615496437022e+03
4.152996161329409915e+03 4.195553605870851243e+03
3.986446362611241966e+03 4.041687772115777989e+03
3.839872461483083498e+03 3.907628536238773904e+03
3.711991384933078280e+03 3.792136310013362163e+03
3.600087265680379915e+03 3.692568995069686480e+03
3.499510195332573858e+03 3.604365591332013537e+03
3.404843217581341833e+03 3.522173937594979179e+03
3.310358804271525969e+03 3.440279573648214409e+03
3.210908147162800560e+03 3.353483631249431710e+03
3.102541772153815145e+03 3.257729243428447717e+03
2.983007139191340684e+03 3.150626116608064876e+03
2.852396795143120016e+03 3.032149771984242761e+03
2.713059242208959404e+03 2.904575232220286125e+03
2.569202026331025536e+03 2.772097550193560892e+03
2.426177728674362243e+03 2.640102810157744443e+03
2.289714713198597565e+03 2.514364479596794354e+03
2.165220280249508960e+03 2.400328678893743927e+03
2.056711580833462449e+03 2.302042674129545503e+03
1.965453836729168415e+03 2.220794529039540521e+03
1.889106581233355200e+03 2.154258996674201171e+03
1.822565448237018472e+03 2.097322293338540931e+03
1.759932371393778340e+03 2.044025280649426804e+03
1.695810399427588209e+03 1.988850606574153971e+03
1.625855069485249260e+03 1.927297032399608270e+03
1.547996459719317727e+03 1.857177055891291957e+03
1.463975923471055239e+03 1.780247206362593715e+03
1.378766719226870009e+03 1.701620807003024538e+03
1.297890920267019055e+03 1.626972701933399321e+03
1.225472844103548596e+03 1.560516635354578284e+03
1.163526640211551467e+03 1.504292810466947685e+03
1.111133793666699148e+03 1.457359423418148253e+03
1.064559929284416512e+03 1.415916289050974001e+03
1.019176978821867806e+03 1.375243574304237200e+03
9.712626006967010426e+02 1.331534080164263059e+03
9.197592929970406885e+02 1.283718364772711311e+03
8.668687808123008836e+02 1.234080967428440772e+03
8.162640578173163703e+02 1.186393796203094553e+03
7.706686372239611273e+02 1.143419642539141023e+03
7.309654046873805555e+02 1.106026842187240163e+03
6.956286401766567451e+02 1.072658104434981624e+03
6.617223989513023525e+02 1.040360495070147408e+03
6.272317242033975617e+02 1.007133458013872200e+03
5.920323325374499746e+02 9.728905858321635378e+02
5.577157078216923765e+02 9.392504305017306478e+02
5.261532333893982241e+02 9.080689819793668676e+02
4.977634966921125397e+02 8.797385303451350183e+02
4.715640346421677123e+02 8.532849016737610555e+02
4.461838549669668623e+02 8.273848473269725901e+02
4.210329933905587154e+02 8.014960940843061508e+02
3.966960761791226560e+02 7.762022305150546799e+02
3.740171496930549324e+02 7.523063453450778297e+02
3.531141993051464851e+02 7.299079291258309468e+02
3.334303065885152364e+02 7.084853376579623045e+02
3.144308645168558769e+02 6.875582635969925605e+02
2.961579368934597483e+02 6.671793086670805906e+02
2.789549757955923610e+02 6.476595804649637103e+02
2.628917506428431352e+02 6.290553030697519716e+02
2.477113053432298102e+02 6.111412886481799660e+02
2.332193373040857125e+02 5.937564807622676426e+02
2.194715985117518926e+02 5.769516598917032297e+02
2.065492126691158035e+02 5.607917243690625355e+02
1.943715710494368523e+02 5.452085917915862865e+02
1.828286251102119593e+02 5.301152064783995002e+02
1.719091406904858843e+02 5.155028107109104667e+02
1.616248201116747225e+02 5.013775621354636769e+02
1.519261144313619241e+02 4.876999608236744166e+02
1.427643905615941549e+02 4.744329624794366396e+02
1.341217993888697890e+02 4.615613340436716499e+02
1.259757842116220985e+02 4.490664867355626484e+02
1.182998180984988323e+02 4.369273513750414395e+02
1.110680750194437394e+02 4.251237439642349614e+02
1.042560891418668376e+02 4.136368444333417642e+02
9.784068523830281094e+01 4.024491156634492199e+02
9.179992344069334820e+01 3.915442228027036435e+02
8.611329205027695366e+01 3.809068180230444796e+02
8.076158490927213052e+01 3.705224854262465328e+02
7.572652744268448544e+01 3.603778507994983897e+02
7.099072627754799214e+01 3.504605331113428406e+02
6.653763577240853522e+01 3.407590913031362447e+02
6.235152510831976969e+01 3.312629746338693622e+02
5.841744597506800574e+01 3.219624761780909807e+02
5.472117737125012837e+01 3.128486527887541797e+02
5.124915906262408072e+01 3.039132201576825310e+02
4.798853106152591863e+01 2.951486116413444734e+02
4.492711492112474048e+01 2.865479614247056475e+02
4.205338170657475416e+01 2.781050685957717974e+02
3.935642117691346442e+01 2.698143627929673585e+02
3.682591215341207658e+01 2.616708712150582414e+02
3.445209425897513000e+01 2.536702491456775874e+02
3.222574212106535185e+01 2.458092334350582746e+02
3.013813778603845250e+01 2.380852774634513764e+02
2.818104451402273014e+01 2.304962024327630274e+02
2.634668277482202825e+01 2.230401704940861976e+02
2.462770726165144097e+01 2.157156612954516675e+02
2.301718488373910176e+01 2.085214488564997737e+02
2.150857364285136342e+01 2.014565945296631071e+02
2.009569960876589079e+01 1.945211379771747602e+02
1.877273748338359738e+01 1.877162440050773000e+02
1.753419679956531141e+01 1.810431135638237663e+02
1.637490445332833033e+01 1.745028895527368604e+02
1.528998770985892541e+01 1.680966478961900634e+02
1.427485801993189796e+01 1.618253890198303964e+02
1.332519561534661001e+01 1.556900297538594202e+02
1.243693452967866087e+01 1.496917099140647167e+02
1.160624785628060707e+01 1.438326370698980838e+02
1.082953573862511831e+01 1.381149677127355346e+02
1.010341307796261034e+01 1.325404749455986178e+02
9.424697508276697278e+00 1.271105609676912280e+02
8.790397985967359773e+00 1.218262702420761769e+02
8.197703967127534241e+00 1.166883032593073750e+02
7.643975077416678587e+00 1.116970680320860083e+02
7.126730619325015503e+00 1.068531259105559315e+02
6.643640874500984062e+00 1.021569719244303656e+02
6.192519046438296648e+00 9.760868307897641216e+01
5.771312952555745390e+00 9.320793764047898833e+01
5.378097152455929120e+00 8.895404228186559692e+01
5.011065505355373872e+00 8.484595903319984700e+01
