1.025288077415281623e+04 1.019292884672740547e+04
1.039789859525924658e+04 1.033538023830065868e+04
1.054081296565539196e+04 1.047564766940896698e+04
1.068133631151061854e+04 1.061344359776565761e+04
1.081916774264308333e+04 1.074846789076856112e+04
1.095399970625680908e+04 1.088041406373625978e+04
1.108551394165917009e+04 1.100896523619096479e+04
1.121337453986655237e+04 1.113378720806877936e+04
1.133723869784585622e+04 1.125453924543222820e+04
1.145675813560627466e+04 1.137087554337239271e+04
1.157156793429342179e+04 1.148243432635875979e+04
1.168129298258139170e+04 1.158884421472972826e+04
1.178555648622935769e+04 1.168973260637316343e+04
1.188397456931214037e+04 1.178472043992634826e+04
1.197615174838567327e+04 1.187341781991035168e+04
1.206169347978616679e+04 1.195543633523631252e+04
1.214020713360181253e+04 1.203039006946549671e+04
1.221129188959550083e+04 1.209788586059123554e+04
1.227454851302211500e+04 1.215753284757543042e+04
1.232958689844907894e+04 1.220894984457960891e+04
1.237602269562062611e+04 1.225176225616792362e+04
1.241347747579462339e+04 1.228560234316400238e+04
1.244158804882506411e+04 1.231011813154340052e+04
1.246000981405835955e+04 1.232497681389635909e+04
1.246842081181847789e+04 1.232986918813709781e+04
1.246652263282840977e+04 1.232451013220388268e+04
1.245404274910530512e+04 1.230864073147654017e+04
1.243074995130406751e+04 1.228204401603012593e+04
1.239645637022097253e+04 1.224454688371072189e+04
1.235100623682863261e+04 1.219600839611505762e+04
1.229429193290034527e+04 1.213633583046359490e+04
1.222629021438892232e+04 1.206552102600680519e+04
1.214702296233237576e+04 1.198360069295701942e+04
1.205655236492452968e+04 1.189065141682435387e+04
1.195504801157544534e+04 1.178685670979264069e+04
1.184276534452525993e+04 1.167248523426298198e+04
1.171999148764656093e+04 1.154783643328717881e+04
1.158710121176146822e+04 1.141329619455273678e+04
1.144463433404880379e+04 1.126941376739824773e+04
1.129316654094353726e+04 1.111677284481002789e+04
1.113330047885022941e+04 1.095598263670013148e+04
1.096579276622148609e+04 1.078780439220002881e+04
1.079147358547338627e+04 1.061307105210560076e+04
1.061116083329138382e+04 1.043260163386169916e+04
1.042580732695107326e+04 1.024734694173471144e+04
1.023659940311404534e+04 1.005848694784548388e+04
1.004469282064778417e+04 9.867169266082228205e+03
9.851160725132705920e+03 9.674458353616997556e+03
9.656887206451754537e+03 9.481233341160223063e+03
9.462652436835036497e+03 9.288270142000885244e+03
9.269195060078682218e+03 9.096301822443976562e+03
9.077585523767338600e+03 8.906385599649644064e+03
8.889302041970981008e+03 8.719977294311534934e+03
8.705733566353581409e+03 8.538443015266286238e+03
8.528023837869977797e+03 8.362907169692009120e+03
8.356645506993310846e+03 8.193837331065560647e+03
8.191865145547410066e+03 8.031498865013809336e+03
8.033873009411757266e+03 7.876082060535221899e+03
7.882269937651913096e+03 7.727202975688230254e+03
7.736309856638598831e+03 7.584139718513102707e+03
7.595261026086286620e+03 7.446184215197856247e+03
7.458096603032120584e+03 7.312342760796372204e+03
7.323627947586345726e+03 7.181464620884429678e+03
7.190697064894628056e+03 7.052428028421568342e+03
7.057964020367805460e+03 6.923935262193489507e+03
6.924092166159218323e+03 6.794689964129350301e+03
6.787658493900547001e+03 6.663309534970935601e+03
6.647052734706303454e+03 6.528226613854003517e+03
6.500747057029531788e+03 6.387948751989749326e+03
6.347147491401269690e+03 6.240916178772176863e+03
6.184829458800530119e+03 6.085726555074742464e+03
6.012879126809710215e+03 5.921474364731969217e+03
5.830827905367834319e+03 5.747682673509453707e+03
5.639231179975944542e+03 5.564875519250698744e+03
5.439440840969737110e+03 5.374355190928743468e+03
5.233755902723708459e+03 5.178352426597645717e+03
5.025063246666943087e+03 4.979676762299670372e+03
4.816672936946330992e+03 4.781552436617089370e+03
4.611911448336000831e+03 4.587223837522508802e+03
4.413991857780158170e+03 4.399823823302390338e+03
4.225815166290717571e+03 4.222180227443881449e+03
4.049973150542591611e+03 4.056817035641037819e+03
3.888454767024496505e+03 3.905677072476566536e+03
3.742608646777213380e+03 3.770073490589204539e+03
3.612610189696191355e+03 3.650184748470050181e+03
3.497323609821983155e+03 3.544904308140304238e+03
3.394032683299189557e+03 3.451581473407947669e+03
3.298896912295160291e+03 3.366446793915652961e+03
3.207258456388233299e+03 3.284907898859049055e+03
3.114551070522838927e+03 3.202426390846714185e+03
3.016782888570110572e+03 3.114995675236405532e+03
2.911208577352863358e+03 3.019817806037306582e+03
2.796612403435908618e+03 2.915598829239796032e+03
2.673642977484550102e+03 2.802909925834270780e+03
2.544844251106847423e+03 2.684234414236325392e+03
2.414076392197183850e+03 2.563391634154708754e+03
2.285885009953408826e+03 2.444905434291580150e+03
2.164827920644052028e+03 2.333317757913435344e+03
2.054909806147361905e+03 2.232616637787256877e+03
1.958775984875462655e+03 2.145439382510649466e+03
1.876711788379389191e+03 2.072083024203812329e+03
1.806144530588568614e+03 2.010000416592704596e+03
1.742396011297654923e+03 1.954528424616230723e+03
1.680407275832644928e+03 1.900586867097706318e+03
1.616022963488898313e+03 1.843960100011720215e+03
1.546431086409035743e+03 1.781759117741227101e+03
1.470874476298217814e+03 1.713174447310325604e+03
1.391575213184661152e+03 1.640439179524593101e+03
1.313056880215405954e+03 1.568138036139773021e+03
1.239816525493775316e+03 1.500824310746448418e+03
1.174676870807689966e+03 1.441343932720516023e+03
1.118419671731933931e+03 1.390479033527378078e+03
1.069482728839653191e+03 1.346654927665347714e+03
1.024311510251312484e+03 1.306288739987440522e+03
9.791367773316267176e+02 1.265569816211953366e+03
9.316052656526518376e+02 1.222113754281454248e+03
8.817045085861582265e+02 1.175917839715745231e+03
8.317939231468504886e+02 1.129388604053642666e+03
7.850028582986282117e+02 1.085695766340598311e+03
7.430841748155403366e+02 1.046595617387311449e+03
7.060238971665013423e+02 1.012060331632390103e+03
6.720509505207305665e+02 9.803091179654632015e+02
6.387411255359367033e+02 9.489232188776196608e+02
6.049028645697850379e+02 9.167312878570111252e+02
5.710251997183150934e+02 8.842458861482633665e+02
5.386500665086512072e+02 8.530129953820672881e+02
5.090621060151416941e+02 8.242976263383566220e+02
4.821371554873334730e+02 7.979655629498055305e+02
4.567879143221416030e+02 7.729503735713257129e+02
4.320116624807397443e+02 7.482881032562253267e+02
4.076655565010025271e+02 7.238603881047862387e+02
3.844246728679358966e+02 7.003289572786140980e+02
3.628524061019164719e+02 6.782295372134725540e+02
3.427914595975329917e+02 6.574068467295821847e+02
3.236976822125233184e+02 6.373517743708620173e+02
3.052643082714444063e+02 6.177892799154585646e+02
2.876666819031674436e+02 5.988896498932336954e+02
2.711528518564298338e+02 5.808791577898059586e+02
2.556570561403480326e+02 5.636955240635608106e+02
2.409356251213385463e+02 5.471233225106218470e+02
2.268972082967782455e+02 5.310869575501006921e+02
2.136225384090497812e+02 5.156580700206842494e+02
2.011321190966276617e+02 5.008523472394364831e+02
1.893239345964158247e+02 4.865832702663823284e+02
1.781275172318168813e+02 4.727934672254342559e+02
1.675495213638014604e+02 4.594878647035108088e+02
1.575793707713408480e+02 4.466559894176966736e+02
1.481627534947295430e+02 4.342538791513023853e+02
1.392660570601426571e+02 4.222544806350693420e+02
1.308763711514668273e+02 4.106458222455548253e+02
1.229649731623605788e+02 3.994048975746885617e+02
1.155035061890404791e+02 3.885088347856793689e+02
1.084687412614904076e+02 3.779384903373903057e+02
1.018385569923163132e+02 3.676760277280000651e+02
9.559179068171818017e+01 3.577047664841481378e+02
8.970821131792284575e+01 3.480091094980691651e+02
8.416840856681051264e+01 3.385741502180455882e+02
7.895371285047549748e+01 3.293853389883261684e+02
7.404634499487565336e+01 3.204290615852439146e+02
6.942940177936026203e+01 3.116926630457075476e+02
6.508681975003645448e+01 3.031643935742822578e+02
6.100334002591650773e+01 2.948333583902754640e+02
5.716447410897731629e+01 2.866894711298820084e+02
5.355647097031560833e+01 2.787234087520411663e+02
5.016629008772260789e+01 2.709265361119157092e+02
4.698156846121928254e+01 2.632908738101314725e+02
4.399058451007214643e+01 2.558091000345689849e+02
4.118222908608589705e+01 2.484745181822316340e+02
3.854597769991645606e+01 2.412810247226107094e+02
3.607186369345755139e+01 2.342230786973807994e+02
3.375045235007876698e+01 2.272956726576824735e+02
3.157281466555974703e+01 2.204943512626830682e+02
2.953049530987235016e+01 2.138154965920643065e+02
2.761549715992589782e+01 2.072560648370932768e+02
2.582026405059268015e+01 2.008133724266204752e+02
2.413765885786171950e+01 1.944850735796362926e+02
2.256094246616893884e+01 1.882691395601458169e+02
2.108375362902686234e+01 1.821638383418394369e+02
1.970008969693272505e+01 1.761677146421922941e+02
1.840428735773052793e+01 1.702798283954345209e+02
1.719100330082389760e+01 1.645003335760222001e+02
1.605520027624028856e+01 1.588296385374531496e+02
1.499213161218790979e+01 1.532681753982087969e+02
1.399732573277805159e+01 1.478163901258962483e+02
1.306657140590376720e+01 1.424747328731739060e+02
1.219590369378293992e+01 1.372436485873478205e+02
1.138159056711752193e+01 1.321235755957637821e+02
1.062011934522775469e+01 1.271154859614571535e+02
9.908184338797683566e+00 1.222211352122741062e+02
9.242676882880878964e+00 1.174420992096851961e+02
8.620674467441745037e+00 1.127796837672742498e+02
8.039430272423937041e+00 1.082349319175166045e+02
7.496363240145493378e+00 1.038086316920058465e+02
6.989048661176935795e+00 9.950132436689057158e+01
6.515209210216109881e+00 9.531333990498387720e+01
6.072705901233716119e+00 9.124521058182591560e+01
5.659530392451206815e+00 8.729751804700138962e+01
5.273797993872057610e+00 8.347050929717610757e+01
4.913740459072014843e+00 7.976410524405703484e+01
4.577699151185194992e+00 7.617792157134236675e+01
