2.280178135721052968e+04 2.262176576193683650e+04
2.308402987371537165e+04 2.289679590607122736e+04
2.335890744554022604e+04 2.316428338190695649e+04
2.362572197000512097e+04 2.342354013695853064e+04
2.388376281933200517e+04 2.367386132190493663e+04
2.413228023954171658e+04 2.391450681058315604e+04
2.437051217226444714e+04 2.414472582696462996e+04
2.459769011230455726e+04 2.436376229916383454e+04
2.481300974177718672e+04 2.457082598921904719e+04
2.501564405379802702e+04 2.476510550806222091e+04
2.520476868767000997e+04 2.494579333726549157e+04
2.537954781822482619e+04 2.511207242722432784e+04
2.553911798581545372e+04 2.526310083483858398e+04
2.568262405959353782e+04 2.539804639958999906e+04
2.580922257030676337e+04 2.551609007050535365e+04
2.591805118131440395e+04 2.561639674669592932e+04
2.600825530109482497e+04 2.569814097199236858e+04
2.607901038755412083e+04 2.576052846322999176e+04
2.612950755883680176e+04 2.580278274849088484e+04
2.615895138154231972e+04 2.582414329353580615e+04
2.616659117587398578e+04 2.582389518151453012e+04
2.615172682599544714e+04 2.580137502999848948e+04
2.611370734363860538e+04 2.575597081257952595e+04
2.605194337824139075e+04 2.568713280076747833e+04
2.596591659399432319e+04 2.559438220976054436e+04
2.585520349473220631e+04 2.547733591513672218e+04
2.571947876751246804e+04 2.533570935469115284e+04
2.555850265863625464e+04 2.516930246601425461e+04
2.537215697882587483e+04 2.497803565319737027e+04
2.516050944975396123e+04 2.476201434967061141e+04
2.492373609392777871e+04 2.452145017389104032e+04
2.466211990434190375e+04 2.425665910953809362e+04
2.437619721639166892e+04 2.396820768267462336e+04
2.406668740353443718e+04 2.365684208337695236e+04
2.373438958689038918e+04 2.332338444206992790e+04
2.338033365824795328e+04 2.296888316584018321e+04
2.300590479439618866e+04 2.259473663330919589e+04
2.261255437144439566e+04 2.220240461898497597e+04
2.220181532876756683e+04 2.179342365302120743e+04
2.177561557688277753e+04 2.136971981793743180e+04
2.133600846579881909e+04 2.093333940527433151e+04
2.088500761776474246e+04 2.048628413232861931e+04
2.042501123719661337e+04 2.003093328818407463e+04
1.995886353901426992e+04 1.957010469699979512e+04
1.948927032453916399e+04 1.910647384144373427e+04
1.901874840726581897e+04 1.864252657294602250e+04
1.854960741178162061e+04 1.818054875868745512e+04
1.808396577779971267e+04 1.772263483969333538e+04
1.762381293531716074e+04 1.727074746011386378e+04
1.717190510012464802e+04 1.682760530042223400e+04
1.673152047917614618e+04 1.639644157644093139e+04
1.630561746000274798e+04 1.598017181423235706e+04
1.589660135860217451e+04 1.558116975227978583e+04
1.550599876886953098e+04 1.520095440072386555e+04
1.513505529700712395e+04 1.484076968348363880e+04
1.478464152791144079e+04 1.450149312045656916e+04
1.445405039491603384e+04 1.418246201661031228e+04
1.414202913659299520e+04 1.388248051349932757e+04
1.384726759401818890e+04 1.360029655871995601e+04
1.356756688240175754e+04 1.333378952714556726e+04
1.330048489398456695e+04 1.308059811806263860e+04
1.304350475236621787e+04 1.283828174197828594e+04
1.279344830591048412e+04 1.260374104870333031e+04
1.254716042979270424e+04 1.237388674790025470e+04
1.230099787865896906e+04 1.214512491376183789e+04
1.205087242257738035e+04 1.191339346177037078e+04
1.179270477772020058e+04 1.167460546849370257e+04
1.152191457236788847e+04 1.142412731788419842e+04
1.123429964064279011e+04 1.115765740629442371e+04
1.092635355433458790e+04 1.087154010760025267e+04
1.059545187151367645e+04 1.056295809977416320e+04
1.024118986999676235e+04 1.023130419582151080e+04
9.864713528091608168e+03 9.877516248674726739e+03
9.469735003432426311e+03 9.505146630125143929e+03
9.061336106299748280e+03 9.119155621269095718e+03
8.646302526844923705e+03 8.726276875061772444e+03
8.231824835244724454e+03 8.333695671549903636e+03
7.825479096056856179e+03 7.949034302197152101e+03
7.434754107301863769e+03 7.579843730718279403e+03
7.066773120169723370e+03 7.233343962105757782e+03
6.727727413787957630e+03 6.915826019221125534e+03
6.422923483365026186e+03 6.632713676555132224e+03
6.155090508649610456e+03 6.386862334207745334e+03
5.924703905206169111e+03 6.178876060659925315e+03
5.728224802412688405e+03 6.005327036346948262e+03
5.559617904850066225e+03 5.860231579870572205e+03
5.409752615735998006e+03 5.734394526008139110e+03
5.268508622542190096e+03 5.617465114022674243e+03
5.125383902623932954e+03 5.498513838611687788e+03
4.970972830984916072e+03 5.367544035585221536e+03
4.798182048025859331e+03 5.216811230032469211e+03
4.603310833350061330e+03 5.042052784276990678e+03
4.387187620331818835e+03 4.843837253145656177e+03
4.154869567799361903e+03 4.627325737133167422e+03
3.914780031177512228e+03 4.401383591171289481e+03
3.677508525841339633e+03 4.177266033115372920e+03
3.454518205374458375e+03 3.967154888988819039e+03
3.256116355724104778e+03 3.781961125749045095e+03
3.088651134504121273e+03 3.628404744413400749e+03
2.952341977633877377e+03 3.506786128190398358e+03
2.841354406205166015e+03 3.411069651736037486e+03
2.746148716434738162e+03 3.331284104106754967e+03
2.655919305645679287e+03 3.255983306645962784e+03
2.559983286066324581e+03 3.173654108990789609e+03
2.450050519879068815e+03 3.075205227483040289e+03
2.323978582213759182e+03 2.958191372235510698e+03
2.187193233965830132e+03 2.828489324528231009e+03
2.049521515733591968e+03 2.696816763791571702e+03
1.921054296288564046e+03 2.574107777202797934e+03
1.809614357400732843e+03 2.468724776850749095e+03
1.718225535915197725e+03 2.383827611361538402e+03
1.643460679981094472e+03 2.315731711200806330e+03
1.577371102817496421e+03 2.255975857060548151e+03
1.510631030495419054e+03 2.194610849407618844e+03
1.436702550821036084e+03 2.124660329015242496e+03
1.355205589665357820e+03 2.045802038231091728e+03
1.271605504102574969e+03 1.964000738488707384e+03
1.192965548726641146e+03 1.886823178271191409e+03
1.124594146014235093e+03 1.819813398015098301e+03
1.067283651142387271e+03 1.763691825715960249e+03
1.016687156341251125e+03 1.713865181244525729e+03
9.669661312316042086e+02 1.664284876684850133e+03
9.145494004487740085e+02 1.611343279507552779e+03
8.601239742492994083e+02 1.555874856679864251e+03
8.077493430019303560e+02 1.502100296346655341e+03
7.608734207138163583e+02 1.453471454600691914e+03
7.197647607254574496e+02 1.410170164208214828e+03
6.818985667644526529e+02 1.369651331176539088e+03
6.443264562285604597e+02 1.329061057374880420e+03
6.064317586973336347e+02 1.287886767082631195e+03
5.699600925127696200e+02 1.247855159393483518e+03
5.366327285111020728e+02 1.210570294123668191e+03
5.063876411370737856e+02 1.175921387406140639e+03
4.777307050809554312e+02 1.142527347674180419e+03
4.496922485697102729e+02 1.109550345204674613e+03
4.226780449839208700e+02 1.077383436741856258e+03
3.975594429084736703e+02 1.046773348708011099e+03
3.743158819855422621e+02 1.017673225249879806e+03
3.522703236049192128e+02 9.895135589020005682e+02
3.310970419893720305e+02 9.620438914104737478e+02
3.110858170902323536e+02 9.354956358028726982e+02
2.924138720939216114e+02 9.099887435032969734e+02
2.748325654121678099e+02 8.853246177906722778e+02
2.581248382338363854e+02 8.613442652787463203e+02
2.423542983863991083e+02 8.380872088635538830e+02
2.275615184352680558e+02 8.155674866540995254e+02
2.136349024622937520e+02 7.937046526254198398e+02
2.004999133649582177e+02 7.724408105701152181e+02
1.881184454732204188e+02 7.517410857197104406e+02
1.764541145439787897e+02 7.315734170882758463e+02
1.654715829355919823e+02 7.119079806990110910e+02
1.551366052066655072e+02 6.927170623683376789e+02
1.454160633495764614e+02 6.739749400344226160e+02
1.362777918778786557e+02 6.556575073423957747e+02
1.276893180152041936e+02 6.377403553131048284e+02
1.196190815770792284e+02 6.202000229637932307e+02
1.120372400742175643e+02 6.030149998712231536e+02
1.049155852027270015e+02 5.861656335086834133e+02
9.822745805103208738e+01 5.696340360458872283e+02
9.194766846190810838e+01 5.534039970126885919e+02
8.605242238010033873e+01 5.374609219491327394e+02
8.051938805533556831e+01 5.217925080601160062e+02
7.532761960135411528e+01 5.063887744885633424e+02
7.045728876079569147e+01 4.912409683843114294e+02
6.588962094411022008e+01 4.763414348755828769e+02
6.160684694065496814e+01 4.616835590223108738e+02
5.759215624610099127e+01 4.472617090994849036e+02
5.382965199959317459e+01 4.330711809658663469e+02
5.030429391085205992e+01 4.191088299848340171e+02
4.700182767228848491e+01 4.053746372431513123e+02
4.390879238513669236e+01 3.918694652123629112e+02
4.101249158844176179e+01 3.785944278756959420e+02
3.830095347465166356e+01 3.655508575593312344e+02
3.576289290998694526e+01 3.527402720585916427e+02
3.338767519705125153e+01 3.401643421142317152e+02
3.116528161744634318e+01 3.278250926571652712e+02
2.908627745055040492e+01 3.157272207138373119e+02
2.714177988020862031e+01 3.038766829520244528e+02
2.532342735035866355e+01 2.922788377147359142e+02
2.362335118956803370e+01 2.809384214035137575e+02
2.203414862548284958e+01 2.698595569766824269e+02
2.054885712130292319e+01 2.590457640145814366e+02
1.916092995365906759e+01 2.484999828732095750e+02
1.786421106077329313e+01 2.382255231050079374e+02
1.665291239178544203e+01 2.282265194896856713e+02
1.552159668939291848e+01 2.185062877703165327e+02
1.446515781033868109e+01 2.090672014613968770e+02
1.347880171487337719e+01 1.999107416058044748e+02
1.255802846092207403e+01 1.910375473492888716e+02
1.169861515626839754e+01 1.824474669895465979e+02
1.089659960188227217e+01 1.741396989649302043e+02
1.014826428875050723e+01 1.661131597079541109e+02
9.450122959411334733e+00 1.583661580101241668e+02
8.798907276573224578e+00 1.508963056639378522e+02
8.191553861288493721e+00 1.437005769120364391e+02
7.625192051895598233e+00 1.367753665305857282e+02
7.097132347474015113e+00 1.301165462666603503e+02
6.604855463163538332e+00 1.237195187694527760e+02
6.146001471947687200e+00 1.175792600639583156e+02
5.718360396655242539e+00 1.116903741786442623e+02
