2.459848226630437057e+04 2.440012172093731715e+04
2.489422328838038447e+04 2.468782627201274227e+04
2.518047555625057066e+04 2.496584217113813429e+04
2.545640605658429922e+04 2.523334351487960521e+04
2.572116957539268333e+04 2.548949377083122818e+04
2.597391284504503710e+04 2.573344956534771336e+04
2.621374088764551198e+04 2.596432721269976901e+04
2.643973490934691654e+04 2.618122062898530203e+04
2.665097900283278432e+04 2.638322799299540929e+04
2.684654565141332932e+04 2.656943777912713631e+04
2.702548260641632805e+04 2.673891614708459747e+04
2.718684829560717844e+04 2.689074155004674685e+04
2.732971434458403746e+04 2.702400730857638700e+04
2.745313496968104300e+04 2.713779194428702613e+04
2.755617617661521945e+04 2.723118776014964897e+04
2.763793793341754281e+04 2.730332254525113240e+04
2.769754291086789090e+04 2.735334904869525053e+04
2.773413704514713027e+04 2.738044573947707249e+04
2.774691716502912095e+04 2.738384334814959584e+04
2.773513887221243567e+04 2.736283283340458001e+04
2.769812273999787067e+04 2.731677241618658081e+04
2.763526068487860539e+04 2.724509283529298409e+04
2.754602391450339928e+04 2.714730477446301666e+04
2.743000243896041866e+04 2.702303886418096226e+04
2.728690652644509100e+04 2.687204674299421458e+04
2.711653974354185630e+04 2.669417311723433522e+04
2.691884425330807790e+04 2.648940084518723233e+04
2.669398419494268819e+04 2.625793409061396596e+04
2.644224233081525381e+04 2.600009427229616995e+04
2.616401599444091335e+04 2.571631556903944511e+04
2.586000590780506900e+04 2.540733256212148262e+04
2.553112732739347848e+04 2.507409111016686074e+04
2.517837216201732008e+04 2.471761066703843608e+04
2.480297359383621733e+04 2.433914747309068480e+04
2.440655649207507668e+04 2.394034326054574558e+04
2.399080678361317405e+04 2.352289639715664453e+04
2.355749122299131704e+04 2.308858123931685259e+04
2.310887851827337727e+04 2.263966490641048949e+04
2.264739914591407796e+04 2.217856955959724655e+04
2.217540598049754408e+04 2.170763529884563468e+04
2.169547502472810811e+04 2.122941849323321367e+04
2.121048049307719702e+04 2.074676585882404834e+04
2.072314566645897139e+04 2.026236919954343102e+04
2.023616374267439460e+04 1.977888501012283450e+04
1.975275820731912245e+04 1.929948745229160704e+04
1.927608709204484330e+04 1.882728043087909464e+04
1.880899530789063283e+04 1.836505452107195742e+04
1.835359561287218457e+04 1.791488406663044589e+04
1.791135360183783996e+04 1.747821107583919365e+04
1.748355606396986695e+04 1.705629847322573914e+04
1.707179288693801573e+04 1.665070294980199469e+04
1.667886186720958358e+04 1.626416192539040094e+04
1.630754493283789088e+04 1.589939448083609932e+04
1.595986881978687779e+04 1.555838241317946813e+04
1.563392754536334905e+04 1.523928536017925762e+04
1.532622940992193253e+04 1.493872350439059846e+04
1.503355333328197230e+04 1.465358233628465314e+04
1.475305537300992364e+04 1.438112465559598422e+04
1.448215875243438131e+04 1.411887634157978027e+04
1.421815952396564717e+04 1.386423763217047235e+04
1.395735021606082955e+04 1.361363239338489075e+04
1.369597144727841987e+04 1.336342721043180609e+04
1.342978138952849440e+04 1.310950590333055334e+04
1.315400236689104531e+04 1.284721281646699208e+04
1.286404750033687742e+04 1.257205628145068476e+04
1.255513809773789581e+04 1.227932675562517943e+04
1.222312476970062926e+04 1.196489955422400999e+04
1.186548609784020482e+04 1.162621984108730067e+04
1.148102150795738999e+04 1.126199997205894761e+04
1.107153410993373109e+04 1.087390077259923237e+04
1.064070945631520408e+04 1.046542892970006142e+04
1.019466794243088043e+04 1.004250790520715054e+04
9.740628463438119070e+03 9.612158978774546995e+03
9.286853364250115192e+03 9.182451880699985850e+03
8.841527393086069424e+03 8.761398889919022622e+03
8.412796180722007193e+03 8.356987702742237161e+03
8.008366789793989483e+03 7.976771954299201752e+03
7.635427169259265611e+03 7.627809069809344692e+03
7.299415618450550028e+03 7.315456997300033436e+03
7.004120345456763062e+03 7.043461692414251957e+03
6.749635659105200830e+03 6.811989698962764123e+03
6.532777771826567914e+03 6.617994866191686924e+03
6.346177166767563904e+03 6.454325974019886416e+03
6.180101993429047980e+03 6.311444961887431418e+03
6.022895760935206454e+03 6.177811903613833238e+03
5.863074643439764259e+03 6.041903079776733648e+03
5.690199931843684681e+03 5.893066458620872254e+03
5.496595417128779445e+03 5.723289727814837534e+03
5.278432004429063454e+03 5.528374242986704303e+03
5.036631188348500473e+03 5.308961900284284638e+03
4.776999153216182094e+03 5.070768906631370555e+03
4.508814074962581799e+03 4.823150377611204931e+03
4.243573401289262620e+03 4.577797687831146504e+03
3.993698420975087174e+03 4.347358380894225775e+03
3.770697069721572007e+03 4.143510956994889057e+03
3.581833610720699653e+03 3.973622384611104735e+03
3.427431597319108732e+03 3.838075645234762305e+03
3.300886919656913960e+03 3.730274197616720357e+03
3.191491366259162078e+03 3.639429851572279858e+03
3.087497474378844800e+03 3.553570166143304050e+03
2.977476263272541928e+03 3.460861211289553466e+03
2.852334713961512989e+03 3.351726870301442887e+03
2.709535192495392494e+03 3.223371631534575954e+03
2.555050848941741151e+03 3.081954567139857772e+03
2.399734069826813993e+03 2.938789922341701640e+03
2.254421016023489756e+03 2.805138526870034639e+03
2.127424489128199639e+03 2.689558052098651387e+03
2.022087852673327689e+03 2.595443057948146816e+03
1.934924731417768044e+03 2.519196523140752561e+03
1.857170189683266472e+03 2.451820292852958573e+03
1.779216047585527349e+03 2.383411454877540564e+03
1.693926452041859193e+03 2.306585892279804284e+03
1.600793439346811056e+03 2.220857829386668527e+03
1.505661022710446559e+03 2.132349545585673695e+03
1.415869470508437416e+03 2.048663820579482035e+03
1.336875574127834625e+03 1.975349462655307889e+03
1.269657803273985792e+03 1.913327084185403919e+03
1.209755721285736854e+03 1.858024459333506684e+03
1.151150209727349647e+03 1.803357513442010713e+03
1.090202722219183897e+03 1.745711444973616153e+03
1.027481952180989538e+03 1.685753529820574158e+03
9.670615858272949481e+02 1.627620448104954903e+03
9.124261677096981202e+02 1.574752256153909912e+03
8.638278156664024436e+02 1.527335921907852025e+03
8.188365924366074751e+02 1.482964171370621671e+03
7.745506955814321373e+02 1.438850716882491724e+03
7.303030894813555278e+02 1.394420519347084564e+03
6.877403585936757509e+02 1.351287271220249977e+03
6.484908717368781481e+02 1.310973431331402026e+03
6.125136576672790625e+02 1.273404135078659465e+03
5.784146649266315308e+02 1.237289789362754391e+03
5.452816110708347423e+02 1.201830764005438368e+03
5.134267434393765370e+02 1.167334414433472375e+03
4.836350954718093931e+02 1.134487728839400233e+03
4.558791649534826433e+02 1.103247183479402565e+03
4.295602170039031762e+02 1.073099596485744996e+03
4.043653392546174246e+02 1.043795055192724021e+03
3.805181959082693197e+02 1.015518874846570498e+03
3.581574301517404706e+02 9.883705047337443830e+02
3.370633717641692328e+02 9.621694877345051964e+02
3.170402071457912712e+02 9.367652935422971723e+02
2.981155922852738058e+02 9.121741789053000957e+02
2.803035151310013475e+02 8.883963863271947048e+02
2.635120682303535204e+02 8.653578967595948370e+02
2.476668646886968475e+02 8.430022446032061225e+02
2.327115382311653491e+02 8.212832022433560724e+02
2.186029869125396203e+02 8.001621946935847518e+02
2.052995422328368988e+02 7.796032389750264429e+02
1.927609841924445675e+02 7.595727902753784520e+02
1.809485486459913375e+02 7.400396005474917729e+02
1.698249276828092604e+02 7.209745883804311006e+02
1.593541609748982637e+02 7.023505393172182494e+02
1.495006448213326280e+02 6.841401817725533192e+02
1.402298296486179368e+02 6.663170517825964225e+02
1.315089744553579010e+02 6.488567510907771521e+02
1.233070707090152212e+02 6.317368640996784279e+02
1.155947571167928203e+02 6.149368606574465730e+02
1.083442382170640457e+02 5.984380058173741190e+02
1.015292078407861140e+02 5.822232801054107085e+02
9.512487802590629826e+01 5.662776941830514943e+02
8.910795340907340290e+01 5.505884687295824733e+02
8.345636393794289631e+01 5.351442617224350897e+02
7.814918915827053070e+01 5.199350270657753299e+02
7.316660658881696122e+01 5.049519546396405758e+02
6.848984178833741510e+01 4.901874122179722235e+02
6.410112010859565146e+01 4.756348888588510704e+02
5.998361108341222092e+01 4.612893216015874032e+02
5.612134718685418733e+01 4.471487011386913650e+02
5.249922458275276682e+01 4.332123783037565090e+02
4.910297888804489475e+01 4.194802229217825698e+02
4.591914252722448708e+01 4.059525833178130370e+02
4.293500394732248537e+01 3.926302465926785317e+02
4.013856865146604491e+01 3.795143988339846715e+02
3.751852200433503270e+01 3.666066865687386098e+02
3.506419403239851107e+01 3.539113693540733152e+02
3.276552544109595289e+01 3.414349055779340461e+02
3.061303494072567943e+01 3.291834420300463080e+02
2.859778847034971605e+01 3.171626933387329927e+02
2.671136989571446563e+01 3.053779347105573265e+02
2.494585310800985667e+01 2.938339960283681194e+02
2.329377546760894191e+01 2.825352579863950950e+02
2.174811122990923806e+01 2.714864370160136104e+02
2.030224557230623716e+01 2.606939019599962535e+02
1.894995566258270614e+01 2.501634802997312761e+02
1.768538954404315433e+01 2.399000320030306739e+02
1.650304532814240943e+01 2.299074868878603866e+02
1.539775145866325090e+01 2.201888837732149398e+02
1.436464799921937541e+01 2.107464110989399444e+02
1.339916876310417493e+01 2.015815170595382995e+02
1.249702343415332884e+01 1.926955211565601758e+02
1.165418256204029035e+01 1.840892483397177273e+02
1.086686327122661488e+01 1.757626673539813567e+02
1.013151492613492977e+01 1.677149452561195915e+02
9.444805565588964669e+00 1.599445063468831734e+02
8.803609077959384521e+00 1.524490903873110881e+02
8.204993072861954673e+00 1.452258102864608134e+02
7.646206973703302268e+00 1.382712381313368724e+02
7.124671095062447002e+00 1.315814699992625663e+02
6.637967237255867126e+00 1.251521271149002530e+02
6.183829069612765572e+00 1.189784033116035857e+02
