2.168414766134243837e+04 2.150869287085752876e+04
2.194997612924667555e+04 2.176760858700264362e+04
2.220919843030516131e+04 2.201976135339583561e+04
2.246119474470400382e+04 2.226453654685034417e+04
2.270530846578441924e+04 2.250128646964293512e+04
2.294086640284382520e+04 2.272934872282133074e+04
2.316718881748030253e+04 2.294805537776906567e+04
2.338357109951543316e+04 2.315671517632801624e+04
2.358928354241501438e+04 2.335461339567723553e+04
2.378359491678394261e+04 2.354103489926940892e+04
2.396576716060317995e+04 2.371525926897385216e+04
2.413503295930316381e+04 2.387653971726529198e+04
2.429062420933066824e+04 2.402413020843874619e+04
2.443178174550409312e+04 2.415729481850753655e+04
2.455773577231981108e+04 2.427528951284527648e+04
2.466771360065112458e+04 2.437736959626766838e+04
2.476096297188812241e+04 2.446281178626970723e+04
2.483674801936072254e+04 2.453091078844559888e+04
2.489433813020060916e+04 2.458096937767111376e+04
2.493303248729493862e+04 2.461232108701842299e+04
2.495216855513600603e+04 2.462433832979809085e+04
2.495112359546075095e+04 2.461643536155357651e+04
2.492932078995462143e+04 2.458807350200389919e+04
2.488623625131222798e+04 2.453876680917387421e+04
2.482141727057251774e+04 2.446810085242232526e+04
2.473450059083582528e+04 2.437575150658779603e+04
2.462519182965816799e+04 2.426146260714463642e+04
2.449327644575008162e+04 2.412505655692068103e+04
2.433869391436636943e+04 2.396650910636078333e+04
2.416149441308647147e+04 2.378590504034538753e+04
2.396180352601407867e+04 2.358340205609741315e+04
2.373991358441904231e+04 2.335932206932929330e+04
2.349632779152488729e+04 2.311419507094105575e+04
2.323162575901606033e+04 2.284862394044690518e+04
2.294649891452202428e+04 2.256331959703770917e+04
2.264196856549381118e+04 2.225931873133908812e+04
2.231918696689635908e+04 2.193778461445478752e+04
2.197934041663133394e+04 2.159991017265921619e+04
2.162385736037568495e+04 2.124712665387070956e+04
2.125441812349848988e+04 2.088111329418720197e+04
2.087268956082429941e+04 2.050353135756750999e+04
2.048044486689662517e+04 2.011614436082171596e+04
2.007997082136584504e+04 1.972122613042591183e+04
1.967358696055880500e+04 1.932107953105814522e+04
1.926348260524560828e+04 1.891787430420058445e+04
1.885166773374150580e+04 1.851360688990966446e+04
1.843998014679879270e+04 1.811010623229285557e+04
1.803012682109328671e+04 1.770906767213153944e+04
1.762400714591737415e+04 1.731237753420510126e+04
1.722429853333488791e+04 1.692270157200238464e+04
1.683360968205913741e+04 1.654263712426723578e+04
1.645426451012654070e+04 1.617449951487722683e+04
1.608784989059878171e+04 1.581988940409861971e+04
1.573545565290919512e+04 1.547992445780744674e+04
1.539803446927677578e+04 1.515558615122669107e+04
1.507562984265494561e+04 1.484696225279216378e+04
1.476709947723128607e+04 1.455297355030247127e+04
1.447127632002741666e+04 1.427251318298682781e+04
1.418658332915226492e+04 1.400406453932898330e+04
1.391082858711598055e+04 1.374549589801806360e+04
1.364188615122882584e+04 1.349473118035498737e+04
1.337728652907358264e+04 1.324933497884349708e+04
1.311434026634906695e+04 1.300663285325846482e+04
1.285036650027682117e+04 1.276393487069594994e+04
1.258218493280741677e+04 1.251800983166875267e+04
1.230669477121361888e+04 1.226567210260902539e+04
1.202058930363467334e+04 1.200347569577664035e+04
1.172058536704845028e+04 1.172794636509866905e+04
1.140401886432280480e+04 1.143618984646114950e+04
1.106893672149003578e+04 1.112598681420574576e+04
1.071472853314110034e+04 1.079646379862660433e+04
1.034261642147341809e+04 1.044861795304071347e+04
9.955337350550478732e+03 1.008501835129315259e+04
9.557498946181776773e+03 9.710206249040093098e+03
9.154694818117708564e+03 9.329791286826197393e+03
8.753292209066432406e+03 8.950250234867440668e+03
8.359745885637876199e+03 8.578209478550981657e+03
7.980222562235072473e+03 8.220056822451093467e+03
7.620573564857490055e+03 7.881891699111713024e+03
7.285747812784856251e+03 7.568944098809452043e+03
6.979766382085436817e+03 7.285504067167375069e+03
6.705167824241591006e+03 7.034387016846383631e+03
6.461992155371269291e+03 6.815821403885071049e+03
6.247841151767239353e+03 6.627508511516753970e+03
6.057264089085981141e+03 6.463902330184809216e+03
5.882649336630634025e+03 6.317078593532950435e+03
5.715184838847213541e+03 6.177673218283334791e+03
5.545993237576571119e+03 6.036044435799483836e+03
5.367462152052505189e+03 5.883708136538644794e+03
5.174028296491281253e+03 5.714240055644068889e+03
4.963286893755378514e+03 5.524609248003391258e+03
4.736445403758506473e+03 5.315792648106459637e+03
4.498168902543867262e+03 5.092699359161069879e+03
4.255896643181514264e+03 4.863461168901810197e+03
4.018466168934619873e+03 4.637869600578754216e+03
3.794889268888065089e+03 4.425970951324167800e+03
3.593088191494323382e+03 4.236638370792800742e+03
3.418152478346907628e+03 4.075640847536082219e+03
3.270361895312478282e+03 3.943454950594711590e+03
3.144499278119948031e+03 3.834462815763512481e+03
3.031734149916740989e+03 3.738936758280090544e+03
2.922609425684330745e+03 3.646269438052512669e+03
2.808909089939371370e+03 3.547055695636606288e+03
2.684760203143020590e+03 3.434425786953362604e+03
2.548707422990974010e+03 3.306566894749777020e+03
2.405355373789805071e+03 3.168729732599267663e+03
2.263388309662591837e+03 3.030938041832585895e+03
2.131279271414607592e+03 2.902960697684555726e+03
2.014676068679009177e+03 2.791277055755966558e+03
1.915325016814618039e+03 2.697894952933716013e+03
1.830077749330240977e+03 2.619264892238855282e+03
1.751949772098288577e+03 2.547463606847264600e+03
1.673573867727055131e+03 2.474087048549173232e+03
1.590190941390521402e+03 2.393698827599035212e+03
1.501831486755402693e+03 2.306404761308966954e+03
1.413245624743868575e+03 2.217749455977367688e+03
1.330400813419815222e+03 2.134599229001082222e+03
1.256903977898662333e+03 2.061028420336195722e+03
1.192860117522213386e+03 1.997108275319036238e+03
1.134606060509130430e+03 1.938701878491449179e+03
1.077349610058505505e+03 1.880475130672881050e+03
1.018690083943965760e+03 1.819834179084069092e+03
9.595418590553291551e+02 1.757909064084296688e+03
9.031121673369968903e+02 1.698309655902229906e+03
8.519754121862448528e+02 1.643838444599223294e+03
8.059108918324310480e+02 1.594207903819991770e+03
7.627527817495466707e+02 1.547078885316511332e+03
7.203759411605759624e+02 1.500238160699581613e+03
6.785045519300683736e+02 1.453476121568860663e+03
6.385603678271872923e+02 1.408323301395347244e+03
6.017294915842096543e+02 1.365988579376037933e+03
5.677231318289519777e+02 1.326150982004478010e+03
5.353817520793671747e+02 1.287657783931511176e+03
5.040662227549510703e+02 1.249919807807882989e+03
4.741496101208243772e+02 1.213328974774678727e+03
4.462097006954228959e+02 1.178429469296662546e+03
4.201097917141531184e+02 1.145078830129874177e+03
3.953329663556464197e+02 1.112809636337428174e+03
3.716834945596182251e+02 1.081462942234119964e+03
3.493634875348334390e+02 1.051216984135459597e+03
3.284372890387248276e+02 1.022115610251546741e+03
3.086890014599832170e+02 9.939750153633543732e+02
2.899714452475232065e+02 9.666778984249688165e+02
2.723170167713368528e+02 9.402446279081447074e+02
2.557194831264211530e+02 9.146602599339501012e+02
2.400676798265603509e+02 8.898358129781606749e+02
2.252985829252404528e+02 8.657200532261864510e+02
2.113869297360423047e+02 8.422862950169137548e+02
1.982927779962750776e+02 8.194983173686509872e+02
1.859701322412713864e+02 7.973164313788113304e+02
1.743753705647306731e+02 7.757036797033282483e+02
1.634672784711614781e+02 7.546258034769371079e+02
1.532069158766358612e+02 7.340510873862830294e+02
1.435576324178984464e+02 7.139501146057890537e+02
1.344855456274263190e+02 6.942951652336505504e+02
1.259587286609961723e+02 6.750605358211457769e+02
1.179468097216900304e+02 6.562226510783540334e+02
1.104209126640553649e+02 6.377599541660091518e+02
1.033535989387795695e+02 6.196528040163805144e+02
9.671881053638185222e+01 6.018833790997899769e+02
9.049181393682243879e+01 5.844355874139807838e+02
8.464909945076894360e+01 5.672952988807578549e+02
7.916827154409388356e+01 5.504507272961291164e+02
7.402812096463294722e+01 5.338915652900905116e+02
6.920858966260496459e+01 5.176087685357362034e+02
6.469071512113482925e+01 5.015944889826218400e+02
6.045657688126900808e+01 4.858420097734569936e+02
5.648924521163844759e+01 4.703456815118657346e+02
5.277273198083045713e+01 4.551009173667217738e+02
4.929194719706111982e+01 4.401061787623802957e+02
4.603265354376961227e+01 4.253631384941721194e+02
4.298141767382244893e+01 4.108738206444750176e+02
4.012556878552000228e+01 3.966403785823689532e+02
3.745315934575522476e+01 3.826650634223225893e+02
3.495292753420922338e+01 3.689501929610321440e+02
3.261426135591822373e+01 3.554981211689622000e+02
3.042716367313904513e+01 3.423114861843000085e+02
2.838221292473164681e+01 3.293959306709181760e+02
2.647053691533877995e+01 3.167584216669119996e+02
2.468378829500388250e+01 3.044050996630432451e+02
2.301411580153798653e+01 2.923412637303119368e+02
2.145413683326408361e+01 2.805713930993316580e+02
1.999691138355812825e+01 2.690991706014080478e+02
1.863591728104490031e+01 2.579275077898842596e+02
1.736502630686779369e+01 2.470589109423341370e+02
1.617848066858786282e+01 2.364966887339953132e+02
1.507087349498234374e+01 2.262435919876656101e+02
1.403712928315433217e+01 2.163013309757990044e+02
1.307248477481588900e+01 2.066706371592618439e+02
1.217247084609476460e+01 1.973513254365115017e+02
1.133289536398844533e+01 1.883423563870412920e+02
1.054982696062012160e+01 1.796418986214839038e+02
9.819579007925499425e+00 1.712474852050572736e+02
9.138694565172071904e+00 1.631561629813965624e+02
8.503934267640014255e+00 1.553643372825364963e+02
7.912263501775919750e+00 1.478678034586916397e+02
7.360840075990968678e+00 1.406618081012051107e+02
6.847002586995680318e+00 1.337411081294569613e+02
6.368259445948868169e+00 1.271000275650296629e+02
5.922278512576775178e+00 1.207325100688579766e+02
