2.503652565600705202e+04 2.483884481138958290e+04
2.531723700566846674e+04 2.511192294574025436e+04
2.558904532209340323e+04 2.537593195680212739e+04
2.585123563595652740e+04 2.563016438669850322e+04
2.610306732084399482e+04 2.587389005004385763e+04
2.634379579834441029e+04 2.610637591084316955e+04
2.657266329087375561e+04 2.632687699076869103e+04
2.678887755157566789e+04 2.653461552425931586e+04
2.699164291042809782e+04 2.672881156051475409e+04
2.718016670540266932e+04 2.690868940757701421e+04
2.735363051711212756e+04 2.707345019841501562e+04
2.751120467870588254e+04 2.722228595336254875e+04
2.765207401950329950e+04 2.735440438172356153e+04
2.777542465755328158e+04 2.746901639514461931e+04
2.788042709667820236e+04 2.756532011265238179e+04
2.796627351023268056e+04 2.764253662183473716e+04
2.803218351025398078e+04 2.769991566272021737e+04
2.807737987132912167e+04 2.773671300999604500e+04
2.810110976259813106e+04 2.775221061849104080e+04
2.810266612091654315e+04 2.774573687101704490e+04
2.808138232946901917e+04 2.771666227179192356e+04
2.803663049877727826e+04 2.766439832819817821e+04
2.796784310801201718e+04 2.758841714567565577e+04
2.787452207339868255e+04 2.748826040547333105e+04
2.775625456540402229e+04 2.736355667624970010e+04
2.761270959180594582e+04 2.721401633775574737e+04
2.744363870708073591e+04 2.703943120073110185e+04
2.724892170917270050e+04 2.683972099569314742e+04
2.702857990438000706e+04 2.661494650820922834e+04
2.678272668736152991e+04 2.636525838992842546e+04
2.651159905543801869e+04 2.609092852181941271e+04
2.621567248120435033e+04 2.579246542441142083e+04
2.589554728888579484e+04 2.547049925508988235e+04
2.555191263102513403e+04 2.512574515363031969e+04
2.518572707882282339e+04 2.475918388774972118e+04
2.479819646615396778e+04 2.437203921811339751e+04
2.439057981458299400e+04 2.396558323176380509e+04
2.396429032509464741e+04 2.354123726679155516e+04
2.352114494779261804e+04 2.310082131670256422e+04
2.306302502015011851e+04 2.264621441484141542e+04
2.259181187321104881e+04 2.217929037904797588e+04
2.210976263705968449e+04 2.170229366238628791e+04
2.161935453503137251e+04 2.121768372174189426e+04
2.112294924103257290e+04 2.072779987651266856e+04
2.062296672499248962e+04 2.023503631486038284e+04
2.012213626542399652e+04 1.974209440214190181e+04
1.962305148590798854e+04 1.925153698633621389e+04
1.912813835595650380e+04 1.876575712736309652e+04
1.864005333471580525e+04 1.828737814793766302e+04
1.816144737699702819e+04 1.781901799328083143e+04
1.769470044919730208e+04 1.736302420164412615e+04
1.724169412398107670e+04 1.692125564883193147e+04
1.680364820739648349e+04 1.649492604379287877e+04
1.638158114741673126e+04 1.608504995467808112e+04
1.597644652819521980e+04 1.569257846492393583e+04
1.558955628290501409e+04 1.531882421380540836e+04
1.522227235183770608e+04 1.496515433422094793e+04
1.487568403624074381e+04 1.463267084169665577e+04
1.454821470889834563e+04 1.431985688035617932e+04
1.423597360950110669e+04 1.402291554075387830e+04
1.393529513009475704e+04 1.373826281567492151e+04
1.364314841670222086e+04 1.346293331618004777e+04
1.335708065776215153e+04 1.319452414142408634e+04
1.307473629036068087e+04 1.293071585388528547e+04
1.279294718052995813e+04 1.266836564333637762e+04
1.250828262726494359e+04 1.240404680460859527e+04
1.221723043665293881e+04 1.213422139842368597e+04
1.191568117842932952e+04 1.185471678823959337e+04
1.159988596329712709e+04 1.156167879812564388e+04
1.126667456308331020e+04 1.125179365915050403e+04
1.091356392221731403e+04 1.092239389088816097e+04
1.054002908661424044e+04 1.057276373245317518e+04
1.014724003604360951e+04 1.020388510660189786e+04
9.738513848270888047e+03 9.818918517666659682e+03
9.319190501887533173e+03 9.423105362163194513e+03
8.895561014202627121e+03 9.022682071210914728e+03
8.474567852792868507e+03 8.624594683526574954e+03
8.063060141287321130e+03 8.235719911973446870e+03
7.667486197196792091e+03 7.862568302199286336e+03
7.293942650990089533e+03 7.511308128145557021e+03
6.947762013052703878e+03 7.187364757288149121e+03
6.633513276547551868e+03 6.895386095086254500e+03
6.354017493696272140e+03 6.638325055730861095e+03
6.109313696444617563e+03 6.416305211438469996e+03
5.896922968261876122e+03 6.226939923166893095e+03
5.710534785825972904e+03 6.063924997163888293e+03
5.542014198621886862e+03 5.919036429541625694e+03
5.381667956465364114e+03 5.782341199687837616e+03
5.220138640539656080e+03 5.644104832937998253e+03
5.049231685881576595e+03 5.495638314673578861e+03
4.863049189809125892e+03 5.330533981733991823e+03
4.658991329283811865e+03 5.145797520551599519e+03
4.438041824250702120e+03 4.942228528704671589e+03
4.205065084695052064e+03 4.724826275437145341e+03
3.967421486609723615e+03 4.501311131863404626e+03
3.733834132795375808e+03 4.280905087651717622e+03
3.513453178626826229e+03 4.073293652797005507e+03
3.314892461158553488e+03 3.887554486112681843e+03
3.143853002901123546e+03 3.729689572601908822e+03
3.000788047988747167e+03 3.600224018782441362e+03
2.880427318162134725e+03 3.493696243492359827e+03
2.774017039049490904e+03 3.400965595417396344e+03
2.672517902734376094e+03 3.312508516453447555e+03
2.567825418361439915e+03 3.219680061706610559e+03
2.453428585747052693e+03 3.115456794609489407e+03
2.327143537668394856e+03 2.997453051750763734e+03
2.193222051421952074e+03 2.870249603599942020e+03
2.059909457645757357e+03 2.742735764464031945e+03
1.935075425098988262e+03 2.623342262001746349e+03
1.824340786973693184e+03 2.518013406600765393e+03
1.729990918159230660e+03 2.429111707360401851e+03
1.649465310996682774e+03 2.353898628435268620e+03
1.576697400235565738e+03 2.285980726789464370e+03
1.504960517719808195e+03 2.218288846383786222e+03
1.429338680772162888e+03 2.145689175967331721e+03
1.349205172833953156e+03 2.067611969728588974e+03
1.268590650959955155e+03 1.988389620570101897e+03
1.192512310544742149e+03 1.913305994334860088e+03
1.124332849700336737e+03 1.845815821877836697e+03
1.064750003478085546e+03 1.786564446557983956e+03
1.010925083928780168e+03 1.732596617353118972e+03
9.588319370467719409e+02 1.679824031065880263e+03
9.061768735836876658e+02 1.625989867752133023e+03
8.532057806629885590e+02 1.571432397568408760e+03
8.023504124526986061e+02 1.518632123110567363e+03
7.558158761662778033e+02 1.469750864611569341e+03
7.136719395165903279e+02 1.424805583119214816e+03
6.744560410038375267e+02 1.382353995063002003e+03
6.364477313139362877e+02 1.340771771669327336e+03
5.991706873520332692e+02 1.299658844619430738e+03
5.635161102599524838e+02 1.259877658729393488e+03
5.303847854705169311e+02 1.222244895732275609e+03
4.997145915752055316e+02 1.186675562827121212e+03
4.707327492181519233e+02 1.152472493352446008e+03
4.429124531678045287e+02 1.119189263373659969e+03
4.163621372962340388e+02 1.086932873407868101e+03
3.914627915028192433e+02 1.056016428767409252e+03
3.681662708385881047e+02 1.026383348874193643e+03
3.461534843067092879e+02 9.977688813051011039e+02
3.252365612728149245e+02 9.700260106087112035e+02
3.054865997709758858e+02 9.432046030707256250e+02
2.869404080423597634e+02 9.173197815341237629e+02
2.694714061543632511e+02 8.922689437934934631e+02
2.529651669263840859e+02 8.679644653578050111e+02
2.374027303385159939e+02 8.443846691002739817e+02
2.227664701964908147e+02 8.215063688799845067e+02
2.089909569304286379e+02 7.992769237264254798e+02
1.960089166389759043e+02 7.776454872135940377e+02
1.837889736133663234e+02 7.565828195105896157e+02
1.722968971157913813e+02 7.360589873034666653e+02
1.614913588597497949e+02 7.160408514916863396e+02
1.513331596432864501e+02 6.964976867912023408e+02
1.417852450999012035e+02 6.774011282596145520e+02
1.328125925277113879e+02 6.587250420610829451e+02
1.243821035412374414e+02 6.404454059980530474e+02
1.164625050770733452e+02 6.225402024697440311e+02
1.090244772386220262e+02 6.049896242280179877e+02
1.020406499364798520e+02 5.877761632421365903e+02
9.548508977217474580e+01 5.708839793888796521e+02
8.933319576814689356e+01 5.542987609393251205e+02
8.356164275430573696e+01 5.380076480486478658e+02
7.814832621487475706e+01 5.219991597560782566e+02
7.307230863947594912e+01 5.062631239751248700e+02
6.831374877963968117e+01 4.907909207756790693e+02
6.385377903630857332e+01 4.755767200203662242e+02
5.967454584177535537e+01 4.606161049996219958e+02
5.575919610972128027e+01 4.459054048339161795e+02
5.209182615760146717e+01 4.314416453975566696e+02
4.865743284833385474e+01 4.172225013062273433e+02
4.544186690996718170e+01 4.032462483668925302e+02
4.243178858784710172e+01 3.895118127466764690e+02
3.961462961593360887e+01 3.760207183345046360e+02
3.697855100781659843e+01 3.627766517440795724e+02
3.451239913375604829e+01 3.497832139144767325e+02
3.220566900780205799e+01 3.370438076242238026e+02
3.004846951305156821e+01 3.245616214677797302e+02
2.803149026967005142e+01 3.123396147474614963e+02
2.614597008232749076e+01 3.003805043039452016e+02
2.438366485641089554e+01 2.886876630120158893e+02
2.273681613565790727e+01 2.772665676494449940e+02
2.119812993456319106e+01 2.661223055295568543e+02
1.976075176479582751e+01 2.552590972513579572e+02
1.841824179033568498e+01 2.446803270678995830e+02
1.716455126415212717e+01 2.343885748454277405e+02
1.599400018940456825e+01 2.243856493792938807e+02
1.490125601816105139e+01 2.146727308674946642e+02
1.388131258256343692e+01 2.052512744506142894e+02
1.292947199192989238e+01 1.961224069750406613e+02
1.204132737857107394e+01 1.872863573025290407e+02
1.121274581897525202e+01 1.787425098928825946e+02
1.043985217839231794e+01 1.704894648095303751e+02
9.719013841666505726e+00 1.625250971572133381e+02
9.046826274725766837e+00 1.548466170070535668e+02
8.420098721709942780e+00 1.474507062135904221e+02
7.835841211048911958e+00 1.403335989705467171e+02
7.291253590663846929e+00 1.334910029612736366e+02
6.783714099188059343e+00 1.269181436376905197e+02
6.310768488076761606e+00 1.206098186810436346e+02
5.870119769814659882e+00 1.145604501900447048e+02
5.459618558973414082e+00 1.087641344774694829e+02
