2.265807109101704555e+04 2.248847460597010650e+04
2.291503987450073691e+04 2.273882908796067568e+04
2.316389188532072876e+04 2.298091614857703098e+04
2.340395635839155511e+04 2.321407211311005085e+04
2.363455529563705568e+04 2.343762714720722215e+04
2.385500262572946667e+04 2.365090429295680224e+04
2.406458033160958075e+04 2.385319591477534414e+04
2.426255930591605647e+04 2.404378438640643799e+04
2.444821257121352392e+04 2.422195522319427982e+04
2.462079627440989861e+04 2.438697888033247364e+04
2.477954763851336611e+04 2.453810891320151495e+04
2.492371304390783189e+04 2.467460915604668116e+04
2.505254462256968327e+04 2.479575057624692272e+04
2.516527807418001612e+04 2.490079011353417081e+04
2.526116157282599306e+04 2.498899856233746686e+04
2.533946705531804764e+04 2.505967153740790309e+04
2.539947266646745993e+04 2.511211310238065926e+04
2.544047059994784286e+04 2.514564335248009957e+04
2.546179053017743718e+04 2.515962066957204297e+04
2.546279958378641095e+04 2.515344221407744408e+04
2.544289790777026792e+04 2.512654052574205343e+04
2.540153561679464838e+04 2.507839877015732418e+04
2.533822145066786106e+04 2.500855906308365593e+04
2.525254083535767495e+04 2.491664186357511062e+04
2.514415400906745344e+04 2.480234313723058949e+04
2.501279160479415441e+04 2.466542868924115828e+04
2.485828868646278352e+04 2.450576881357172533e+04
2.468061347655644568e+04 2.432336743948994626e+04
2.447981767719738127e+04 2.411831060832644289e+04
2.425605213491621180e+04 2.389078187389989034e+04
2.400968089617281657e+04 2.364117715321186188e+04
2.374119665060372427e+04 2.337001890045253822e+04
2.345116685302935366e+04 2.307790139221635764e+04
2.314037479160594012e+04 2.276563202050042310e+04
2.280985152966824899e+04 2.243426292615644343e+04
2.246068343098251353e+04 2.208489760160011429e+04
2.209407096973526859e+04 2.171874957658129642e+04
2.171158109962878007e+04 2.133739465206189197e+04
2.131486808153634047e+04 2.094249134846404922e+04
2.090558172837128222e+04 2.053568915468567138e+04
2.048567725036774573e+04 2.011893791542674808e+04
2.005734788906756876e+04 1.969442047438072404e+04
1.962269715020370495e+04 1.926422570442047436e+04
1.918385826224762786e+04 1.883046843514537250e+04
1.874324516513514754e+04 1.839554078786752507e+04
1.830317654543828030e+04 1.796173664607251339e+04
1.786582432585260176e+04 1.753120070663917431e+04
1.743354596048070016e+04 1.710626018307873164e+04
1.700871910525063504e+04 1.668926082681475600e+04
1.659349545789624972e+04 1.628232263829005751e+04
1.618958755099708469e+04 1.588713423425852852e+04
1.579807984381255301e+04 1.550477077656049914e+04
1.541987711891315485e+04 1.513612967073106847e+04
1.505583364693576914e+04 1.478205793628226638e+04
1.470713707876640729e+04 1.444373285830628447e+04
1.437503633528017963e+04 1.412239419154812276e+04
1.406054726711505282e+04 1.381905521467769540e+04
1.376229189877608223e+04 1.353238773113669413e+04
1.347672933596928488e+04 1.325894336425350775e+04
1.320050762082155052e+04 1.299545274445790710e+04
1.293087771169370171e+04 1.273923630438667897e+04
1.266565429644592768e+04 1.248816540472427369e+04
1.240274776706700322e+04 1.224019621498559718e+04
1.213937042406887304e+04 1.199258989412444680e+04
1.187249645720090120e+04 1.174235793900900171e+04
1.159905299317803110e+04 1.148644619931243142e+04
1.131546626344859396e+04 1.122128559132475857e+04
1.101848377316726874e+04 1.094359390710489970e+04
1.070540311812819164e+04 1.065061388891475872e+04
1.037414060922313729e+04 1.034017060005673557e+04
1.002438834347705415e+04 1.001184119794292565e+04
9.657398920220050059e+03 9.666747477673501635e+03
9.276330827439091081e+03 9.307910025257971938e+03
8.886194605978505933e+03 8.940217755631301770e+03
8.492805138086216175e+03 8.569375785447882663e+03
8.102547651894021328e+03 8.201688638560252002e+03
7.721633968138160526e+03 7.843297687879005935e+03
7.355862021572850608e+03 7.499956765445400379e+03
7.010621875621704021e+03 7.177016917572001148e+03
6.690573364238711292e+03 6.879123565271451298e+03
6.399611488166814524e+03 6.610149713698398955e+03
6.140071772789099668e+03 6.372474567909554025e+03
5.911709660035482557e+03 6.165891045145091084e+03
5.711987040961879757e+03 5.987937627486659039e+03
5.534894104129595689e+03 5.832663195548362637e+03
5.372798969995650623e+03 5.692448367972307096e+03
5.216773145820999162e+03 5.558285042955620156e+03
5.058383103182170998e+03 5.421563066464363146e+03
4.890451767776234192e+03 5.274832823701298366e+03
4.708082935618299416e+03 5.112898568583485030e+03
4.509505688330636076e+03 4.933741076207541482e+03
4.296229374943371113e+03 4.738732120787091844e+03
4.073198987954202494e+03 4.532858942459944046e+03
3.847470333864755958e+03 4.323339778623209895e+03
3.627081995104920679e+03 4.118446695320400067e+03
3.420178494086161663e+03 3.926569672069097578e+03
3.234179705507000563e+03 3.755327476352009853e+03
3.073736496697459643e+03 3.609494281113481520e+03
2.938618428701118773e+03 3.488871159261173489e+03
2.823401073982298840e+03 3.387945279800296703e+03
2.719661963716291666e+03 3.298099279533509616e+03
2.619062509569490430e+03 3.210731169556805526e+03
2.514574921873138010e+03 3.118510010049141783e+03
2.400947804471588825e+03 3.015901256279256359e+03
2.276961345746271490e+03 2.901589472057867169e+03
2.147159109542491478e+03 2.780331222756221905e+03
2.019416321428585888e+03 2.660378462670313183e+03
1.900764881796250847e+03 2.549060930030944292e+03
1.795772607946187918e+03 2.451089723040084664e+03
1.705772473312122202e+03 2.367807703480786586e+03
1.627830188126785742e+03 2.296169633609835273e+03
1.556073743339582052e+03 2.230125324258555338e+03
1.484526923129474653e+03 2.163525115555233242e+03
1.409291995442882808e+03 2.092382047787378724e+03
1.330471111520983413e+03 2.016867238849574051e+03
1.252176493952013061e+03 1.941279209891135224e+03
1.178942748865882322e+03 1.870284930883252855e+03
1.113370381419645810e+03 1.806504808071679236e+03
1.055537134314552077e+03 1.749968814583212406e+03
1.002527791029333343e+03 1.697712612315702927e+03
9.507436377739545605e+02 1.646142734657593564e+03
8.985109136418705020e+02 1.593641898103768426e+03
8.464579608542676397e+02 1.540902841588517958e+03
7.969006886755591950e+02 1.490246630370110097e+03
7.516023399618420626e+02 1.443383884028474085e+03
7.102842249838487305e+02 1.400010515277049763e+03
6.714758734340809951e+02 1.358700907405454700e+03
6.337520778250456033e+02 1.318121255434099567e+03
5.969215540081042946e+02 1.278132177146876757e+03
5.618827609534874910e+02 1.239594339372399872e+03
5.293281778024493178e+02 1.203137203659857732e+03
4.990353515856838840e+02 1.168541308177376550e+03
4.702826818447957180e+02 1.135159210466511240e+03
4.426953728089009701e+02 1.102675125713507668e+03
4.164438243757666669e+02 1.071249128777495116e+03
3.918285680707061829e+02 1.041133690760935451e+03
3.687298473520858124e+02 1.012218845756483688e+03
3.468559396566664645e+02 9.842626432178973346e+02
3.260812637149641660e+02 9.571669455903283961e+02
3.064783016231090187e+02 9.309869816780837937e+02
2.880468892394666796e+02 9.057153494882677478e+02
2.706581585182536855e+02 8.812494700283739348e+02
2.542222704270837426e+02 8.575200287243909543e+02
2.387253815994989736e+02 8.345118301301730526e+02
2.241384845245766542e+02 8.121974008690619939e+02
2.103901979465009333e+02 7.905221719687937139e+02
1.974351762774247163e+02 7.694496585023179023e+02
1.852443843695379542e+02 7.489546478464126267e+02
1.737659508130726920e+02 7.289980797177584009e+02
1.629616477440490314e+02 7.095494646411500526e+02
1.527950352005907177e+02 6.905804423024817424e+02
1.432313880735121074e+02 6.720646546650597202e+02
1.342376355350932045e+02 6.539776351510080303e+02
1.257823009816208071e+02 6.362967058896132357e+02
1.178354358264021045e+02 6.190008656499427389e+02
1.103684511681615277e+02 6.020704203719650422e+02
1.033541105353784957e+02 5.854869755041594317e+02
9.676658789662124605e+01 5.692336327310581510e+02
9.058140802333349484e+01 5.532949233768024442e+02
8.477538493578715872e+01 5.376567366739935778e+02
7.932656248776235941e+01 5.223062519241807422e+02
7.421415705949347341e+01 5.072318748612622130e+02
6.941850000069391058e+01 4.924234832256710206e+02
6.492098188052041507e+01 4.778727778977710159e+02
6.070400743474010596e+01 4.635724968214208843e+02
5.675094711079296417e+01 4.495162380127275696e+02
5.304608954050975456e+01 4.356984119447569697e+02
4.957459594679908577e+01 4.221141950211801372e+02
4.632245643576518290e+01 4.087594839668280997e+02
4.327644714497313316e+01 3.956310664459935538e+02
4.042408380605071017e+01 3.827280618332981703e+02
3.775358943757754560e+01 3.700507478083048909e+02
3.525386172670134499e+01 3.575995961193593189e+02
3.291443755426107032e+01 3.453752395254108478e+02
3.072545912428636683e+01 3.333784456167579719e+02
2.867764167037750411e+01 3.216100910560739976e+02
2.676224263320698071e+01 3.100711683716114635e+02
2.497103033572297903e+01 2.987641446722307137e+02
2.329625600732056867e+01 2.876932156624587833e+02
2.173063038206097630e+01 2.768622335340857035e+02
2.026729848603139672e+01 2.662745542212505825e+02
1.889981545166104837e+01 2.559330443626969043e+02
1.762212355233439354e+01 2.458400894033866280e+02
1.642853040507633366e+01 2.359976027805145407e+02
1.531368777876022769e+01 2.264073928171642649e+02
1.427257061325535759e+01 2.170722065461546038e+02
1.330046047775356399e+01 2.079944225628451875e+02
1.239292847716508916e+01 1.991756555367086037e+02
1.154581844621329623e+01 1.906167956211635897e+02
1.075523104652548056e+01 1.823180484441805618e+02
1.001750872357584932e+01 1.742789754340942352e+02
9.329221414836192494e+00 1.664985554716537024e+02
8.687152212334106949e+00 1.589755166613966537e+02
8.088285179582795692e+00 1.517082415029813092e+02
7.529794202039158613e+00 1.446945346077409624e+02
7.009031601190633509e+00 1.379316633551009943e+02
6.523517369050201964e+00 1.314164050176033243e+02
6.070929014097849574e+00 1.251450926437605204e+02
5.649091985712053621e+00 1.191136595887971481e+02
5.255970432885384014e+00 1.133176928560596082e+02
