2.767332900591459111e+04 2.750620572582960085e+04
2.794168147106471224e+04 2.776823314280060731e+04
2.819771376688386954e+04 2.801780695507254131e+04
2.844052081947065744e+04 2.825402919018541070e+04
2.866918065139550890e+04 2.847598674650100293e+04
2.888277297427445592e+04 2.868276920022474951e+04
2.908034232189155955e+04 2.887343220479925003e+04
2.926089361014933093e+04 2.904699315702420063e+04
2.942344205357254759e+04 2.920248087358231714e+04
2.956700467168344767e+04 2.933892743955513288e+04
2.969055933030303277e+04 2.945532828415659242e+04
2.979309643227229390e+04 2.955069288315662925e+04
2.987363581771622194e+04 2.962406140535292070e+04
2.993117817840204953e+04 2.967445746281976244e+04
2.996472355175747725e+04 2.970090630760908607e+04
2.997332311647785173e+04 2.970248545738512985e+04
2.995606348236572376e+04 2.967830984998725398e+04
2.991203884534821191e+04 2.962750536092871334e+04
2.984041005107258025e+04 2.954926566998735871e+04
2.974041718573907201e+04 2.944286465646176293e+04
2.961135131431792252e+04 2.930763072040123006e+04
2.945258268379641231e+04 2.914297324952990311e+04
2.926359045305160180e+04 2.894841046213195659e+04
2.904397114794699519e+04 2.872357985019882108e+04
2.879344619277843231e+04 2.846824672464547984e+04
2.851186769754431953e+04 2.818230608524094350e+04
2.819923789343097815e+04 2.786580222707603752e+04
2.785577441088213891e+04 2.751899765828738236e+04
2.748186104876395984e+04 2.714231977025616288e+04
2.707802848690843894e+04 2.673633941028942718e+04
2.664508875072553565e+04 2.630190837731386273e+04
2.618413479423660465e+04 2.584015839272308222e+04
2.569638515736564659e+04 2.535234125635731107e+04
2.518327429540545563e+04 2.483991991038156993e+04
2.464669010146642540e+04 2.430480856306828719e+04
2.408865356423929552e+04 2.374904788387810186e+04
2.351125980816322408e+04 2.317474485813574938e+04
2.291712030989860068e+04 2.258451507338708689e+04
2.230915611734945924e+04 2.198127556221597479e+04
2.169020031772937364e+04 2.136784733576788858e+04
2.106326256563983407e+04 2.074721896387373636e+04
2.043182923803992890e+04 2.012284553679617602e+04
1.979922209119996114e+04 1.949801115350667533e+04
1.916863050761801060e+04 1.887585954144295465e+04
1.854402633271318700e+04 1.826028861699874687e+04
1.792945663687248816e+04 1.765526084989419178e+04
1.732848196317027032e+04 1.706425610635591147e+04
1.674402382427338307e+04 1.649011976291336032e+04
1.617833762535215828e+04 1.593503628216279321e+04
1.563331085135149078e+04 1.540082902301847389e+04
1.511096349717747580e+04 1.488944152269224105e+04
1.461517299782116243e+04 1.440458916097145448e+04
1.414990714502048286e+04 1.395007379596801366e+04
1.371834796938117324e+04 1.352894333911692229e+04
1.332050417661593565e+04 1.314114436993624076e+04
1.295441011141463787e+04 1.278469452851169808e+04
1.261820368504564067e+04 1.245772125525477895e+04
1.230968320051964110e+04 1.215802913874780097e+04
1.202648010486998828e+04 1.188326603891268132e+04
1.176621287525392290e+04 1.163107487591963763e+04
1.152527203448184810e+04 1.139792617802116183e+04
1.129977373231244565e+04 1.118002959635345178e+04
1.108540988129171637e+04 1.097320066538028914e+04
1.087690193742837801e+04 1.077234260544810786e+04
1.066893466171753062e+04 1.057232614684829059e+04
1.045501728024910517e+04 1.036692559651464398e+04
1.022863000634802665e+04 1.014988694754072640e+04
9.983494031793210524e+03 9.915218517288003568e+03
9.713898092116489352e+03 9.657475773265377939e+03
9.415855379131753580e+03 9.372888604495534310e+03
9.087143483198982722e+03 9.059379891786116787e+03
8.728394163936169207e+03 8.717616839559357686e+03
8.342649551057293138e+03 8.350569566914164170e+03
7.935499175517255026e+03 7.963642675519956356e+03
7.514032186624943279e+03 7.563655955881784394e+03
7.086828833003937689e+03 7.158840637531580796e+03
6.663181610265000018e+03 6.758059489048441719e+03
6.253102507549760958e+03 6.370824042634387297e+03
5.865979143640493021e+03 6.006004176799996458e+03
5.511275912231248185e+03 5.672459922927883781e+03
5.196281618322313989e+03 5.376972346256215133e+03
4.926255532140372452e+03 5.124321984851485468e+03
4.702530453278831374e+03 4.915605231907593407e+03
4.523257076234839587e+03 4.748897709482836945e+03
4.382304463654225401e+03 4.618311187313004666e+03
4.271089294850336046e+03 4.515676818813776663e+03
4.178347745411017968e+03 4.430371403498449581e+03
4.091562904040483318e+03 4.350624780194450977e+03
3.997973160613682012e+03 4.264448608764274468e+03
3.886031359175698981e+03 4.161000274969964266e+03
3.747551775223580535e+03 4.032610921562765270e+03
3.579033120357254575e+03 3.876035809933090150e+03
3.382456283501562211e+03 3.693221508414213986e+03
3.165232220975223299e+03 3.491253561978931884e+03
2.939490753433083682e+03 3.281611613835848857e+03
2.720354774452555375e+03 3.078456121158921178e+03
2.522731416823880863e+03 2.895583363566101525e+03
2.357421499480553848e+03 2.742820303749781033e+03
2.228504694038528214e+03 2.623692014085063420e+03
2.133508312743526403e+03 2.535709451076913865e+03
2.065048716126416821e+03 2.471958405560450501e+03
2.011668808163050471e+03 2.421876033781867136e+03
1.958768693423443210e+03 2.372071164198818224e+03
1.892392975928461510e+03 2.309768925882035091e+03
1.804785848516880151e+03 2.227922664388843714e+03
1.696903743537147648e+03 2.127541832553980385e+03
1.576831745041316026e+03 2.016184776346662375e+03
1.457012661411834870e+03 1.905282876376734066e+03
1.350578093104349819e+03 1.806672113769444422e+03
1.265937464037198879e+03 1.727720073203005995e+03
1.204147977255321166e+03 1.669136824681862436e+03
1.159103456755148500e+03 1.625319775977212657e+03
1.119639814088837966e+03 1.586292972479972605e+03
1.074275390630924448e+03 1.541905497654249757e+03
1.017225576615344266e+03 1.487139479812537047e+03
9.503466554073809220e+02 1.423786963722443716e+03
8.813573976900979687e+02 1.358741206526953647e+03
8.198915628056264495e+02 1.300368771697244483e+03
7.714306510813082696e+02 1.253247721055427746e+03
7.345279492366458953e+02 1.215962447373945906e+03
7.027163439295451326e+02 1.182913007257182016e+03
6.685447400067550916e+02 1.147800427274546564e+03
6.287937074088324607e+02 1.108009743579187898e+03
5.863513532065757090e+02 1.066067788389475709e+03
5.468446843605045160e+02 1.026664604033847354e+03
5.140930096713849480e+02 9.928475825484431425e+02
4.872596522795493570e+02 9.638218001664047279e+02
4.621240219050883411e+02 9.361408548285029383e+02
4.353370107549555428e+02 9.071692525904838931e+02
4.072719075463076592e+02 8.772696177309758241e+02
3.808342734963262046e+02 8.487296244108118799e+02
3.580302139128563681e+02 8.230426506298159666e+02
3.379694417963023056e+02 7.994684982977487380e+02
3.183926217429472558e+02 7.762989669087960465e+02
2.984947644321476901e+02 7.529677042459125005e+02
2.794359804511340144e+02 7.303369681100822390e+02
2.623403814525230473e+02 7.091876201079494422e+02
2.467940183217298227e+02 6.891931817080468363e+02
2.317494646255773034e+02 6.696215012301300931e+02
2.170967445331251042e+02 6.504079572021722697e+02
2.034567548985527026e+02 6.319614748253001153e+02
1.909547353117280295e+02 6.143437889905901557e+02
1.791212251315859021e+02 5.972438486053101769e+02
1.677991158953879847e+02 5.805640442439970457e+02
1.571379621023343702e+02 5.643863759614155242e+02
1.471670083916224883e+02 5.487197725199101797e+02
1.378359782635581041e+02 5.335307635791804159e+02
1.290948269607968086e+02 5.187856917270650001e+02
1.208983939066043831e+02 5.044534304464134493e+02
1.132058832298730948e+02 4.905052224839166115e+02
1.059804030900860994e+02 4.769145330853332325e+02
9.918892553956804647e+01 4.636572476443581081e+02
9.280592872827156725e+01 4.507153486108071547e+02
8.681037357021324397e+01 4.380749951811486085e+02
8.118198134745355787e+01 4.257233631379442045e+02
7.590118120191192475e+01 4.136485310156493256e+02
7.094912406504313651e+01 4.018394318188143188e+02
6.630769114608249026e+01 3.902858074457870430e+02
6.195949617668087228e+01 3.789781654172542744e+02
5.788753456049262525e+01 3.679076981150993788e+02
5.407484760270138224e+01 3.570661969593118670e+02
5.050537538837005513e+01 3.464461048478522684e+02
4.716403187718106693e+01 3.360404943089765766e+02
4.403664658252028374e+01 3.258430327326616975e+02
4.110990973612472743e+01 3.158479489756417138e+02
3.837132072813948014e+01 3.060500012009388229e+02
3.580915208939379113e+01 2.964445356662872655e+02
3.341249914916888031e+01 2.870281859972852772e+02
3.117115435178035909e+01 2.777983532809022904e+02
2.907549986647960338e+01 2.687526839110818742e+02
2.711647610892133642e+01 2.598890453172247703e+02
2.528555236329952649e+01 2.512055074077938457e+02
2.357469871079888790e+01 2.427003244676300540e+02
2.197635911517775398e+01 2.343719210972568874e+02
2.048341523788038288e+01 2.262192342970627124e+02
1.908915705196671553e+01 2.182419354069081123e+02
1.778728097235807937e+01 2.104397386182105265e+02
1.657186887035043554e+01 2.028123143011348191e+02
1.543736581574760436e+01 1.953592820842960975e+02
1.437855900629869410e+01 1.880802043424807266e+02
1.339055782828153518e+01 1.809745801044810776e+02
1.246877505232388472e+01 1.740419552376392573e+02
1.160890931244149904e+01 1.672825865713023745e+02
1.080692790824223870e+01 1.606968471131737317e+02
1.005905068820163706e+01 1.542848399491271323e+02
9.361735021292085790e+00 1.480464057580705628e+02
8.711661603542426136e+00 1.419811323067044100e+02
8.105721056883904652e+00 1.360883642545922783e+02
7.541001269930688977e+00 1.303672198569773002e+02
7.014774964307269656e+00 1.248169320653227317e+02
6.524488385673019586e+00 1.194369423980424756e+02
6.067751513577579026e+00 1.142263893622318420e+02
5.642328067203242981e+00 1.091840867976750076e+02
5.246126024778673624e+00 1.043085463160629018e+02
4.877188696187956474e+00 9.959799947871596260e+01
4.533686318864428522e+00 9.505041962959033697e+01
4.213908078111999522e+00 9.066357919700980972e+01
3.916254393889091023e+00 8.643521733763650161e+01
3.639230266459065888e+00 8.236289798224660785e+01
3.381438821907380099e+00 7.844395976127766801e+01
