2.401520617348619271e+04 2.385668681209786155e+04
2.425922031582902855e+04 2.409461226764759704e+04
2.449334821246700449e+04 2.432251521219813003e+04
2.471689197905741457e+04 2.453970248210807404e+04
2.492912322881634464e+04 2.474545279817696064e+04
2.512931330799804709e+04 2.493904555280876957e+04
2.531672892497475914e+04 2.511975641373451799e+04
2.549060884890094894e+04 2.528683416661679803e+04
2.565019197893989258e+04 2.543952871218587461e+04
2.579472732890498082e+04 2.557710106835353508e+04
2.592344487984569787e+04 2.569879501215576965e+04
2.603556207909328077e+04 2.580384354490348051e+04
2.613031719505566070e+04 2.589150154929103519e+04
2.620696165570806988e+04 2.596103847357868653e+04
2.626473653243658555e+04 2.601171565280003415e+04
2.630290959247339197e+04 2.604282236038759947e+04
2.632078559178899377e+04 2.605368591070319962e+04
2.631767975539660620e+04 2.604364645289850523e+04
2.629293221198369065e+04 2.601207094245386543e+04
2.624593732736103993e+04 2.595838132278295598e+04
2.617614283745501962e+04 2.588205435885152838e+04
2.608304525502562683e+04 2.578261815558581657e+04
2.596620936375868041e+04 2.565966967054902125e+04
2.582527707012262545e+04 2.551288328140269005e+04
2.565998363565761247e+04 2.534202894726207523e+04
2.547015638747295088e+04 2.514696960482553186e+04
2.525571139384812705e+04 2.492765618405580608e+04
2.501669168928383442e+04 2.468416690628735159e+04
2.475330224994507807e+04 2.441674316920396086e+04
2.446584813445289547e+04 2.412572483212182124e+04
2.415474713413063364e+04 2.381156257216260565e+04
2.382066324541555878e+04 2.347495324253322178e+04
2.346441345215957699e+04 2.311674462077398857e+04
2.308689211052609608e+04 2.273785822425029255e+04
2.268922074008001800e+04 2.233943984357380032e+04
2.227281940883403513e+04 2.192293095204237034e+04
2.183915918578631317e+04 2.148981923179582373e+04
2.138980054092633509e+04 2.104167670472946702e+04
2.092671787149139709e+04 2.058048386915884475e+04
2.045199500219953188e+04 2.010832504445278391e+04
1.996766250070087335e+04 1.962722585610771421e+04
1.947601689722523952e+04 1.913947018049029793e+04
1.897966189368923733e+04 1.864764094546447450e+04
1.848106074608786366e+04 1.815417620790946239e+04
1.798261723122495096e+04 1.766144911888090428e+04
1.748707568565901238e+04 1.717216196895842950e+04
1.699708108101681864e+04 1.668891388290063696e+04
1.651502600567238915e+04 1.621405094704026669e+04
1.604332598354687980e+04 1.574993289202203232e+04
1.558440077337004368e+04 1.529891617432357089e+04
1.514038955983761116e+04 1.486308053677823045e+04
1.471309501735642152e+04 1.444417288810300852e+04
1.430384989663663873e+04 1.404347117772051388e+04
1.391374459618566834e+04 1.366201621202054775e+04
1.354369174144908175e+04 1.330067718610122574e+04
1.319420998858144230e+04 1.295993152782907600e+04
1.286551863532435164e+04 1.263996035304264842e+04
1.255776500596601181e+04 1.234087958176129723e+04
1.226966589362741252e+04 1.206142527228053041e+04
1.199751925396431579e+04 1.179799438464814375e+04
1.173766549135684909e+04 1.154702419326569179e+04
1.148692770974073755e+04 1.130542644740589276e+04
1.124273078571768383e+04 1.107070935908696447e+04
1.100270055911489908e+04 1.084057317743692147e+04
1.076368318471570456e+04 1.061197271386011380e+04
1.052181425515885712e+04 1.038117887677598264e+04
1.027334327610344008e+04 1.014456471677955415e+04
1.001390285772742573e+04 9.897924301037934129e+03
9.739375068874474891e+03 9.637275535747361573e+03
9.446608569022213487e+03 9.359578217330048574e+03
9.133423132402504052e+03 9.062726410656709049e+03
8.799599623488562429e+03 8.746494478373264428e+03
8.447514964360618251e+03 8.413176635608408105e+03
8.080812788644949251e+03 8.066270737865336741e+03
7.704972653820936102e+03 7.711055775380135856e+03
7.326006426715032831e+03 7.353306191559369836e+03
6.950727529526337094e+03 6.999563120292809799e+03
6.585627661546878699e+03 6.656038132317413329e+03
6.236867639894890090e+03 6.328608089740640025e+03
5.910406267295891666e+03 6.022926928072878582e+03
5.611651981951964444e+03 5.744119658241811521e+03
5.344787481408262465e+03 5.496070930102363491e+03
5.112446758590279387e+03 5.281238448663704730e+03
4.913578623180163959e+03 5.098535598005595602e+03
4.745106828466669867e+03 4.944961187295450145e+03
4.600078291540149621e+03 4.813853352192572856e+03
4.470375643735413178e+03 4.697429805082979328e+03
4.346656430193956112e+03 4.586748949253526007e+03
4.220110503037375565e+03 4.473351911580777596e+03
4.083014337194419113e+03 4.349785885269318896e+03
3.930057185104507880e+03 4.210908684158235701e+03
3.759104034166500242e+03 4.054618715006919956e+03
3.571687670114155935e+03 3.882369185226913032e+03
3.372722474261919615e+03 3.698898493370269080e+03
3.169274587112823610e+03 3.511015399719490233e+03
2.969825311517097816e+03 3.326871845091207888e+03
2.783716423568539994e+03 3.155381611022562538e+03
2.619386020650945284e+03 3.004501500313950146e+03
2.481422525532650525e+03 2.878494567107055445e+03
2.368861202373268043e+03 2.776352706829474300e+03
2.275867134580594211e+03 2.692488652193465441e+03
2.194637258886824384e+03 2.619494317477662207e+03
2.117141126199150222e+03 2.549754578226250942e+03
2.035222899822905219e+03 2.475526630170939825e+03
1.942566421623884253e+03 2.390818921382850931e+03
1.838415424058735880e+03 2.294950171821959430e+03
1.727727876904687491e+03 2.192688124979447366e+03
1.617917173564989525e+03 2.091097320203609797e+03
1.515907777773387579e+03 1.996698574601917244e+03
1.427024881422082899e+03 1.914415526221586788e+03
1.352954613475905717e+03 1.845720925348534593e+03
1.290739906483681125e+03 1.787782715254279310e+03
1.234718916003553204e+03 1.735308894981509184e+03
1.178644455405620192e+03 1.682514436426571137e+03
1.118147622905888738e+03 1.625400729355392514e+03
1.053582455001673679e+03 1.564365233169146222e+03
9.887902917782413397e+02 1.502998763207685897e+03
9.279650158336844470e+02 1.445144068965631732e+03
8.742871219431866621e+02 1.393636930362679095e+03
8.279910250604609701e+02 1.348612542238031438e+03
7.861373521346265534e+02 1.307385202602676600e+03
7.453784611079469187e+02 1.266966150178231146e+03
7.037528302942517939e+02 1.225653608171942096e+03
6.617511880569044251e+02 1.183930206172726457e+03
6.217239936167426322e+02 1.143871012072861731e+03
5.853340663049839350e+02 1.106891046559401957e+03
5.525490520818973437e+02 1.072917990845016902e+03
5.220203592175921585e+02 1.040777783965100298e+03
4.922737351335168796e+02 1.009234372128393261e+03
4.630621856197242892e+02 9.781051340492534791e+02
4.352284854404263115e+02 9.480949723258280528e+02
4.094536567178629980e+02 9.197437172354620998e+02
3.856382260736393732e+02 8.929473533316977409e+02
3.630960933062210074e+02 8.671505400906147543e+02
3.414377160966481028e+02 8.420521215526722472e+02
3.208099527515340696e+02 8.177679028998271633e+02
3.015028197774751675e+02 7.945087456415094493e+02
2.834524103120950826e+02 7.722132745450799121e+02
2.663900412707621967e+02 7.506769688714128961e+02
2.501850035234814129e+02 7.298032010172421451e+02
2.349056267270040337e+02 7.096345663814701084e+02
2.205694495115781990e+02 6.901737976135856343e+02
2.070679108274751741e+02 6.713396533347463446e+02
1.943158408326746382e+02 6.530703523527939751e+02
1.823055182278328914e+02 6.353544377793740523e+02
1.710144397199675836e+02 6.181703573797736908e+02
1.603892773093674577e+02 6.014785569905000102e+02
1.503845267464245694e+02 5.852460471913242372e+02
1.409720277829317752e+02 5.694496948694625189e+02
1.321239348854144566e+02 5.540677231240995297e+02
1.238080489960615012e+02 5.390769966486925568e+02
1.159936908844466927e+02 5.244558771363437017e+02
1.086518791532541144e+02 5.101842722377398900e+02
1.017552396375968584e+02 4.962435497104077058e+02
9.527791950369409335e+01 4.826164577490839633e+02
8.919550580840473231e+01 4.692870508846653479e+02
8.348503350079010943e+01 4.562408324193069120e+02
7.812510103197064382e+01 4.434652175618793422e+02
7.309549643100707783e+01 4.309487967971020907e+02
6.837706549587274196e+01 4.186810926430095492e+02
6.395166503242209188e+01 4.066525116156601030e+02
5.980211747834177061e+01 3.948542985492643993e+02
5.591216692851134695e+01 3.832784930072451175e+02
5.226643278997185149e+01 3.719179211102131148e+02
4.885031306867904988e+01 3.607666736484939065e+02
4.564997336276660178e+01 3.498198960825642416e+02
4.265236420658841610e+01 3.390732605886074680e+02
3.984518157290631990e+01 3.285229201151848315e+02
3.721682750488343316e+01 3.181654784867884587e+02
3.475637259601828077e+01 3.079979611727964084e+02
3.245352025033626830e+01 2.980177870240390234e+02
3.029857515805495893e+01 2.882231030096617133e+02
2.828241448976049099e+01 2.786133581022319845e+02
2.639644974785191778e+01 2.691883036980642601e+02
2.463259641372377828e+01 2.599477762641133154e+02
2.298324648028297545e+01 2.508916811643796621e+02
2.144124232379261841e+01 2.420199768789138943e+02
1.999985186139364046e+01 2.333326596392575141e+02
1.865274468512012263e+01 2.248298410620418792e+02
1.739396702953700213e+01 2.165127185370161271e+02
1.621792235928310433e+01 2.083830104969844683e+02
1.511935331416288797e+01 2.004421548553321770e+02
1.409332237169861379e+01 1.926912983037805702e+02
1.313519348655946750e+01 1.851313007491898190e+02
1.224061470144656916e+01 1.777627403654867067e+02
1.140550168082710769e+01 1.705859211345724589e+02
1.062602143840716451e+01 1.636012885852089767e+02
9.898577016634611425e+00 1.568098492427379824e+02
9.219795196906741097e+00 1.502122571610818795e+02
8.586513465294210334e+00 1.438086997895384513e+02
7.995767466618425523e+00 1.375989232905206165e+02
7.444779159045385342e+00 1.315822580373137782e+02
6.930945633526265581e+00 1.257576441638949234e+02
6.451828495310049760e+00 1.201236925955078476e+02
6.005143419971310514e+00 1.146789763224557532e+02
5.588751218826057077e+00 1.094218480763766337e+02
5.200649326414588103e+00 1.043502862985160249e+02
4.838963425598171497e+00 9.946192563633135819e+01
4.501939556638999029e+00 9.475408831586948111e+01
4.187936687214918408e+00 9.022381460668212583e+01
