2.291058958968630759e+04 2.270178708634053328e+04
2.321274593501043273e+04 2.299546317841049313e+04
2.350834723613492679e+04 2.328237469162679918e+04
2.379672189437166162e+04 2.356185766109568431e+04
2.407717736107097880e+04 2.383322966516870656e+04
2.434901176132656474e+04 2.409580012510159577e+04
2.461149765913938973e+04 2.434885453174635768e+04
2.486387403826796071e+04 2.459164671756225289e+04
2.510537315384704198e+04 2.482342513764286196e+04
2.533521948052764128e+04 2.504343212435288660e+04
2.555260691822693116e+04 2.525088266795817981e+04
2.575672154386904003e+04 2.544498596864974388e+04
2.594675397993054503e+04 2.562495721496280385e+04
2.612187880731084442e+04 2.578999835209574667e+04
2.628125505902223085e+04 2.593929873457564463e+04
2.642405551754231055e+04 2.607206288835005398e+04
2.654946510985255009e+04 2.618750935335942268e+04
2.665666553756422218e+04 2.628485693908335452e+04
2.674485989201349730e+04 2.636334746403809186e+04
2.681328270524643813e+04 2.642225521850951554e+04
2.686119189225966693e+04 2.646088048265514226e+04
2.688787626669957535e+04 2.647855649612934576e+04
2.689267132236047837e+04 2.647466354238216809e+04
2.687497002438139680e+04 2.644864014081130881e+04
2.683423660419456428e+04 2.639999770112925398e+04
2.676999933889827662e+04 2.632831140037790829e+04
2.668185787157906452e+04 2.623322696629150960e+04
2.656953469992090322e+04 2.611451272716063977e+04
2.643285649131753235e+04 2.597204006737457530e+04
2.627172689018833262e+04 2.580575525562042458e+04
2.608619294677103971e+04 2.561574552054204105e+04
2.587650228223096201e+04 2.540229576511613413e+04
2.564299156569658589e+04 2.516577659266812407e+04
2.538610284436160509e+04 2.490666021541938971e+04
2.510656239854750675e+04 2.462569824803392476e+04
2.480524657678740186e+04 2.432378762196231037e+04
2.448308949743327321e+04 2.400187844272523944e+04
2.414129079279070356e+04 2.366118102336420634e+04
2.378137671081135341e+04 2.330322647949958991e+04
2.340489921025334479e+04 2.292956650776015158e+04
2.301347671871714920e+04 2.254181473887335233e+04
2.260905316549328199e+04 2.214190730597863512e+04
2.219362342157229068e+04 2.173182691693323795e+04
2.176913763663893405e+04 2.131350709406695751e+04
2.133800945618049809e+04 2.088934391162518659e+04
2.090306340125303541e+04 2.046214338763127671e+04
2.046696850909173372e+04 2.003455239824063392e+04
2.003199381699067453e+04 1.960882180292302655e+04
1.959952071395113671e+04 1.918633527088365008e+04
1.917067798307020348e+04 1.876822465765558809e+04
1.874663021097368983e+04 1.835565436740039877e+04
1.833016691832069046e+04 1.795141972206396167e+04
1.792509027897338819e+04 1.755933412934607986e+04
1.753488483754721165e+04 1.718289463593114851e+04
1.716162906782596838e+04 1.682421578429828514e+04
1.680461584571357525e+04 1.648267531199488440e+04
1.646279719858051976e+04 1.615731175324652031e+04
1.613505225608421642e+04 1.584708712253550584e+04
1.581952795613946364e+04 1.555023614372311931e+04
1.551420995403423512e+04 1.526482676396066199e+04
1.521710631851671496e+04 1.498893682179656389e+04
1.492566311877796761e+04 1.472005913943223459e+04
1.463725055588582109e+04 1.445559009729671016e+04
1.434925445083308659e+04 1.419291083666005397e+04
1.405872370409818177e+04 1.392900799092652778e+04
1.376282681589647109e+04 1.366095317719094055e+04
1.345831594025123923e+04 1.338531978869946943e+04
1.314166216483335120e+04 1.309831835951811081e+04
1.280971773375438534e+04 1.279648428799612520e+04
1.245972615297438279e+04 1.247665732532476068e+04
1.208973034342785650e+04 1.213645488893122456e+04
1.169976732666001226e+04 1.177552459828098472e+04
1.129106867076954404e+04 1.139475353346362317e+04
1.086757673363600588e+04 1.099792360104337968e+04
1.043441587250469638e+04 1.059012196420834698e+04
9.998177747235495190e+03 1.017809686786702150e+04
9.565647696396321408e+03 9.768898774688712365e+03
9.143633754552602113e+03 9.369711464914558746e+03
8.738349418882637110e+03 8.987176991810429172e+03
8.355448516873164408e+03 8.627430687233383651e+03
7.999754877610836957e+03 8.295801182339575462e+03
7.675252310078819391e+03 7.996806163666826251e+03
7.383795733379229205e+03 7.732753851691147247e+03
7.125298680781913390e+03 7.503913301619743834e+03
6.896080356135102193e+03 7.306655999355401036e+03
6.689922571791021255e+03 7.134502424319355669e+03
6.497940322960501362e+03 6.977835797342877413e+03
6.310631844278207609e+03 6.826073880479486434e+03
6.118855090534829287e+03 6.668688643827298620e+03
5.915348370960503416e+03 6.496981731023179236e+03
5.695351947105084037e+03 6.304896379476610491e+03
5.457720673784365317e+03 6.090498594788835362e+03
5.205037464415776412e+03 5.856280535726804374e+03
4.943209217927539612e+03 5.608818851229607390e+03
4.680500166660292052e+03 5.357686598662784490e+03
4.425878537102672453e+03 5.113454281869566330e+03
4.188043985751793116e+03 4.886495339846102070e+03
3.974385161406285079e+03 4.685726976460078731e+03
3.789241505168959065e+03 4.516545379000077446e+03
3.631478891075552838e+03 4.377938486777661637e+03
3.494269812675077446e+03 4.262096170401755444e+03
3.367827396245719228e+03 4.157465781877504924e+03
3.242835582407279617e+03 4.052758371402105695e+03
3.112029109233879353e+03 3.938903359015134811e+03
2.970719646199161161e+03 3.809850409261232926e+03
2.818775472977400568e+03 3.665223034383334834e+03
2.662111369138884584e+03 3.512318432278250384e+03
2.509873837360199559e+03 3.362582026794438661e+03
2.369698300266184560e+03 3.225593369823043759e+03
2.245782230864152098e+03 3.106636803413814505e+03
2.138544792514403071e+03 3.006317728754555901e+03
2.043894330418121399e+03 2.919661159754927212e+03
1.954768368210747440e+03 2.837958821141425233e+03
1.864656857479493283e+03 2.753109860257802666e+03
1.770196338062405630e+03 2.660931682734400056e+03
1.672543024320471432e+03 2.562963337814045190e+03
1.576905755313528743e+03 2.465837916573412713e+03
1.488316967120049412e+03 2.375890960342290782e+03
1.408994774937320017e+03 2.295870252676388645e+03
1.338171537778936909e+03 2.224812482002388151e+03
1.272079926338878067e+03 2.158106229469598020e+03
1.206797573675701869e+03 2.091018707929339598e+03
1.141074677929597101e+03 2.022147008319444922e+03
1.076258331035165838e+03 1.953255542234223185e+03
1.015099244149531728e+03 1.887723606785662241e+03
9.592184624428340385e+02 1.827472993346708790e+03
9.077872462607107309e+02 1.771501767027217966e+03
8.589297792321835914e+02 1.717641933614407435e+03
8.112535118163253856e+02 1.664363479206394913e+03
7.649147161366491900e+02 1.611937086701521366e+03
7.210674284525122175e+02 1.561708135921283883e+03
6.803081744273761160e+02 1.514332175753675301e+03
6.421367624619598473e+02 1.469256464570324852e+03
6.057068759301388354e+02 1.425602031714441637e+03
5.707473607836119527e+02 1.383130603431202871e+03
5.375659724961849406e+02 1.342187344949390308e+03
5.064380463184543260e+02 1.303047307080493965e+03
4.771167992547429435e+02 1.265464379241547022e+03
4.492681450026215657e+02 1.229130071324359506e+03
4.228164531303624472e+02 1.193987453089584278e+03
3.978588930082391357e+02 1.160123776927844574e+03
3.743473786766887770e+02 1.127488556885605021e+03
3.521157524739663245e+02 1.095936832489101334e+03
3.310830722775030495e+02 1.065398949223782665e+03
3.112395102565279785e+02 1.035857614208223367e+03
2.925321424708081963e+02 1.007259913717048789e+03
2.748767480872746205e+02 9.795321361097381896e+02
2.582200904608522478e+02 9.526245390200414249e+02
2.425177842290272281e+02 9.264948194683014435e+02
2.277198066950704458e+02 9.010918493259142679e+02
2.137776033399775315e+02 8.763669172829278295e+02
2.006449873152698444e+02 8.522749954544979119e+02
1.882780397902118921e+02 8.287745198101390542e+02
1.766350134663239828e+02 8.058271894886581777e+02
1.656762392267353903e+02 7.833977829577619332e+02
1.553640431427457997e+02 7.614539171191631794e+02
1.456628014018147041e+02 7.399644169047146534e+02
1.365388063018509968e+02 7.188994213961858577e+02
1.279600224537433917e+02 6.982318329409292801e+02
1.198960120854954852e+02 6.779372443354856159e+02
1.123178690593184683e+02 6.579938077133230081e+02
1.051981545748681270e+02 6.383821114466110203e+02
9.851083460051117413e+01 6.190850637301097095e+02
9.223121322287127555e+01 6.000881427227855056e+02
8.633582903826207655e+01 5.813822051322666766e+02
8.080243608717412940e+01 5.629614189095018446e+02
7.560997966779936519e+01 5.448211919375116850e+02
7.073854000939816444e+01 5.269580774370064091e+02
6.616927777371073205e+01 5.093697002390030093e+02
6.188438168423910213e+01 4.920546831592080252e+02
5.786701823653113763e+01 4.750125733172977220e+02
5.410128184499078685e+01 4.582451552158409527e+02
5.057214345590730176e+01 4.417611752432324010e+02
4.726541313737387640e+01 4.255707880780115602e+02
4.416769976407677234e+01 4.096834250461524221e+02
4.126636998127223421e+01 3.941077849360276559e+02
3.854950898655155100e+01 3.788518275714142760e+02
3.600588307055023307e+01 3.639227697828588930e+02
3.362490385149701666e+01 3.493270877248415331e+02
3.139659192842128022e+01 3.350719989802578880e+02
2.931154192810608095e+01 3.211673134190797327e+02
2.736089728987843017e+01 3.076217995637931608e+02
2.553632137754094344e+01 2.944426269599161969e+02
2.382996905188997516e+01 2.816354395600285443e+02
2.223445964208704950e+01 2.692044319371098027e+02
2.074285125842587263e+01 2.571524276346381725e+02
1.934861635876692887e+01 2.454809684866507098e+02
1.804561727195318355e+01 2.341907950285682602e+02
1.682808416977456645e+01 2.232819843301240610e+02
1.569059623579710916e+01 2.127534289763844981e+02
1.462806189879345276e+01 2.026028874862925591e+02
1.363569995449359595e+01 1.928270794943443605e+02
1.270902168582630765e+01 1.834217789396023477e+02
1.184381393502573587e+01 1.743819048037396158e+02
1.103612300067681495e+01 1.657016024655568458e+02
1.028223840168899983e+01 1.573742401321261752e+02
9.578679177776111331e+00 1.493925337274019114e+02
8.922181363386126662e+00 1.417487069696377091e+02
8.309685117039983027e+00 1.344345636205890742e+02
7.738322540836632513e+00 1.274415536774642277e+02
