2.389528503070506849e+04 2.379717522549677233e+04
2.407032395918845941e+04 2.396866955870718084e+04
2.423255199777561938e+04 2.412728782572763521e+04
2.438125198804431056e+04 2.427231600279500344e+04
2.451567857765134613e+04 2.440301359158903870e+04
2.463507592723455309e+04 2.451863092478242470e+04
2.473870477747037876e+04 2.461843552806822117e+04
2.482582171204679253e+04 2.470169153813540470e+04
2.489565655659720142e+04 2.476763729520103152e+04
2.494746146583833251e+04 2.481553416341817501e+04
2.498051499925119060e+04 2.484467069661242931e+04
2.499407898948618822e+04 2.485432045436879343e+04
2.498743230060277710e+04 2.484377520251903115e+04
2.495990177711550132e+04 2.481237533505930332e+04
2.491083582895378640e+04 2.475948434817822636e+04
2.483959135117341793e+04 2.468447627884653411e+04
2.474558736412380676e+04 2.458678790635362020e+04
2.462830860585247137e+04 2.446592254965449320e+04
2.448727682645619643e+04 2.432142336287081343e+04
2.432208434907542687e+04 2.415290512569904604e+04
2.413241531238804237e+04 2.396007445922037732e+04
2.391804151387955426e+04 2.374272777150720867e+04
2.367882564715988701e+04 2.350075476545550555e+04
2.341473816251605967e+04 2.323415226745184191e+04
2.312587171227126964e+04 2.294303930081746876e+04
2.281247624649481804e+04 2.262769545418065172e+04
2.247492901655580863e+04 2.228852694669655102e+04
2.211372829937341885e+04 2.192605887376925966e+04
2.172958649641066950e+04 2.154103169163015264e+04
2.132341784033204385e+04 2.113438808945368510e+04
2.089623887317785920e+04 2.070716928237418688e+04
2.044923947553425023e+04 2.026058705397357335e+04
1.998395335608924506e+04 1.979619711882416232e+04
1.950201771939892569e+04 1.931565421852608779e+04
1.900512877437210409e+04 1.882066655834288395e+04
1.849535451364547771e+04 1.831331027131524388e+04
1.797499542134435251e+04 1.779588927038306429e+04
1.744628988461436529e+04 1.727063924031754505e+04
1.691162985749809013e+04 1.673994200123806513e+04
1.637387196683308866e+04 1.620663474830008090e+04
1.583575559284634983e+04 1.567343245272243439e+04
1.529985376351198829e+04 1.514287901361807053e+04
1.476910366969281495e+04 1.461786819649990321e+04
1.424646754259862064e+04 1.410131198985205083e+04
1.373455191274010758e+04 1.359576823982369024e+04
1.323596167176564995e+04 1.310378107824523067e+04
1.275358564175080937e+04 1.262815621404631747e+04
1.228993724101234511e+04 1.217133129157814255e+04
1.184709369110916123e+04 1.173531566212817233e+04
1.142665076120321646e+04 1.132162553865219343e+04
1.102984366040331406e+04 1.093141994399063151e+04
1.065765081247464877e+04 1.056561422944994047e+04
1.031107037595500515e+04 1.022512524798545201e+04
9.991252229929243185e+03 9.910990751304792866e+03
9.699181579846475870e+03 9.624098048080904846e+03
9.434801154402528482e+03 9.364329370478530109e+03
9.194901830572727704e+03 9.128501520274461654e+03
8.975916820628835922e+03 8.913085481866630289e+03
8.774661434486304643e+03 8.714931046342329864e+03
8.588369418850565125e+03 8.531313047804478629e+03
8.414532924964521953e+03 8.359762235731192050e+03
8.250101944216439733e+03 8.197301987181090226e+03
8.090859668069840154e+03 8.039856191687545106e+03
7.932626635129025090e+03 7.883391811046123621e+03
7.770275421718558391e+03 7.723014743945034752e+03
7.598358749752934273e+03 7.553548251113827973e+03
7.411791085681057666e+03 7.370193888981430064e+03
7.205849008405886707e+03 7.168548632762927809e+03
6.977022683432750455e+03 6.945368941626477863e+03
6.724066235784751370e+03 6.699611057698461991e+03
6.447323035959278968e+03 6.431717310752284902e+03
6.150090193737632035e+03 6.144938659834818282e+03
5.836817898652196163e+03 5.843581473374515554e+03
5.513210918319135999e+03 5.533118051507856762e+03
5.185538499631447849e+03 5.219507146518387344e+03
4.861148164804370936e+03 4.909686262640384484e+03
4.547413689034871823e+03 4.610577348923089630e+03
4.251691848473632490e+03 4.329057651830468785e+03
3.981154359859476699e+03 4.071733733147121256e+03
3.741894424821298344e+03 3.844221252747870494e+03
3.537472247627722936e+03 3.649693194472566120e+03
3.369526498135946895e+03 3.489509248084111732e+03
3.235762863187402672e+03 3.361367492289421989e+03
3.131867267175236520e+03 3.261074872513635910e+03
3.050620959976267386e+03 3.181806203910797194e+03
2.983717145901283402e+03 3.115766067679889602e+03
2.921623678506498436e+03 3.054114614437548880e+03
2.854856707346234089e+03 2.988138652709362304e+03
2.774860052649094087e+03 2.910048078605856972e+03
2.675605746279651612e+03 2.814441268497549572e+03
2.554585087656594624e+03 2.699169065136507015e+03
2.413043201413570387e+03 2.565506975246661113e+03
2.255920820350598206e+03 2.418082094757828600e+03
2.091687067486197975e+03 2.264673948200197628e+03
1.931351335290658426e+03 2.115273194384079488e+03
1.786144843458710056e+03 1.979991813954108011e+03
1.664309262614226782e+03 1.866147578347985700e+03
1.568673655196650543e+03 1.776121193149857163e+03
1.497381663082831210e+03 1.708081286255692476e+03
1.445575624834053997e+03 1.657533068339784904e+03
1.405718391748124077e+03 1.617649214575530550e+03
1.367736978263345236e+03 1.579431779566792102e+03
1.321489207591823970e+03 1.533922871214411543e+03
1.261209538440026336e+03 1.476117631475364533e+03
1.187314485902452361e+03 1.406501324531732962e+03
1.104701081086187287e+03 1.329484322848676356e+03
1.021225509730104136e+03 1.252007816381351631e+03
9.456506223486434237e+02 1.181706929447355833e+03
8.840239525486402954e+02 1.123754948483034241e+03
8.375533243287212599e+02 1.079071714828172844e+03
8.029601515383213837e+02 1.044709177915685359e+03
7.733802741155625426e+02 1.014693345438641927e+03
7.412811460518166768e+02 9.825643240792788902e+02
7.027060303440749749e+02 9.449951202828315218e+02
6.581910777592395334e+02 9.025162444518099392e+02
6.117457249225060423e+02 8.585812666317798403e+02
5.691718006830066088e+02 8.180836038159919781e+02
5.341903850628326609e+02 7.840890251618036473e+02
5.064632116365153820e+02 7.562348796035861369e+02
4.827252793376301270e+02 7.317504251495746530e+02
4.586754288830890118e+02 7.070673110141916595e+02
4.320263178576100813e+02 6.803326060247102305e+02
4.039134143169916342e+02 6.525135840369504194e+02
3.771261498696584908e+02 6.258919837920508371e+02
3.538971006275783679e+02 6.022467494920235822e+02
3.342290197714040687e+02 5.815362103717333184e+02
3.161670287801301242e+02 5.621710682603624036e+02
2.978676744921760928e+02 5.426897330365022754e+02
2.791868778312351651e+02 5.229945026958903327e+02
2.613053770843248458e+02 5.040150116508455653e+02
2.452852325296347544e+02 4.865607962449282695e+02
2.309429014157523170e+02 4.704679025380325470e+02
2.173241573185369475e+02 4.549961168377597573e+02
2.039057619482339021e+02 4.397511109667838696e+02
1.910259258267607265e+02 4.249887249443938231e+02
1.791668718488860179e+02 4.110598319277121959e+02
1.682737021400780293e+02 3.979119384504474510e+02
1.579378786527566945e+02 3.852407123863776519e+02
1.480197112678602878e+02 3.729440238950622870e+02
1.386963011143578228e+02 3.611447833170230979e+02
1.300428131041986433e+02 3.498890446548975319e+02
1.219135694785096149e+02 3.390695400609208718e+02
1.142063678038946648e+02 3.286129868716772648e+02
1.069604308498046805e+02 3.185417797490105727e+02
1.001865278932400685e+02 3.088589763071855145e+02
9.382715548482403278e+01 2.995226181442653228e+02
8.784870633082014990e+01 2.905074768340434730e+02
8.223052572282325912e+01 2.817964204148277645e+02
7.695351070518005088e+01 2.733738342452350594e+02
7.199930112735994214e+01 2.652250732602026346e+02
6.735027833111318785e+01 2.573364003230582284e+02
6.298956041008037943e+01 2.496949290942536948e+02
5.890099443601075535e+01 2.422885710426083108e+02
5.506905478937986231e+01 2.351059408743059578e+02
5.147837836970347780e+01 2.281360687912171841e+02
4.811424508618163998e+01 2.213685692205853002e+02
4.496280684560406371e+01 2.147937277718131099e+02
4.201103783220438714e+01 2.084024611992172993e+02
3.924668687601332806e+01 2.021862797840447001e+02
3.665823252970506019e+01 1.961372522705097481e+02
3.423484135295449704e+01 1.902479761284220388e+02
3.196637774741719085e+01 1.845117850902946373e+02
2.984338427908074820e+01 1.789228563158349630e+02
2.785695210442656844e+01 1.734757687072616648e+02
2.599868320982405479e+01 1.681654382766930667e+02
2.426066390628050229e+01 1.629870991386308390e+02
2.263543948084637591e+01 1.579362855226472391e+02
2.111598997140886169e+01 1.530088147273044683e+02
1.969570460599518924e+01 1.482007961283277950e+02
1.836834305211906226e+01 1.435088003902449429e+02
1.712802982659765760e+01 1.389297113187215871e+02
1.596924525971355990e+01 1.344605944419377010e+02
1.488680519897399535e+01 1.300986852568507572e+02
1.387584169856468641e+01 1.258413789170207480e+02
1.293178474084183449e+01 1.216862203558553119e+02
1.205034494771216913e+01 1.176308952174924940e+02
1.122749853429790434e+01 1.136732950487958789e+02
1.045947285091097534e+01 1.098115816891332059e+02
9.742728712207322062e+00 1.060440200565650173e+02
9.073946328154184116e+00 1.023689490494841721e+02
8.450012415072402305e+00 9.878477585691545926e+01
7.868008009501298972e+00 9.528997050333971686e+01
7.325196950640584070e+00 9.188306062203166391e+01
6.819014850491271318e+00 8.856263709524830574e+01
6.347057392577278634e+00 8.532745711363612884e+01
5.907071707669124372e+00 8.217637689845517457e+01
5.496948361138266570e+00 7.910826365690437001e+01
5.114712613800653784e+00 7.612199199631741919e+01
4.758516168829403981e+00 7.321644190278873054e+01
4.426629397953752765e+00 7.039049686669672212e+01
4.117434021017147394e+00 6.764304224024658652e+01
3.829416173958000158e+00 6.497302689291782940e+01
3.561159869671662648e+00 6.237955748642951193e+01
3.311341010362093051e+00 5.986172942680848053e+01
3.078721661207747484e+00 5.741859585803410226e+01
2.862144644465426602e+00 5.504916963478670766e+01
2.660528457280765480e+00 5.275242533906347830e+01
2.472862494986785453e+00 5.052730133521507838e+01
2.298202549160076380e+00 4.837271025459155283e+01
2.135666405918337674e+00 4.628766129357750003e+01
