2.668349069204704938e+04 2.654943238850909620e+04
2.688033452901880446e+04 2.674127094759359898e+04
2.706233907373879629e+04 2.691816498012596639e+04
2.722869056937738060e+04 2.707930419620883913e+04
2.737853814025099564e+04 2.722384355570269327e+04
2.751102845659658124e+04 2.735093704102932315e+04
2.762532866056454441e+04 2.745976001452070705e+04
2.772060068543030502e+04 2.754948365449029006e+04
2.779599569134108242e+04 2.761926946925985976e+04
2.785069684425352534e+04 2.766831198934309577e+04
2.788391366376370934e+04 2.769583337815868072e+04
2.789483393837707627e+04 2.770103640169508071e+04
2.788267614797801070e+04 2.768315598349056017e+04
2.784671478524760823e+04 2.764148415843717157e+04
2.778625294858525012e+04 2.757534388581032181e+04
2.770062640425485370e+04 2.748409317343071234e+04
2.758924612932648233e+04 2.736716621025438872e+04
2.745159779764338600e+04 2.722407345721290403e+04
2.728722298118073741e+04 2.705438494237611667e+04
2.709575200081034927e+04 2.685776064282516018e+04
2.687691865535590114e+04 2.663396446706830829e+04
2.663057159038516329e+04 2.638287842389571597e+04
2.635667822819905632e+04 2.610450577681170034e+04
2.605532363062639706e+04 2.579896683249189664e+04
2.572674055808319827e+04 2.546653026864787535e+04
2.537136521267521312e+04 2.510767182148763095e+04
2.498976809729656452e+04 2.472300032917931094e+04
2.458264996853351840e+04 2.431325262695154379e+04
2.415099211349213874e+04 2.387944747795506919e+04
2.369599311889447199e+04 2.342282015347363995e+04
2.321894169868465542e+04 2.294469156179883066e+04
2.272134596355706526e+04 2.244659862969217647e+04
2.220510935486017115e+04 2.193047170527289200e+04
2.167220486622099997e+04 2.139830490091381580e+04
2.112465746641848455e+04 2.085213776046838393e+04
2.056495697704612394e+04 2.029446730244757418e+04
1.999578846540506856e+04 1.972797848311261987e+04
1.941972339117481170e+04 1.915523600818408522e+04
1.883952761043868668e+04 1.857898839720969772e+04
1.825841375610471732e+04 1.800241696611395673e+04
1.767939955545707198e+04 1.742850319156556361e+04
1.710531709595242864e+04 1.686003715805595493e+04
1.653941660675774983e+04 1.630020393488285663e+04
1.598489412267472835e+04 1.575212630442664704e+04
1.544454455900930589e+04 1.521852945465975790e+04
1.492103075165034170e+04 1.470199345893793907e+04
1.441701710625656051e+04 1.420507999811308218e+04
1.393479036748652652e+04 1.372998215047753547e+04
1.347627963330695457e+04 1.327854034545068316e+04
1.304318320143820893e+04 1.285233726253707937e+04
1.263693970335002086e+04 1.245269731720640993e+04
1.225871746962243924e+04 1.208069018743153538e+04
1.190875281666010960e+04 1.173646804835870535e+04
1.158627469429169832e+04 1.141918781602457420e+04
1.129050624243572383e+04 1.112800859185722402e+04
1.101991676944510073e+04 1.086137372730711286e+04
1.077070967848955661e+04 1.061555640792680242e+04
1.053899140208471363e+04 1.038674268459486302e+04
1.032118915686753462e+04 1.017144121893020747e+04
1.011398750750599902e+04 9.966439315055513362e+03
9.914302709970817887e+03 9.768754887380346190e+03
9.718205263487750926e+03 9.574630251620808849e+03
9.520351497319690679e+03 9.379004462694507311e+03
9.315544245228891668e+03 9.176968728513758833e+03
9.097906097195187613e+03 8.963048135536559130e+03
8.861642058443867427e+03 8.731873513368520435e+03
8.602315695763880285e+03 8.479396855958018932e+03
8.317128504615442580e+03 8.203162281987155438e+03
8.005190632390656901e+03 7.902489070319617895e+03
7.668937135370818396e+03 7.579838061180784280e+03
7.312293005187420931e+03 7.239013388461847171e+03
6.941687586193005700e+03 6.886130532237223633e+03
6.563956288750551721e+03 6.527630521686663087e+03
6.186343344999689180e+03 6.170286357527818836e+03
5.816207062598564335e+03 5.820920668708648009e+03
5.461714259254036733e+03 5.487049375746492842e+03
5.130756364983189087e+03 5.175879726797596959e+03
4.830777788066890025e+03 4.894165500172779502e+03
4.567371402916824081e+03 4.646842738817822465e+03
4.344306794077847371e+03 4.437185334903339026e+03
4.160865103770661335e+03 4.264312818916938340e+03
4.013881070433591049e+03 4.125074974483044571e+03
3.896220500663603161e+03 4.012773046788155625e+03
3.799211118017279205e+03 3.919333496284143621e+03
3.712479108168793118e+03 3.835260004281612055e+03
3.625567201534523065e+03 3.751061377664773318e+03
3.528390301717179227e+03 3.657688216461337561e+03
3.413208118770609417e+03 3.548294567536468548e+03
3.275454556704124116e+03 3.418924388686759357e+03
3.114958398305728679e+03 3.269595985642044070e+03
2.935371207552979286e+03 3.103728096437611384e+03
2.743749664780742478e+03 2.927725326360988674e+03
2.550235073571009707e+03 2.750679872878787137e+03
2.367352459316030036e+03 2.583674073679483172e+03
2.206388623634114083e+03 2.436578650633284269e+03
2.073974043755717958e+03 2.315077864290840807e+03
1.970332664237961808e+03 2.219153195715296079e+03
1.890936668192386378e+03 2.144640607997645475e+03
1.829051290010757612e+03 2.085504802950335488e+03
1.775340081960446923e+03 2.033527116659879994e+03
1.718547081294436794e+03 1.978923888438969925e+03
1.649420051197562088e+03 1.913752299722312728e+03
1.565138725863540003e+03 1.835692875756891453e+03
1.469253501083077253e+03 1.747925356565786387e+03
1.368726157680754568e+03 1.656513422550959376e+03
1.272312439977156600e+03 1.568962350150808334e+03
1.188203446019637568e+03 1.492182059520850316e+03
1.120324370656714336e+03 1.429372503269878507e+03
1.067405549824800801e+03 1.379317961188625986e+03
1.024159788271499337e+03 1.337463888959722681e+03
9.826392448618354365e+02 1.297108680726677221e+03
9.363066937150779268e+02 1.252820564407697020e+03
8.837246749619242792e+02 1.203471682769148629e+03
8.274617987210879164e+02 1.151258786756257678e+03
7.724607191181361259e+02 1.100286043534571718e+03
7.239677175187651983e+02 1.054820545239990452e+03
6.837129555207861813e+02 1.016191755178574681e+03
6.496169691303502987e+02 9.826352269561813273e+02
6.178130140388703921e+02 9.509923376853212176e+02
5.847351665165620034e+02 9.184094513024903108e+02
5.498010628380034177e+02 8.844579395849013963e+02
5.152267342497776781e+02 8.509209435646118891e+02
4.834806029840048609e+02 8.197330066828374129e+02
4.556799675391696383e+02 7.917280183133343598e+02
4.307971747130795279e+02 7.660663392557031557e+02
4.068427706478786945e+02 7.411972721747764581e+02
3.828389932386592704e+02 7.163802086080919480e+02
3.593573208664836898e+02 6.920597071877247117e+02
3.375017305100688532e+02 6.690609126252777514e+02
3.176452459621399385e+02 6.476407738935586167e+02
2.992189051326176354e+02 6.273587791711412365e+02
2.814577930239219654e+02 6.076482489998144274e+02
2.643190365430635325e+02 5.884789196116986432e+02
2.481845003816630140e+02 5.701205098354706706e+02
2.332330735169298066e+02 5.526882894094077301e+02
2.192158014805329174e+02 5.359964870348192107e+02
2.058677074787555341e+02 5.198559894568385289e+02
1.932122337068961144e+02 5.042791149095054379e+02
1.813544291976940031e+02 4.893302330705875534e+02
1.702420998882324739e+02 4.749667318615380509e+02
1.597461894689337782e+02 4.610980601549611038e+02
1.498401300232594622e+02 4.477023885230104838e+02
1.405338606471991056e+02 4.347805530501934754e+02
1.317933732892667535e+02 4.223055323533629348e+02
1.235618133602342539e+02 4.102378866759314633e+02
1.158142430113870347e+02 3.985570448811485562e+02
1.085349635148347289e+02 3.872493462149682841e+02
1.016971181573981937e+02 3.762951290343524420e+02
9.527456019715879165e+01 3.656754730176693329e+02
8.924268301705843953e+01 3.553726742552432256e+02
8.357832798835876531e+01 3.453701697196225950e+02
7.825969803412945680e+01 3.356524673947960196e+02
7.326627652468310714e+01 3.262050815734468756e+02
6.857880858178529593e+01 3.170145730731727554e+02
6.417952862201225628e+01 3.080690545798630069e+02
6.005177551726480800e+01 2.993576669307572047e+02
5.617976240913781538e+01 2.908702302294608444e+02
5.254853757675895309e+01 2.825972048963674865e+02
4.914394704042797457e+01 2.745296561534615307e+02
4.595259828815122916e+01 2.666592206847120110e+02
4.296182462215544007e+01 2.589780768852212987e+02
4.015960725080008586e+01 2.514790562825418192e+02
3.753452392715789898e+01 2.441557049073938970e+02
3.507580241086767359e+01 2.370020054218538803e+02
3.277329434303900513e+01 2.300123267103223839e+02
3.061744135484003593e+01 2.231814028448627028e+02
2.859924285990389237e+01 2.165043130722802402e+02
2.671022545773898926e+01 2.099764627427988160e+02
2.494241482197322668e+01 2.035935897313868281e+02
2.328831493845871492e+01 1.973519364280550121e+02
2.174087581546018910e+01 1.912481015824575934e+02
2.029346400840408293e+01 1.852789007354057276e+02
1.893983952935302284e+01 1.794413520553528372e+02
1.767413396170729101e+01 1.737326638168142665e+02
1.649082968429922502e+01 1.681502223372266940e+02
1.538474015344579193e+01 1.626915806964795763e+02
1.435099055367339282e+01 1.573545238576156180e+02
1.338499951639358976e+01 1.521371388726176406e+02
1.248246385704520556e+01 1.470376368576841628e+02
1.163934278954729606e+01 1.420543193700154916e+02
1.085184276159978545e+01 1.371855706050014589e+02
1.011640310371440776e+01 1.324298498725023023e+02
9.429682452925495895e+00 1.277856843477967601e+02
8.788545778119493335e+00 1.232516828788147336e+02
8.190050869151928481e+00 1.188267506691853583e+02
7.631437862071975609e+00 1.145099604288998449e+02
7.110119536706443810e+00 1.103003699083188565e+02
6.623670991634770466e+00 1.061970165581361414e+02
6.169819883255614812e+00 1.021989156219030690e+02
5.746437220158171932e+00 9.830505841525209121e+01
5.351528683416821863e+00 9.451441091353625268e+01
4.983226339332326837e+00 9.082603023339368065e+01
4.639780780497558155e+00 8.723925331620134216e+01
4.319554172566404837e+00 8.375337471759623043e+01
4.021013455728581931e+00 8.036758563918645848e+01
3.742723885127849037e+00 7.708097887004116444e+01
3.483342951149745126e+00 7.389255377498729160e+01
3.241614658601624122e+00 7.080122131525189388e+01
3.016364132778534213e+00 6.780581917010137261e+01
2.806492381864480912e+00 6.490526910632753754e+01
