1.409517114439997385e+04 1.404051535196930854e+04
1.423480531535584487e+04 1.417807357567960935e+04
1.436877020402343078e+04 1.430991647734800245e+04
1.449664218330987387e+04 1.443562153802749526e+04
1.461799191933783732e+04 1.455476098082120370e+04
1.473237244150778133e+04 1.466689044212365661e+04
1.483933385017454202e+04 1.477156312735098800e+04
1.493842802157905498e+04 1.486833434799291535e+04
1.502918937646586346e+04 1.495674240919996555e+04
1.511113954154723433e+04 1.503631327404690819e+04
1.518380770551094611e+04 1.510658083128541512e+04
1.524672569226396081e+04 1.516708213302774129e+04
1.529941503283374368e+04 1.521734479825106791e+04
1.534140826698343335e+04 1.525690792027875068e+04
1.537225394445210623e+04 1.528532701742560312e+04
1.539149701423659280e+04 1.530215497583190881e+04
1.539868972757336996e+04 1.530695274698512549e+04
1.539341091665651220e+04 1.529930819787082874e+04
1.537526193586878435e+04 1.527883244243679474e+04
1.534386040600911110e+04 1.524515409285566238e+04
1.529885862303229078e+04 1.519793676807157499e+04
1.523994895351826926e+04 1.513688443660676785e+04
1.516686419481751000e+04 1.506174285804641659e+04
1.507938240526165282e+04 1.497230368964020272e+04
1.497733185155310821e+04 1.486840865980554736e+04
1.486060592442983943e+04 1.474996529882404320e+04
1.472917433567922490e+04 1.461695867556446865e+04
1.458306538245824777e+04 1.446943200262815299e+04
1.442237565230176187e+04 1.430749634486996547e+04
1.424732811451769703e+04 1.413139026351555003e+04
1.405822910461961328e+04 1.394143530725794881e+04
1.385544122958609478e+04 1.373800793194168182e+04
1.363946228486292603e+04 1.352161945633360483e+04
1.341094758244566947e+04 1.329293854248799471e+04
1.317059672194813538e+04 1.305267616273215572e+04
1.291918437978711700e+04 1.280161641732876160e+04
1.265772222721502840e+04 1.254077929851234512e+04
1.238728979754740067e+04 1.227125045612829490e+04
1.210896585095838418e+04 1.199411211452004136e+04
1.182402822373748131e+04 1.171064218091763905e+04
1.153394031928186996e+04 1.142230075248684443e+04
1.124010591889074203e+04 1.113048595184805345e+04
1.094393579179986955e+04 1.083659981593446173e+04
1.064706529778458389e+04 1.054226350721782183e+04
1.035107497427383169e+04 1.024904143207886045e+04
1.005742684434077273e+04 9.958378302134346086e+03
9.767774604802152680e+03 9.671900594235878089e+03
9.483873042326897121e+03 9.391329134381550830e+03
9.207285908972009565e+03 9.118196131717342723e+03
8.939294595273513551e+03 8.853753574476155336e+03
8.680750172512316567e+03 8.598823953748387794e+03
8.432335822629527684e+03 8.354064779447415276e+03
8.194679493586694662e+03 8.120079282500601948e+03
7.968896550204113737e+03 7.897933504261784947e+03
7.756339288574054081e+03 7.688918838545922881e+03
7.558178106792937797e+03 7.494153374378143781e+03
7.374239251017945207e+03 7.313443461413615296e+03
7.202605873945599342e+03 7.144891060555971308e+03
7.041391304265440340e+03 6.986628782162951211e+03
6.888916600275836572e+03 6.836997570502745475e+03
6.743711828616070306e+03 6.694549566896643228e+03
6.604394237221012190e+03 6.557923361714515522e+03
6.469145609241115380e+03 6.425344096289659319e+03
6.335845546105265385e+03 6.294749739741670965e+03
6.202356381241875170e+03 6.164066214999636941e+03
6.066055313712036877e+03 6.030770712176647066e+03
5.924380434424421765e+03 5.892401021154908449e+03
5.774708447703264937e+03 5.746457391425594324e+03
5.614525167075138597e+03 5.590554038202575612e+03
5.442097312286970009e+03 5.423065952363714132e+03
5.256603017136530980e+03 5.243257648227649952e+03
5.058250310185106173e+03 5.051376426048116627e+03
4.848596667213254477e+03 4.848968688945918075e+03
4.630142725043760947e+03 4.638466913081786515e+03
4.406489984813172669e+03 4.423348756463043173e+03
4.181591721477170722e+03 4.207404326834580388e+03
3.959601481628406873e+03 3.994599135507127357e+03
3.744698692935407507e+03 3.788899319893210759e+03
3.540866592241517537e+03 3.594070061193276615e+03
3.352049655674564292e+03 3.413795164100528382e+03
3.181441671586863777e+03 3.251059599448809877e+03
3.031303429801911989e+03 3.107912044783490728e+03
2.902653601607372821e+03 2.985241907050549344e+03
2.794346186677784317e+03 2.881874177198808411e+03
2.703739207691577576e+03 2.795242518178627051e+03
2.626377994675729951e+03 2.721089525445091112e+03
2.556928214092164126e+03 2.654367103985272024e+03
2.489637867071842265e+03 2.589663528838441380e+03
2.418932180121649708e+03 2.521776445885437170e+03
2.340166047402277400e+03 2.446401506844896630e+03
2.250178742960993077e+03 2.360641753279627210e+03
2.148118899659627914e+03 2.263771740678791957e+03
2.035480692659928536e+03 2.157243430987933607e+03
1.915803682652781845e+03 2.044394151469626877e+03
1.794162976213777029e+03 1.929960372400256801e+03
1.676643027372057304e+03 1.819568936875817371e+03
1.569427075269114766e+03 1.718886484331646443e+03
1.477299155102346049e+03 1.632250197771845933e+03
1.402122689108899067e+03 1.561284045301533524e+03
1.342277554229877296e+03 1.504414021938664064e+03
1.293675978185501435e+03 1.457834615003826229e+03
1.251146478985213889e+03 1.416789187991053950e+03
1.208979203896918762e+03 1.376072637274445015e+03
1.161670064031990933e+03 1.330709357023242092e+03
1.106003919714851691e+03 1.277834923616289416e+03
1.042794775955864907e+03 1.218245416565612231e+03
9.760644084669160065e+02 1.155617099122938725e+03
9.109293596595891813e+02 1.094569660613325823e+03
8.522070136614863713e+02 1.039400305233154086e+03
8.030473601450220258e+02 9.928672775482918951e+02
7.636062644605516425e+02 9.550402158423512446e+02
7.310555889997716577e+02 9.233506327126499400e+02
7.010008399781618209e+02 8.938810449551615420e+02
6.690659412111015172e+02 8.627752829423229741e+02
6.331192354651892629e+02 8.281901235370545464e+02
5.943923400228316041e+02 7.912460385917707981e+02
5.559515317420399469e+02 7.546458644277619214e+02
5.210257015318068170e+02 7.211900811243784801e+02
4.915204995494491413e+02 6.924911034264777072e+02
4.666692400584678921e+02 6.678428071909538630e+02
4.439288772024504510e+02 6.450334562617040319e+02
4.208358442099928425e+02 6.219554514795227078e+02
3.963906109437999135e+02 5.977767171575039811e+02
3.717040045999699487e+02 5.734587707978450908e+02
3.487186463229935498e+02 5.506401281652467787e+02
3.284619355677030512e+02 5.301615464823288448e+02
3.105302172144004658e+02 5.116607735994507493e+02
2.935454876554630346e+02 4.939820398378962523e+02
2.765050225492930736e+02 4.763022921439689412e+02
2.596101919842008670e+02 4.587955465530716310e+02
2.437243207207899900e+02 4.421642689663174792e+02
2.293339436957911630e+02 4.267895080552582385e+02
2.161030694369980552e+02 4.123881818847859222e+02
2.034110457913037635e+02 3.984608055533786342e+02
1.910478432920150738e+02 3.848430706683691369e+02
1.793363876022577301e+02 3.717874004464338213e+02
1.685054514257150515e+02 3.594647215556854007e+02
1.584128468943114569e+02 3.477577969259522206e+02
1.487939592268748186e+02 3.364611953707017733e+02
1.396240785816155494e+02 3.255548583799100015e+02
1.310248479614158157e+02 3.151261905116178355e+02
1.229908203766021586e+02 3.051659599059389052e+02
1.154069765397554761e+02 2.955862028972602502e+02
1.082270059807749050e+02 2.863509245534294791e+02
1.014816370469096398e+02 2.774788379928399991e+02
9.515471734825632666e+01 2.689547889781030676e+02
8.919389985859631054e+01 2.607393521339730569e+02
8.358016263618954156e+01 2.528164755012458613e+02
7.830552320462174976e+01 2.451778555393966315e+02
7.335109547287791543e+01 2.378082439316682724e+02
6.869772668331120258e+01 2.306924234775654554e+02
6.432743112482017978e+01 2.238161836383459899e+02
6.022331538887185332e+01 2.171662528095717164e+02
5.636950909311696023e+01 2.107302363277845814e+02
5.275126899635183975e+01 2.044967228477191838e+02
4.935511963905104693e+01 1.984554640801815708e+02
4.616834479616982634e+01 1.925969271019100120e+02
4.317887855133650987e+01 1.869121812947462615e+02
4.037527843819405149e+01 1.813928615824830786e+02
3.774669916250754653e+01 1.760311342625159909e+02
3.528286694094219200e+01 1.708196652141808158e+02
3.297404801464976742e+01 1.657516033445946562e+02
3.081097245252750483e+01 1.608206641306201163e+02
2.878485395631123467e+01 1.560210329522514883e+02
2.688740436429870329e+01 1.513472646535591934e+02
2.511080811040215366e+01 1.467942615808547657e+02
2.344769741177256961e+01 1.423572537979312074e+02
2.189112860510508085e+01 1.380317804735404081e+02
2.043455962221441524e+01 1.338136735775376849e+02
1.907183129971469171e+01 1.296991510257884670e+02
1.779714807974312407e+01 1.256848697475207786e+02
1.660505306742850351e+01 1.217677136300587080e+02
1.549040922033139012e+01 1.179447596567506480e+02
1.444838201582895643e+01 1.142132668004475988e+02
1.347442295100919551e+01 1.105706654341817341e+02
1.256425384305186554e+01 1.070145472223152865e+02
1.171385144906315467e+01 1.035426765578960868e+02
1.091943116054354412e+01 1.001530881888876792e+02
1.017743592718388079e+01 9.684398037057491138e+01
9.484524567336539036e+00 9.361365116090520644e+01
8.837559451398901089e+00 9.046049166396764463e+01
8.233594826464230465e+00 8.738297966788761073e+01
7.669865755871067670e+00 8.437967353139779902e+01
7.143777629899640935e+00 8.144920849157918497e+01
6.652895750124523389e+00 7.859036484475825546e+01
6.194936000973696899e+00 7.580206801999082700e+01
5.767756693192442441e+00 7.308328382947426860e+01
5.369350169301135622e+00 7.043300845889912409e+01
4.997834827531383972e+00 6.785026517995407858e+01
4.651447589066094679e+00 6.533410121763677125e+01
4.328536786283103233e+00 6.288358477091735921e+01
4.027555346747917930e+00 6.049783977266413615e+01
3.747054181402391659e+00 5.817615382410992453e+01
3.485676631138228121e+00 5.591783758056079279e+01
3.242152941202484318e+00 5.372217881947951668e+01
3.015294926633013350e+00 5.158844262582112350e+01
2.803990947343543372e+00 4.951587166041469601e+01
2.607201176222969430e+00 4.750368650880378851e+01
2.423953133901793677e+00 4.555109315266592063e+01
2.253337326913164240e+00 4.365740154135409767e+01
