2.539947789780050880e+04 2.533423436372835931e+04
2.552680923559884832e+04 2.545941742522714776e+04
2.563786346732811944e+04 2.556830178097639509e+04
2.573180568088105792e+04 2.566005750620719846e+04
2.580782433099889386e+04 2.573387841559410663e+04
2.586509745162380568e+04 2.578894852109195199e+04
2.590278457132359472e+04 2.582443404010911763e+04
2.592008088048458376e+04 2.583953724390233765e+04
2.591620661663808642e+04 2.583348604732406602e+04
2.589034258336368293e+04 2.580547038479361436e+04
2.584170196676021442e+04 2.575471321545064347e+04
2.576956001159543302e+04 2.568049990008695386e+04
2.567320350246969610e+04 2.558212875345127395e+04
2.555194302726408932e+04 2.545892317235556766e+04
2.540517584556766815e+04 2.531029336169171802e+04
2.523236845211554100e+04 2.513571955708090172e+04
2.503300954113832631e+04 2.493470649076156769e+04
2.480668728336287313e+04 2.470685854083201775e+04
2.455310908272943561e+04 2.445189912040929994e+04
2.427206539491645526e+04 2.416963701693838084e+04
2.396345508152234470e+04 2.385999043599641300e+04
2.362732369184173513e+04 2.352302311845620716e+04
2.326386677922464150e+04 2.315894945588715927e+04
2.287343152692087824e+04 2.276813794298293942e+04
2.245652516948825360e+04 2.235111533647973556e+04
2.201382854367653636e+04 2.190858008703676751e+04
2.154626693570903808e+04 2.144147745570727056e+04
2.105495585316923462e+04 2.095094164419324807e+04
2.054115918026904910e+04 2.043825116985755812e+04
2.000641525854706560e+04 1.990495821973554121e+04
1.945257133458736644e+04 1.935292401149344369e+04
1.888157377728832580e+04 1.878410359080735361e+04
1.829552529754800707e+04 1.820060362732103022e+04
1.769699776587635642e+04 1.760499927191318056e+04
1.708866422990025239e+04 1.699996198229526271e+04
1.647315472206423510e+04 1.638811384447558885e+04
1.585349999481094346e+04 1.577247274178013868e+04
1.523303760831495310e+04 1.515635891934134997e+04
1.461486274597447118e+04 1.454284538277101456e+04
1.400205961343550916e+04 1.393498816387264014e+04
1.339824970151185880e+04 1.333637180255233943e+04
1.280675581515375234e+04 1.275028077815519100e+04
1.223047459131873075e+04 1.217957313948566662e+04
1.167266456962473421e+04 1.162745330484252736e+04
1.113656915654417753e+04 1.109710559902057503e+04
1.062478883738569675e+04 1.059108173432580224e+04
1.013955637577816560e+04 1.011156237051656717e+04
9.683040854845321519e+03 9.660646936462679150e+03
9.256915039618972514e+03 9.239952912978635140e+03
8.862415323737104700e+03 8.850673283263782650e+03
8.500739313575355482e+03 8.493933251834127077e+03
8.172909828319946428e+03 8.170682365351207409e+03
7.879632190874867774e+03 7.881573294418112710e+03
7.619991828008285665e+03 7.625659799663726517e+03
7.391588984431617064e+03 7.400523118433408854e+03
7.192248190673120007e+03 7.203970262235103291e+03
7.019347988337887728e+03 7.033377293691289196e+03
6.869750350527050614e+03 6.885616941015160592e+03
6.740533698038236253e+03 6.757775163575521219e+03
6.627927939943525416e+03 6.646121649702527975e+03
6.527756572715359653e+03 6.546535271260956506e+03
6.435464825378968271e+03 6.454535522587611013e+03
6.344870074940626182e+03 6.364083769667159686e+03
6.249698173015525754e+03 6.269060827632274595e+03
6.143128279034235675e+03 6.162856840229413137e+03
6.018376752902255248e+03 6.038917648975299926e+03
5.869809891681385125e+03 5.891839359445900300e+03
5.693164580210616805e+03 5.717572120175892451e+03
5.486505605811059468e+03 5.514331439235037578e+03
5.250589780924676234e+03 5.282950176732209002e+03
4.987960892718369905e+03 5.025979590745997484e+03
4.702887748134510730e+03 4.747628135164836749e+03
4.401674430958747507e+03 4.454043092351173982e+03
4.091990202708768265e+03 4.152667022291268040e+03
3.782529624960839556e+03 3.851907195990766922e+03
3.482306492891630114e+03 3.560443625389184945e+03
3.201271524027928081e+03 3.287811063471204761e+03
2.947537245981449814e+03 3.041791232713158934e+03
2.728162227163115858e+03 2.829057361109769317e+03
2.547221870066295196e+03 2.653469750258801469e+03
2.405717951948708105e+03 2.515855963999187679e+03
2.301825764203103972e+03 2.414370558707749296e+03
2.231208808562970717e+03 2.344730845880060770e+03
2.187171067541710272e+03 2.300437147945336164e+03
2.161418711065340176e+03 2.273477934641634874e+03
2.143681079732858962e+03 2.254021730899107297e+03
2.123060632444740804e+03 2.231697588737658862e+03
2.088938222748717635e+03 2.196465954991159833e+03
2.032814912290663869e+03 2.140354265456859594e+03
1.949564662216315355e+03 2.058625017108031443e+03
1.838527755517467767e+03 1.950772040092384259e+03
1.704359866248185881e+03 1.821296975356961866e+03
1.557346359681697550e+03 1.679982449520523460e+03
1.411229134705258730e+03 1.539793841401840837e+03
1.279104315479415163e+03 1.413023126186312766e+03
1.170066276298852927e+03 1.308150713147710121e+03
1.088291758423154079e+03 1.228996446881745669e+03
1.033984731244509248e+03 1.175634953061738543e+03
1.003566963219065656e+03 1.144604737978597086e+03
9.886374342292984920e+02 1.127976113542701569e+03
9.773283983647263540e+02 1.114656577543440335e+03
9.579699375192892603e+02 1.093817682643703165e+03
9.227620824499698529e+02 1.058287367746732798e+03
8.692694693117281304e+02 1.005900154320474485e+03
8.013066623283033323e+02 9.402743987406033739e+02
7.283359806267741305e+02 8.702034016329662336e+02
6.613832967569337598e+02 8.058477977013072859e+02
6.085826790465563363e+02 7.546322297461769040e+02
5.731509859316354323e+02 7.194180901055898403e+02
5.523847670815157471e+02 6.976415785748857843e+02
5.386561994401473612e+02 6.822808190169922682e+02
5.232600646069901131e+02 6.653960798468606299e+02
4.998541559961540202e+02 6.412558188497538367e+02
4.668207599419058056e+02 6.084516098584211932e+02
4.286685104921613174e+02 5.711191012974160230e+02
3.928173859849635505e+02 5.359733460567491647e+02
3.647177472406409038e+02 5.078862481375409175e+02
3.455890347435674812e+02 4.878936280993873424e+02
3.320190002716386743e+02 4.728938282929272532e+02
3.183704466156165722e+02 4.578424808240120569e+02
3.008813968572633257e+02 4.394108771878671291e+02
2.797322876342195741e+02 4.177937361977445789e+02
2.584143142886970850e+02 3.961014938095587468e+02
2.406457785023985423e+02 3.776011267372466591e+02
2.272821316020657321e+02 3.630116438244623964e+02
2.161438863159729920e+02 3.504003796749452704e+02
2.044130729108662479e+02 3.373073098662245570e+02
1.911010870609217989e+02 3.228885214971307960e+02
1.776778060420857628e+02 3.084297307967008805e+02
1.660077751966861683e+02 2.955337065038901301e+02
1.564071486961227322e+02 2.844549669685092113e+02
1.475613330261992644e+02 2.740592309148418053e+02
1.383904944341113037e+02 2.634301109031235910e+02
1.291441853186561559e+02 2.527857006092865504e+02
1.207444323444544665e+02 2.429020364250314969e+02
1.133929756172029641e+02 2.339399535184987258e+02
1.064923589773914756e+02 2.253957616755613458e+02
9.965566894228193462e+01 2.169494252333859095e+02
9.313625970505394491e+01 2.088109999138841886e+02
8.722326035359782281e+01 2.012142671563771046e+02
8.175507420199838293e+01 1.940235070598992593e+02
7.649917952211167460e+01 1.870496799192987680e+02
7.151914676988049280e+01 1.803425946953378798e+02
6.690537106709983561e+01 1.739734426564171201e+02
6.258169757385291376e+01 1.678791969591264603e+02
5.852863108576063667e+01 1.620429175415400493e+02
5.472944119675656793e+01 1.564500541874002124e+02
5.116844632840330576e+01 1.510870086970898285e+02
4.783094538035785348e+01 1.459410668817320129e+02
4.470315407538453911e+01 1.410003359670007796e+02
4.177214587345861929e+01 1.362536870527055157e+02
3.902592210785425664e+01 1.316907710368840299e+02
3.645351947584402552e+01 1.273020722773943874e+02
3.404461517637673040e+01 1.230786884531563459e+02
3.178943716332000946e+01 1.190122585830849005e+02
2.967874022814072177e+01 1.150949274800249498e+02
2.770378264161024617e+01 1.113193127997557781e+02
2.585630338796006455e+01 1.076784744765924557e+02
2.412849638476106762e+01 1.041658838961489266e+02
2.251292787053978728e+01 1.007753542287782693e+02
2.100254320303313094e+01 9.750102759412736475e+01
1.959071227719750752e+01 9.433739600020068394e+01
1.827120732586285357e+01 9.127928082920951169e+01
1.703817959403060911e+01 8.832181225312996276e+01
1.588613729099940741e+01 8.546041007041043258e+01
1.480992475529541430e+01 8.269076585194731877e+01
1.380470542636303399e+01 8.000884734293802580e+01
1.286595160442626806e+01 7.741095565975722081e+01
1.198941531971556529e+01 7.489362955545716716e+01
1.117110827347830870e+01 7.245360178195457479e+01
1.040728689140143004e+01 7.008778773126020667e+01
9.694438166913274202e+00 6.779327478170068844e+01
9.029266257417871699e+00 6.556731229358045709e+01
8.408679766589218119e+00 6.340730287552344180e+01
7.829778195402270491e+00 6.131082742275501829e+01
7.289840420646521046e+00 5.927564729624934614e+01
6.786316525644182640e+00 5.729964435620762231e+01
6.316817703938915507e+00 5.538080994301113691e+01
5.879106526883099981e+00 5.351723868099161052e+01
5.471087765260870484e+00 5.170712261943739918e+01
5.090799735925963354e+00 4.994874568901176559e+01
4.736406093635211256e+00 4.824048323451977893e+01
4.406187797711314857e+00 4.658083110016876560e+01
4.098536205096869445e+00 4.496837535395895458e+01
3.811946480120700809e+00 4.340176634479112749e+01
3.545011149360819402e+00 4.187971489398025682e+01
3.296414035758560068e+00 4.040098883718852107e+01
3.064924552796658208e+00 3.896440973827293419e+01
2.849392338493224042e+00 3.756884979439993799e+01
2.648742137341267178e+00 3.621323900570853027e+01
2.461968982446634424e+00 3.489657512271945450e+01
2.288133930147596029e+00 3.361789667399504822e+01
2.126359893298692683e+00 3.237627664174608100e+01
1.975827698062464055e+00 3.117082041995859498e+01
1.835772381904680284e+00 3.000066387498633347e+01
1.705479718806947043e+00 2.886497150441707760e+01
1.584282950869100537e+00 2.776293585884064186e+01
1.471559617901333272e+00 2.669379377926686914e+01
1.366728748352335598e+00 2.565681814500642588e+01
1.269248280159654740e+00 2.465129912087214947e+01
