2.141647157513813727e+04 2.132938812378940202e+04
2.158709581607045038e+04 2.149669035769046241e+04
2.174602411523255796e+04 2.165222046717085686e+04
2.189253834103191912e+04 2.179526326586723007e+04
2.202591825694220825e+04 2.192510227757009852e+04
2.214545388940466000e+04 2.204103187755545878e+04
2.225041366580075555e+04 2.214232548271022461e+04
2.234004938249609404e+04 2.222824056334887064e+04
2.241363377360056620e+04 2.229805621621753016e+04
2.247045020730789474e+04 2.235106307608391580e+04
2.250976065661081157e+04 2.238653177288406368e+04
2.253085212518298431e+04 2.240375886886353692e+04
2.253304928395772367e+04 2.240207942473182629e+04
2.251567757121297109e+04 2.238083093480278330e+04
2.247808089758715141e+04 2.233937080276304914e+04
2.241966028617506527e+04 2.227711430779650254e+04
2.233986434120751801e+04 2.219352570849574840e+04
2.223817170500367138e+04 2.208810166606297207e+04
2.211413163330936004e+04 2.196041026900718498e+04
2.196737442689331874e+04 2.181010134023806313e+04
2.179760271173756337e+04 2.163689972493835012e+04
2.160460428551609948e+04 2.144061690103600995e+04
2.138826657574828278e+04 2.122116391278486844e+04
2.114859732596508911e+04 2.097857352481573253e+04
2.088574163897637845e+04 2.071301841350226823e+04
2.059995648424242972e+04 2.042478244904764506e+04
2.029162431889289655e+04 2.011427423017538604e+04
1.996134524558505655e+04 1.978212217163158857e+04
1.960986825194358244e+04 1.942910294463296304e+04
1.923804264581236930e+04 1.905609090402389847e+04
1.884694962463662523e+04 1.866419134545080669e+04
1.843794463193989941e+04 1.825478311920017950e+04
1.801245168405034565e+04 1.782930970500418698e+04
1.757201149524354332e+04 1.738932717451691133e+04
1.711857132727544376e+04 1.693679478132602162e+04
1.665417766168077287e+04 1.647376632533500378e+04
1.618084240326337749e+04 1.600225585454977772e+04
1.570090148358614897e+04 1.552459354050362344e+04
1.521699430246632073e+04 1.504340511122381213e+04
1.473160092163206900e+04 1.456115282103435129e+04
1.424717239708181114e+04 1.408026357929651931e+04
1.376656738157326254e+04 1.360355795640865290e+04
1.329249156554403817e+04 1.313370025325427559e+04
1.282736471821840860e+04 1.267306817980752385e+04
1.237386651711127342e+04 1.222427958115470392e+04
1.193478452847291737e+04 1.179004709183998602e+04
1.151250280277473757e+04 1.137268693605962289e+04
1.110897069837462732e+04 1.097408291619766896e+04
1.072565623346892244e+04 1.059562984650951876e+04
1.036372529736145771e+04 1.023842760038701635e+04
1.002415688469654924e+04 9.903394838987775074e+03
9.708290000488612350e+03 9.591772450516002209e+03
9.417608215744256086e+03 9.304928287773811462e+03
9.153354449728494728e+03 9.044004114083467357e+03
8.914817424974815367e+03 8.808244804505871798e+03
8.698734472866803117e+03 8.594414821474743803e+03
8.501965237058511775e+03 8.399401976618171830e+03
8.321726676078162200e+03 8.220451596952420005e+03
8.155571630805638961e+03 8.055147815703351625e+03
8.001197639293426619e+03 7.901220195753058761e+03
7.855364722555520530e+03 7.755517643932957981e+03
7.714140574062407723e+03 7.614241343502088057e+03
7.573483455738726661e+03 7.473505878116327040e+03
7.428249549342001046e+03 7.328424991302149465e+03
7.273334536345787456e+03 7.174168485737703122e+03
7.103705576467859828e+03 7.006031327938123468e+03
6.914657292513355060e+03 6.819653597590983736e+03
6.702943299552897770e+03 6.612088339182468189e+03
6.467070680802959942e+03 6.382080573670050399e+03
6.207514690837673697e+03 6.130222234469869363e+03
5.927311515506191427e+03 5.859520066595066965e+03
5.630676687995554857e+03 5.574053028843339234e+03
5.323020607869985724e+03 5.278995305380241007e+03
5.010718029267623933e+03 4.980372100785000839e+03
4.700862193959133037e+03 4.684845726047891731e+03
4.400838074760685231e+03 4.399300326131325164e+03
4.117803065117598635e+03 4.130373935124973286e+03
3.859101222712259187e+03 3.884787658467743313e+03
3.630494907301958847e+03 3.667816541637664159e+03
3.435772597089523515e+03 3.482791345524265125e+03
3.276498709435832097e+03 3.331003731330350092e+03
3.150550597088634731e+03 3.210285593242012510e+03
3.053689111047715414e+03 3.116538406818891872e+03
2.979018929048918380e+03 3.043247226770266025e+03
2.918221084438836442e+03 2.982662024727266271e+03
2.862013720504328830e+03 2.926229969592270209e+03
2.800814189385664577e+03 2.865236241761288056e+03
2.726185725165250915e+03 2.792101116450878180e+03
2.631916335308736961e+03 2.701334798945050352e+03
2.515464666299993041e+03 2.590815650481054945e+03
2.378061820017179343e+03 2.461819729215944790e+03
2.224679408035701272e+03 2.318950476738857560e+03
2.063789297570280723e+03 2.169898992427242320e+03
1.906642406260876896e+03 2.024753727543623199e+03
1.764557494935936575e+03 1.893563145770137226e+03
1.645670309308032984e+03 1.783464688351021778e+03
1.552945432600768527e+03 1.696931204911410305e+03
1.484600568535584671e+03 1.632200862310856337e+03
1.435761272383431333e+03 1.584800664199875200e+03
1.398779517182261998e+03 1.547874159676613317e+03
1.363282007064098934e+03 1.512271609738870893e+03
1.319047463803732398e+03 1.469095488082666861e+03
1.260216458827419046e+03 1.413346940360571125e+03
1.187201816166901835e+03 1.345514065214196080e+03
1.105043263354672263e+03 1.270070264228487076e+03
1.021898177258610758e+03 1.194112794823995728e+03
9.468365126996194476e+02 1.125426240272468704e+03
8.860535895287357562e+02 1.069233619757680799e+03
8.407728222445790607e+02 1.026451792048934067e+03
8.075628844024171258e+02 9.940365187540679699e+02
7.792401472718870536e+02 9.658222761539694829e+02
7.480172746486387041e+02 9.352287692815979199e+02
7.098022123820963998e+02 8.988674875387292786e+02
6.651835363592152817e+02 8.573078010926086563e+02
6.184744313957284021e+02 8.142050532602818294e+02
5.758085386084876518e+02 7.746562911866291188e+02
5.410514147770726368e+02 7.418001247805875664e+02
5.138165777942089107e+02 7.152377493402742630e+02
4.905931826586353282e+02 6.920326358101281130e+02
4.668040903426361865e+02 6.684395310816275924e+02
4.400761429465516130e+02 6.425608502057176565e+02
4.116758175470492347e+02 6.154568687202539650e+02
3.846334256543042898e+02 5.895721167073626248e+02
3.613519870274466825e+02 5.667981704283813542e+02
3.417861566919031588e+02 5.470545348753084909e+02
3.237941433704525593e+02 5.286219796575469445e+02
3.053935782343835967e+02 5.099458666079372051e+02
2.864646718980542914e+02 4.909482087509264829e+02
2.683383242004057934e+02 4.726649325321918695e+02
2.521753121684390919e+02 4.559729842555354367e+02
2.377565752327021187e+02 4.406819779744428160e+02
2.240118546438322085e+02 4.259693458935036006e+02
2.103858879570349814e+02 4.114193972274244402e+02
1.972779675147768046e+02 3.973315848264722376e+02
1.852366333333619934e+02 3.841033335317430328e+02
1.741899796530969695e+02 3.716694432667019896e+02
1.636768021053153461e+02 3.596882226162127836e+02
1.535527994132069409e+02 3.480543771164746545e+02
1.440314733148934465e+02 3.369163406379836374e+02
1.352009250195461618e+02 3.263289560414324910e+02
1.268928226562369019e+02 3.161688491088694946e+02
1.189956934541703077e+02 3.063561252080144186e+02
1.115668257838187429e+02 2.969254262478102646e+02
1.046201875063101170e+02 2.878818734078408852e+02
9.808784342642614718e+01 2.791769178301211127e+02
9.193787324507012215e+01 2.707851635882757932e+02
8.615121075275202145e+01 2.626901849231974779e+02
8.070939727762552707e+01 2.548765689372103793e+02
7.559459264314999416e+01 2.473298448576633177e+02
7.078958851763006521e+01 2.400364232196145053e+02
6.627781707243164533e+01 2.329835395414777111e+02
6.204334586145745334e+01 2.261591945521363414e+02
5.807042725061938171e+01 2.195517330568692387e+02
5.434344203162604714e+01 2.131496821764706624e+02
5.084762619979338893e+01 2.069422698014447519e+02
4.756907993331538620e+01 2.009194247784754737e+02
4.449471788197706701e+01 1.950717333996834952e+02
4.161222229493961322e+01 1.893903991003188878e+02
3.890999882479926697e+01 1.838672050847829951e+02
3.637715155017767188e+01 1.784945396778653048e+02
3.400353657872856417e+01 1.732657226110327713e+02
3.177962914650086645e+01 1.681746829825507348e+02
2.969643457533463149e+01 1.632157308543201282e+02
2.774546170652159560e+01 1.583835348952523532e+02
2.591869765364267764e+01 1.536731022188941722e+02
2.420858359158200201e+01 1.490797594099969672e+02
2.260799143930376331e+01 1.445991355528253735e+02
2.111018887666457644e+01 1.402272477384446745e+02
1.970881121679278891e+01 1.359605621278363401e+02
1.839786746292120512e+01 1.317957842059187215e+02
1.717172252730599524e+01 1.277298226617481305e+02
1.602507728830454425e+01 1.237597779001152674e+02
1.495294967855091173e+01 1.198829310880541072e+02
1.395065675701571983e+01 1.160967336980061901e+02
1.301379806868458644e+01 1.123988124009982670e+02
1.213824243790686452e+01 1.087870900852240084e+02
1.132011033160641311e+01 1.052596938281697447e+02
1.055575730017076097e+01 1.018148538856104182e+02
9.841760514451097563e+00 9.845089590425220649e+01
9.174906038138560760e+00 9.516623455634872641e+01
8.552176774450890306e+00 9.195936741952617410e+01
7.970741053400477227e+00 8.882886919427292582e+01
7.427940950519099417e+00 8.577342863496512848e+01
6.921281090026414340e+00 8.279189980145864070e+01
6.448421321305869647e+00 7.988319305048570129e+01
6.007167849923824576e+00 7.704625299611149103e+01
5.595464479741030672e+00 7.428005504871335063e+01
5.211384349531852145e+00 7.158360210946889879e+01
4.853122138354571291e+00 6.895592141869694558e+01
4.518986708435101640e+00 6.639606941768322201e+01
4.207394091665568325e+00 6.390323237798417466e+01
3.916861009936142501e+00 6.147667716096217561e+01
3.645998798965037757e+00 5.911565618776235453e+01
3.393507605990595533e+00 5.681940475401248847e+01
3.158170923956571396e+00 5.458714081022564102e+01
2.938850445822186241e+00 5.241806483365847669e+01
2.734481221448142207e+00 5.031135979561781113e+01
2.544067021610604939e+00 4.826623912104963665e+01
2.366675899917811687e+00 4.628204881265630632e+01
2.201436428868693618e+00 4.435811667474388997e+01
