1.842203964331087991e+04 1.825750404582693955e+04
1.870348632384655866e+04 1.853183696246334875e+04
1.898127214189874940e+04 1.880229833446876728e+04
1.925484354919222096e+04 1.906833852333280447e+04
1.952363099032355240e+04 1.932939297974751025e+04
1.978704794999471051e+04 1.958488119334016301e+04
2.004446904595872911e+04 1.983418526803813438e+04
2.029524597704659391e+04 2.007666565790824097e+04
2.053871939037517950e+04 2.031167289048061139e+04
2.077420310147267810e+04 2.053853266255139170e+04
2.100097827589316148e+04 2.075654044713272378e+04
2.121831790128545254e+04 2.096498493331253485e+04
2.142548430489117163e+04 2.116314578250837803e+04
2.162170394004655464e+04 2.135026974365832211e+04
2.180619265769334379e+04 2.152559489457582458e+04
2.197816867677080154e+04 2.168836314051517547e+04
2.213683390141471682e+04 2.183780278449620891e+04
2.228137488036328796e+04 2.197312962413063360e+04
2.241099006870981975e+04 2.209357279900309732e+04
2.252488771542935501e+04 2.219837304617795598e+04
2.262226834629019868e+04 2.228676663746417398e+04
2.270235139484997126e+04 2.235801034912998148e+04
2.276438663905479916e+04 2.241139231795666637e+04
2.280765004187461818e+04 2.244622907481041693e+04
2.283145028044206629e+04 2.246187167201311240e+04
2.283514216729545660e+04 2.245771765202936149e+04
2.281813819562792924e+04 2.243322271833080958e+04
2.277992523840378271e+04 2.238791797289718306e+04
2.272005518356347966e+04 2.232139916093591819e+04
2.263815119747186691e+04 2.223333238515921767e+04
2.253396569265647850e+04 2.212351192283457203e+04
2.240736401486216346e+04 2.199184340048324884e+04
2.225828852518293570e+04 2.183830734530726113e+04
2.208682174730174665e+04 2.166302153547135094e+04
2.189326297618467288e+04 2.146631660542302416e+04
2.167800423091867196e+04 2.124861248442696524e+04
2.144153618119265593e+04 2.101042398148077336e+04
2.118465403816548496e+04 2.075256461675252285e+04
2.090833082748505331e+04 2.047602048293240296e+04
2.061358626079749592e+04 2.018182002439221105e+04
2.030165317348515600e+04 1.987119959612962703e+04
1.997408937312078342e+04 1.954571449414553354e+04
1.963247540809669954e+04 1.920693806280564240e+04
1.927845314660971417e+04 1.885650063019328809e+04
1.891415886307401524e+04 1.849652263062820202e+04
1.854185864488171501e+04 1.812925004097355486e+04
1.816371229542644505e+04 1.775681891451526099e+04
1.778186389112177858e+04 1.738135279614013780e+04
1.739846359247405053e+04 1.700498681333422792e+04
1.701552477044560510e+04 1.662971658131928780e+04
1.663505377716964722e+04 1.625753047762387541e+04
1.625959905606229222e+04 1.589096903672346707e+04
1.589170533119548963e+04 1.553257064386711681e+04
1.553368438628162403e+04 1.518464040525021846e+04
1.518759563313743820e+04 1.484925439402560551e+04
1.485526328841111172e+04 1.452827782512758859e+04
1.453833113539111582e+04 1.422339587982511694e+04
1.423770095982841485e+04 1.393556850244140696e+04
1.395278309935520701e+04 1.366430179487486748e+04
1.368281522793392105e+04 1.340893086271028551e+04
1.342672015858794839e+04 1.316847856544806018e+04
1.318259061864377873e+04 1.294114767802722963e+04
1.294849909169669809e+04 1.272511424544787951e+04
1.272215740532952259e+04 1.251817797898747449e+04
1.250078112136573873e+04 1.231762063979148297e+04
1.228160736457317944e+04 1.212072067971549041e+04
1.206126001373647341e+04 1.192407805372385519e+04
1.183625886126198930e+04 1.172414066203787843e+04
1.160283980833364876e+04 1.151698393155401936e+04
1.135692779397032609e+04 1.129826875783582909e+04
1.109480208874863274e+04 1.106393370602704636e+04
1.081313902630956363e+04 1.081020463029754865e+04
1.050959183617034068e+04 1.053425464489784099e+04
1.018360827288131622e+04 1.023505898194172187e+04
9.836072979425300218e+03 9.913092245767700661e+03
9.470230012209649431e+03 9.571350271194625748e+03
9.090650655503381131e+03 9.214304963647842669e+03
8.703503646103357823e+03 8.848237483813192739e+03
8.315530866736424287e+03 8.480154572107794593e+03
7.933769768330399529e+03 8.117499045133070467e+03
7.565405407273904530e+03 7.767985072003546520e+03
7.216986437006054075e+03 7.438746796110875039e+03
6.894578940592544313e+03 7.136495271790572588e+03
6.603139774496507016e+03 6.866856775298791035e+03
6.345479791737549931e+03 6.633232829076197959e+03
6.122217117879683428e+03 6.436738081836425408e+03
5.930383982697224383e+03 6.274618207107548187e+03
5.764278975263191569e+03 6.141063230656234737e+03
5.615603590001740486e+03 6.027221969074585104e+03
5.474592724518364776e+03 5.922272454715587628e+03
5.331357607496478522e+03 5.814842593706951448e+03
5.176853308960492541e+03 5.694067783400530971e+03
5.004316735153100126e+03 5.551361398050154094e+03
4.810293115863550156e+03 5.381832315036559521e+03
4.595417133311329053e+03 5.185465301650961010e+03
4.364630864290791578e+03 4.967628671711950119e+03
4.126164090358455724e+03 4.737939749465469504e+03
3.890313125558852789e+03 4.508763636102702549e+03
3.668075696986046751e+03 4.293477225507465846e+03
3.469391534547293759e+03 4.104273485895651902e+03
3.300607731215437070e+03 3.949100891632310322e+03
3.162126623042744086e+03 3.828851142474136850e+03
3.048282017077420278e+03 3.737110225024963256e+03
2.949553317981007694e+03 3.662598959432697939e+03
2.855156005803263270e+03 3.592086865515449517e+03
2.754667621365352261e+03 3.512288413172590481e+03
2.640121139267876515e+03 3.412626306318399656e+03
2.509429258553424006e+03 3.289969982363050349e+03
2.367988318478340716e+03 3.151060863560539019e+03
2.225809440379373882e+03 3.008847262935911203e+03
2.093128562719202364e+03 2.876613666308323445e+03
1.977670624459233522e+03 2.764345857764009907e+03
1.882350731256189420e+03 2.675858625664915053e+03
1.803655502987161981e+03 2.606800014001313230e+03
1.733277592264710620e+03 2.546634723197596941e+03
1.661891321957034734e+03 2.483321534789248744e+03
1.583003035566162680e+03 2.408341895323206245e+03
1.496227232296319016e+03 2.321208729469186892e+03
1.407423098487453899e+03 2.229712853833366353e+03
1.324013923810519600e+03 2.143614965373520590e+03
1.251337420177114154e+03 2.069796187164295134e+03
1.190048969672852763e+03 2.009029565518796517e+03
1.135525114183726600e+03 1.955384275398221462e+03
1.081589188561539686e+03 1.901019487125715386e+03
1.024658814284110804e+03 1.841487342399645286e+03
9.656469512646497151e+02 1.778131699961513505e+03
9.089222730043555885e+02 1.716589746648220398e+03
8.581362291488170513e+02 1.661398082843780912e+03
8.134201177592404974e+02 1.612628967994410914e+03
7.719693458069464214e+02 1.566829042628186926e+03
7.306633515104666685e+02 1.520309922168711864e+03
6.889611487305559194e+02 1.472577516645854075e+03
6.488461720124740850e+02 1.426074853765083617e+03
6.121783790362893569e+02 1.382946485564728846e+03
5.787897866327334668e+02 1.342942908798914686e+03
5.470081071628762857e+02 1.304199238437030999e+03
5.158197070387113854e+02 1.265682905513249580e+03
4.857487454831575064e+02 1.228031795885795418e+03
4.577727595884473430e+02 1.192273971989708116e+03
4.318192509722106252e+02 1.158305651254200029e+03
4.071151712974568682e+02 1.125364681332765031e+03
3.833326994136667167e+02 1.093173746016548421e+03
3.608314456914369543e+02 1.062087344829110862e+03
3.398019696466092796e+02 1.032263469057660586e+03
3.199460052967097567e+02 1.003433210430426129e+03
3.010307777844420798e+02 9.754096822063419268e+02
2.831490568518251507e+02 9.482683846196771356e+02
2.663430311573104063e+02 9.220282842490374833e+02
2.504794008114652115e+02 8.965804783300139889e+02
2.354932480507339676e+02 8.718734444271018447e+02
2.213415946877510976e+02 8.478635053047518113e+02
2.079850043221226770e+02 8.245094598425899903e+02
1.953852208680438309e+02 8.017730226481622822e+02
1.835052010354570768e+02 7.796186501383810992e+02
1.723091380910342139e+02 7.580133803039803979e+02
1.617623650099429540e+02 7.369262604580695779e+02
1.518302803346977043e+02 7.163239106671115906e+02
1.424791325764623764e+02 6.961727215658547721e+02
1.336768768605385844e+02 6.764419763298993757e+02
1.253931102743390227e+02 6.571037493459779171e+02
1.175989956413049669e+02 6.381327634663412027e+02
1.102671883504974346e+02 6.195062577713081282e+02
1.033717661482910728e+02 6.012038643324876830e+02
9.688819444118519186e+01 5.832078311256922234e+02
9.079338170500234639e+01 5.655042590033589249e+02
8.506546678466533251e+01 5.480816084110331303e+02
7.968370503484140954e+01 5.309299929883924278e+02
7.462841981567984817e+01 5.140410940283630907e+02
6.988095548402698398e+01 4.974080769880726507e+02
6.542363185243704038e+01 4.810255091736382269e+02
6.123970008313749247e+01 4.648892836664447827e+02
5.731328585936861231e+01 4.489988942099982410e+02
5.362933190838533903e+01 4.333605145258278526e+02
5.017359575642488068e+01 4.179811389456216375e+02
4.693261596831510474e+01 4.028675258112848496e+02
4.389367343825854562e+01 3.880261695938563662e+02
4.104475429921703267e+01 3.734632741553001551e+02
3.837451440506337974e+01 3.591847272695722495e+02
3.587224527319439460e+01 3.451961489647163148e+02
3.352783913622432976e+01 3.315056250445287560e+02
3.133175791609629357e+01 3.181240052085349248e+02
2.927500717178913447e+01 3.050609382426806064e+02
2.734910777961006545e+01 2.923246394742380971e+02
2.554606867308342544e+01 2.799219440213683470e+02
2.385836085834317899e+01 2.678583633651421678e+02
2.227889265747507963e+01 2.561381446844263223e+02
2.080098595134188955e+01 2.447644050026745219e+02
1.941835173578008167e+01 2.337400213304611896e+02
1.812507012288186914e+01 2.230672312820652508e+02
1.691557177046124494e+01 2.127469972941946423e+02
1.578461846665419266e+01 2.027790819395506219e+02
1.472728465909646189e+01 1.931621376561334387e+02
1.373893992402877551e+01 1.838937955186935653e+02
1.281523233410582385e+01 1.749707525262931256e+02
1.195207239184256309e+01 1.663888486385116039e+02
1.114561684910179196e+01 1.581431135360772089e+02
1.039225601512601926e+01 1.502278862375266897e+02
9.688600937262931367e+00 1.426369103633383304e+02
9.031470594628444815e+00 1.353634067924226940e+02
8.417879782291185720e+00 1.284001429190010128e+02
