2.957272874588871491e+04 2.944181724678407409e+04
2.974635930867339994e+04 2.961078491278303773e+04
2.990194711156841004e+04 2.976163252826581811e+04
3.003856104827383024e+04 2.989343394874556907e+04
3.015529234442217057e+04 3.000528616653576319e+04
3.025122079217952341e+04 3.009627686930797790e+04
3.032541360400322083e+04 3.016548355833449386e+04
3.037697412141846871e+04 3.021202085100428303e+04
3.040503048230384957e+04 3.023502926102498532e+04
3.040867927703012901e+04 3.023361949825692136e+04
3.038705284662077247e+04 3.020693918005016167e+04
3.033934510201582452e+04 3.015419848377384915e+04
3.026477084881055634e+04 3.007463086599202143e+04
3.016257699600634078e+04 2.996750413196467343e+04
3.003209543661569114e+04 2.983217188967630864e+04
2.987273520071325038e+04 2.966806645490631490e+04
2.968395140026802619e+04 2.947466973364669684e+04
2.946529836664112372e+04 2.925156380774840000e+04
2.921644767773261265e+04 2.899844840038697657e+04
2.893718383041107882e+04 2.871513955294883272e+04
2.862741378963199895e+04 2.840157795560309751e+04
2.828718160264478865e+04 2.805784065851936975e+04
2.791669470806175377e+04 2.768416904089405580e+04
2.751636008418451092e+04 2.728100768934351800e+04
2.708673704083531629e+04 2.684895210963254067e+04
2.662854307268999764e+04 2.638875381431140340e+04
2.614279119869603892e+04 2.590146195103512946e+04
2.563071548805822022e+04 2.538834585440497540e+04
2.509366896283401002e+04 2.485078920589862173e+04
2.453327022115697400e+04 2.429043850598840436e+04
2.395154272917562412e+04 2.370934400315498351e+04
2.335059546253728695e+04 2.310963546046685951e+04
2.273263093511274928e+04 2.249352959049740093e+04
2.210037385410314891e+04 2.186375956518288513e+04
2.145673372846007624e+04 2.122323661323871784e+04
2.080452108276172657e+04 2.057476576973339616e+04
2.014683662024224031e+04 1.992143175102902023e+04
1.948726391464061453e+04 1.926678999764854234e+04
1.882916197693510185e+04 1.861416612138454730e+04
1.817572321686576834e+04 1.796671247860443691e+04
1.753065580268206759e+04 1.732807641362784489e+04
1.689755189434412750e+04 1.670178327074105619e+04
1.627954767913469004e+04 1.609090490551052790e+04
1.567984080566199191e+04 1.549855573206308691e+04
1.510180364548745638e+04 1.492800299159395217e+04
1.454830216281661524e+04 1.438201849640200453e+04
1.402169432298894390e+04 1.386287240008739718e+04
1.352387706806341703e+04 1.337235423245904531e+04
1.305636112579077962e+04 1.291187424212569022e+04
1.262033853171188093e+04 1.248253924883284162e+04
1.221675006438148921e+04 1.208518561244680313e+04
1.184634519624186760e+04 1.172043830623050053e+04
1.150972980335658576e+04 1.138879386310210430e+04
1.120599727941785568e+04 1.108928919975714780e+04
1.093088051678055126e+04 1.081770215054461187e+04
1.068003181186373695e+04 1.056973691483956463e+04
1.044955982759696781e+04 1.034155284485498305e+04
1.023602507644875732e+04 1.012977060426011121e+04
1.003626003136421059e+04 9.931280686989603055e+03
9.846107313140357292e+03 9.742048341571497076e+03
9.660054894025844987e+03 9.556769737235730645e+03
9.472632525600496592e+03 9.370197084492374415e+03
9.277111237849041572e+03 9.175951311713382893e+03
9.066649149472959834e+03 8.967573552752506657e+03
8.835102889714697085e+03 8.739325882258703132e+03
8.577162431767983435e+03 8.486316898387951369e+03
8.289439284532836609e+03 8.205488169948115683e+03
7.971552333460131194e+03 7.896673714644667598e+03
7.625222304352299943e+03 7.561659565693665172e+03
7.255607017959156110e+03 7.205471462619890190e+03
6.868954653426489131e+03 6.834109231695522794e+03
6.472656020715637169e+03 6.454613388344438135e+03
6.074811236282673235e+03 6.074625367240864762e+03
5.684625624662719929e+03 5.702777298581651849e+03
5.311398463495521355e+03 5.347729127110147601e+03
4.964148501113622842e+03 5.017845596983503128e+03
4.651373428005414098e+03 4.720876617612580958e+03
4.379708596148187098e+03 4.462876506226744823e+03
4.152102019572661447e+03 4.246361137391947523e+03
3.968970392005702251e+03 4.071495353783654082e+03
3.825792155871842169e+03 3.933866271751552631e+03
3.715920418214834172e+03 3.827106496663971939e+03
3.629601919191384695e+03 3.742064654979582428e+03
3.555924887799726548e+03 3.668601696633279062e+03
3.482997915052643293e+03 3.595789978508613331e+03
3.399392342551505408e+03 3.513249178229556946e+03
3.295703151334441827e+03 3.412535340297166385e+03
3.166151522455352733e+03 3.288573693443996945e+03
3.009653571421881679e+03 3.140583871205196829e+03
2.829659795502792349e+03 2.971865922787100317e+03
2.634005945274948317e+03 2.789630905434624765e+03
2.434784935279246838e+03 2.604850537733142119e+03
2.246449566551026692e+03 2.430483786081767903e+03
2.081700936196510611e+03 2.277812715767855934e+03
1.947872910944723799e+03 2.153228893005215468e+03
1.845702323942389967e+03 2.057173395326638911e+03
1.771213752703343516e+03 1.985900333265178688e+03
1.717260987241410248e+03 1.932900244122191907e+03
1.673146957799523534e+03 1.888614367646827304e+03
1.625547074639131552e+03 1.841296660639724678e+03
1.563812395576848303e+03 1.781682120236433548e+03
1.484282507759643977e+03 1.706707376138494510e+03
1.389969948286742238e+03 1.619147180303208415e+03
1.288487413041463242e+03 1.525731709921998117e+03
1.190423560417292720e+03 1.435672706113357890e+03
1.105673638810090097e+03 1.357455800251624623e+03
1.039189502184779940e+03 1.295207074781426854e+03
9.901106766445249150e+02 1.248030117616562620e+03
9.524364887082574569e+02 1.210672313529737721e+03
9.167498903726268509e+02 1.175066976485595660e+03
8.753099476629572564e+02 1.134681344327695115e+03
8.257241172492849728e+02 1.087574687570407377e+03
7.704254789113548441e+02 1.035878857246359530e+03
7.156410952260069962e+02 9.848496149873420791e+02
6.679389798323387595e+02 9.399295659607103062e+02
6.297253895294408039e+02 9.030253625274665410e+02
5.989538182706926364e+02 8.723571633113293728e+02
5.708145461828581801e+02 8.439261304936187571e+02
5.406753141033709653e+02 8.139549498250327133e+02
5.075818593847297393e+02 7.817107951286914158e+02
4.740405590804563190e+02 7.492546623088466049e+02
4.433850270351692870e+02 7.192590668217594612e+02
4.173522800209902357e+02 6.930665639983748179e+02
3.947676265733483092e+02 6.696957456208848498e+02
3.730388359164093686e+02 6.470818376814729618e+02
3.507313348064441811e+02 6.241107085301770212e+02
3.284497758677843535e+02 6.012684544776114990e+02
3.077869715800001131e+02 5.797811950773244689e+02
2.893977739674511440e+02 5.601265536139522965e+02
2.725971057739294565e+02 5.417598974582404026e+02
2.562746806746606012e+02 5.238368404534899128e+02
2.403012032372318458e+02 5.062639107290350466e+02
2.252470706427112930e+02 4.894610753346340744e+02
2.114674530827731473e+02 4.736761725517256991e+02
1.986430244681163231e+02 4.586641700860747051e+02
1.863690339761191694e+02 4.441285175155062461e+02
1.746741068803991652e+02 4.300870785056320642e+02
1.637594819873970380e+02 4.166751655944078720e+02
1.535938168893544571e+02 4.038623809197620744e+02
1.439854265916779070e+02 3.915112104856738142e+02
1.348988044073054766e+02 3.795930048516432862e+02
1.263857840319374333e+02 3.681377200027488925e+02
1.184083996439757698e+02 3.571143238353370748e+02
1.109127573851749418e+02 3.464836352905444414e+02
1.038653258658320908e+02 3.362194156274123884e+02
9.724242611006047809e+01 3.263020172639756993e+02
9.102138716217413617e+01 3.167130864048789363e+02
8.518045109801701642e+01 3.074354263704101982e+02
7.969876612998520216e+01 2.984529232541742658e+02
7.455637621843104057e+01 2.897504771586223455e+02
6.973420698255598893e+01 2.813139382602327032e+02
6.521378996179137744e+01 2.731299300978125757e+02
6.097694804743527186e+01 2.651856328512201344e+02
5.700645895860275658e+01 2.574690144932454245e+02
5.328611437325106692e+01 2.499688306221216010e+02
4.980066190758366673e+01 2.426745772206049310e+02
4.653575033589710586e+01 2.355764467396070074e+02
4.347787787316750041e+01 2.286652872155805483e+02
4.061434893579275496e+01 2.219325940054578155e+02
3.793330453403314095e+01 2.153709048461107898e+02
3.542363615599127513e+01 2.089736100443861062e+02
3.307487066637227713e+01 2.027345291107605476e+02
3.087713540904302079e+01 1.966478762198835852e+02
2.882112692367305584e+01 1.907082382113962922e+02
2.689808104735658745e+01 1.849105537727402293e+02
2.509974435893696310e+01 1.792500937094654319e+02
2.341834030920610132e+01 1.737225254268261949e+02
2.184652801742782202e+01 1.683241098777149887e+02
2.037740188055243351e+01 1.630514096291347528e+02
1.900447334721827275e+01 1.579011950843319596e+02
1.772164707616491341e+01 1.528704321968919260e+02
1.652319835969998607e+01 1.479562706954397697e+02
1.540375175208767899e+01 1.431560327871948459e+02
1.435826093150172866e+01 1.384672074501755503e+02
1.338199186728142109e+01 1.338875828577091056e+02
1.247050424198146068e+01 1.294152328870455051e+02
1.161963130650507736e+01 1.250483301719202274e+02
1.082546375842107622e+01 1.207851293181820438e+02
1.008433465851056710e+01 1.166239604368146416e+02
9.392805168363270951e+00 1.125632229295811015e+02
8.747651069010499825e+00 1.086013795214661428e+02
8.145849625881647071e+00 1.047369799825979726e+02
7.584565933030531504e+00 1.009687856950468330e+02
7.061143539197072272e+00 9.729563354511356010e+01
6.573094510750942199e+00 9.371636798760239628e+01
6.118089177927142686e+00 9.022983843820192362e+01
5.693946471122732333e+00 8.683489691233532426e+01
5.298624816714676555e+00 8.353039583023871728e+01
4.930213560731438349e+00 8.031518761262131534e+01
4.586924795393722221e+00 7.718823166358630772e+01
4.267085732882677007e+00 7.414863954241039323e+01
3.969131732338136764e+00 7.119548742452226975e+01
3.691599575132844535e+00 6.832779976948776834e+01
3.433121123316444923e+00 6.554455143109882442e+01
3.192417356754186919e+00 6.284466983101165027e+01
2.968292767682355837e+00 6.022703718979072107e+01
2.759630061490004227e+00 5.769051360100722547e+01
2.565384989526124038e+00 5.523409237634907498e+01
2.384581901392655912e+00 5.285678388024329877e+01
2.216309523379042634e+00 5.055751687504115210e+01
