2.522469708855907811e+04 2.507441951502340453e+04
2.547346906367518750e+04 2.531724616697535748e+04
2.570991295431361505e+04 2.554759918231219490e+04
2.593313999891966159e+04 2.576459494390596228e+04
2.614226255916395530e+04 2.596735190384042289e+04
2.633636097456128118e+04 2.615495744177731831e+04
2.651447851405009351e+04 2.632646288477479175e+04
2.667566789520149905e+04 2.648093013404338126e+04
2.681898527351687881e+04 2.661742587476365225e+04
2.694345473131127437e+04 2.673498666310475892e+04
2.704811322565780574e+04 2.683266340611527630e+04
2.713202665916458500e+04 2.690953732836079507e+04
2.719424965120024353e+04 2.696468060009517285e+04
2.723384043245740759e+04 2.699717112306453419e+04
2.724990661030313640e+04 2.700613758722683633e+04
2.724159538109350979e+04 2.699075030083418824e+04
2.720807243790492430e+04 2.695020113394424698e+04
2.714856877975966199e+04 2.688374880486681650e+04
2.706239343341246786e+04 2.679073146832102066e+04
2.694892156377473293e+04 2.667055681692379585e+04
2.680761200548676788e+04 2.652271836637559318e+04
2.663802671883966468e+04 2.634681342546789892e+04
2.643985126836313066e+04 2.614256510883994633e+04
2.621291012326952841e+04 2.590983853993352022e+04
2.595715053799586167e+04 2.564862155395594164e+04
2.567266352550567899e+04 2.535904569196862212e+04
2.535977670079877498e+04 2.504148178997744617e+04
2.501898180268946817e+04 2.469646433351001906e+04
2.465089945397238989e+04 2.432465440860102899e+04
2.425643384699363014e+04 2.392699616769487329e+04
2.383678130284293366e+04 2.350472485775380483e+04
2.339323974393913886e+04 2.305917310800822816e+04
2.292729917448903507e+04 2.259186130866670646e+04
2.244091620461308048e+04 2.210477256794780988e+04
2.193616205386499496e+04 2.159999882357018578e+04
2.141514288773894077e+04 2.107966044521734875e+04
2.088045170909368971e+04 2.054635455385494060e+04
2.033498566873155505e+04 2.000297296556979563e+04
1.978151921770190165e+04 1.945227846801478518e+04
1.922294811274325912e+04 1.889714550191144735e+04
1.866261889517393502e+04 1.834088475852899865e+04
1.810369916306509549e+04 1.778662272857543940e+04
1.754917593875953389e+04 1.723729909886182941e+04
1.700266185006823071e+04 1.669644790324097630e+04
1.646783425675444232e+04 1.616765487747510633e+04
1.594792011629168883e+04 1.565405996016305653e+04
1.544549315174695221e+04 1.515815518770492054e+04
1.496240192411994940e+04 1.468171340077607965e+04
1.450017822284018257e+04 1.422619727137616428e+04
1.406042123534113853e+04 1.379312649409937876e+04
1.364620372054891777e+04 1.338540998162552751e+04
1.326076778695509711e+04 1.300611236482047570e+04
1.290673772467406343e+04 1.265770535158650455e+04
1.258322632813106975e+04 1.233925840839717966e+04
1.228694810840386162e+04 1.204751964295825564e+04
1.201486065889396559e+04 1.177947971072933069e+04
1.176412424831149838e+04 1.153233939896424454e+04
1.153208460880811617e+04 1.130348991951941389e+04
1.131609934954644996e+04 1.109034235025760427e+04
1.111229179544568615e+04 1.088914974430925940e+04
1.091643563375916892e+04 1.069584262634130937e+04
1.072387622490801368e+04 1.050596856441499040e+04
1.052888866453980154e+04 1.031409825159958200e+04
1.032580587444291632e+04 1.011487224396034435e+04
1.010821031909709563e+04 9.902279470425864929e+03
9.869907191033080380e+03 9.670535766256916759e+03
9.605983695741102565e+03 9.415118544002167255e+03
9.312824744847384864e+03 9.132747493039243636e+03
8.989235293947693208e+03 8.822440999526959786e+03
8.636307436559778580e+03 8.485371349849927356e+03
8.257897173256606038e+03 8.125291898682254214e+03
7.860017626749327974e+03 7.747957728773896633e+03
7.450334032296820624e+03 7.360626857293136709e+03
7.037228816637953969e+03 6.971187955831869658e+03
6.629859575154132472e+03 6.588203399861432445e+03
6.237484629743486948e+03 6.220264702587753163e+03
5.869717335717063179e+03 5.876220011546297428e+03
5.534719561066350252e+03 5.563542801970485925e+03
5.239712064815469603e+03 5.288718274942120843e+03
4.988789879459075564e+03 5.055354490868271569e+03
4.782728117306291097e+03 4.863913750437889576e+03
4.618225746775028711e+03 4.711150930353207514e+03
4.488716415703936946e+03 4.590815009888773602e+03
4.384403076139118639e+03 4.493778405579136233e+03
4.293937896452745917e+03 4.409541381209744031e+03
4.204735587894676428e+03 4.326556459981434273e+03
4.104666481495136395e+03 4.233754994916707801e+03
3.983443319685201914e+03 4.121793673282957570e+03
3.834502798763417104e+03 3.984768581198564334e+03
3.656388491555648216e+03 3.821466760604356296e+03
3.452806621262950557e+03 3.635383230091527366e+03
3.232271847416112450e+03 3.434375577784677716e+03
3.007378425058745052e+03 3.229953527363397825e+03
2.793173862327538700e+03 3.035717228246200648e+03
2.603636266269501903e+03 2.864150571642890100e+03
2.447759050290357663e+03 2.723141437354347545e+03
2.327431490993874377e+03 2.614150511024735351e+03
2.238274730503926548e+03 2.533061727673410132e+03
2.171729616067566894e+03 2.472111506459310021e+03
2.115854319428672170e+03 2.420609082879377183e+03
2.056309011870771428e+03 2.365798053920689654e+03
1.980676022464365587e+03 2.296682182061363164e+03
1.883918157875121551e+03 2.208873371878556100e+03
1.769623687745919824e+03 2.105676865202347017e+03
1.647145169577535171e+03 1.995483416117587240e+03
1.528708339946146225e+03 1.889103032632005579e+03
1.426009963411241870e+03 1.796707520304940999e+03
1.345295834152883572e+03 1.723567313420151322e+03
1.285382690570829709e+03 1.668469968418386316e+03
1.238865998693814390e+03 1.624888940224790076e+03
1.194543670480166611e+03 1.583113778778716323e+03
1.142553441881060053e+03 1.534675190562272064e+03
1.079743635259716257e+03 1.476950099528042983e+03
1.009761207026033958e+03 1.413176423807494984e+03
9.405528244667526678e+02 1.350195704590402556e+03
8.804453986384311293e+02 1.295022091374654565e+03
8.327406184129546318e+02 1.250306631520074461e+03
7.944539129420670633e+02 1.213430613559796711e+03
7.590868619959018133e+02 1.178925503554618672e+03
7.205700215841906129e+02 1.141777825377526369e+03
6.776026474801154791e+02 1.100986948387234861e+03
6.338983004208424745e+02 1.059665719069218312e+03
5.942535631622681649e+02 1.021716078062028032e+03
5.609648627728178099e+02 9.889209035108278840e+02
5.322403820817103224e+02 9.597693501544698620e+02
5.042697822456772769e+02 9.312074539636751069e+02
4.749779971393090250e+02 9.016272358978676493e+02
4.454957810556592790e+02 8.719541591267480953e+02
4.182864968297670885e+02 8.440985442984832616e+02
3.943642617353831952e+02 8.187973031597135787e+02
3.724942292358639406e+02 7.950747917631600785e+02
3.509658070586608574e+02 7.716431783256301742e+02
3.296387598948986692e+02 7.484162850240520584e+02
3.095679830700108255e+02 7.261713391998623592e+02
2.913277158063557977e+02 7.053030951644627748e+02
2.743337895865741416e+02 6.853738202334320704e+02
2.578990618831260235e+02 6.658974098471077241e+02
2.421473562394478165e+02 6.469633152676394729e+02
2.274894070791155514e+02 6.288443204319114557e+02
2.138484466723923845e+02 6.114753783327078054e+02
2.008787036852416463e+02 5.946220278019997068e+02
1.885499796366125054e+02 5.782627059623847572e+02
1.770077621930369673e+02 5.624826744204877969e+02
1.661757210626975905e+02 5.472291193248476020e+02
1.559621055786747377e+02 5.324388226618414137e+02
1.463355193094173501e+02 5.180866699350269755e+02
1.372676126881092387e+02 5.041504561856252167e+02
1.287308364401268932e+02 4.906093344173866058e+02
1.206984806665819150e+02 4.774437354731216487e+02
1.131447053797981113e+02 4.646352936076222022e+02
1.060445458942892287e+02 4.521667655382275939e+02
9.937314005630361180e+01 4.400214087434829935e+02
9.310565561774372156e+01 4.281827520087687162e+02
8.721855438727723708e+01 4.166353622673042310e+02
8.168962019135005903e+01 4.053648509124830071e+02
7.649788707895871198e+01 3.943578165983519739e+02
7.162357131835251778e+01 3.836017918850741921e+02
6.704800698916990598e+01 3.730851933738391608e+02
6.275361789299149962e+01 3.627974003812574892e+02
5.872399258636232844e+01 3.527292611739322865e+02
5.494366919379638148e+01 3.428725213134298997e+02
5.139801977812993528e+01 3.332195277815975487e+02
4.807321066224265138e+01 3.237631974935318340e+02
4.495616429686025128e+01 3.144969875823741177e+02
4.203452257587047569e+01 3.054148670359786593e+02
3.929661089068802227e+01 2.965112954189303309e+02
3.673138179810107573e+01 2.877813980361081008e+02
3.432838439217290016e+01 2.792209630032053838e+02
3.207776524924142336e+01 2.708261489816119365e+02
2.997023862539875338e+01 2.625934467695973353e+02
2.799705602371334479e+01 2.545196593437180752e+02
2.614997722884779563e+01 2.466018824741866524e+02
2.442124274999835620e+01 2.388374858695144383e+02
2.280354821695341627e+01 2.312241946325159176e+02
2.129002143243369005e+01 2.237604269094173901e+02
1.987419604569481280e+01 2.164448845998638831e+02
1.854998823392329754e+01 2.092763847762419402e+02
1.731167551071778021e+01 2.022538475085000016e+02
1.615387660175409934e+01 1.953762840315369829e+02
1.507153234154257682e+01 1.886427852261115277e+02
1.405988746158974223e+01 1.820525279780947585e+02
1.311447129838364134e+01 1.756052146354986974e+02
1.223108201359796787e+01 1.693010262016358638e+02
1.140577382416612018e+01 1.631400665492793109e+02
1.063484231538225799e+01 1.571223319896055557e+02
9.914810408971343136e+00 1.512477100957301275e+02
9.242415092444730362e+00 1.455159788476646270e+02
8.614594872405778148e+00 1.399268060991450113e+02
8.028477793381753713e+00 1.344799073789414479e+02
7.481369913574995145e+00 1.291754947945254912e+02
6.970745205905448216e+00 1.240137041454876510e+02
6.494235684305241563e+00 1.189944209017030516e+02
6.049621940977510270e+00 1.141172915266840562e+02
5.634824218297418419e+00 1.093817349699211263e+02
5.247893987499533175e+00 1.047869542804641583e+02
4.887005987175484734e+00 1.003319589694504117e+02
4.550450349958508056e+00 9.601578633862862944e+01
4.236625700447839371e+00 9.183745841299737833e+01
3.944032948708781294e+00 8.779576286803826690e+01
3.671269011574490815e+00 8.388926132139957303e+01
