2.831430244197177308e+04 2.813294977536033548e+04
2.860163483519278088e+04 2.841327242639136239e+04
2.887645316599778380e+04 2.868092801164483899e+04
2.913781037834707604e+04 2.893497426975815688e+04
2.938474396593442725e+04 2.917445503146932242e+04
2.961622917828146092e+04 2.939835564796988183e+04
2.983122732830937093e+04 2.960564949009487827e+04
3.002870582823944278e+04 2.979531728061782633e+04
3.020759956719393813e+04 2.996630880383090334e+04
3.036681591783868498e+04 3.011754797001896077e+04
3.050528220437783239e+04 3.024798001133829530e+04
3.062193131741028992e+04 3.035655758266961857e+04
3.071565429800810671e+04 3.044219458634906550e+04
3.078536594753214740e+04 3.050383046773159367e+04
3.083002434383943546e+04 3.054044943669986606e+04
3.084858590999721127e+04 3.055103709950867778e+04
3.084002639602734780e+04 3.053460100484716531e+04
3.080339132129609425e+04 3.049021968863450820e+04
3.073778543663959499e+04 3.041703307520737872e+04
3.064234949594088539e+04 3.031422087461747651e+04
3.051631375486774778e+04 3.018105343532478582e+04
3.035901405320063714e+04 3.001690743120047046e+04
3.016988836070669640e+04 2.982126517102497746e+04
2.994849081037739961e+04 2.959372688256571200e+04
2.969450783373967352e+04 2.933402447179679075e+04
2.940779069851942404e+04 2.904205575293690708e+04
2.908838557040067099e+04 2.871791603577356727e+04
2.873649217343026976e+04 2.836185239443744649e+04
2.835248311639562598e+04 2.797428257521808337e+04
2.793704898105591928e+04 2.755594332160025078e+04
2.749109929151043980e+04 2.710778801884899076e+04
2.701568328614813072e+04 2.663090485232532228e+04
2.651216902864300209e+04 2.612669767096624491e+04
2.598232111132930004e+04 2.559696399111354913e+04
2.542800873599540137e+04 2.504359908422140506e+04
2.485126944282596742e+04 2.446865917794560301e+04
2.425475517610544193e+04 2.387480722273243737e+04
2.364129251320241747e+04 2.326487249584565507e+04
2.301366139667188691e+04 2.264162937310148845e+04
2.237501461816516166e+04 2.200821520379486901e+04
2.172889362465726299e+04 2.136814596854621050e+04
2.107864995678831838e+04 2.072474068731890293e+04
2.042768097128523368e+04 2.008135246076750263e+04
1.978029593412705799e+04 1.944221735240685302e+04
1.914068259757542910e+04 1.881144277500841054e+04
1.851255312856705859e+04 1.819266206066017912e+04
1.789904893479136808e+04 1.758894054332921951e+04
1.730278778500990302e+04 1.700282382422399678e+04
1.672600943167258811e+04 1.643648434042103327e+04
1.617131187354842587e+04 1.589242963620538285e+04
1.564313869556330792e+04 1.537493129382002007e+04
1.514573176236601830e+04 1.488806422966913669e+04
1.468239180330516683e+04 1.443499231952242008e+04
1.425335022444084279e+04 1.401587491814012355e+04
1.385750451036622508e+04 1.362957039962569979e+04
1.349372574182408607e+04 1.327492059375473036e+04
1.316015055705466875e+04 1.295005700173832884e+04
1.285468029933206890e+04 1.265288707325515497e+04
1.257503962579841209e+04 1.238115658392886326e+04
1.231761602607683017e+04 1.213133196512885843e+04
1.207867667814956621e+04 1.189976808466080365e+04
1.185382694654117950e+04 1.168220054568734122e+04
1.163783201714367715e+04 1.147357379526553268e+04
1.142527230647497163e+04 1.126866232666770520e+04
1.120938294085599591e+04 1.106097883758371063e+04
1.098341383050751574e+04 1.084405070228127988e+04
1.074036602065583793e+04 1.061119874658645858e+04
1.047367597448597007e+04 1.035615885461943071e+04
1.017821176416227172e+04 1.007406546186247942e+04
9.850356540118929843e+03 9.761497018888983803e+03
9.489477449337580765e+03 9.417910108936945107e+03
9.097264164816702760e+03 9.044970191472517399e+03
8.678490661610652751e+03 8.647304939300287515e+03
8.239720733728914638e+03 8.231230530429505961e+03
7.789468604375494579e+03 7.804924332140570186e+03
7.337466662222371269e+03 7.377678694824184277e+03
6.894160194019943447e+03 6.959447952970090228e+03
6.470060877489499944e+03 6.560170384350947643e+03
6.075736190062039896e+03 6.189800646967056309e+03
5.720125804199893537e+03 5.856666098648262050e+03
5.410397898064889887e+03 5.567386524752851074e+03
5.149819133453204813e+03 5.324850067164296888e+03
4.938497332630952769e+03 5.128980883759476455e+03
4.771783965260387049e+03 4.975249274493839039e+03
4.641934813303727424e+03 4.856268516029686907e+03
4.538125228016945584e+03 4.761802949297779378e+03
4.447334415900931162e+03 4.679602882764865171e+03
4.355696192640827576e+03 4.596627420956941023e+03
4.249646599805195365e+03 4.500110263066947482e+03
4.118147379771402484e+03 4.379650916978585883e+03
3.954623191026742916e+03 4.229060930548936085e+03
3.758189923847243335e+03 4.047546676674221089e+03
3.534105741814639259e+03 3.840156676724287991e+03
3.293392630431758789e+03 3.617391463853838559e+03
3.051540083511113608e+03 3.393874573383313418e+03
2.825617380723104816e+03 3.185541304003033019e+03
2.630066020519409903e+03 3.005686327624880960e+03
2.473031252998477612e+03 2.861620905510566899e+03
2.355211156188308451e+03 2.753741125535667834e+03
2.271044679609596187e+03 2.676746912091316972e+03
2.209956222210688793e+03 2.620828255772724333e+03
2.157005054220385773e+03 2.572225460095989092e+03
2.095582164376830860e+03 2.515651353546912560e+03
2.013192368358251770e+03 2.439611156465538443e+03
1.906239940339765553e+03 2.340873287931140567e+03
1.780236554818715376e+03 2.224677219466470888e+03
1.647302373338610778e+03 2.102315887672469216e+03
1.522604377916301473e+03 1.987673587521503350e+03
1.418887228654340333e+03 1.892152579202368088e+03
1.341323099600720525e+03 1.820152919649642172e+03
1.286629310842212135e+03 1.768504754390768312e+03
1.244341297573218299e+03 1.727745020604143974e+03
1.200671252767113401e+03 1.685555163494759427e+03
1.145367701021736593e+03 1.632859013423203578e+03
1.076486785582219454e+03 1.568072676079000757e+03
1.000195249071827448e+03 1.496837803373850647e+03
9.275049326196932498e+02 1.428918996477432984e+03
8.677470793038903594e+02 1.372340186418837447e+03
8.229384604465701614e+02 1.328634665124197909e+03
7.878023373329375545e+02 1.293107874714517720e+03
7.533656082766977988e+02 1.258047375566445680e+03
7.129128190934535496e+02 1.217810513771565411e+03
6.667492575101638295e+02 1.172794772617742638e+03
6.207745373014508914e+02 1.128045420356516161e+03
5.811884631292747372e+02 1.088666832895049538e+03
5.496897645512997315e+02 1.055914677264552211e+03
5.225193182732831474e+02 1.026624718235178307e+03
4.945002503139742771e+02 9.966213806875731507e+02
4.639118084234043522e+02 9.646088164681408443e+02
4.333693832629812164e+02 9.327206836988176519e+02
4.064121882951473026e+02 9.036926153677324010e+02
3.835519121371981441e+02 8.778334504375681036e+02
3.623306568586475009e+02 8.532276585403394620e+02
3.405619576514209257e+02 8.282589461417421717e+02
3.188217417639633595e+02 8.033932233147987745e+02
2.989416213529538595e+02 7.799541597736873655e+02
2.813301490526972657e+02 7.581869635518457926e+02
2.647100101598332458e+02 7.371698875042367263e+02
2.482697475857468703e+02 7.163555524171622437e+02
2.326012388555240875e+02 6.961518310896336743e+02
2.183207464961030269e+02 6.769464375250761350e+02
2.050487105794126705e+02 6.584720614604501634e+02
1.922595867964228091e+02 6.403942788749407100e+02
1.801526904228683179e+02 6.228353228277476319e+02
1.688269324659212884e+02 6.058431827629234476e+02
1.582149189741905957e+02 5.893677677572110269e+02
1.482631472828097969e+02 5.733727731419613747e+02
1.389232965250095049e+02 5.578249097887899097e+02
1.301514569637355692e+02 5.426933685434498784e+02
1.219076844031890516e+02 5.279496674348675924e+02
1.141560456334411384e+02 5.135678677349739019e+02
1.068682034675429691e+02 4.995277955770851577e+02
1.000200389451005947e+02 4.858130025528197962e+02
9.358834558428613093e+01 4.724082413354211667e+02
8.755079268936873405e+01 4.592993685173273093e+02
8.188592861758894514e+01 4.464732862032761886e+02
7.657317932314430209e+01 4.339178871139383773e+02
7.159283913875722760e+01 4.216220032622949816e+02
6.692567573947341941e+01 4.095754032325988305e+02
6.255270748593834895e+01 3.977687810108644726e+02
5.845598294252316407e+01 3.861936245021578884e+02
5.461861356106383170e+01 3.748421634994399483e+02
5.102471236319755832e+01 3.637073302226745000e+02
4.765933609052971320e+01 3.527827214245081109e+02
4.450843062879510370e+01 3.420625618851184981e+02
4.155879662016993592e+01 3.315418151797841801e+02
3.879812987629876631e+01 3.212169658779870929e+02
3.621487993818015383e+01 3.110852849585763806e+02
3.379815699417257235e+01 3.011443518072378538e+02
3.153769753706901113e+01 2.913920298107606754e+02
2.942383169865263426e+01 2.818264440066407133e+02
2.744745202610545576e+01 2.724459591808635537e+02
2.559998333185676955e+01 2.632491726056837820e+02
2.387334189383049932e+01 2.542354531933562498e+02
2.225990850119437070e+01 2.454050122519044805e+02
2.075252123203817689e+01 2.367580851439494154e+02
1.934445089847476140e+01 2.282948633313989433e+02
1.802937645047427040e+01 2.200154852079691636e+02
1.680136166228877670e+01 2.119200273797895306e+02
1.565483304302780887e+01 2.040084964135585039e+02
1.458455898292185360e+01 1.962810572218352263e+02
1.358563014909460520e+01 1.887387961885467007e+02
1.265344044875800300e+01 1.813827987031021394e+02
1.178366920965355114e+01 1.742138224332826724e+02
1.097226442307193395e+01 1.672323070267143237e+02
1.021542690006447884e+01 1.604383843419318794e+02
9.509595296337531423e+00 1.538318891329010683e+02
8.851431914356355790e+00 1.474123963392533199e+02
8.237808453744303705e+00 1.411797260069777735e+02
7.665793766456167724e+00 1.351338164510098352e+02
7.132642936407221690e+00 1.292742039414701480e+02
6.635786000080944547e+00 1.236000274995514161e+02
6.172817274893664496e+00 1.181100548828714096e+02
5.741485301847562894e+00 1.128027083806121595e+02
5.339683369726057727e+00 1.076760903511896288e+02
4.965440356153185242e+00 1.027280824955571887e+02
4.616911953230935950e+00 9.795650036907166225e+01
4.292373483778636256e+00 9.335889969226963103e+01
3.990212566831588425e+00 8.893255736859862282e+01
3.708922070326500453e+00 8.467449973199671831e+01
