2.804750163475652153e+04 2.790345362446831859e+04
2.829074278981075986e+04 2.814117218953491101e+04
2.851954183125363124e+04 2.836432190988138609e+04
2.873292764914724103e+04 2.857193704970990802e+04
2.892993014892136853e+04 2.876305397854650801e+04
2.910958075670355902e+04 2.893671155159496266e+04
2.927085817715264056e+04 2.909189700669910962e+04
2.941273007974041684e+04 2.922758766987770287e+04
2.953418687955185669e+04 2.934278474270119113e+04
2.963420472861386588e+04 2.943647693938005614e+04
2.971173372792155351e+04 2.950762901738366054e+04
2.976576074432109817e+04 2.955524381903247195e+04
2.979530367035747986e+04 2.957835681177146762e+04
2.979935251509791124e+04 2.957597853816388670e+04
2.977693558774556004e+04 2.954715963188603928e+04
2.972715050208761750e+04 2.949102134771973215e+04
2.964912095510679865e+04 2.940671417767371895e+04
2.954200658055955137e+04 2.929342761226064613e+04
2.940506364963872329e+04 2.915044881732551949e+04
2.923764044910799930e+04 2.897715900907327523e+04
2.903915083016989229e+04 2.877300960257923725e+04
2.880912526839207931e+04 2.853756972635874990e+04
2.854722976063063106e+04 2.827054434992899405e+04
2.825327118426541347e+04 2.797178361801649589e+04
2.792720520942515577e+04 2.764128878972218808e+04
2.756914444877273127e+04 2.727921665555072104e+04
2.717940020920262032e+04 2.688592366037331522e+04
2.675852840088891389e+04 2.646201460555941594e+04
2.630725586866782396e+04 2.600826245768205627e+04
2.582649495073216531e+04 2.552562225226960436e+04
2.531752766047047044e+04 2.501542024240515093e+04
2.478187395078979898e+04 2.447921761953133682e+04
2.422117614831195897e+04 2.391869113698432557e+04
2.363741698890898624e+04 2.333585360484275952e+04
2.303300837477916502e+04 2.273314326079557941e+04
2.241041581983599826e+04 2.211304321542185062e+04
2.177223628906315207e+04 2.147815853115245773e+04
2.112171954027159518e+04 2.083173604886886460e+04
2.046221425569287385e+04 2.017711173032663282e+04
1.979691734822282160e+04 1.951746096861449041e+04
1.912938596515877362e+04 1.885630535460847386e+04
1.846349088879284318e+04 1.819746701996488628e+04
1.780276523982003710e+04 1.754442570761151364e+04
1.715072598276058852e+04 1.690063086912815925e+04
1.651174489653591809e+04 1.627034673900586859e+04
1.588988175471593240e+04 1.565752377448539119e+04
1.528857653806967755e+04 1.506550159313004770e+04
1.471051960053509356e+04 1.449687011008905756e+04
1.415777532208909906e+04 1.395359759993965417e+04
1.363199681272462112e+04 1.343725414792000993e+04
1.313535380157382860e+04 1.294988996817775296e+04
1.267173002265623836e+04 1.249516839362106111e+04
1.224467900151146750e+04 1.207644036759457776e+04
1.185656045346953761e+04 1.169590964649303714e+04
1.150560036529159152e+04 1.135175193313152340e+04
1.118880595483546313e+04 1.104096061533527063e+04
1.090345712209532576e+04 1.076080367407147969e+04
1.064675870470234622e+04 1.050848542140187237e+04
1.041607005367565762e+04 1.028136607184585409e+04
1.020848856625858025e+04 1.007656655094134658e+04
1.001970090583420460e+04 9.889875822022353532e+03
9.845350641142060340e+03 9.717050248999630639e+03
9.680079191039623765e+03 9.552929899282704355e+03
9.517617280537115221e+03 9.391523327619996053e+03
9.351451761815598729e+03 9.226639510363222143e+03
9.173875938287641475e+03 9.051028152240302006e+03
8.977550728409338262e+03 8.857812106794708598e+03
8.755948704389620616e+03 8.640964396691781076e+03
8.503700801069218869e+03 8.395567044856081338e+03
8.217969665531514693e+03 8.119143066425373945e+03
7.898016380484084948e+03 7.811178641614247681e+03
7.546553629221853043e+03 7.474413974279486865e+03
7.168422648868488068e+03 7.113541408544090700e+03
6.770900155947820167e+03 6.735504955368285664e+03
6.362405493746155116e+03 6.348255110604790389e+03
5.952612325581703772e+03 5.960871528860452599e+03
5.552213724366480164e+03 5.583283796525137404e+03
5.171979513101809971e+03 5.225465600812336561e+03
4.822076429217759141e+03 4.896712130516145407e+03
4.511674901722582035e+03 4.605365102837881750e+03
4.246699698372772218e+03 4.356675274538997655e+03
4.030330141648760673e+03 4.153332297132510575e+03
3.861021757303938102e+03 3.993649876003323243e+03
3.734393730317587597e+03 3.873340513777698561e+03
3.642249693895956625e+03 3.784671627193652057e+03
3.574136533922526723e+03 3.717920736842512724e+03
3.517612737046316852e+03 3.661646683550079160e+03
3.459030479008424209e+03 3.603433915984822306e+03
3.385407057179748335e+03 3.531576572460722218e+03
3.286048411553434562e+03 3.436528391893059961e+03
3.154687373366388329e+03 3.312813770636148547e+03
2.990541387293646949e+03 3.159942085749840317e+03
2.798802063328625536e+03 2.982789750064007421e+03
2.590516729276701881e+03 2.791438855616136152e+03
2.381362258902124267e+03 2.600017687998051315e+03
2.188175280212366488e+03 2.423515142282780289e+03
2.024115434843252842e+03 2.273474943083884227e+03
1.895800318828363515e+03 2.155524824128160617e+03
1.803469742435210492e+03 2.069603016485485568e+03
1.742258367154454845e+03 2.011172902118232514e+03
1.702356268659051011e+03 1.971436747382346766e+03
1.669228409154257406e+03 1.937579290505583458e+03
1.627135069693383912e+03 1.895869601620983758e+03
1.564996302265757777e+03 1.836757051045955905e+03
1.479853640986784967e+03 1.757838047459286145e+03
1.376445627144239097e+03 1.663416780041873153e+03
1.266115310936693277e+03 1.563444444762158355e+03
1.163192485804896478e+03 1.470271361162204812e+03
1.079063887725235645e+03 1.393513430585497190e+03
1.018298213386863154e+03 1.336837859390821450e+03
9.779889075460072263e+02 1.297558558227689673e+03
9.484539615033291966e+02 1.267362692581270267e+03
9.173214826213010156e+02 1.235812815437182280e+03
8.757815205540010766e+02 1.195589064757503593e+03
8.218692205814292038e+02 1.145186234629736873e+03
7.609091744415155745e+02 1.089172852633058483e+03
7.029074906694999072e+02 1.035870761584743605e+03
6.558723543995295131e+02 9.917719440158896305e+02
6.215622790680807839e+02 9.581496689324557110e+02
5.955760458902477694e+02 9.313028039763889865e+02
5.701019277333845139e+02 9.048875582313438599e+02
5.394401444813699982e+02 8.743793774331082886e+02
5.038161376157331688e+02 8.400524708386157045e+02
4.680440402031630356e+02 8.057802787147068102e+02
4.374154234840777917e+02 7.756884516388363409e+02
4.134023868511383171e+02 7.508282711322112846e+02
3.929552313992801373e+02 7.287668092946111074e+02
3.718578980934464084e+02 7.062636391673606795e+02
3.486359403263272725e+02 6.822421222338319922e+02
3.253138447430340534e+02 6.582664577268894845e+02
3.047268849179658901e+02 6.364358690654620432e+02
2.873801682233595898e+02 6.170694002722958658e+02
2.713569528321265238e+02 5.987321203700819297e+02
2.549584795050557773e+02 5.802035643235492444e+02
2.385361615074779138e+02 5.617553683512181806e+02
2.234892157851157606e+02 5.443700885723702640e+02
2.101717236575924801e+02 5.282662764386659546e+02
1.976549644842272642e+02 5.127874648206649226e+02
1.853074050903256591e+02 4.975084545499698834e+02
1.735263589720928223e+02 4.826974082567320465e+02
1.627722338012493424e+02 4.686452408637032931e+02
1.527931083904868501e+02 4.551751113452794471e+02
1.432041357365662293e+02 4.420391057958943861e+02
1.341107260663645775e+02 4.292997199369798409e+02
1.256059372372863407e+02 4.170061196197594882e+02
1.176490058997108719e+02 4.051289957578941312e+02
1.101977750002195933e+02 3.936397024276810157e+02
1.032140671990660934e+02 3.825116992172150958e+02
9.666327211571730516e+01 3.717204064737487101e+02
9.051397928075596155e+01 3.612430739147736176e+02
8.473765121899707253e+01 3.510586612348270137e+02
7.930892321542117429e+01 3.411482798614887315e+02
7.420823389509712342e+01 3.314979943519978747e+02
6.941841224736968741e+01 3.220962014058953855e+02
6.492290520412269927e+01 3.129320444327044584e+02
6.070578161257551386e+01 3.039953679464438778e+02
5.675173666730497501e+01 2.952766787141219424e+02
5.304609258562719987e+01 2.867671092705058413e+02
4.957479064980462624e+01 2.784583826803872739e+02
4.632404505460830535e+01 2.703427186422144359e+02
4.328024084066572641e+01 2.624127732415307719e+02
4.043053465167783855e+01 2.546617120899246913e+02
3.776286512200980638e+01 2.470831919527315392e+02
3.526590577373263358e+01 2.396713337271798707e+02
3.292902074825002501e+01 2.324206967435231377e+02
3.074222320038341749e+01 2.253262542702254621e+02
2.869614836993787321e+01 2.183834463179490513e+02
2.678208890337240433e+01 2.115886400394115867e+02
2.499188785057235052e+01 2.049387244822782463e+02
2.331786255340314895e+01 1.984308073467532267e+02
2.175277924021267140e+01 1.920621993385969688e+02
2.028982902344220918e+01 1.858304005391312330e+02
1.892260500561363301e+01 1.797330872167766529e+02
1.764508037481204994e+01 1.737681005412856905e+02
1.645157956676522559e+01 1.679335864116401353e+02
1.533675456207459042e+01 1.622280877758057045e+02
1.429558236067550325e+01 1.566502464363684624e+02
1.332334797411586180e+01 1.511987612784596138e+02
1.241562649914592598e+01 1.458723808565177933e+02
1.156826616341848357e+01 1.406698962599440108e+02
1.077737229576092837e+01 1.355901342594100640e+02
1.003929221103001446e+01 1.306319893004482253e+02
9.350601150292510155e+00 1.257947100746184788e+02
8.708088526139478702e+00 1.210776790977062376e+02
8.108744980214799725e+00 1.164802128924795426e+02
7.549750348309185455e+00 1.120015599553018575e+02
7.028462302943698781e+00 1.076409007427431419e+02
6.542405637016390330e+00 1.033973478692435890e+02
6.089262153480397011e+00 9.926994748828070669e+01
5.666860818385266896e+00 9.525784887148267899e+01
5.273168544077341480e+00 9.136045876570727842e+01
4.906282441008243289e+00 8.757707850623407353e+01
4.564421893498168181e+00 8.390686040988516936e+01
4.245921002833738633e+00 8.034881590589515099e+01
3.949221474546864563e+00 7.690182368229508825e+01
3.672865925472212467e+00 7.356463782164836118e+01
3.415491574692208765e+00 7.033591624849277935e+01
3.175824210618845900e+00 6.721441451573005565e+01
2.952672713221200063e+00 6.419886890666884938e+01
2.744923904652182056e+00 6.128786515270633117e+01
