1.523529260996483026e+04 1.512914121402901401e+04
1.544538760574841035e+04 1.533476503858294745e+04
1.565168391823539969e+04 1.553646038698295888e+04
1.585374991775288254e+04 1.573379761332944872e+04
1.605114577202751570e+04 1.592633938071969533e+04
1.624341276402580297e+04 1.611363005260255886e+04
1.643006807822484916e+04 1.629519054410231183e+04
1.661062158761406681e+04 1.647053507357335911e+04
1.678457451193637098e+04 1.663916995315911481e+04
1.695140320626532412e+04 1.680057790644642591e+04
1.711057456169274155e+04 1.695423311610166638e+04
1.726155399915932503e+04 1.709960905945607738e+04
1.740378970759075310e+04 1.723616323379201276e+04
1.753671254799898816e+04 1.736333714796034837e+04
1.765975679333753214e+04 1.748057658199105208e+04
1.777235663538042718e+04 1.758732831175448518e+04
1.787392989242509793e+04 1.768302449663164589e+04
1.796390003465348127e+04 1.776710401693504537e+04
1.804170377269165692e+04 1.783901988155213985e+04
1.810677581175545492e+04 1.789822477939603050e+04
1.815855579280931488e+04 1.794417782815924875e+04
1.819650677726507638e+04 1.797636232424666741e+04
1.822011349376987710e+04 1.799428435440106841e+04
1.822887666275450465e+04 1.799746778695759349e+04
1.822232929466853238e+04 1.798546946981459769e+04
1.820004326814857268e+04 1.795788560246022826e+04
1.816163669560178823e+04 1.791435995493265727e+04
1.810677581362023921e+04 1.785458513639844386e+04
1.803517625542283713e+04 1.777830306744410336e+04
1.794662376626420883e+04 1.768532603366680996e+04
1.784099217665045217e+04 1.757555488717574553e+04
1.771821588247626642e+04 1.744895039393419938e+04
1.757830050751188901e+04 1.730554367690735671e+04
1.742139621693999288e+04 1.714550985416515323e+04
1.724774673463778890e+04 1.696911633073198755e+04
1.705765498406429469e+04 1.677668792805137491e+04
1.685157648143060578e+04 1.656870013922034923e+04
1.663014772608420026e+04 1.634580719956666690e+04
1.639405541786821414e+04 1.610871095836446148e+04
1.614407313632922887e+04 1.585819733166743390e+04
1.588124243188133732e+04 1.559531679050551975e+04
1.560668472198596464e+04 1.532119635110012132e+04
1.532153003473729223e+04 1.503696842622282929e+04
1.502713928867550203e+04 1.474399220025614341e+04
1.472507747514474067e+04 1.444382669451084257e+04
1.441686011512751611e+04 1.413797828526392004e+04
1.410403031724958782e+04 1.382797793335828283e+04
1.378836592498576101e+04 1.351558814932030873e+04
1.347159660572162102e+04 1.320252068395063725e+04
1.315535325415874468e+04 1.289038634227840339e+04
1.284147516793110844e+04 1.258100074193838554e+04
1.253188776916295865e+04 1.227626308736907595e+04
1.222834440762070335e+04 1.197790011246189715e+04
1.193226845932741526e+04 1.168731415825845033e+04
1.164455980354090025e+04 1.140539704581731530e+04
1.136596363579805438e+04 1.113288742164788346e+04
1.109720734563417318e+04 1.087050522528072725e+04
1.083956461177825622e+04 1.061950924621222475e+04
1.059451202247343099e+04 1.038135921082114874e+04
1.036333056563917853e+04 1.015732396741336015e+04
1.014554359472822944e+04 9.946955139782759943e+03
9.938779865900321965e+03 9.747951374753292839e+03
9.740741175663240938e+03 9.558080332981026004e+03
9.549439786769484272e+03 9.375414069354257663e+03
9.363202448134947190e+03 9.198333097835482477e+03
9.180438105031711530e+03 9.025293481590068041e+03
8.999076194315122848e+03 8.854274741540641116e+03
8.816810577655907764e+03 8.683015754279429530e+03
8.631301948311320302e+03 8.509209195282362998e+03
8.439760973223475958e+03 8.330086355363453549e+03
8.239540045455205473e+03 8.142997367223488254e+03
8.028089738896921517e+03 7.945366807931865878e+03
7.803134054044367076e+03 7.734863626419445609e+03
7.563412135947950446e+03 7.510146395113649305e+03
7.308706441323143736e+03 7.270895987212046748e+03
7.040199247921522328e+03 7.018182206224909351e+03
6.760689267367326465e+03 6.754697508094866862e+03
6.473916834040860522e+03 6.484085600426076780e+03
6.184540561212059401e+03 6.210933501805281594e+03
5.897430186897650856e+03 5.940054073021287877e+03
5.617440142757129252e+03 5.676268327184701775e+03
5.349211953394655211e+03 5.424194990737736589e+03
5.096964453267552017e+03 5.188048453489526764e+03
4.864587888475302861e+03 4.971709996566285554e+03
4.655013544352326790e+03 4.778146416118683192e+03
4.469741142691173991e+03 4.608887410161191838e+03
4.308647669978635349e+03 4.463880052780839833e+03
4.168943673945038427e+03 4.340401342568655309e+03
4.046091014567026832e+03 4.233965516090536767e+03
3.933764881001584399e+03 4.138240309552184044e+03
3.825125123958534914e+03 4.046291791055825342e+03
3.713538800592653843e+03 3.951289851061015725e+03
3.593430299865588950e+03 3.847381990258246788e+03
3.461082515418900130e+03 3.730554256872454516e+03
3.315102069772875439e+03 3.599161779822608423e+03
3.157043176392486657e+03 3.454655744036529086e+03
2.990962231568936204e+03 3.301147787553691614e+03
2.822622043703160671e+03 3.144589946501328541e+03
2.658665989441397869e+03 2.991893057709628010e+03
2.505928589521004142e+03 2.850164968278977540e+03
2.370326380185794278e+03 2.725548008302871949e+03
2.255122159613050371e+03 2.621446831380145341e+03
2.159511512858670812e+03 2.537078044699678230e+03
2.078744848290200935e+03 2.467580706925717095e+03
2.006133138262553530e+03 2.406045192754131222e+03
1.935038080453400880e+03 2.345529951233454085e+03
1.859550402604033479e+03 2.279761465957804830e+03
1.775476327025003684e+03 2.204219604640215493e+03
1.682535889387183715e+03 2.118548393155303984e+03
1.585075846656718795e+03 2.027362499243286948e+03
1.489541881620823006e+03 1.937526560459589064e+03
1.401600510662253100e+03 1.855043362949546918e+03
1.324979029647404104e+03 1.783822013785913214e+03
1.260538844051636261e+03 1.724745725755992225e+03
1.205301619967158103e+03 1.674688996289071383e+03
1.154173294053576456e+03 1.628315608173749069e+03
1.102142800891180968e+03 1.580366521538788902e+03
1.046177347698936273e+03 1.527668298750691292e+03
9.869844387860237021e+02 1.471015172337903778e+03
9.283077909441725524e+02 1.414392979452111831e+03
8.739120103271703783e+02 1.361754554271441293e+03
8.260075647742442015e+02 1.315368499470233701e+03
7.843135174614297966e+02 1.274903820857032088e+03
7.459784802221323616e+02 1.237409725268478269e+03
7.079909260803323150e+02 1.199815930831147853e+03
6.690614949392098652e+02 1.160855668079227598e+03
6.300543640546756023e+02 1.121467450406189528e+03
5.931925750925006469e+02 1.083923067797634985e+03
5.598672419291260667e+02 1.049596769984825414e+03
5.296879543504223875e+02 1.018070550879730945e+03
5.012273476643446770e+02 9.879336704704435306e+02
4.732354501109967373e+02 9.579945456912978443e+02
4.457373377196264528e+02 9.283174032769757105e+02
4.196648041376825518e+02 8.998105874256275456e+02
3.956053041048999148e+02 8.730172135426792011e+02
3.732823292379380291e+02 8.476643336041900056e+02
3.519840473783995662e+02 8.231024576268540613e+02
3.314333707953125554e+02 7.990993618390511983e+02
3.118775497042673237e+02 7.758867311908310285e+02
2.936069332151224671e+02 7.537132555629588069e+02
2.764792957433847391e+02 7.324488257406417233e+02
2.602090499330278135e+02 7.118545984184225972e+02
2.447184534320637113e+02 6.918721215857359539e+02
2.301147134996767250e+02 6.725866272889855964e+02
2.163977009730020598e+02 6.539919089996042203e+02
2.034396828606169265e+02 6.359867909771159020e+02
1.911723002932941711e+02 6.185191927952107562e+02
1.796068461190718324e+02 6.015935451568742565e+02
1.687208500932759137e+02 5.851883349280814173e+02
1.584531755636137120e+02 5.692573632737481830e+02
1.487721720425907108e+02 5.537753340141250646e+02
1.396514932315451176e+02 5.387200766538256858e+02
1.310610487895089875e+02 5.240669354956895631e+02
1.229721894785613898e+02 5.097929736538604288e+02
1.153576551935714178e+02 4.958768768734207697e+02
1.081915189298849356e+02 4.822988604720809462e+02
1.014491322062222309e+02 4.690405832811515552e+02
9.510707298551500344e+01 4.560850514991867612e+02
8.914311520199329664e+01 4.434161890221033673e+02
8.353617188191080345e+01 4.310188167354241386e+02
7.826622174569334334e+01 4.188789786663053860e+02
7.331426262335573085e+01 4.069838951319067633e+02
6.866226733630864487e+01 3.953219021945789677e+02
6.429314091298303424e+01 3.838823946613729277e+02
6.019067913708405371e+01 3.726557723238431663e+02
5.633952198839467940e+01 3.616335399006580360e+02
5.272510524048117020e+01 3.508085196163018509e+02
4.933364203828276118e+01 3.401743984080323457e+02
4.615208964773734834e+01 3.297256001949104984e+02
4.316811368155352824e+01 3.194572454666046610e+02
4.037005372260418312e+01 3.093651119284638185e+02
3.774689031427244146e+01 2.994455960277718987e+02
3.528821271407905869e+01 2.896958145618226013e+02
3.298418395682392656e+01 2.801147424138404745e+02
3.082551557666069897e+01 2.707023997134588740e+02
2.880344302328002470e+01 2.614589972679624452e+02
2.690969869978751561e+01 2.523849043688825589e+02
2.513648616365511401e+01 2.434806263701813691e+02
2.347645549120151287e+01 2.347467825820193923e+02
2.192267973537400039e+01 2.261841014135890475e+02
2.046863064990903069e+01 2.177944521671975053e+02
1.910815687026725485e+01 2.095812452942472532e+02
1.783546680084768710e+01 2.015476547316673646e+02
1.664510931962193752e+01 1.936964553323625182e+02
1.553195512887242913e+01 1.860300283385520856e+02
1.449117902593824070e+01 1.785503678272300476e+02
1.351824305601610199e+01 1.712590880802844993e+02
1.260888022035860168e+01 1.641576815799245992e+02
1.175907831208231080e+01 1.572484219953621789e+02
1.096506679954193153e+01 1.505333396154862555e+02
1.022330356822695308e+01 1.440138376710221735e+02
9.530461871858600276e+00 1.376907255229718317e+02
8.883417969724428431e+00 1.315642524696600049e+02
8.279239418637494907e+00 1.256341418342176866e+02
7.715173946472861033e+00 1.198996375667836674e+02
7.188638247503065237e+00 1.143597543395626559e+02
6.697208386028155935e+00 1.090132373144239466e+02
6.238611182185251458e+00 1.038583688471341304e+02
5.810715306519711021e+00 9.889300037554066591e+01
5.411522841225261615e+00 9.411459171377714483e+01
