3.608208198983509646e+04 3.584870485440018820e+04
3.633301322600519779e+04 3.609116021774367982e+04
3.656340115240555315e+04 3.631291646903150831e+04
3.677212971862735867e+04 3.651286763841420907e+04
3.695806828371842857e+04 3.668989628429443837e+04
3.712011166811447038e+04 3.684291189476834552e+04
3.725715461823165242e+04 3.697082546152850409e+04
3.736805511260429193e+04 3.707251301508524921e+04
3.745170426359666453e+04 3.714688533233213820e+04
3.750703566422382573e+04 3.719289743754317169e+04
3.753297311964614346e+04 3.720949777541279764e+04
3.752847188929980621e+04 3.719566866924007627e+04
3.749255923352057289e+04 3.715046604813778686e+04
3.742430267855415877e+04 3.707298902359379281e+04
3.732279670248340699e+04 3.696236728028259677e+04
3.718722894745878148e+04 3.681782519797205168e+04
3.701688751980006055e+04 3.663868948276983429e+04
3.681114161301815329e+04 3.642437246060837788e+04
3.656947352897373639e+04 3.617440144242131646e+04
3.629149828561983304e+04 3.588843702840221522e+04
3.597697934376117337e+04 3.556629178376404889e+04
3.562583516700089967e+04 3.520793643941324990e+04
3.523813590698446205e+04 3.481349269908086717e+04
3.481414151486560149e+04 3.438327241735075950e+04
3.435438231259788881e+04 3.391786142067638139e+04
3.385956583875436627e+04 3.341802108647757268e+04
3.333056861167516763e+04 3.288467873339822108e+04
3.276863112147031643e+04 3.231912621105210201e+04
3.217527495087137140e+04 3.172293452335594338e+04
3.155214087682723039e+04 3.109778804135859173e+04
3.090117410447779912e+04 3.044567060317275536e+04
3.022482624132408091e+04 2.976906817321562630e+04
2.952563476701066611e+04 2.907054481562346336e+04
2.880623058599340948e+04 2.835274942513685164e+04
2.806987088613385276e+04 2.761894645282550846e+04
2.732001441215260638e+04 2.687259193347970358e+04
2.655998880134677529e+04 2.611700203910770870e+04
2.579347735624809866e+04 2.535583342624890429e+04
2.502466743686652990e+04 2.459322931988550772e+04
2.425747192150466071e+04 2.383305204406751000e+04
2.349565187776103630e+04 2.307900249346177588e+04
2.274352927637299217e+04 2.233531418120804301e+04
2.200522460784570285e+04 2.160601247217602941e+04
2.128437882374503897e+04 2.089464514999203311e+04
2.058464161860509194e+04 2.020474565251446256e+04
1.990962298827550694e+04 1.953978972956159851e+04
1.926241995698504252e+04 1.890275158927182565e+04
1.864562503033288158e+04 1.829610318492971783e+04
1.806134024139324174e+04 1.772180718416029777e+04
1.751129471359075251e+04 1.718146396183814431e+04
1.699685481482897740e+04 1.667632641532509660e+04
1.651840728885221688e+04 1.620667219666045276e+04
1.607574391064339397e+04 1.577219071848570275e+04
1.566858840820481601e+04 1.537251643738529674e+04
1.529444638302580461e+04 1.500516198535368858e+04
1.494780755057503484e+04 1.466475046813579320e+04
1.462339470828137019e+04 1.434613660128933952e+04
1.431650828641105909e+04 1.404475470078338185e+04
1.402302702575965486e+04 1.375662624284570484e+04
1.373905045836057980e+04 1.347799153376776849e+04
1.345908065511244968e+04 1.320360682288427779e+04
1.317649441763386312e+04 1.292718407570992167e+04
1.288472790226628604e+04 1.264251069613199797e+04
1.257607810346293263e+04 1.234236833535159349e+04
1.224333913142944402e+04 1.202001359877478717e+04
1.188097929487105102e+04 1.167034788709645727e+04
1.148508343094688462e+04 1.128981736881715005e+04
1.105493009529213850e+04 1.087788461950464443e+04
1.059341412893409870e+04 1.043743766557022536e+04
1.010593114702766434e+04 9.973669751945717508e+03
9.600992229490593672e+03 9.494687289072831845e+03
9.087655053738379138e+03 9.009050829133766456e+03
8.575435001364337950e+03 8.525710314045853011e+03
8.074363393794773401e+03 8.054020680290975179e+03
7.594810151466096613e+03 7.603611448594618196e+03
7.147057296937085994e+03 7.183940501058387781e+03
6.740306557422951300e+03 6.803428910303186967e+03
6.382007117922396901e+03 6.468712444771935225e+03
6.076776060456068080e+03 6.183877522900404074e+03
5.823607582976180311e+03 5.947712212272143915e+03
5.618395926511439939e+03 5.756181905800804998e+03
5.451406749261032019e+03 5.600129992546748326e+03
5.311047123036851190e+03 5.468741985437120093e+03
5.183542844099336435e+03 5.349299192815411516e+03
5.055044551176923051e+03 5.229088360197511975e+03
4.912580776612224327e+03 5.096251599792364686e+03
4.746134148727720458e+03 4.941703624288084029e+03
4.550338879194432593e+03 4.760640525130545029e+03
4.325269969970013335e+03 4.553251791531929484e+03
4.076391733659001147e+03 4.324668916481336055e+03
3.813436063571168233e+03 4.083870235075882647e+03
3.549705756834883232e+03 3.843003189089952684e+03
3.301085800351484522e+03 3.616435244691506796e+03
3.082326912996273222e+03 3.417304314345060448e+03
2.901794477874793756e+03 3.252899130801912179e+03
2.759558007561035538e+03 3.123027003024787973e+03
2.649103080532937383e+03 3.021643103001406871e+03
2.560692106103847436e+03 2.939925071874199602e+03
2.482132096688197180e+03 2.866955570824552979e+03
2.399058883406298719e+03 2.789967739566040109e+03
2.299370549525579918e+03 2.698280657893350053e+03
2.179814419774600083e+03 2.589127076932200907e+03
2.045778670198387999e+03 2.467414163153976460e+03
1.906991559852931459e+03 2.341832335684020563e+03
1.774909888621745949e+03 2.222460487336017650e+03
1.659967513199157111e+03 2.118307560932290016e+03
1.566927845087688411e+03 2.033322235477125332e+03
1.493482111578590548e+03 1.965316250983378040e+03
1.432214898094943464e+03 1.907773592728224912e+03
1.372700881636800432e+03 1.851699264253812544e+03
1.306495045736070324e+03 1.789903631159796078e+03
1.232143036971171114e+03 1.721243088043881244e+03
1.153654418250242998e+03 1.649227843777517819e+03
1.077678324700478925e+03 1.579518896038789535e+03
1.010883736249262370e+03 1.517656077343315474e+03
9.552484860295154476e+02 1.465162739690267244e+03
9.075612018197623456e+02 1.419264216886054555e+03
8.625703323599274199e+02 1.375585246449814349e+03
8.157809589159966208e+02 1.330465874020323554e+03
7.667172701624060664e+02 1.283581437280186265e+03
7.185637290297124764e+02 1.237546547409933282e+03
6.745722793136254722e+02 1.194947159223241442e+03
6.359536147988814037e+02 1.156677326379236774e+03
6.011363179132292771e+02 1.121436561675136318e+03
5.674574982645531236e+02 1.087127051575107089e+03
5.337608873888649441e+02 1.052873531188251036e+03
5.009757482405652809e+02 1.019406312972748196e+03
4.705537043530754886e+02 9.878124095414909789e+02
4.428877640340944595e+02 9.583490170258149874e+02
4.171034619505662135e+02 9.303385255082546337e+02
3.922273682392115006e+02 9.030627346351503775e+02
3.682699502209828211e+02 8.765322207702540709e+02
3.457700793868501137e+02 8.511220922943630285e+02
3.249118051387299033e+02 8.269407083808122252e+02
3.053230677014370258e+02 8.037134327450461342e+02
2.866645629870968150e+02 7.812020348793942048e+02
2.689967503729938016e+02 7.594406641760799630e+02
2.524535927370561694e+02 7.385052976862075411e+02
2.369401364556381964e+02 7.183215005125234711e+02
2.222836113994538039e+02 6.987708825494353277e+02
2.084572182132324087e+02 6.798289811572165036e+02
1.954791194796747789e+02 6.614968645028122864e+02
1.832825023908107198e+02 6.437258933189898471e+02
1.717948064363594369e+02 6.264661291935561849e+02
1.609913018280462325e+02 6.096947134138881665e+02
1.508421242724175784e+02 5.933881244053761748e+02
1.413089745870901481e+02 5.775192458057091471e+02
1.323555748823116005e+02 5.620627307134562898e+02
1.239477456867309968e+02 5.469950026693866221e+02
1.160532847505036216e+02 5.322941541382579089e+02
1.086418529620078459e+02 5.179398527506256187e+02
1.016848671309466141e+02 5.039132550407613849e+02
9.515556562926884965e+01 4.901973917628791355e+02
8.902915146469132424e+01 4.767778770550700074e+02
8.328221995178898851e+01 4.636416222293528904e+02
7.789260398521149398e+01 4.507765298139119068e+02
7.283931848838875567e+01 4.381714426295532121e+02
6.810250656100807021e+01 4.258160956295890855e+02
6.366338734085950080e+01 4.137010702162099847e+02
5.950419986940151773e+01 4.018177966196555531e+02
5.560807740183823000e+01 3.901591627613348692e+02
5.195904384217442384e+01 3.787192332843907252e+02
4.854204228335432703e+01 3.674926233196009662e+02
4.534288758405416075e+01 3.564744521094132779e+02
4.234821922745041434e+01 3.456603139585492386e+02
3.954545649187878809e+01 3.350462499930047215e+02
3.692275583723248644e+01 3.246287207033935260e+02
3.446897319850793195e+01 3.144048372148248518e+02
3.217363063686014613e+01 3.043728742806712262e+02
3.002687066206697608e+01 2.945314750248361975e+02
2.801941992785534907e+01 2.848794439197417319e+02
2.614255683463242619e+01 2.754157297093123020e+02
2.438808076399451608e+01 2.661394087050454118e+02
2.274828287490886680e+01 2.570496684631302173e+02
2.121591831104266390e+01 2.481458281242651935e+02
1.978417852763515938e+01 2.394279615333704214e+02
1.844666700423828587e+01 2.308967005681998614e+02
1.719737712473616398e+01 2.225525656471737932e+02
1.603066974145566448e+01 2.143959379907767868e+02
1.494125188378580660e+01 2.064270563695237968e+02
1.392415661085454737e+01 1.986460143213118386e+02
1.297472395341139695e+01 1.910527578445304187e+02
1.208858223972354828e+01 1.836473251210464923e+02
1.126162954732549437e+01 1.764304603351988305e+02
1.049002003453604104e+01 1.694027849994981523e+02
9.770149269542422132e+00 1.625645691237925234e+02
9.098639728473802535e+00 1.559157455321495434e+02
8.472327115623873084e+00 1.494559245251878110e+02
7.888247462823271050e+00 1.431844088220836397e+02
7.343624950626703729e+00 1.371002247160454601e+02
6.835860094525290087e+00 1.312024926024497802e+02
6.362519059426997359e+00 1.254903731930465938e+02
5.921323906972190798e+00 1.199626698479667084e+02
5.510142999712925871e+00 1.146178354962951573e+02
5.126981949739444211e+00 1.094539986768981805e+02
4.769975101083383073e+00 1.044689891495801959e+02
4.437377516372623454e+00 9.966036298548536365e+01
4.127557359724741914e+00 9.502545941122595252e+01
3.838988578476200342e+00 9.056152426610910311e+01
3.570244575871590609e+00 8.626560616842965601e+01
