1.614209681319646188e+04 1.600072294750802394e+04
1.639139820133207104e+04 1.624388634128149533e+04
1.663776377642744046e+04 1.648393033752401243e+04
1.688074021992458074e+04 1.672040260067849522e+04
1.711984376336061541e+04 1.695282329090325948e+04
1.735457563766118255e+04 1.718069876447338174e+04
1.758442455055384562e+04 1.740352369186603028e+04
1.780885031874006745e+04 1.762076478694200341e+04
1.802729166288871420e+04 1.783186862553437822e+04
1.823917858987834916e+04 1.803627402875064581e+04
1.844392240676457732e+04 1.823340322362196821e+04
1.864090655694476300e+04 1.842265375921827581e+04
1.882950747430113915e+04 1.860341757464169496e+04
1.900909534285753398e+04 1.877508154015252148e+04
1.917901552828800413e+04 1.893700895383959505e+04
1.933860488568467190e+04 1.908855580956612539e+04
1.948720356768802958e+04 1.922908259928380721e+04
1.962414340888544757e+04 1.935794439081555538e+04
1.974874687182366324e+04 1.947449023443504848e+04
1.986034741910423691e+04 1.957808144360552251e+04
1.995828993500093929e+04 1.966809211503209008e+04
2.004192112904013629e+04 1.974390046975314181e+04
2.011060596472254838e+04 1.980490417173672176e+04
2.016373603392280711e+04 1.985052828324427173e+04
2.020073400703966763e+04 1.988023081737461325e+04
2.022105761284373511e+04 1.989350631408676418e+04
2.022420333794232647e+04 1.988988823021666394e+04
2.020972151447334181e+04 1.986896414581320278e+04
2.017723811710059817e+04 1.983039791381652685e+04
2.012643381745804800e+04 1.977390756118194258e+04
2.005704964262590875e+04 1.969927052800718593e+04
1.996895110855178064e+04 1.960638769372037495e+04
1.986209929673176157e+04 1.949525397731393969e+04
1.973651505327836639e+04 1.936592210423999859e+04
1.959235162715600381e+04 1.921857459262042175e+04
1.942994450968296587e+04 1.905357295319188052e+04
1.924969477510954675e+04 1.887134131022479414e+04
1.905209390727686696e+04 1.867239089053961652e+04
1.883790967245987849e+04 1.845750461130448093e+04
1.860802685460553039e+04 1.822757833023479179e+04
1.836336169407887792e+04 1.798353567787140128e+04
1.810503048715497425e+04 1.772649659602249812e+04
1.783435813761776444e+04 1.745778573114364917e+04
1.755266553664215826e+04 1.717871988808396054e+04
1.726138110842220703e+04 1.689072035358360154e+04
1.696237624522690385e+04 1.659564992778362284e+04
1.665755433670167258e+04 1.629540026556779776e+04
1.634871713445106798e+04 1.599175889970007483e+04
1.603745066909434354e+04 1.568630581628134314e+04
1.572515902572304367e+04 1.538044433964387281e+04
1.541315808670082515e+04 1.507548664094201195e+04
1.510304741925670533e+04 1.477303088786308217e+04
1.479718777285750184e+04 1.447544595271206526e+04
1.449788080544648801e+04 1.418504131894786769e+04
1.420715983279135435e+04 1.390386119385653183e+04
1.392620203401860817e+04 1.363312680204703611e+04
1.365573226566145058e+04 1.337362189324817882e+04
1.339637881096313868e+04 1.312603211330492195e+04
1.314794711516204370e+04 1.289023473245439163e+04
1.290938847206030732e+04 1.266526684953917174e+04
1.267965905790695797e+04 1.245016554170616655e+04
1.245731274707853299e+04 1.224355944995221762e+04
1.224045485759136500e+04 1.204361987920378851e+04
1.202724601507290754e+04 1.184856054871982269e+04
1.181553997683160014e+04 1.165625596904662598e+04
1.160306767091194888e+04 1.146442936771898894e+04
1.138751477513345344e+04 1.127072216669874069e+04
1.116615058128468263e+04 1.107228570529475292e+04
1.093633478086723881e+04 1.086632092517502315e+04
1.069526228057355911e+04 1.064976972933757497e+04
1.044023460931044974e+04 1.041961643530769834e+04
1.016920647001025100e+04 1.017344868945835333e+04
9.880827136430416431e+03 9.909509493752719209e+03
9.575100275285576572e+03 9.627437205253905631e+03
9.253598578762554098e+03 9.328513182840950321e+03
8.919298971971478750e+03 9.015549421512703702e+03
8.576617964165012381e+03 8.692955765538370542e+03
8.230771431339555420e+03 8.366091841507459321e+03
7.887413520388891811e+03 8.040888285688456563e+03
7.552170118717487640e+03 7.723352957132012307e+03
7.230305178130582135e+03 7.419199807164897720e+03
6.926724009168668090e+03 7.133857079649872503e+03
6.645483788347459267e+03 6.871920896332606389e+03
6.389687201698431636e+03 6.637049969880083154e+03
6.160906642750153878e+03 6.431309588270618406e+03
5.958404752882310277e+03 6.254283393722508663e+03
5.779058809610450226e+03 6.102903723416257890e+03
5.617276420580230479e+03 5.971260832053871127e+03
5.465701942218548538e+03 5.851233318926607353e+03
5.316396298574801222e+03 5.733742929142294997e+03
5.161797238268353794e+03 5.609777454961789772e+03
4.995903058712862730e+03 5.471827527843548523e+03
4.814899347576973014e+03 5.314739472470782857e+03
4.618024509249456969e+03 5.136935300062883471e+03
4.407844697738689320e+03 4.940945770958189314e+03
4.189754162587733845e+03 4.732934372435824116e+03
3.971112611007309624e+03 4.521705673154608121e+03
3.760019465207214125e+03 4.317174724464037354e+03
3.564258012155054530e+03 4.129021268082994538e+03
3.390070050260554581e+03 3.965164354145573270e+03
3.240447884730152055e+03 3.829650634800097578e+03
3.113603740543255753e+03 3.720695472839784088e+03
3.003113499210653117e+03 3.630678639002578620e+03
2.900306929214556476e+03 3.548892032920077781e+03
2.796963108024490339e+03 3.464809071061231407e+03
2.686585653609370183e+03 3.369767448609706207e+03
2.565432698719296241e+03 3.258504509708659498e+03
2.434483831559054124e+03 3.132001052257405718e+03
2.299949332179490739e+03 2.998337014434349385e+03
2.170223523460766955e+03 2.868646432408929286e+03
2.052093724209670654e+03 2.751997390229676057e+03
1.949170741022441916e+03 2.653285171801203887e+03
1.861141517223147503e+03 2.572261405158564230e+03
1.783348295371645690e+03 2.502920634502054327e+03
1.708839635695289189e+03 2.436085434751992580e+03
1.631704690777393125e+03 2.363806790734466176e+03
1.549396328981179749e+03 2.282612491364085599e+03
1.464019236684149746e+03 2.195390216880164189e+03
1.380989140726334199e+03 2.109550630263728181e+03
1.305075507147223107e+03 2.031577434217583004e+03
1.238172417286929431e+03 1.964029598172712213e+03
1.178784881271894847e+03 1.904925740986949450e+03
1.122675968058736771e+03 1.848650220823770496e+03
1.066141579195218583e+03 1.790333049919294808e+03
1.008407834741149600e+03 1.729058020834638228e+03
9.514627163543815414e+02 1.667585918600231935e+03
8.983553160901808496e+02 1.609992905591402177e+03
8.503911118507188576e+02 1.557971285078020401e+03
8.063394662832849917e+02 1.509914169817585616e+03
7.640236239279032588e+02 1.463067524591064284e+03
7.221392606932278113e+02 1.415869950525983768e+03
6.812820774506819816e+02 1.369176512159899630e+03
6.428845234349430484e+02 1.324814183545576952e+03
6.074496292570462401e+02 1.283390517208112897e+03
5.742230263509082988e+02 1.243994679994004400e+03
5.422175009203557465e+02 1.205501087135564603e+03
5.113188460411644769e+02 1.167842425507803000e+03
4.820542405346867554e+02 1.131657722416289971e+03
4.547103285238368926e+02 1.097266932678958938e+03
4.289124577991688056e+02 1.064263702020210758e+03
4.042734692239509968e+02 1.032261450105626636e+03
3.808159012951927593e+02 1.001309891715835306e+03
3.587183230193850250e+02 9.715940900805720730e+02
3.378994578889642639e+02 9.430313470652629348e+02
3.181532930153666143e+02 9.154320500869927173e+02
2.994337267955164634e+02 8.887598339926473727e+02
2.817747895180141882e+02 8.630404135386559119e+02
2.651105918659866347e+02 8.382101364949937761e+02
2.493586454233900440e+02 8.141970682366433039e+02
2.344830187337140615e+02 7.909673358818379256e+02
2.204407069873141438e+02 7.684740361128169752e+02
2.071893594246903945e+02 7.466715415018442172e+02
1.946884447091138384e+02 7.255174539157324034e+02
1.828991979521825044e+02 7.049723952216023690e+02
1.717845672882023109e+02 6.849998155800675477e+02
1.613091601016552943e+02 6.655658142161204296e+02
1.514391320870307140e+02 6.466370067554154275e+02
1.421420603048914870e+02 6.281774168566203116e+02
1.333870456082797773e+02 6.101532434633051025e+02
1.251446808655851726e+02 5.925336184253869760e+02
1.173869914939051569e+02 5.752904435188621619e+02
1.100873774558263705e+02 5.583982411974516253e+02
1.032205567539777604e+02 5.418340172697212438e+02
9.676251058604646005e+01 5.255771522714272805e+02
9.069043468958297183e+01 5.096099580442651700e+02
8.498268730405155225e+01 4.939176619956418790e+02
7.961873187935708529e+01 4.784873768709250044e+02
7.457908826313381212e+01 4.633079445852874869e+02
6.984528589790089370e+01 4.483698476345390418e+02
6.539981853587664773e+01 4.336651230079464767e+02
6.122610046481820234e+01 4.191872779210556814e+02
5.730842291689494772e+01 4.049316588486221917e+02
5.363190052761572701e+01 3.908999549810736198e+02
5.018244134783927279e+01 3.770974840472084111e+02
4.694671919958122430e+01 3.635295472973376718e+02
4.391213650620573361e+01 3.502013391281375903e+02
4.106678845128431732e+01 3.371179171241011545e+02
3.839942860772789146e+01 3.242841729621353579e+02
3.589943599842663247e+01 3.117048043013408574e+02
3.355678230867928846e+01 2.993852350231337027e+02
3.136199754335645551e+01 2.873349697937283054e+02
2.930614666094912835e+01 2.755636846015846686e+02
2.738080375119697152e+01 2.640797147976850852e+02
2.557802533749678986e+01 2.528901013172029195e+02
2.389032490862827984e+01 2.420006407786723059e+02
2.231064863610265547e+01 2.314159385137403717e+02
2.083235222776169238e+01 2.211394662352199134e+02
1.944917768920312895e+01 2.111740911538508385e+02
1.815523132803333439e+01 2.015225948546314783e+02
1.694496662157582278e+01 1.921866630961397675e+02
1.581316547989883325e+01 1.831668106409972552e+02
1.475492003954141040e+01 1.744624667499421093e+02
1.376561537430918492e+01 1.660720600540073804e+02
1.284091308368198625e+01 1.579931022537859349e+02
1.197673568075854789e+01 1.502222683255949107e+02
1.116925084222320308e+01 1.427554303818291999e+02
1.041485764972201622e+01 1.355877423943129259e+02
9.710174569624218321e+00 1.287137723528229003e+02
9.052026856067397986e+00 1.221275748625260889e+02
8.437434564104723478e+00 1.158227575290507190e+02
