1.804027984586527600e+04 1.787682864965194676e+04
1.831820215515915334e+04 1.814769540815801884e+04
1.859293018018351358e+04 1.841516496542606546e+04
1.886394656541616496e+04 1.867872154010588201e+04
1.913071897860618628e+04 1.893783519162821904e+04
1.939268046207698353e+04 1.919194441406577971e+04
1.964923208597095800e+04 1.944045869208583099e+04
1.989976175892995161e+04 1.968277549434187677e+04
2.014363714510288628e+04 1.991827344120734779e+04
2.038018901054482558e+04 2.014629626726437709e+04
2.060873396217931804e+04 2.036617494082609846e+04
2.082857885031142723e+04 2.057723206742208640e+04
2.103899623570366384e+04 2.077875891872654393e+04
2.123923552130228563e+04 2.097002609035846035e+04
2.142854390276905906e+04 2.115030338878463226e+04
2.160615507475423146e+04 2.131884939157539702e+04
2.177127470334999816e+04 2.147489799954237242e+04
2.192311077409002974e+04 2.161768707572443600e+04
2.206087810856866417e+04 2.174646287954435684e+04
2.218377747936668675e+04 2.186046100740559632e+04
2.229101341294183294e+04 2.195892305027692782e+04
2.238181223311540816e+04 2.204111344765738249e+04
2.245541627516890003e+04 2.210631470309508950e+04
2.251108189194241641e+04 2.215382597268207246e+04
2.254810026412683874e+04 2.218298188483838749e+04
2.256580513218863416e+04 2.219316010400377127e+04
2.256358264785447682e+04 2.218379226234514135e+04
2.254087302122592882e+04 2.215436424532415549e+04
2.249717441057355609e+04 2.210441914837449076e+04
2.243207753388190031e+04 2.203359193404355028e+04
2.234527675722626009e+04 2.194162019618859267e+04
2.223653839342800711e+04 2.182831157446175712e+04
2.210572867465359013e+04 2.169357115188505122e+04
2.195290453399509352e+04 2.153749124110763296e+04
2.177822823814893854e+04 2.136026612952934011e+04
2.158194388915513991e+04 2.116216839117923519e+04
2.136452247346980948e+04 2.094369223087685896e+04
2.112664319199676902e+04 2.070553456031127280e+04
2.086904870790137284e+04 2.044845135911002217e+04
2.059263887808376603e+04 2.017335076034952363e+04
2.029867978282948388e+04 1.988150065093653757e+04
1.998851928674125156e+04 1.957424564355382972e+04
1.966353800135090569e+04 1.925295856531929167e+04
1.932544616036546722e+04 1.891933784306298548e+04
1.897615165913277815e+04 1.857527545615226700e+04
1.861750815131847048e+04 1.822260506948309194e+04
1.825152825655592096e+04 1.786331887296849527e+04
1.788065272863835344e+04 1.749984106537287880e+04
1.750725054165444089e+04 1.713452159637942896e+04
1.713353259851933763e+04 1.676955137522484438e+04
1.676153440545401099e+04 1.640696023126961518e+04
1.639312611312173249e+04 1.604861850600910111e+04
1.603003056288166408e+04 1.569624684067587623e+04
1.567430474460972619e+04 1.535191319552644563e+04
1.532864843962616942e+04 1.501835271161196397e+04
1.499559611073443739e+04 1.469813687804951587e+04
1.467710103035626707e+04 1.439326679422063535e+04
1.437352989273533422e+04 1.410419696072995976e+04
1.408484731445730904e+04 1.383098688527072954e+04
1.381079547809882388e+04 1.357347547484254937e+04
1.355023634542171021e+04 1.333063607060551112e+04
1.330187191467669072e+04 1.310128065385591435e+04
1.306409167029345190e+04 1.288389847296506196e+04
1.283453539881302822e+04 1.267621123868826908e+04
1.261083578444223895e+04 1.247591560340214164e+04
1.239013790494768182e+04 1.228016771432996939e+04
1.216934162291073881e+04 1.208583099488750122e+04
1.194514541544845088e+04 1.188949798327902317e+04
1.171372573321058553e+04 1.168712655153924061e+04
1.147137227588954920e+04 1.147471309633656165e+04
1.121426182708414490e+04 1.124799567024449243e+04
1.093902537138022672e+04 1.100309858017893384e+04
1.064329786016609978e+04 1.073707971108751190e+04
1.032572425549442232e+04 1.044800572548044147e+04
9.986986801049768474e+03 1.013607909629388087e+04
9.629169327605837680e+03 9.803025111580138400e+03
9.256485639963548238e+03 9.452941983118964345e+03
8.874243495759323196e+03 9.091217192103536945e+03
8.488853593757745330e+03 8.724574201532175721e+03
8.107309619125973768e+03 8.360518944160234241e+03
7.736519283127592644e+03 8.006595266326659839e+03
7.383258686218753610e+03 7.670331017456383961e+03
7.053765301463206015e+03 7.358789384736333886e+03
6.753151251832532580e+03 7.077910880052465473e+03
6.485114533582249351e+03 6.832193192249690583e+03
6.250631260999555707e+03 6.623214885168345972e+03
6.048164055712232766e+03 6.449807353634791980e+03
5.872885054407272037e+03 6.307082671736817247e+03
5.717403354440387375e+03 6.187078129657057616e+03
5.572662779889279591e+03 6.079625875923492458e+03
5.428780432378465775e+03 5.973147233122042053e+03
5.276511791323739089e+03 5.856314998423617908e+03
5.108273378543703075e+03 5.719335153873866147e+03
4.919393893696314080e+03 5.555638042762035184e+03
4.709227929681443129e+03 5.363543630321677483e+03
4.481338558619723699e+03 5.146761116683722321e+03
4.243002597968658847e+03 4.913940133853505358e+03
4.004092631332773180e+03 4.677295453000012458e+03
3.775659775121888742e+03 4.450745897619442076e+03
3.568180455034424540e+03 4.247618646298310523e+03
3.389189599719298712e+03 4.077669631843266416e+03
3.240943514378189320e+03 3.944178987612602214e+03
3.119578007419449477e+03 3.842822915889091291e+03
3.016511359662285486e+03 3.763202800783085877e+03
2.920958580525869820e+03 3.691724535597108115e+03
2.821954491594649426e+03 3.613993562808878323e+03
2.710386065102944031e+03 3.517528108405133025e+03
2.582190936585447162e+03 3.396363742738137717e+03
2.440747861714555711e+03 3.254711516688679694e+03
2.295326982490647424e+03 3.105034619963062141e+03
2.156823252463986591e+03 2.962108560161145761e+03
2.034291037051912326e+03 2.838173803120470438e+03
1.932397120087022131e+03 2.739561309095858178e+03
1.849332683318348700e+03 2.664019290515404919e+03
1.777434484430552175e+03 2.601473054986356601e+03
1.706764021168775798e+03 2.538591734760352665e+03
1.629224270670290480e+03 2.464307675858839502e+03
1.542524309474971915e+03 2.375468263313464831e+03
1.451359717657423062e+03 2.278626694375710940e+03
1.363836115847478823e+03 2.184976584444700165e+03
1.286554303602213622e+03 2.103460548695053603e+03
1.221865083691222708e+03 2.037154707230094118e+03
1.166034020607168713e+03 1.981026078089729936e+03
1.112226118216871555e+03 1.925993440980715150e+03
1.055374583748669920e+03 1.865418178885276802e+03
9.951506988144460593e+02 1.799071487621385586e+03
9.358142809340461099e+02 1.732766497459315133e+03
8.821868005001714437e+02 1.672814506675719940e+03
8.355889395984571593e+02 1.620803736541121907e+03
7.934499391472741081e+02 1.573380944032380739e+03
7.518605108776098405e+02 1.525675398258175392e+03
7.092565876160057314e+02 1.475910580546379606e+03
6.674606915253089028e+02 1.426490697571005740e+03
6.290863381939423107e+02 1.380593354256993280e+03
5.946297820766430959e+02 1.338722491396704527e+03
5.623108295621706247e+02 1.298772155743003168e+03
5.304549323998044201e+02 1.258910497548723015e+03
4.993070367569951600e+02 1.219520486618049517e+03
4.702093597455469762e+02 1.182089693572027727e+03
4.434804132687503966e+02 1.146909001234703283e+03
4.182196735426628607e+02 1.113033995063810153e+03
3.937586749782560673e+02 1.079840389013990716e+03
3.704560725907398933e+02 1.047710822878314957e+03
3.487498264618216126e+02 1.017038371596433535e+03
3.283710518242345415e+02 9.875573150719288833e+02
3.089151391063285814e+02 9.589236706401198944e+02
2.904515538570256581e+02 9.312014928247026546e+02
2.731390536088584327e+02 9.044980183543700605e+02
2.568426137410054366e+02 8.786967350010169184e+02
2.414306904682663060e+02 8.536914845207553526e+02
2.268620594364893748e+02 8.294335063281071143e+02
2.131042107855185463e+02 8.058826614447192469e+02
2.001242548673949671e+02 7.830014756508023765e+02
1.878891619545615015e+02 7.607549769051314570e+02
1.763657069712060945e+02 7.391100019398302265e+02
1.655172302491590131e+02 7.180277829176832256e+02
1.553057662324807779e+02 6.974667096843128320e+02
1.456953567595570291e+02 6.773885658808828794e+02
1.366520208910619374e+02 6.577584894522984769e+02
1.281436468744662989e+02 6.385447866163963226e+02
1.201398901118280662e+02 6.197187616674419814e+02
1.126120767852431754e+02 6.012545604926704073e+02
1.055332121514863246e+02 5.831293270001469864e+02
9.887828951739288641e+01 5.653243596649110714e+02
9.262373060614899600e+01 5.478237031791124991e+02
8.674712052530539097e+01 5.306134229312752950e+02
8.122716196619695950e+01 5.136815020143616266e+02
7.604363044677259609e+01 4.970177422618408514e+02
7.117733046628740112e+01 4.806136678844733865e+02
6.661005247097506299e+01 4.644624408131732594e+02
6.232448881633059301e+01 4.485614314224472423e+02
5.830415247204696527e+01 4.329151863982815485e+02
5.453344104722784635e+01 4.175292247000631392e+02
5.099760893327873390e+01 4.024090200047739359e+02
4.768272472742830104e+01 3.875599646506126419e+02
4.457563045065439411e+01 3.729873343685961231e+02
4.166390250746655255e+01 3.586962539415505944e+02
3.893581450618361117e+01 3.446918050518814880e+02
3.638030561981221922e+01 3.309824619992695034e+02
3.398694539377441970e+01 3.175796252222043563e+02
3.174589603410453620e+01 3.044934020391758622e+02
2.964788137491419917e+01 2.917324403977667089e+02
2.768415749740156429e+01 2.793039812639060528e+02
2.584648468611811367e+01 2.672139145939329410e+02
2.412710067641868150e+01 2.554668383147812847e+02
2.251869459575404875e+01 2.440662681322071705e+02
2.101437899034421619e+01 2.330157268618868329e+02
1.960767013303728490e+01 2.223179669892990091e+02
1.829246836312957569e+01 2.119743758264335156e+02
1.706303686193287206e+01 2.019850660775019549e+02
1.591398147155097220e+01 1.923489712029952443e+02
1.484023153127752970e+01 1.830639398563883447e+02
1.383702168796084209e+01 1.741268288021960302e+02
1.289987401321592486e+01 1.655335741764636452e+02
1.202458040745658074e+01 1.572792386551909374e+02
1.120718922033075415e+01 1.493581610227984413e+02
1.044399095230063423e+01 1.417640527894114371e+02
9.731504207561650688e+00 1.344900750535016698e+02
9.066462402421787914e+00 1.275289117568035095e+02
8.445801192887474329e+00 1.208728391741693429e+02
