2.837361029133014017e+04 2.815343244703502933e+04
2.868455555826054479e+04 2.845577067271457054e+04
2.898383886542922846e+04 2.874625387551419408e+04
2.927052904017624314e+04 2.902395926443226926e+04
2.954366817621632072e+04 2.928794029825236430e+04
2.980229626377306340e+04 2.953724967498936530e+04
3.004542949879293883e+04 2.977091782458935631e+04
3.027203331125566910e+04 2.998792622545346603e+04
3.048107370075189465e+04 3.018725844727145886e+04
3.067152275188604108e+04 3.036790580622756170e+04
3.084232069861192576e+04 3.052883069014608918e+04
3.099240622409739444e+04 3.066899616744470768e+04
3.112074400336259714e+04 3.078739287773683100e+04
3.122629755064541314e+04 3.088301282531616380e+04
3.130801941072384216e+04 3.095484003835091062e+04
3.136490306273031456e+04 3.100190107600063129e+04
3.139598476806011968e+04 3.102326708145944576e+04
3.140031450153703190e+04 3.101802631730784560e+04
3.137699461111981145e+04 3.098532123807957032e+04
3.132520108294918464e+04 3.092436898088663656e+04
3.124418073992872087e+04 3.083445997555181748e+04
3.113325888731642408e+04 3.071496534354165124e+04
3.099185730684193913e+04 3.056535297286686182e+04
3.081951285356142034e+04 3.038520647850646856e+04
3.061590831564909240e+04 3.017425734890558306e+04
3.038084924015256911e+04 2.993235938407605136e+04
3.011427021773979868e+04 2.965949422881078499e+04
2.981633694688345713e+04 2.935587457821506541e+04
2.948741153861532075e+04 2.902190830011471553e+04
2.912798025216256428e+04 2.865812450536728284e+04
2.873876388771019265e+04 2.826528398195110640e+04
2.832083694380083398e+04 2.784449823245999869e+04
2.787540200000153709e+04 2.739700231370922847e+04
2.740380285853490932e+04 2.692416747403444606e+04
2.690785610277928208e+04 2.642783189516576749e+04
2.638960137711430070e+04 2.591005054889353050e+04
2.585110307094081145e+04 2.537289689097362862e+04
2.529479597767917585e+04 2.481880636303461142e+04
2.472359902749910179e+04 2.425068885806589969e+04
2.414036885055851235e+04 2.367138535448876064e+04
2.354797490646707956e+04 2.308374285105880699e+04
2.294979214928021975e+04 2.249110372709730655e+04
2.234917013108018728e+04 2.189677856936753960e+04
2.174923875064629101e+04 2.130385370792663161e+04
2.115359441665166014e+04 2.071586635557897171e+04
2.056620606722039156e+04 2.013671252054076831e+04
1.999066287118815308e+04 1.956990863225627982e+04
1.942997235927856309e+04 1.901839669785335718e+04
1.888620163374576805e+04 1.848419755570732377e+04
1.836103834934484257e+04 1.796895767275335675e+04
1.785607171964243753e+04 1.747422346989621292e+04
1.737430105007946986e+04 1.700290737191204244e+04
1.691945960435206871e+04 1.655863303256484869e+04
1.649482669330828503e+04 1.614458407776094646e+04
1.610086968041795262e+04 1.576120924746263699e+04
1.573434550833224785e+04 1.540534672429658895e+04
1.539199033647145370e+04 1.507381668081815951e+04
1.507073929040235089e+04 1.476364189011255985e+04
1.476766062186917407e+04 1.447198617819189167e+04
1.447997055584139889e+04 1.419615745860650350e+04
1.420395564569262751e+04 1.393256571430279291e+04
1.393521595643461296e+04 1.367695370722452753e+04
1.366928703515175766e+04 1.342499381530594110e+04
1.340063390967155283e+04 1.317131305313340999e+04
1.312374436022880764e+04 1.291054120833268098e+04
1.283258534656076881e+04 1.263678257545860288e+04
1.252101844483278728e+04 1.234400813106691930e+04
1.218403220107140805e+04 1.202726126079055575e+04
1.181796656937794069e+04 1.168287981085996216e+04
1.142120871132914908e+04 1.130918016888934653e+04
1.099493108900411789e+04 1.090720743645238872e+04
1.054267818963230820e+04 1.048032410402496680e+04
1.007089812134815293e+04 1.003476761835254365e+04
9.587490385737670294e+03 9.578204833929239612e+03
9.101483284049738359e+03 9.119434901135446125e+03
8.622374154820261538e+03 8.667719432701756887e+03
8.159573959334583378e+03 8.232242862500717820e+03
7.722795506534254855e+03 7.822432880133465005e+03
7.320399717895493268e+03 7.446443556171652745e+03
6.959691421802988771e+03 7.111309390788555902e+03
6.645588106779219743e+03 6.821812009794912228e+03
6.378977885185061496e+03 6.578774004296125895e+03
6.157220672670331624e+03 6.379653790004470466e+03
5.973067786898056511e+03 6.217430596511329895e+03
5.816261022957522982e+03 6.082157307397118529e+03
5.674427594367326492e+03 5.961756851865791759e+03
5.534274032144671764e+03 5.843145958566034096e+03
5.383285610763878140e+03 5.713858017013533754e+03
5.210948044266410761e+03 5.563259018406471114e+03
5.010888754217441601e+03 5.384760672634992261e+03
4.781948039604531914e+03 5.176978274334221169e+03
4.528427399538682039e+03 4.944068024094448447e+03
4.259488098973503838e+03 4.695169202971205777e+03
3.987877343701691188e+03 4.443054111944153192e+03
3.728391219555102907e+03 4.202489018533559829e+03
3.495288540886728242e+03 3.987603128521302096e+03
3.298649007418824112e+03 3.808280343245296081e+03
3.141043901517583890e+03 3.666959804132302907e+03
3.017340022528267127e+03 3.558557272320360880e+03
2.917460047301046416e+03 3.473176627791915507e+03
2.828722758291180071e+03 3.398320077939611110e+03
2.737005482584352649e+03 3.319933887795294140e+03
2.629696653879455880e+03 3.225329705712457326e+03
2.501123643206464749e+03 3.108734998110308425e+03
2.355259410637548626e+03 2.974151735814493350e+03
2.202663825674070267e+03 2.832265772069372360e+03
2.055968454873298015e+03 2.695757337069660935e+03
1.926757694531678226e+03 2.576067532411148022e+03
1.821443818351019445e+03 2.479373534800049583e+03
1.738521878587340098e+03 2.404059063119660095e+03
1.669904922298516112e+03 2.342137492080195443e+03
1.604174949725589840e+03 2.282406748874347613e+03
1.531129973343988695e+03 2.214871660099956443e+03
1.447414837479972448e+03 2.136317551154838384e+03
1.357533526299301229e+03 2.051300991237606013e+03
1.269737764099593733e+03 1.967969298747035282e+03
1.192122394538460185e+03 1.894114475914478135e+03
1.128145002478766628e+03 1.832909955533594484e+03
1.074389620152259795e+03 1.780967455520343947e+03
1.023949006725343679e+03 1.731690997487723735e+03
9.708837685340935195e+02 1.679517539621832384e+03
9.139065072749723413e+02 1.623359315714749528e+03
8.569877016753162025e+02 1.567033130906846509e+03
8.050770626625487694e+02 1.515116987152249067e+03
7.601752476220819972e+02 1.469345198484059665e+03
7.203484749327365080e+02 1.427874577482050881e+03
6.817040342517315139e+02 1.387203252579443642e+03
6.422110250395217008e+02 1.345594932886939432e+03
6.031447287903226879e+02 1.304241835648082315e+03
5.669451453067346165e+02 1.265261084843574281e+03
5.345184034622569698e+02 1.229367047116327285e+03
5.044935114181609492e+02 1.195361189521738652e+03
4.752339124348844734e+02 1.161898883063338189e+03
4.466004162697777815e+02 1.128904004004651370e+03
4.196825053550827533e+02 1.097254595831336246e+03
3.949499073865305263e+02 1.067288089416809498e+03
3.717846952558812177e+02 1.038504494702995544e+03
3.495142450556292033e+02 1.010401477316496425e+03
3.282770174008463755e+02 9.830884768450953288e+02
3.084473385973743689e+02 9.568216847752562444e+02
2.899035719054609217e+02 9.314969596070711759e+02
2.723069798296307340e+02 9.068765738193401376e+02
2.556254963576063801e+02 8.829362785710495700e+02
2.399791313588665957e+02 8.597409552671321080e+02
2.252771453287709846e+02 8.372250352857256530e+02
2.114167162322421802e+02 8.153157021947766907e+02
1.983546204125875647e+02 7.939767792728187032e+02
1.860514895925561234e+02 7.731760346024960882e+02
1.744692267170520381e+02 7.528834474132381729e+02
1.635710335636344439e+02 7.330710845883368165e+02
1.533214292536452774e+02 7.137129863688733167e+02
1.436862378304236358e+02 6.947850398433408827e+02
1.346317140574053894e+02 6.762640518179749733e+02
1.261245260791093727e+02 6.581274794464997058e+02
1.181330712243344578e+02 6.403545038077345453e+02
1.106274805647508686e+02 6.229260252895146550e+02
1.035795291433674663e+02 6.058245786840965366e+02
9.696255055215523555e+01 5.890342534688358000e+02
9.075135566398616049e+01 5.725406186333819960e+02
8.492219935467346659e+01 5.563309209764515799e+02
7.945284207418100664e+01 5.403949274191421637e+02
7.432229351826543962e+01 5.247238499640529881e+02
6.951069059173273956e+01 5.093099108292137771e+02
6.499924442306371475e+01 4.941462901775942100e+02
6.077018929717107198e+01 4.792270751864776344e+02
5.680673347658932215e+01 4.645472101946998009e+02
5.309301023664362873e+01 4.501025151426307502e+02
4.961400197920909960e+01 4.358909390170518350e+02
4.635550858032658539e+01 4.219122281284642781e+02
4.330413947832705901e+01 4.081664996800619178e+02
4.044727236174983176e+01 3.946541539819592685e+02
3.777301243833073841e+01 3.813758425342141436e+02
3.527015361944862093e+01 3.683324364062129916e+02
3.292814154798412574e+01 3.555249953725988803e+02
3.073703920632853581e+01 3.429555657273405700e+02
2.868749473407146766e+01 3.306286791434374663e+02
2.677070705486703517e+01 3.185489496461586896e+02
2.497839517829683942e+01 3.067205389970620217e+02
2.330276954216764906e+01 2.951471565081830022e+02
2.173650477848959284e+01 2.838320600630520971e+02
2.027271384387562492e+01 2.727780583260480398e+02
1.890492314200950830e+01 2.619876455974233522e+02
1.762704601914723668e+01 2.514643986277070269e+02
1.643336295621447007e+01 2.412121794196769429e+02
1.531850323793471169e+01 2.312340203200363646e+02
1.427742487115059866e+01 2.215321406926730390e+02
1.330539552849490903e+01 2.121079853646792799e+02
1.239797451709912224e+01 2.029622639185354274e+02
1.155099572036193578e+01 1.940949922508543750e+02
1.076055105333586503e+01 1.855057978389732511e+02
1.002297492630832032e+01 1.771941842041286748e+02
9.334830778615378577e+00 1.691590039825353529e+02
8.692897541400157024e+00 1.613984339062851063e+02
8.094156735651912626e+00 1.539100275083445410e+02
7.535780296532813338e+00 1.466907668836012419e+02
7.015119086529113979e+00 1.397371132844364752e+02
6.529691983867972560e+00 1.330450635998973894e+02
6.077175207935119339e+00 1.266102426500601155e+02
5.655393159015094540e+00 1.204279092935184536e+02
5.262309623618307342e+00 1.144929737337062789e+02
