1.991725408784829051e+04 1.979641531994273464e+04
2.013627229437181086e+04 2.001068378814031166e+04
2.034788792751745495e+04 2.021743457974806006e+04
2.055152466453327361e+04 2.041609360256768923e+04
2.074657284355158481e+04 2.060605562406997342e+04
2.093241401894033697e+04 2.078670763574022203e+04
2.110842786295218684e+04 2.095743543315486022e+04
2.127397201822057104e+04 2.111760356546741605e+04
2.142838939411796673e+04 2.126656265128180894e+04
2.157102813429549860e+04 2.140366930925276029e+04
2.170122935466925628e+04 2.152827423181787890e+04
2.181830636912033151e+04 2.163970193810405544e+04
2.192158007403621014e+04 2.173728550444705979e+04
2.201038511526615548e+04 2.182037268856821902e+04
2.208404546912815931e+04 2.188830227578097765e+04
2.214189149841693870e+04 2.194042077462669840e+04
2.218328102640016004e+04 2.197610299667460640e+04
2.220758454685969991e+04 2.199473792281309215e+04
2.221417365916848212e+04 2.199571769316769496e+04
2.220245705260311661e+04 2.197847238458317588e+04
2.217188590315086549e+04 2.194247543874661642e+04
2.212194138659713281e+04 2.188723253650108745e+04
2.205215153565346918e+04 2.181229732300466640e+04
2.196210434265197182e+04 2.171728369710440893e+04
2.185145388231905235e+04 2.160187310758751119e+04
2.171992516974830505e+04 2.146581965799234240e+04
2.156731631021532303e+04 2.130895031806663974e+04
2.139351221259765589e+04 2.113117883634081954e+04
2.119852467431009427e+04 2.093254755930616011e+04
2.098245994455404070e+04 2.071319280217160122e+04
2.074551016205809356e+04 2.047333533046298544e+04
2.048803715381780421e+04 2.021336566494610452e+04
2.021056688758159362e+04 1.993383802095393912e+04
1.991370255091439321e+04 1.963538121081141435e+04
1.959818395904219869e+04 1.931875833674918249e+04
1.926503058111694190e+04 1.898501082693216449e+04
1.891535150581573180e+04 1.863526627550147168e+04
1.855031188137685604e+04 1.827070431949221529e+04
1.817137853759322024e+04 1.789280256347708564e+04
1.778021449830676283e+04 1.750323056745063150e+04
1.737846067700107596e+04 1.710363111540973478e+04
1.696790591546406722e+04 1.669578925855363195e+04
1.655071052820431942e+04 1.628185438721529317e+04
1.612898342600343676e+04 1.586391998065916596e+04
1.570475162684451607e+04 1.544399340535444935e+04
1.528031986714526647e+04 1.502435123075507727e+04
1.485802646933502183e+04 1.460729855754711389e+04
1.444000323889605534e+04 1.419493260307574201e+04
1.402843837728339895e+04 1.378939846560813203e+04
1.362574092341237520e+04 1.339304940811033339e+04
1.323408885495368304e+04 1.300800949394560485e+04
1.285534183256687538e+04 1.263608858189231796e+04
1.249078333849488445e+04 1.227852565831084939e+04
1.214138731175094108e+04 1.193625504930141506e+04
1.180799072479338975e+04 1.161007820369553156e+04
1.149165513708738399e+04 1.130100530631034417e+04
1.119374266122232802e+04 1.101032825293101087e+04
1.091547414067454702e+04 1.073920600245362402e+04
1.065693411922393534e+04 1.048769894894901699e+04
1.041530080692717092e+04 1.025304720300217014e+04
1.018747287685856645e+04 1.003221982870321517e+04
9.970697920006768982e+03 9.822529142036741177e+03
9.762722773852381579e+03 9.621785243573958724e+03
9.561510730629501268e+03 9.428008845300319081e+03
9.364606016791469301e+03 9.238821296178948614e+03
9.168839640812057041e+03 9.051161897014146234e+03
8.971115103440855819e+03 8.862035388525144299e+03
8.767705314914195696e+03 8.667852758393832119e+03
8.554804510316369488e+03 8.464944325504337030e+03
8.328891928946326516e+03 8.249919311451518297e+03
8.086740785617336769e+03 8.019677695113769005e+03
7.826235889417966973e+03 7.772177901407342688e+03
7.547220830679158098e+03 7.507284832951086173e+03
7.250740839284370850e+03 7.226002484839325007e+03
6.940016808999417663e+03 6.931445564405667028e+03
6.619194464995945964e+03 6.627603012035717256e+03
6.293932415484065132e+03 6.319919483331607807e+03
5.970023688279185990e+03 6.013954401936904105e+03
5.653410293184824695e+03 5.715392394356466866e+03
5.349819169741438600e+03 5.429693795798937572e+03
5.064752408447713606e+03 5.162092149154944309e+03
4.803325942663507703e+03 4.917389280877426245e+03
4.569758218703242164e+03 4.699557686453407769e+03
4.366140800629398655e+03 4.510500552153482204e+03
4.192949902455638039e+03 4.350590523608988406e+03
4.047095528637654752e+03 4.216827601473946743e+03
3.923705120846648697e+03 4.104517366334075632e+03
3.815414663204270710e+03 4.006631726869699378e+03
3.714288080183910552e+03 3.915589073925611501e+03
3.612117197636604487e+03 3.823546147068733717e+03
3.501636886665769453e+03 3.723546490221489421e+03
3.377266680684186667e+03 3.610219873368293975e+03
3.236198710910219233e+03 3.480855511756895794e+03
3.079043577079113220e+03 3.336031234682489412e+03
2.909459223796128754e+03 3.179258336848862200e+03
2.733583922651489956e+03 3.016441059268133813e+03
2.559238051470197661e+03 2.855066299890865139e+03
2.395111740230905980e+03 2.703385964043200147e+03
2.249217862334737674e+03 2.568945321437141502e+03
2.126675180998713586e+03 2.456489766089057866e+03
2.027619194968997135e+03 2.366043017656394568e+03
1.947609134602643280e+03 2.293358052022157153e+03
1.879900119608122168e+03 2.232056677332045638e+03
1.816926640661994952e+03 2.175005854508402081e+03
1.750795002890494970e+03 2.114762125251688303e+03
1.674992382763835622e+03 2.045186739293581923e+03
1.587618226428415710e+03 1.964517679875824570e+03
1.492382344509702989e+03 1.876312844706354781e+03
1.396040597390896664e+03 1.786981456561206869e+03
1.305408201936541900e+03 1.702917654316288235e+03
1.226205575043442195e+03 1.629397047484618270e+03
1.160943930844412080e+03 1.568652999253509734e+03
1.107622011397485039e+03 1.518749476551138059e+03
1.061106057646935369e+03 1.474908049142781692e+03
1.015196557952113039e+03 1.431416606022032965e+03
9.650273388032559296e+02 1.383833208108768531e+03
9.099930507343522095e+02 1.331665605568699675e+03
8.533643584804408420e+02 1.277967371339728516e+03
7.994839028283701055e+02 1.226708738411747390e+03
7.520116012945787816e+02 1.181154986838773539e+03
7.118689616365828670e+02 1.142058325141322030e+03
6.765644484442696012e+02 1.107137800803905975e+03
6.425606867864520382e+02 1.073240430219304244e+03
6.073974060220745059e+02 1.038222570323656555e+03
5.710993622906805740e+02 1.002156700196742236e+03
5.359526465350963917e+02 9.670646914186827416e+02
5.040481453930386806e+02 9.347367633492544883e+02
4.757756085777939461e+02 9.054618849475325533e+02
4.498834142962761575e+02 8.781434643238595754e+02
4.246429039843687292e+02 8.513264550335543390e+02
3.994918425734633161e+02 8.245658657288568065e+02
3.752414994544819820e+02 7.985478275162296313e+02
3.528267315888924713e+02 7.740250849589290283e+02
3.323545478391570214e+02 7.510586545729775025e+02
3.131002228072097751e+02 7.290568761831248139e+02
2.944973503780458941e+02 7.075779595365000887e+02
2.766285278872307458e+02 6.866926606779985605e+02
2.599056447195713986e+02 6.667098354237452895e+02
2.443679755522710764e+02 6.476450584700482977e+02
2.297152322207960822e+02 6.292676601563646273e+02
2.157418286430849435e+02 6.114272146214834720e+02
2.025309891335237751e+02 5.941803635946496343e+02
1.901637970784636309e+02 5.775756649242007370e+02
1.785402977875032491e+02 5.615368515930049398e+02
1.675458580977669669e+02 5.459827034075971142e+02
1.571760723592354623e+02 5.309058209650277149e+02
1.474391761071355802e+02 5.163048636568415759e+02
1.382794785677136531e+02 5.021395548929612005e+02
1.296536604766430969e+02 4.883778955803358031e+02
1.215397293831481278e+02 4.750020162888011441e+02
1.139096315345979349e+02 4.619906810595080628e+02
1.067363934837723747e+02 4.493238865213544955e+02
9.999440317170062542e+01 4.369830062430052067e+02
9.365935174534361352e+01 4.249507110381782695e+02
8.770817708798388423e+01 4.132108951404440518e+02
8.211900907122742410e+01 4.017486077143040575e+02
7.687111373599515218e+01 3.905501030565993688e+02
7.194483677123353971e+01 3.796030240454247178e+02
6.732156310188496207e+01 3.688960109751665755e+02
6.298367070936379264e+01 3.584185691623441130e+02
5.891448398207327131e+01 3.481610232147019133e+02
5.509822878967138138e+01 3.381144738727835488e+02
5.151998925264649642e+01 3.282707571568595881e+02
4.816566562368664250e+01 3.186224376190121461e+02
4.502192741746944193e+01 3.091631950315386348e+02
4.207617923260982451e+01 2.998876148784486304e+02
3.931653038128651190e+01 2.907907840540454458e+02
3.673175927063234525e+01 2.818682535407365322e+02
3.431127916177866410e+01 2.731160113955169209e+02
3.204510542813781626e+01 2.645304565478742234e+02
2.992382426063344880e+01 2.561083738829453864e+02
2.793856036235065332e+01 2.478471685403083313e+02
2.608094559661194367e+01 2.397452020004680548e+02
2.434309825811546091e+01 2.318011309180216131e+02
2.271759790151125458e+01 2.240137745642937261e+02
2.119746027452823256e+01 2.163820985448001863e+02
1.977611347029267819e+01 2.089051988718310326e+02
1.844737525002602041e+01 2.015822863967803187e+02
1.720543138173744424e+01 1.944127488701854531e+02
1.604481422614233210e+01 1.873968492494792883e+02
1.496038403737997413e+01 1.805352632240939954e+02
1.394731121646766425e+01 1.738285385545823658e+02
1.300105873377120602e+01 1.672770852338080658e+02
1.211736545340960269e+01 1.608811735335510775e+02
1.129223032916208069e+01 1.546409324860773893e+02
1.052189742694722518e+01 1.485563515908921488e+02
9.802841032056074155e+00 1.426276727157538460e+02
9.131751769436849742e+00 1.368557080053776076e+02
8.505525464583366002e+00 1.312410301969020736e+02
7.921251236700888043e+00 1.257838799046293587e+02
7.376200050319770440e+00 1.204841809219059172e+02
6.867813900491810841e+00 1.153415557904184396e+02
6.393695599807044161e+00 1.103553415620826854e+02
5.951599059460834340e+00 1.055246550090906368e+02
5.539419708291911881e+00 1.008487305573559638e+02
5.155186384948594380e+00 9.632666402252975502e+01
4.797053542319082986e+00 9.195722880258301757e+01
4.463293576286269548e+00 8.773889933106902106e+01
4.152289595831205382e+00 8.366987539916786432e+01
3.862528612844454479e+00 7.974810595080614917e+01
