2.027382385838106347e+04 2.010708549499529545e+04
2.053249414891591005e+04 2.035906709259389027e+04
2.078539705166031854e+04 2.060511779665156428e+04
2.103195424026882392e+04 2.084466599873116138e+04
2.127157725053219474e+04 2.107713097351096076e+04
2.150366522511605581e+04 2.130192058845274369e+04
2.172758505214366232e+04 2.151841192594455060e+04
2.194269025909857010e+04 2.172596984897649600e+04
2.214833019918446735e+04 2.192395607267349624e+04
2.234383257630661319e+04 2.211171271721753146e+04
2.252850462367974978e+04 2.228856356648715882e+04
2.270165495621531591e+04 2.245383491400346975e+04
2.286258827591707086e+04 2.260685068307898837e+04
2.301058721290992980e+04 2.274691539577616641e+04
2.314493829778516374e+04 2.287333888043124534e+04
2.326493973074399037e+04 2.298544377218458249e+04
2.336988500529104567e+04 2.308255053352145478e+04
2.345907248802242975e+04 2.316398653192043639e+04
2.353182391113416816e+04 2.322910335341389873e+04
2.358748158593392873e+04 2.327727470644667119e+04
2.362540372879492497e+04 2.330789265233729020e+04
2.364498232216991528e+04 2.332038369824304391e+04
2.364565030842353372e+04 2.331421575944229699e+04
2.362689131848257239e+04 2.328890915475457587e+04
2.358824065263440571e+04 2.324403648070772397e+04
2.352928677868495652e+04 2.317922306352451415e+04
2.344969884098559851e+04 2.309417496137841954e+04
2.334924224835277346e+04 2.298869462860628482e+04
2.322774797372497778e+04 2.286264881792118103e+04
2.308513143857434989e+04 2.271598720754931492e+04
2.292147502975399766e+04 2.254882511551955395e+04
2.273695924726341036e+04 2.236137380997194487e+04
2.253183484981113725e+04 2.215391215831568479e+04
2.230654017979403579e+04 2.192690368819828655e+04
2.206170048302569558e+04 2.168099553309285329e+04
2.179799861202244938e+04 2.141688887533797606e+04
2.151624904667142619e+04 2.113541272181115346e+04
2.121759022610467218e+04 2.083771575670892707e+04
2.090323990918031996e+04 2.052502176314045937e+04
2.057444283059073496e+04 2.019857745597359462e+04
2.023269067577761598e+04 1.985987348972886684e+04
1.987962980434349811e+04 1.951055177764317341e+04
1.951686948449966440e+04 1.915221309414470306e+04
1.914621660228933251e+04 1.878665274688648424e+04
1.876996170113131302e+04 1.841614764941037356e+04
1.839034577160689150e+04 1.804292198267628919e+04
1.800942708706777557e+04 1.766901616431094226e+04
1.762875578721938291e+04 1.729597472699934224e+04
1.724959278655943854e+04 1.692505716737885814e+04
1.687312038831771133e+04 1.655744132373920002e+04
1.650121115395739616e+04 1.619499399313737740e+04
1.613678323160914442e+04 1.584062825983646871e+04
1.578260019919142906e+04 1.549710323202451946e+04
1.544089431775998673e+04 1.516665490459463763e+04
1.511219307927676527e+04 1.484984980515961615e+04
1.479646220005686519e+04 1.454670205249901483e+04
1.449359519264844494e+04 1.425715226810407330e+04
1.420263727952396948e+04 1.398030394590549076e+04
1.392205577301205267e+04 1.371468754781643656e+04
1.365037179875441871e+04 1.345888062953832014e+04
1.338566072838693435e+04 1.321100752626103531e+04
1.312570630477258965e+04 1.296889021718031836e+04
1.286837911785596771e+04 1.273042239402063569e+04
1.261127187563427287e+04 1.249319138515140548e+04
1.235198574190194813e+04 1.225476903098137882e+04
1.208799977993799257e+04 1.201256973594062583e+04
1.181640831417009031e+04 1.176357049478389672e+04
1.153449777217995324e+04 1.150490498462524010e+04
1.123956797399046991e+04 1.123365944852278335e+04
1.092926397246184388e+04 1.094722689318739504e+04
1.060234523784305748e+04 1.064410155378164563e+04
1.025851077670723134e+04 1.032371330639590451e+04
9.899301886378672862e+03 9.987396005632781453e+03
9.527796534349085050e+03 9.638092475229008414e+03
9.148504063641326866e+03 9.280279164904528443e+03
8.766882883527952799e+03 8.919480037635630651e+03
8.388813598266808185e+03 8.561724517624688815e+03
8.020058132176480285e+03 8.212984823594539193e+03
7.666015417298183820e+03 7.878912472717210221e+03
7.331464749019991359e+03 7.564565111379256450e+03
7.020609107148234216e+03 7.274445019283369220e+03
6.736499298734282092e+03 7.011906610952094525e+03
6.480814351550214269e+03 6.778897915833906154e+03
6.253108290000526722e+03 6.575167626360354006e+03
6.050344030400111478e+03 6.397712414954129599e+03
5.866986614308420940e+03 6.240814856012307246e+03
5.695678461498620891e+03 6.096681380463224741e+03
5.528235461768848836e+03 5.956438939706473320e+03
5.356998123325471170e+03 5.811573575754187914e+03
5.175728573769298237e+03 5.654928652201127079e+03
4.980613718915972640e+03 5.481903642051440329e+03
4.770651722190932560e+03 5.290984875984910104e+03
4.548126548116872982e+03 5.084403889140346109e+03
4.318312767579623142e+03 4.867881023584697687e+03
4.088291598717377383e+03 4.649306531834200541e+03
3.865850393674378665e+03 4.437481368170162568e+03
3.658462262555619418e+03 4.240917100855659555e+03
3.472331891514435483e+03 4.066734833673205685e+03
3.310780865576740325e+03 3.918851937200501197e+03
3.172621738462537451e+03 3.796126412015270489e+03
3.051962966432554367e+03 3.692049977153774762e+03
2.940314475313202365e+03 3.597022945015751247e+03
2.829571943960689168e+03 3.501694162962175596e+03
2.713505330594188763e+03 3.398705694508569195e+03
2.588317440450807226e+03 3.283452055963033217e+03
2.454233366996636505e+03 3.156077364879500692e+03
2.316550137095932769e+03 3.022792353233699487e+03
2.183218591993157588e+03 2.892996699641209034e+03
2.060853836391020195e+03 2.774511483424229937e+03
1.952980222029645574e+03 2.671505914215964822e+03
1.859676184729001989e+03 2.584117643004773981e+03
1.777103310807843854e+03 2.507911309859195171e+03
1.698953187743424678e+03 2.435533137795639504e+03
1.619614419001078886e+03 2.360404232730981221e+03
1.536399993414848723e+03 2.279387497676499152e+03
1.450468861288514290e+03 2.193924901498088730e+03
1.366608123263063590e+03 2.109735133232459248e+03
1.289268885999614895e+03 2.032072920438809206e+03
1.220309157143106177e+03 1.963092306790196290e+03
1.158790021198367185e+03 1.901683522655375327e+03
1.101208252411980538e+03 1.843803793914734570e+03
1.044085248172846605e+03 1.785495144525584010e+03
9.864326150622714522e+02 1.725713189633689581e+03
9.296610394938470563e+02 1.666164541099804183e+03
8.763138384398389462e+02 1.609777267083387187e+03
8.277609922847258304e+02 1.558075600012113455e+03
7.831352071984165377e+02 1.510069207772925211e+03
7.406410556092284878e+02 1.463790237070478270e+03
6.990466989780978793e+02 1.417949696218171084e+03
6.586114129543683475e+02 1.372894878346281757e+03
6.204580490317679278e+02 1.329854896767723631e+03
5.851035373154479657e+02 1.289363868843564887e+03
5.520163837129028934e+02 1.250859575697716082e+03
5.203854283933377474e+02 1.213531170283085658e+03
4.899979350672509213e+02 1.177198739308275663e+03
4.611982093166640766e+02 1.142220837278642421e+03
4.342404764786340934e+02 1.108838091015861210e+03
4.088645704839694872e+02 1.076797920979051014e+03
3.847459449418672648e+02 1.045806872251454706e+03
3.618395117166660953e+02 1.015833521367122671e+03
3.402570828464171200e+02 9.869743000526486867e+02
3.199474052167501554e+02 9.591771008155013760e+02
3.007452415399615688e+02 9.323003655363496591e+02
2.825839068611136327e+02 9.062875072281525490e+02
2.654665139397195048e+02 8.811333376966697415e+02
2.493425278990540619e+02 8.567896076233307667e+02
2.341304177863820826e+02 8.331880181326966976e+02
2.197910247499962964e+02 8.102930488958951400e+02
2.062813490588835634e+02 7.880637126530784826e+02
1.935569977588780546e+02 7.664579686375257097e+02
1.815756884227391197e+02 7.454367990371716814e+02
1.702971706424609124e+02 7.249640283965301251e+02
1.596831457194618906e+02 7.050061539247370774e+02
1.496971882993570375e+02 6.855321897093441521e+02
1.403046710094336618e+02 6.665135014360043897e+02
1.314727314859971443e+02 6.479227375314891333e+02
1.231702019859725539e+02 6.297334833884440286e+02
1.153674753493681777e+02 6.119214890197973773e+02
1.080364356970596162e+02 5.944646538878157571e+02
1.011503957228275254e+02 5.773429168761022083e+02
9.468403568910964907e+01 5.605381535493638694e+02
8.861334415515241858e+01 5.440340797108167408e+02
8.291555864057495739e+01 5.278162537801790677e+02
7.756908838419407459e+01 5.118731524688400327e+02
7.255347386121604814e+01 4.961955695954327439e+02
6.784935379811103928e+01 4.807755480463465005e+02
6.343841361862243389e+01 4.656062906991518275e+02
5.930333537187122772e+01 4.506820956867468908e+02
5.542774957162210825e+01 4.359982927450011516e+02
5.179618891033236139e+01 4.215511803663133037e+02
4.839404229031296012e+01 4.073386100653090125e+02
4.520750537107630151e+01 3.933630248803132190e+02
4.222354753179604359e+01 3.796284345281678725e+02
3.942987615630116238e+01 3.661387786962195037e+02
3.681489860717759655e+01 3.528978988365014970e+02
3.436768587194337954e+01 3.399095136673940942e+02
3.207793783528295251e+01 3.271771954822878001e+02
2.993595012254069943e+01 3.147043482922441058e+02
2.793258050929447478e+01 3.024953875782296109e+02
2.605921580780962898e+01 2.905577607986541011e+02
2.430774897956637659e+01 2.788985629171841083e+02
2.267055262199080801e+01 2.675238528655594337e+02
2.114045257738268191e+01 2.564386877736887413e+02
1.971070284519811011e+01 2.456471594717129392e+02
1.837496174431854001e+01 2.351524329465927963e+02
1.712726925175332227e+01 2.249567994435844014e+02
1.596202439788580918e+01 2.150624080810083001e+02
1.487396470952012528e+01 2.054715003802819240e+02
1.385814874084330484e+01 1.961853371381958766e+02
1.290993777475044268e+01 1.872041707414432210e+02
1.202497833318356513e+01 1.785273154273888565e+02
1.119918561786531797e+01 1.701532171268398486e+02
1.042872783789179003e+01 1.620795224727913819e+02
9.710011312484486012e+00 1.543031498603757825e+02
9.039665494227682174e+00 1.468204016067455768e+02
8.414530257271318092e+00 1.396270070754599431e+02
7.831644295707306469e+00 1.327181413584149539e+02
7.288233232333869438e+00 1.260884858475946544e+02
6.781698369005270344e+00 1.197322875248029277e+02
6.309606071991527010e+00 1.136434155580311511e+02
