1.624230382620661476e+04 1.615311119335394687e+04
1.643588397010906920e+04 1.634301212933677198e+04
1.662366660397210580e+04 1.652701359979018525e+04
1.680512370686305803e+04 1.670458781743120926e+04
1.697972089444993617e+04 1.687520109733356367e+04
1.714690370816702489e+04 1.703830096468709235e+04
1.730610079030018096e+04 1.719331930662831292e+04
1.745673920344382350e+04 1.733968704968245220e+04
1.759823547362662794e+04 1.747682520087579542e+04
1.772997362513753978e+04 1.760412291496380567e+04
1.785133552768481968e+04 1.772096789560457182e+04
1.796170849830726365e+04 1.782675405153817701e+04
1.806046564196418331e+04 1.792086220995764961e+04
1.814697563090388940e+04 1.800266983219345275e+04
1.822062279388333991e+04 1.807157086468061971e+04
1.828079683092153573e+04 1.812696572040946921e+04
1.832687609763986256e+04 1.816824496724213168e+04
1.835826079713710351e+04 1.819482198485171830e+04
1.837438003972632214e+04 1.820614000044031491e+04
1.837467580596556945e+04 1.820165684016019804e+04
1.835861712551717574e+04 1.818085870005053948e+04
1.832571742947850362e+04 1.814327694176111618e+04
1.827553590365047057e+04 1.808849002415751238e+04
1.820767888091834175e+04 1.801612541773569683e+04
1.812181016931186605e+04 1.792586868478938777e+04
1.801765919652667435e+04 1.781747157399445132e+04
1.789504535731890428e+04 1.769077765924836422e+04
1.775386811120839775e+04 1.754571129453505273e+04
1.759409982227757791e+04 1.738226950730933095e+04
1.741583332779847115e+04 1.720057040035038153e+04
1.721930660831981731e+04 1.700087805568806289e+04
1.700483603592607687e+04 1.678353394682656653e+04
1.677283765507258067e+04 1.654897809673763550e+04
1.652395775268326179e+04 1.629788050913133156e+04
1.625895831602579710e+04 1.603102521222064388e+04
1.597865691568541115e+04 1.574924937133110325e+04
1.568408687114006898e+04 1.545360337026001798e+04
1.537651898437834097e+04 1.514537212064525738e+04
1.505724187089422776e+04 1.482585497956337895e+04
1.472762678152918306e+04 1.449642984475011508e+04
1.438941639138567916e+04 1.415883934861823764e+04
1.404439962584447312e+04 1.381486791062205521e+04
1.369429531259915893e+04 1.346622635472704860e+04
1.334102590795446304e+04 1.311482184916224105e+04
1.298667895140481414e+04 1.276271974095149380e+04
1.263319127064223721e+04 1.241183245896569497e+04
1.228249417653792625e+04 1.206406059637059116e+04
1.193690376541782462e+04 1.172167176522370573e+04
1.159861798485527288e+04 1.138681292396500794e+04
1.126957146450621440e+04 1.106136997552770663e+04
1.095120733766674493e+04 1.074674205799880838e+04
1.064457457901079033e+04 1.044393871607616165e+04
1.035057189954439491e+04 1.015382209890405647e+04
1.007030110509294354e+04 9.877443977677117800e+03
9.805643294538513146e+03 9.616594046172162052e+03
9.558418299624840074e+03 9.373001209073876453e+03
9.329874913268138698e+03 9.147842636279452563e+03
9.118571811173032984e+03 8.939688675769360998e+03
8.922111334957351573e+03 8.746185380152392099e+03
8.738302948953112718e+03 8.565184054433177153e+03
8.565194650497254770e+03 8.394778859586540420e+03
8.401010471431238329e+03 8.233240109505393775e+03
8.243847536649915128e+03 8.078722184483331148e+03
8.091022706696140631e+03 7.928645063771721652e+03
7.939815098122847303e+03 7.780396589575279904e+03
7.787076403767342526e+03 7.630973953571727179e+03
7.629236812771995574e+03 7.476988088477485690e+03
7.462810386108066268e+03 7.315138350092263863e+03
7.284065355423131223e+03 7.141919103491591159e+03
7.089739280874759061e+03 6.954270660093405240e+03
6.877792611244291948e+03 6.750323816968977553e+03
6.647142834913118350e+03 6.529112410014028683e+03
6.398617360655410266e+03 6.291493334710421550e+03
6.134287058438218082e+03 6.039489237992906055e+03
5.858072949530767801e+03 5.776865234778361810e+03
5.574720146791043589e+03 5.508146096196177496e+03
5.289746795000348357e+03 5.238558969908325707e+03
5.008712364078465725e+03 4.973346962995326066e+03
4.737345847675166624e+03 4.717884876940142931e+03
4.481261162544510626e+03 4.477392032833499798e+03
4.245788206987214835e+03 4.256799981174945060e+03
4.035089149539332539e+03 4.059915791218877530e+03
3.852276488136243188e+03 3.889529070730685362e+03
3.697874158827937208e+03 3.746017818799612996e+03
3.570316745471538070e+03 3.627796536090072095e+03
3.465144837129735606e+03 3.530624624025992034e+03
3.376337964071077295e+03 3.448822103628871446e+03
3.296308992805815706e+03 3.375302724728226167e+03
3.217226907900474544e+03 3.302775654571781160e+03
3.131494802082390834e+03 3.224188262279141327e+03
3.032903515184194475e+03 3.133796244102426044e+03
2.917605288212894720e+03 3.028053041011409732e+03
2.784831901139728870e+03 2.906278291861719936e+03
2.637230448237480687e+03 2.770973418331225730e+03
2.480200875810823163e+03 2.627179975450830625e+03
2.321259080037633794e+03 2.481867739211107619e+03
2.169212475338597415e+03 2.343148501470703650e+03
2.032758117746390781e+03 2.218949054255718238e+03
1.917946204899880740e+03 2.114698859611610260e+03
1.826261687743600305e+03 2.031634801561986478e+03
1.754681890776551427e+03 1.966899676959930957e+03
1.697269256844331267e+03 1.915025234075017806e+03
1.646578168854679689e+03 1.869212604017082185e+03
1.594243506839726479e+03 1.821849869334089135e+03
1.532680217477805627e+03 1.766049294561052420e+03
1.458437168610468916e+03 1.698704548540784117e+03
1.373846220724523391e+03 1.621988876572722575e+03
1.285077192383777174e+03 1.541551900344929663e+03
1.199578939290805465e+03 1.464140594942800590e+03
1.124098030417633254e+03 1.395779987149650424e+03
1.062559458201491680e+03 1.339891782868759947e+03
1.014188763930559617e+03 1.295688843950073306e+03
9.743195423488710958e+02 1.258958736238165102e+03
9.363134119606803552e+02 1.223784881892990143e+03
8.941258769068228958e+02 1.184818609089390520e+03
8.457339557145734261e+02 1.140313274814421675e+03
7.936728773005846733e+02 1.092566747375455407e+03
7.426491337085212763e+02 1.045751287716517481e+03
6.973842249218664620e+02 1.003972964254492581e+03
6.599722084682269951e+02 9.689845931579004628e+02
6.285268242827190761e+02 9.390889171748897297e+02
5.991288223548416454e+02 9.108813151422217516e+02
5.683412553387698836e+02 8.814239225902365433e+02
5.353279726819208690e+02 8.500429580777216643e+02
5.022983332784671688e+02 8.186519640807766791e+02
4.720553884280739112e+02 7.896134209171342491e+02
4.457825708149636625e+02 7.638796113511446038e+02
4.224603003077156131e+02 7.405622615519714600e+02
3.999121067016832853e+02 7.178514877541233545e+02
3.769532135977210032e+02 6.947927235332271039e+02
3.542465051993643215e+02 6.719470292187578480e+02
3.331309890547494206e+02 6.503936741577310841e+02
3.141446998787215534e+02 6.305394731663579933e+02
2.965622774486370758e+02 6.117905009225942194e+02
2.794834585840105774e+02 5.934405861176584267e+02
2.627951483421990702e+02 5.754114230337459048e+02
2.470744923303319638e+02 5.581454185710097136e+02
2.325871225436780492e+02 5.418312506217315558e+02
2.190170061431306294e+02 5.262219217392579367e+02
2.059956912002815841e+02 5.110446612211033539e+02
1.935795341136468437e+02 4.963411652750133385e+02
1.819630972054853544e+02 4.822451550340883841e+02
1.710888410809415632e+02 4.687083191751510185e+02
1.607781745355332248e+02 4.556031388328040634e+02
1.510043974994810014e+02 4.429092544482859353e+02
1.418232102376499597e+02 4.306592019761455958e+02
1.331921161696455158e+02 4.188199803791218301e+02
1.250448379406596047e+02 4.073450751990184813e+02
1.173690176107701575e+02 3.962231166036514765e+02
1.101414743606276829e+02 3.854359772320334514e+02
1.033377347461642302e+02 3.749650439462090503e+02
9.693453799905344681e+01 3.647929187063685390e+02
9.090978465103016504e+01 3.549033443626126996e+02
8.524248672540745986e+01 3.452811361285574776e+02
7.991272385118553245e+01 3.359121403040130076e+02
7.490161683095024614e+01 3.267832862867373933e+02
7.019125983333317720e+01 3.178824335284507470e+02
6.576466621286587610e+01 3.091982656513857819e+02
6.160572773393932522e+01 3.007202446780034393e+02
5.769917515587393098e+01 2.924385684763305449e+02
5.403054014593288201e+01 2.843441310125031691e+02
5.058611832433545175e+01 2.764284898069581686e+02
4.735292704212373849e+01 2.686840089976521995e+02
4.431867132488222438e+01 2.611038579880327006e+02
4.147172098096796589e+01 2.536817352634490703e+02
3.880107903320165263e+01 2.464118240328050433e+02
3.629635072258177075e+01 2.392887667793238222e+02
3.394771377480076069e+01 2.323076410141450765e+02
3.174588989682611739e+01 2.254639361118620400e+02
2.968211602053688480e+01 2.187535964676194737e+02
2.774811341308306467e+01 2.121732344024309782e+02
2.593606903199392022e+01 2.057198554049190591e+02
2.423861362710805523e+01 1.993907390999585800e+02
2.264879851817650902e+01 1.931834226044694276e+02
2.116007344219387321e+01 1.870956843707614041e+02
1.976626543212721288e+01 1.811255284568586603e+02
1.846155865820982456e+01 1.752711813334871067e+02
1.724047456453724081e+01 1.695313628360484302e+02
1.609785381658807779e+01 1.639052386822969254e+02
1.502883977838635232e+01 1.583920746934653607e+02
1.402886197134616708e+01 1.529912107453035901e+02
1.309362031162864248e+01 1.477020512269756978e+02
1.221907013424883814e+01 1.425240557486578439e+02
1.140140797061837397e+01 1.374567301063526372e+02
1.063705746715334577e+01 1.324997828211167530e+02
9.922655276672749380e+00 1.276535254984133871e+02
9.255041015436020757e+00 1.229183141000895034e+02
8.631246194062971000e+00 1.182943919100059560e+02
8.048483179343444149e+00 1.137818896498409629e+02
7.504134745442684107e+00 1.093808258808561646e+02
6.995744186349267757e+00 1.050911076885609106e+02
6.521005937820899767e+00 1.009125562187683869e+02
6.077756363904030401e+00 9.684528893870128741e+01
5.663965586936920538e+00 9.288957779950835913e+01
5.277729958547598521e+00 8.904547804219843954e+01
4.917264574638692487e+00 8.531282730412127080e+01
4.580896196780233076e+00 8.169125677659911844e+01
4.267056570900915169e+00 7.818020245464752804e+01
3.974276122680149737e+00 7.477891650181247485e+01
3.701177888637571911e+00 7.148655626645674488e+01
