1.822573301080002420e+04 1.809887646551092985e+04
1.844833352045105858e+04 1.831639176393282105e+04
1.866525524493919147e+04 1.852810001256129908e+04
1.887597301715186768e+04 1.873347992243064800e+04
1.907994882843170490e+04 1.893199851947303978e+04
1.927663872422586428e+04 1.912311755510509101e+04
1.946547625232347127e+04 1.930627714112447575e+04
1.964587345406878740e+04 1.948089678283212561e+04
1.981724025380244711e+04 1.964639463141969463e+04
1.997897895805232110e+04 1.980218225964347948e+04
2.013046672420290633e+04 1.994764779471990187e+04
2.027107925850593529e+04 2.008217894304131187e+04
2.040019728155566918e+04 2.020516932825924596e+04
2.051718665428537861e+04 2.031599937979463721e+04
2.062140755462666129e+04 2.041404530213215548e+04
2.071223448750454918e+04 2.049869849088678529e+04
2.078904931473671968e+04 2.056935901517033562e+04
2.085123042725080086e+04 2.062542543254477641e+04
2.089817744465855503e+04 2.066631844611384804e+04
2.092931664430055025e+04 2.069148623678482909e+04
2.094409047915122937e+04 2.070039501956972526e+04
2.094196931113609753e+04 2.069254007899361750e+04
2.092246376297959068e+04 2.066745736494579614e+04
2.088513165114079311e+04 2.062473100840886036e+04
2.082958375113450529e+04 2.056399939850901865e+04
2.075548325373864282e+04 2.048495336061363923e+04
2.066255525999171732e+04 2.038734556827142660e+04
2.055062075734941391e+04 2.027102533504248640e+04
2.041957520931006002e+04 2.013591614576524807e+04
2.026937930721588418e+04 1.998200574786148718e+04
2.010012284141757846e+04 1.980941033947789765e+04
1.991203534899510123e+04 1.961838498654613431e+04
1.970541294412556090e+04 1.940924953957132675e+04
1.948065469702538758e+04 1.918242487591419558e+04
1.923838355461839819e+04 1.893855384931708249e+04
1.897931242731314705e+04 1.867836671819379262e+04
1.870420972610571334e+04 1.840264639552164226e+04
1.841409766081349881e+04 1.811242617568361311e+04
1.811020122506707776e+04 1.780893848477199572e+04
1.779375372161827545e+04 1.749342068771663617e+04
1.746608467578691852e+04 1.716720311774715083e+04
1.712878335110787884e+04 1.683187260977954793e+04
1.678343905699659445e+04 1.648901264193434690e+04
1.643163018503156491e+04 1.614019219029194392e+04
1.607538135652292112e+04 1.578741938487541665e+04
1.571691067614030180e+04 1.543289068519263492e+04
1.535828676877164798e+04 1.507865101822096403e+04
1.500122844999704648e+04 1.472640019768265120e+04
1.464694044049472541e+04 1.437733452971601582e+04
1.429648573195132303e+04 1.403250793086078374e+04
1.395102942123695175e+04 1.369307170550393130e+04
1.361301246556055048e+04 1.336143096598049488e+04
1.328523711056572029e+04 1.304034471185546863e+04
1.297020726404193010e+04 1.273227750866266251e+04
1.266921071523627143e+04 1.243850197676158496e+04
1.238205623955989722e+04 1.215884178017725571e+04
1.210844827410024664e+04 1.189301797512591838e+04
1.184783627547067590e+04 1.164050279271287582e+04
1.159885818486950120e+04 1.139997633206102000e+04
1.136008091031397998e+04 1.117004813806491256e+04
1.112998219239595528e+04 1.094923913112706941e+04
1.090651101574936365e+04 1.073555159195127817e+04
1.068763254352365766e+04 1.052699904849742234e+04
1.047122069751987692e+04 1.032149957837946386e+04
1.025489351092736251e+04 1.011671254528228019e+04
1.003635583436840170e+04 9.910371469222234737e+03
9.812855420062245685e+03 9.699745518675275889e+03
9.581553092023681529e+03 9.481999964274920785e+03
9.339759365197220177e+03 9.254428961661029462e+03
9.084891600952652880e+03 9.014411541932451655e+03
8.815056078972535033e+03 8.759988247047167533e+03
8.529581725568425099e+03 8.490404540760857344e+03
8.228786243898121029e+03 8.205874342383085605e+03
7.915096091295346923e+03 7.908722116787610503e+03
7.591842034325834902e+03 7.602176931550944573e+03
7.263839266881402182e+03 7.290971043313841619e+03
6.936171913138939090e+03 6.980120029654697646e+03
6.614256464619543294e+03 6.674988631971852556e+03
6.303183869439230875e+03 6.380631204429766512e+03
6.007685710049434419e+03 6.101758378366641409e+03
5.732058977407587008e+03 5.842641314433214575e+03
5.479918038481554504e+03 5.606901738935273897e+03
5.253471539119553199e+03 5.396759785946414922e+03
5.053693595316234678e+03 5.213227956580139107e+03
4.878668099643125970e+03 5.054446324503805045e+03
4.724748938772665497e+03 4.916820984902445161e+03
4.585658972842246840e+03 4.794102879879523243e+03
4.454352108224042240e+03 4.679208902272313935e+03
4.323363904299235401e+03 4.564555285677344727e+03
4.186172242600492609e+03 4.443426286258940308e+03
4.037790005966098306e+03 4.310590604885494031e+03
3.875567657686109214e+03 4.163171142188200065e+03
3.699842004778946375e+03 4.001366001779195813e+03
3.513760191630454756e+03 3.828302075904405683e+03
3.322849306429777698e+03 3.649620607825429488e+03
3.133948342802907064e+03 3.472350978237001073e+03
2.954264429534093779e+03 3.303908516068795507e+03
2.790516285955627609e+03 3.151198597923963916e+03
2.647660525378969396e+03 3.019311749287615385e+03
2.527079291162229310e+03 2.909681462341932274e+03
2.425506794317556341e+03 2.819002717407458022e+03
2.336326929888143695e+03 2.740530033927363547e+03
2.252080662279027365e+03 2.666599425789388988e+03
2.166068097904433671e+03 2.590256226954161320e+03
2.072989681254086008e+03 2.505940196271839341e+03
1.970440509128526401e+03 2.411097452166196945e+03
1.860790402955527270e+03 2.308194124841123084e+03
1.750344221155273544e+03 2.203832722185428338e+03
1.645906594848016312e+03 2.105114493581728766e+03
1.552417486081160860e+03 2.017150608240068777e+03
1.472174117344807883e+03 1.942283075760006795e+03
1.403840022600906877e+03 1.879111864602922424e+03
1.342768772752492396e+03 1.822847470696322716e+03
1.283150704418493433e+03 1.767509454569401669e+03
1.220682286263822334e+03 1.708676793238749042e+03
1.154170782334566866e+03 1.645163828626327131e+03
1.086417331593289646e+03 1.579916835759151127e+03
1.021870532823393205e+03 1.517534312714984935e+03
9.636957033042580179e+02 1.461232802916020319e+03
9.128163418969203349e+02 1.411904884481802355e+03
8.672942643603904571e+02 1.367556993025752490e+03
8.235950167592795879e+02 1.324632635025406671e+03
7.793945730014468154e+02 1.280838103876988498e+03
7.346278512997854477e+02 1.236166972041322197e+03
6.912114104191583692e+02 1.192563644121461948e+03
6.513025180298071746e+02 1.152148502133444026e+03
6.152961552888300503e+02 1.115273321151789787e+03
5.819863970666926889e+02 1.080746627540321697e+03
5.497844957839693052e+02 1.047051929127012954e+03
5.180470103237585136e+02 1.013611080764745452e+03
4.874729368894181221e+02 9.811103279305800697e+02
4.590052599366265440e+02 9.504254610506170593e+02
4.327274475183786535e+02 9.216128186649352756e+02
4.079812900940468126e+02 8.940641625735993330e+02
3.841698682727001142e+02 8.672541758453687635e+02
3.613523789382909968e+02 8.412484992616726913e+02
3.399033164356486623e+02 8.163713953047282530e+02
3.198720679049209821e+02 7.926529664302955780e+02
3.009591620710962161e+02 7.698347944643328447e+02
2.829506755510409448e+02 7.477420980702366933e+02
2.659054441617656153e+02 7.264218262334650262e+02
2.498980097530267983e+02 7.059251845352639521e+02
2.348274121583431508e+02 6.861660140057125545e+02
2.205694120565480603e+02 6.670461274244984224e+02
2.071070338047461235e+02 6.485481636474465859e+02
1.944429515161586153e+02 6.306662111306341103e+02
1.825160812593167918e+02 6.133501824084906957e+02
1.712724353390684939e+02 5.965568860090967291e+02
1.606835782245960331e+02 5.802609409952682427e+02
1.507148556306125897e+02 5.644322706065876218e+02
1.413326457467562136e+02 5.490424157508325607e+02
1.325049459536552376e+02 5.340649294625926586e+02
1.242013098873393488e+02 5.194752555421842999e+02
1.163927858333547221e+02 5.052506170210932623e+02
1.090518564963224577e+02 4.913699131883679456e+02
1.021523743131980666e+02 4.778135199975682212e+02
9.566949781646860629e+01 4.645630655303285153e+02
8.957965101044237599e+01 4.516015928314079133e+02
8.386047091297244549e+01 4.389135243253887779e+02
7.849075420466428454e+01 4.264845894812424376e+02
7.345040555263281590e+01 4.143017572180268075e+02
6.872038760830444915e+01 4.023531724912301684e+02
6.428267122079550688e+01 3.906281916099989644e+02
6.012018035788460679e+01 3.791179142249292795e+02
5.621675554627152138e+01 3.678146594665248017e+02
5.255711547179842569e+01 3.567115759478542145e+02
4.912681461338071642e+01 3.458025961131965573e+02
4.591220250010543680e+01 3.350823936788638093e+02
4.290038458414679212e+01 3.245463422449402628e+02
4.007918452078554594e+01 3.141905041904149130e+02
3.743710298032636530e+01 3.040125081901456383e+02
3.496328384654754728e+01 2.940115501813584729e+02
3.264748834016668155e+01 2.841871613148908295e+02
3.048006337131003463e+01 2.745391084508436847e+02
2.845191088063233309e+01 2.650673690000003262e+02
2.655445857313175040e+01 2.557721060625311793e+02
2.477963199691696161e+01 2.466536439830781831e+02
2.311982665460148212e+01 2.377130150844238869e+02
2.156788026353959253e+01 2.289531314356968039e+02
2.011705279896850485e+01 2.203770118896624695e+02
1.876100425401269334e+01 2.119873469999118072e+02
1.749377252029537999e+01 2.037864992990461701e+02
1.630975237017807444e+01 1.957765044671679675e+02
1.520367549474098467e+01 1.879590733759957288e+02
1.417059143307429459e+01 1.803357136904605511e+02
1.320584854624895499e+01 1.729088139480089126e+02
1.230507779996669449e+01 1.656809353461523528e+02
1.146417738429247457e+01 1.586540132846262168e+02
1.067929731523635084e+01 1.518293762341990316e+02
9.946824842420696200e+00 1.452077766216518455e+02
9.263370636415322323e+00 1.387894222445036974e+02
8.625755707860665922e+00 1.325740120639600548e+02
8.030998380676930282e+00 1.265610161725864344e+02
7.476302458088454728e+00 1.207497944315612131e+02
6.959047349069509281e+00 1.151392074953575388e+02
6.476777662558895976e+00 1.097276192125994214e+02
6.027193278963152601e+00 1.045129381353488327e+02
5.608139981333804869e+00 9.949265810862864612e+01
5.217600617437149424e+00 9.466389777075383449e+01
4.853686653270748330e+00 9.002344428225904949e+01
