2.454187215182421278e+04 2.436051833951648223e+04
2.480624161807174823e+04 2.461794023995400858e+04
2.506108562479202374e+04 2.486569020167243434e+04
2.530565591744930862e+04 2.510302749873403809e+04
2.553918059367590831e+04 2.532919030929544169e+04
2.576088552884426826e+04 2.554341562506314585e+04
2.596998053011432057e+04 2.574492558282908067e+04
2.616564012598488625e+04 2.593290854578617655e+04
2.634703909887531336e+04 2.610655428154022229e+04
2.651335678063742671e+04 2.626505835278419545e+04
2.666374885217401243e+04 2.640759507916156872e+04
2.679736897479919935e+04 2.653333853238494703e+04
2.691338996236881940e+04 2.664148306216808123e+04
2.701098644120490644e+04 2.673122675483897183e+04
2.708932758831846877e+04 2.680176460147970283e+04
2.714761278658349329e+04 2.685232290190516142e+04
2.718507436300044355e+04 2.688216213668548153e+04
2.720096081325882551e+04 2.689056152318595196e+04
2.719456059156362971e+04 2.687684149852527480e+04
2.716521641819470096e+04 2.684037735261271519e+04
2.711232981270376331e+04 2.678060483347062473e+04
2.703536649833028787e+04 2.669702539200680621e+04
2.693386273502589029e+04 2.658921099790911830e+04
2.680744311432168251e+04 2.645682214586732516e+04
2.665585476530752931e+04 2.629964297392189110e+04
2.647893714242552232e+04 2.611754934947433503e+04
2.627662366452889910e+04 2.591050994062882091e+04
2.604903129893681762e+04 2.567867651060041680e+04
2.579643173816573835e+04 2.542235431835503914e+04
2.551918550915463129e+04 2.514193510586310731e+04
2.521782956874950105e+04 2.483798469798272708e+04
2.489317857883868055e+04 2.451134420359527940e+04
2.454614216876632054e+04 2.416294627433882488e+04
2.417773506667372567e+04 2.379382487787522405e+04
2.378935776588974113e+04 2.340539522594109440e+04
2.338259508586926313e+04 2.299925221278400568e+04
2.295904610016605511e+04 2.257700052537506053e+04
2.252053406493560033e+04 2.214046454044583515e+04
2.206918488201957007e+04 2.169176657850155971e+04
2.160708804092455102e+04 2.123298795484254151e+04
2.113640895074697619e+04 2.076628035221167374e+04
2.065996920147709534e+04 2.029444123257278261e+04
2.018065127011999357e+04 1.982032349952101868e+04
1.970112585364371625e+04 1.934656599239993375e+04
1.922362544050126598e+04 1.887537664279968521e+04
1.874996768950853220e+04 1.840855574781570249e+04
1.828180526220318643e+04 1.794773666963442156e+04
1.782114567937149695e+04 1.749489756158336604e+04
1.737143355994337617e+04 1.705342654912683793e+04
1.693609064982623386e+04 1.662668675008283390e+04
1.651807985713790549e+04 1.621758933931962929e+04
1.611880004347216891e+04 1.582751229106483879e+04
1.573862963965675590e+04 1.545683365816146579e+04
1.537785035129955031e+04 1.510583717411353791e+04
1.503593259205573850e+04 1.477401480372560582e+04
1.471122725387452556e+04 1.445976498263354188e+04
1.440210182679000536e+04 1.416150188081682791e+04
1.410652211668383825e+04 1.387724787256855598e+04
1.382179495366208721e+04 1.360438114272667917e+04
1.354532402746319167e+04 1.334037013880059931e+04
1.327414531944143346e+04 1.308231941183078925e+04
1.300504436730072302e+04 1.282708086480837119e+04
1.273480053650298578e+04 1.257148806391399557e+04
1.245947299426674363e+04 1.231165288537311062e+04
1.217520440117545695e+04 1.204374802711770826e+04
1.187800353076213105e+04 1.176379365683337710e+04
1.156398489643888570e+04 1.146788638540051033e+04
1.123022397071474006e+04 1.115304968362100408e+04
1.087492946132723773e+04 1.081740963497285520e+04
1.049800958162436291e+04 1.046076011511789147e+04
1.010173794971565258e+04 1.008524782817515006e+04
9.689992235397063268e+03 9.694613467543533261e+03
9.268622542003455237e+03 9.294583469680585040e+03
8.844271793861074912e+03 8.891683767296943188e+03
8.424158532555167767e+03 8.493037418989290018e+03
8.015429834846690937e+03 8.105705693849923591e+03
7.624829419889645578e+03 7.736366335865419387e+03
7.258828227662910649e+03 7.391406264441137864e+03
6.922792214885042995e+03 7.076161307349117124e+03
6.620780981054177573e+03 6.794641623155923298e+03
6.354968899298931319e+03 6.549040164442485548e+03
6.124172427343448362e+03 6.338215503180394080e+03
5.924490924978834300e+03 6.158356651612129099e+03
5.748652128699584864e+03 6.002283407892288778e+03
5.587524385365237322e+03 5.860922610846023417e+03
5.431089048259049378e+03 5.724226780524215428e+03
5.269711824913193595e+03 5.582433031011133608e+03
5.095428101651261386e+03 5.427357390791025864e+03
4.902817485844059775e+03 5.253314113430915313e+03
4.690292557435606795e+03 5.058506566823887624e+03
4.460368180603316432e+03 4.845351069319686758e+03
4.219184167426362364e+03 4.620028370387321957e+03
3.975497843440623001e+03 4.391454006027210198e+03
3.739365888688021641e+03 4.169877430009930322e+03
3.520906563031616770e+03 3.965579979686465776e+03
3.328472687954078992e+03 3.787017930378945948e+03
3.166228722659048344e+03 3.638394973973112428e+03
3.032266036397121752e+03 3.517791238810697905e+03
2.919244694238557258e+03 3.417818676149284329e+03
2.817345887468200090e+03 3.328554301848967043e+03
2.716690741109475766e+03 3.239935616361026860e+03
2.608447819618773792e+03 3.142880419782137778e+03
2.486855670754878702e+03 3.031413609055257893e+03
2.352375114792512250e+03 2.905990546949229611e+03
2.211978627092656097e+03 2.773817783751520437e+03
2.075232883862456220e+03 2.644753240643146000e+03
1.950489853269468540e+03 2.527326494320736856e+03
1.843117129667696418e+03 2.426941002320879761e+03
1.753708991704097571e+03 2.344133312933431171e+03
1.677368705988475767e+03 2.273913484811584112e+03
1.606198875856674022e+03 2.208289616718684556e+03
1.532583927166486546e+03 2.139566666841073584e+03
1.452503298417618680e+03 2.063720135919009863e+03
1.367746676682287216e+03 1.982647107648898555e+03
1.284194424494518898e+03 1.902350936853580833e+03
1.207544342275798726e+03 1.828548464348624066e+03
1.140978624706006713e+03 1.764344174146757268e+03
1.083474521860722916e+03 1.708646636008604901e+03
1.030351503495674478e+03 1.656804312070291871e+03
9.770792214141673639e+02 1.604391445054803626e+03
9.219529006345185280e+02 1.549813150851170576e+03
8.667567993977947935e+02 1.494884585387737161e+03
8.150758025869143921e+02 1.443089544446989294e+03
7.688459247676112227e+02 1.396235812658728719e+03
7.272175678958514027e+02 1.353460087548374986e+03
6.877586013524515920e+02 1.312458310279392663e+03
6.486025879109441803e+02 1.271525196863330166e+03
6.100573666686100296e+02 1.230995114664368657e+03
5.737273067190708389e+02 1.192347346324206683e+03
5.404677094353307893e+02 1.156324456134683942e+03
5.096814006273740461e+02 1.122362804487676158e+03
4.801795606595860590e+02 1.089417400112264886e+03
4.516080346698268499e+02 1.057202460282974926e+03
4.245000940805070968e+02 1.026181311296350941e+03
3.993018424356923788e+02 9.967116611700404292e+02
3.757209556068016241e+02 9.685337707152768871e+02
3.532693648820905423e+02 9.412499944344527876e+02
3.318830600789459027e+02 9.148126724361832203e+02
3.117802212012599057e+02 8.893836379043602847e+02
2.929419520086769921e+02 8.649342188794671529e+02
2.751418013732634336e+02 8.412876984951203667e+02
2.582890219080174461e+02 8.183734396673615947e+02
2.424308098293139437e+02 7.962154739266298975e+02
2.275230999941889820e+02 7.747720492623609516e+02
2.134806315115186237e+02 7.539777112379330219e+02
2.002526662479058075e+02 7.337908634096397691e+02
1.877967759969425003e+02 7.141743298220685574e+02
1.760726400775666036e+02 6.950935957757843653e+02
1.650416136645559959e+02 6.765165498498364514e+02
1.546666964452601007e+02 6.584133410097779233e+02
1.449124980569859531e+02 6.407562472021058966e+02
1.357451950967004848e+02 6.235195486545648009e+02
1.271321384987542160e+02 6.066790486879973514e+02
1.190417172041688474e+02 5.902117956239119394e+02
1.114439398594416843e+02 5.740965860221004959e+02
1.043104151837792273e+02 5.583139284841873859e+02
9.761427488284275000e+01 5.428459556921017111e+02
9.133009972202347626e+01 5.276763423127371198e+02
8.543384866659782517e+01 5.127902280724545108e+02
7.990281176081413150e+01 4.981743921118213052e+02
7.471560959825824000e+01 4.838180278968397374e+02
6.985204242294682331e+01 4.697117469529779328e+02
6.529300390154321576e+01 4.558471694515399122e+02
6.102042913476921626e+01 4.422168722816702484e+02
5.701724459560784908e+01 4.288143387732872611e+02
5.326731996232343391e+01 4.156339097718040421e+02
4.975542035641890237e+01 4.026708224197288359e+02
4.646714167002343032e+01 3.899224228391004203e+02
4.338887902146174724e+01 3.773876532011784661e+02
4.050780549003903985e+01 3.650658400709862690e+02
3.781183187822179548e+01 3.529566292983242306e+02
3.528956774944131070e+01 3.410599549462390883e+02
3.293028426610043624e+01 3.293760085169654417e+02
3.072387875811968527e+01 3.179052141541844776e+02
2.866084004659421680e+01 3.066491868807501078e+02
2.673221561078988628e+01 2.956116323467404641e+02
2.492958310058482496e+01 2.847962134950383302e+02
2.324502140081003887e+01 2.742062468638833934e+02
2.167108284235433757e+01 2.638446994950721205e+02
2.020076680028321903e+01 2.537141868394878088e+02
1.882749462115267036e+01 2.438169716607868338e+02
1.754508540806070016e+01 2.341552364420446963e+02
1.634773148113297836e+01 2.247324489612933007e+02
1.522997919240377307e+01 2.155520489816185261e+02
1.418670965888844648e+01 2.066167297791990620e+02
1.321311937157711647e+01 1.979284684756174215e+02
1.230470183764013825e+01 1.894885591718819740e+02
1.145723020981738749e+01 1.812976468732135231e+02
1.066674081841676269e+01 1.733557804795393054e+02
9.929516780778580909e+00 1.656628821817152755e+02
9.242073573545223297e+00 1.582187085272539662e+02
8.601146217321778309e+00 1.510223655569826917e+02
8.003676143552036493e+00 1.440723323828735829e+02
7.446798749695862973e+00 1.373665099743606675e+02
6.927831658528599945e+00 1.309022690942499310e+02
6.444263644977568539e+00 1.246764971943237725e+02
5.993743987058825162e+00 1.186856666563943605e+02
5.574072328092791295e+00 1.129259145525455921e+02
5.183190023917569889e+00 1.073930216380199596e+02
4.819171494472576533e+00 1.020824421218710683e+02
