1.550094987296516956e+04 1.538180743999672268e+04
1.572204592152411897e+04 1.559784729224701368e+04
1.593953448582008059e+04 1.581013426914813499e+04
1.615297893630146609e+04 1.601823233677681856e+04
1.636191795205819835e+04 1.622168293167635056e+04
1.656587424655826180e+04 1.642001291721157031e+04
1.676436252242513001e+04 1.661274182725734136e+04
1.695687831986217134e+04 1.679937088084515926e+04
1.714289286778808673e+04 1.697937794787486200e+04
1.732187097139054822e+04 1.715223527580628070e+04
1.749326984322612407e+04 1.731740849950575284e+04
1.765652336289547748e+04 1.747434165579488035e+04
1.781105810455219034e+04 1.762247265213806168e+04
1.795630137619139714e+04 1.776124106424889396e+04
1.809166669286659453e+04 1.789007428861880180e+04
1.821655525950054653e+04 1.800838907605536224e+04
1.833037534543759466e+04 1.811561022052042244e+04
1.843254018147097304e+04 1.821116873856904931e+04
1.852245725742446302e+04 1.829449196138868137e+04
1.859954633035256848e+04 1.836502061064109876e+04
1.866324589872476645e+04 1.842221504401963466e+04
1.871300664418996530e+04 1.846554957999199178e+04
1.874829782810299730e+04 1.849451853185865912e+04
1.876861833238784675e+04 1.850864642494775035e+04
1.877350326599675464e+04 1.850749493040080051e+04
1.876253112380230232e+04 1.849067047196521889e+04
1.873532172442533556e+04 1.845782108267666263e+04
1.869154295454836392e+04 1.840864292028970885e+04
1.863094504255844367e+04 1.834291498373789364e+04
1.855334517509681245e+04 1.826048311552638188e+04
1.845861313637725107e+04 1.816124506912252036e+04
1.834671970874540784e+04 1.804519882938819865e+04
1.821776317376689258e+04 1.791246889070055840e+04
1.807190144159174451e+04 1.776323791988967059e+04
1.790937291225952140e+04 1.759776732610405088e+04
1.773061408368147386e+04 1.741651427123643589e+04
1.753615540996054551e+04 1.722002748509848243e+04
1.732657423671480501e+04 1.700890015525812123e+04
1.710265106326663954e+04 1.678392533856438968e+04
1.686537017322817337e+04 1.654609623888294664e+04
1.661573521541362788e+04 1.629642242962021191e+04
1.635482247771706170e+04 1.603598318984262187e+04
1.608394559616222978e+04 1.576609211741176659e+04
1.580444428990182314e+04 1.548808577100256480e+04
1.551764840429463584e+04 1.520328778381533994e+04
1.522525188767458349e+04 1.491338174571604759e+04
1.492917441946900544e+04 1.462027311653909055e+04
1.463123088606323108e+04 1.432576002194764260e+04
1.433295836648603836e+04 1.403136644651925417e+04
1.403540401878954071e+04 1.373813820010890777e+04
1.373948701586195966e+04 1.344699262434907178e+04
1.344619294187390005e+04 1.315891032442599862e+04
1.315761269011397235e+04 1.287596767350946538e+04
1.287627839923602914e+04 1.260067745414594174e+04
1.260449628334449881e+04 1.233532724319768386e+04
1.234355830662574590e+04 1.208121197123172351e+04
1.209330668776324092e+04 1.183821010326007126e+04
1.185345861436911582e+04 1.160607595020531153e+04
1.162354565572597676e+04 1.138438101759200981e+04
1.140236838808052380e+04 1.117198193140888907e+04
1.118862503359664333e+04 1.096763275448916102e+04
1.098096496165569260e+04 1.077003524625549289e+04
1.077758493064465983e+04 1.057743962905967055e+04
1.057667044988465386e+04 1.038807791508361879e+04
1.037636208371775683e+04 1.020012521287391974e+04
1.017458252202851509e+04 1.001152289389237012e+04
9.969335514660318950e+03 9.820277442495913419e+03
9.758273660414357437e+03 9.624014760196607313e+03
9.538943546041124137e+03 9.420226322929924208e+03
9.309063740817988219e+03 9.206543498944303792e+03
9.066480132077471353e+03 8.980684053544613562e+03
8.809623100456576140e+03 8.740927154300865368e+03
8.538103772234673670e+03 8.486718302218863755e+03
8.252378919519956980e+03 8.218347485717535164e+03
7.954853067796414507e+03 7.938095186091489268e+03
7.648744682699548321e+03 7.649087193045256754e+03
7.338599208642631311e+03 7.355845837084676532e+03
7.029177530799130182e+03 7.063150638774467552e+03
6.725472704866077038e+03 6.776064887840606389e+03
6.432118476183872190e+03 6.499322737052083539e+03
6.153367221074209738e+03 6.237307146013428792e+03
5.892959509580500708e+03 5.993906660898569498e+03
5.654025566569399416e+03 5.772427087062776991e+03
5.438328629716789692e+03 5.574801171819378396e+03
5.246473378205917470e+03 5.401800014341532005e+03
5.076406412837629432e+03 5.251457813753523624e+03
4.924422771828679288e+03 5.120069537884658530e+03
4.784469500236432395e+03 5.001405443841611486e+03
4.649878095159394434e+03 4.888464015236540035e+03
4.513789343891795397e+03 4.773879983257529602e+03
4.370481300658423606e+03 4.651339792349355776e+03
4.215832997586711826e+03 4.516119005243097490e+03
4.048139758861619157e+03 4.366050078377943464e+03
3.868439769480724863e+03 4.201970637147712296e+03
3.680311285866530852e+03 4.027574378665732638e+03
3.489408097786392773e+03 3.848947021252771265e+03
3.302267304781932580e+03 3.673236449013684705e+03
3.125449565527571849e+03 3.507683418575342330e+03
2.964773448037180970e+03 3.358761222146537875e+03
2.824241611766192364e+03 3.230986939471401456e+03
2.704330418310154528e+03 3.125035088555196580e+03
2.601195385876100772e+03 3.036817865934802285e+03
2.508060265170207003e+03 2.958916060331534027e+03
2.417742819101675650e+03 2.883303712287125563e+03
2.324329080440873895e+03 2.803216068104326951e+03
2.223686051705360569e+03 2.713797041594470102e+03
2.114577820965394949e+03 2.613482898268231111e+03
2.000142395707207015e+03 2.505795951758319461e+03
1.886834320162384529e+03 2.398151134568443922e+03
1.780977770740535561e+03 2.297842208899538036e+03
1.686552033955303159e+03 2.209464873202720810e+03
1.604770942908851566e+03 2.134449805346092489e+03
1.533523106858291385e+03 2.070433884988525278e+03
1.467847428999789372e+03 2.011770524443860495e+03
1.402566458738326219e+03 1.952510607166441332e+03
1.334184124773188614e+03 1.888610874695972143e+03
1.262572270624890280e+03 1.819945310947536655e+03
1.191046024175638422e+03 1.750402954486177578e+03
1.123845205579774984e+03 1.684919767101669777e+03
1.063378145022087892e+03 1.626271432636717236e+03
1.009740980228424633e+03 1.574560074005255728e+03
9.605738981871726310e+02 1.527093207609280626e+03
9.125693285367402723e+02 1.480126091487964004e+03
8.640793977558018923e+02 1.431837502522774912e+03
8.156604418530993144e+02 1.382927907365512965e+03
7.693333826361558749e+02 1.335726932042348380e+03
7.268434923060783603e+02 1.292194904763802242e+03
6.880557012383999336e+02 1.252166084887320267e+03
6.515750358367370154e+02 1.214103638731636465e+03
6.160695645615743388e+02 1.176584124237213700e+03
5.812962252771195608e+02 1.139397144463528775e+03
5.480930899738127664e+02 1.103481226059054279e+03
5.171901789609738671e+02 1.069616584538521465e+03
4.884048120473374297e+02 1.037604471226195983e+03
4.610534653470302260e+02 1.006746267302408910e+03
4.347257551149995720e+02 9.766504501716073037e+02
4.096096228794683043e+02 9.475300385474985205e+02
3.860073832438559975e+02 9.196891603025326276e+02
3.638406435907127161e+02 8.930491529238687463e+02
3.428087031430955562e+02 8.673294151711330642e+02
3.227831228105644072e+02 8.424219484410930363e+02
3.038453495108211087e+02 8.184064925704833513e+02
2.860147223597904826e+02 7.952980848246118057e+02
2.691657720014070492e+02 7.729867207175228714e+02
2.532049817869526862e+02 7.513949055009403537e+02
2.381274077687725423e+02 7.305173034593473176e+02
2.239140676706118143e+02 7.103340328292831600e+02
2.104928852503142878e+02 6.907853156017090441e+02
1.978276112098377268e+02 6.718389238702231978e+02
1.858814729971935265e+02 6.534643424115755579e+02
1.746149676103412389e+02 6.356258835669561904e+02
1.639927906119949910e+02 6.182911724174012988e+02
1.539812116948101846e+02 6.014300950134729646e+02
1.445480242046487263e+02 5.850146606516844940e+02
1.356624947382606479e+02 5.690188752885403574e+02
1.272953129662681135e+02 5.534186250133966496e+02
1.194185371160484834e+02 5.381914873285633121e+02
1.120054677031476160e+02 5.233152385147033101e+02
1.050306330338751053e+02 5.087681274896288528e+02
9.846982198393207852e+01 4.945301634364759593e+02
9.230003414188092847e+01 4.805830689133317719e+02
8.649942852648413805e+01 4.669101913295575628e+02
8.104727380462308872e+01 4.534964205059205256e+02
7.592390001713147285e+01 4.403281115309281972e+02
7.111065210616439458e+01 4.273930913142485792e+02
6.658984640090382356e+01 4.146810943130109308e+02
6.234472514720464176e+01 4.021833009252701459e+02
5.835941318577781800e+01 3.898919791308968001e+02
5.461887727482773869e+01 3.778004269052368613e+02
5.110888686387799140e+01 3.659029178158838818e+02
4.781597629369835545e+01 3.541946478358419199e+02
4.472740840079776348e+01 3.426716830959323943e+02
4.183113577536684602e+01 3.313317031349635045e+02
3.911575896238856132e+01 3.201758761041413663e+02
3.657050739180075283e+01 3.092062246439823525e+02
3.418521116769134238e+01 2.984248793914860016e+02
3.195027060934322449e+01 2.878340527267278048e+02
2.985662711362227739e+01 2.774360128400989538e+02
2.789573529773028682e+01 2.672330581902402287e+02
2.605953636258481865e+01 2.572275079549919496e+02
2.434043092461515911e+01 2.474231695472039974e+02
2.273125394187319159e+01 2.378262473139768645e+02
2.122525504959773812e+01 2.284425097866602812e+02
1.981607668710909920e+01 2.192769826635332322e+02
1.849773288568436413e+01 2.103339681127639551e+02
1.726458908004068604e+01 2.016170658958977242e+02
1.611134290294883442e+01 1.931291961226646663e+02
1.503300584899417736e+01 1.848726666415805369e+02
1.402488448843761759e+01 1.768500543147560222e+02
1.308256452369616873e+01 1.690640098555846578e+02
1.220189676459781225e+01 1.615163366054653409e+02
1.137898221117985287e+01 1.542080037675069093e+02
1.061015784275954132e+01 1.471392000469727179e+02
9.891983148783431545e+00 1.403093873710475634e+02
9.221227367539805542e+00 1.337173543387062864e+02
8.594857279255714744e+00 1.273612826508134077e+02
8.010024942248943347e+00 1.212388948056027118e+02
7.464057632981458745e+00 1.153474261719042886e+02
6.954448141471516465e+00 1.096836119416220896e+02
6.478845022575606016e+00 1.042437379070386640e+02
