1.499441609302604957e+04 1.490380616747246859e+04
1.518676746606181223e+04 1.509240373115549301e+04
1.537453680503215037e+04 1.527631672914791488e+04
1.555726650565080672e+04 1.545508811514295849e+04
1.573449153009250767e+04 1.562825385655940590e+04
1.590572590854655755e+04 1.579533039846507018e+04
1.607046582756941098e+04 1.595581768423071117e+04
1.622820352559347884e+04 1.610921230000241485e+04
1.637842038025429792e+04 1.625500058920252377e+04
1.652057073015638525e+04 1.639264257156787426e+04
1.665410478893181062e+04 1.652159481177219277e+04
1.677847395091044382e+04 1.664131576104206397e+04
1.689311334478409481e+04 1.675124878495377561e+04
1.699745038777818991e+04 1.685083060427228702e+04
1.709092166430931320e+04 1.693950785357996574e+04
1.717296540267578894e+04 1.701672982429185868e+04
1.724300964349833521e+04 1.708193702382718038e+04
1.730049680830818761e+04 1.713458518906770405e+04
1.734488886475547770e+04 1.717415041467342598e+04
1.737565452862310121e+04 1.720011705697436264e+04
1.739228073871423840e+04 1.721198882725603835e+04
1.739428642919697813e+04 1.720930206295328026e+04
1.738122464850559481e+04 1.719162827401672257e+04
1.735268471408568075e+04 1.715857667301626861e+04
1.730829903652468056e+04 1.710980004005529554e+04
1.724775017993678557e+04 1.704500170859719583e+04
1.717079378048798026e+04 1.696395929468254326e+04
1.707724904912319471e+04 1.686651441828225870e+04
1.696699196845805272e+04 1.675256525288466946e+04
1.683999539984812509e+04 1.662210706321307953e+04
1.669635044783711055e+04 1.647525364212273780e+04
1.653621201691562237e+04 1.631218175678484295e+04
1.635981723628014151e+04 1.613314942401109511e+04
1.616759545195083956e+04 1.593860619339624463e+04
1.596007530667245373e+04 1.572909945705171594e+04
1.573783575020293392e+04 1.550522503193635566e+04
1.550163616284310228e+04 1.526775709321306567e+04
1.525243785019019560e+04 1.501766932346606882e+04
1.499122863232457530e+04 1.475595932984370847e+04
1.471907485863078000e+04 1.448370023234589280e+04
1.443735761507454845e+04 1.420227531673186422e+04
1.414751582792555928e+04 1.391312230306271158e+04
1.385095107472719064e+04 1.361763873985709142e+04
1.354923765446284415e+04 1.331739060116599649e+04
1.324409923001288189e+04 1.301408898720142679e+04
1.293716392297489983e+04 1.270934716854644103e+04
1.263007966155428221e+04 1.240479399388195270e+04
1.232484046200600278e+04 1.210239433354578978e+04
1.202337596630178268e+04 1.180404622148589260e+04
1.172742090898314746e+04 1.151145331453727340e+04
1.143824921282931427e+04 1.122586590352784697e+04
1.115676214989587243e+04 1.094816778475932006e+04
1.088375377802841285e+04 1.067913601299041329e+04
1.062024718641251093e+04 1.041976762409031653e+04
1.036807670540249092e+04 1.017184479065555206e+04
1.012905308793155746e+04 9.937125544848202480e+03
9.904495331036569041e+03 9.716889033658469998e+03
9.693372354597857338e+03 9.510124860632546188e+03
9.493763896224119890e+03 9.314956963133399768e+03
9.303892351452574076e+03 9.129649904614951083e+03
9.122109086952395955e+03 8.952601133072892480e+03
8.946882696989972828e+03 8.782324779247714105e+03
8.776602228983323585e+03 8.617258877830419806e+03
8.609081680728797437e+03 8.455288714132362657e+03
8.442120908078166394e+03 8.294284125744226913e+03
8.273243769413667906e+03 8.131850489984757587e+03
8.099693424332694121e+03 7.965322190240755845e+03
7.918790950515220175e+03 7.792104712010203912e+03
7.727656603932426151e+03 7.609412771201514261e+03
7.523746249373787577e+03 7.414775708122198921e+03
7.305307706167779543e+03 7.206496419277240420e+03
7.071302871804989991e+03 6.983558920908733853e+03
6.822394091892653705e+03 6.746601032640440280e+03
6.560331547181178394e+03 6.497309149058840376e+03
6.288435848034942865e+03 6.238894328350846081e+03
6.010766920549489441e+03 5.975281318028355599e+03
5.732168550150816372e+03 5.711148321302721342e+03
5.457515882181795860e+03 5.451200866113491429e+03
5.191708706006385000e+03 5.200159763506787385e+03
4.939415470513700711e+03 4.962503481881411062e+03
4.704986540903400055e+03 4.742398596022519087e+03
4.491889537742176799e+03 4.543151554808898254e+03
4.302765659294145735e+03 4.367261285401457826e+03
4.138196244391466280e+03 4.215254299182455725e+03
3.997018407536501854e+03 4.085975694763604679e+03
3.875419165552535105e+03 3.975740394098970683e+03
3.768121281707707112e+03 3.879446516775647524e+03
3.668374056155293147e+03 3.790573258076609363e+03
3.569323069734125511e+03 3.702473353985005815e+03
3.464509415270392310e+03 3.608849344470730557e+03
3.348840177838651016e+03 3.504702423153490145e+03
3.219335043361133103e+03 3.387067275342159974e+03
3.075657192294066590e+03 3.255553297547672173e+03
2.920461605173545649e+03 3.112712412796600802e+03
2.758727059819381793e+03 2.963379462357922876e+03
2.596966550145454221e+03 2.813890945969076711e+03
2.442411906197791268e+03 2.671269363587495263e+03
2.302094670574259453e+03 2.542304899135044707e+03
2.181193252449098509e+03 2.431957095341118929e+03
2.081188706155621276e+03 2.341613629860087258e+03
1.999292649364626186e+03 2.268560075793753185e+03
1.929665687397175816e+03 2.207154746240172699e+03
1.865366321581874445e+03 2.150687661838097483e+03
1.799516627784924140e+03 2.092480040619265765e+03
1.726204974336829309e+03 2.026760336344781990e+03
1.642592990217078977e+03 1.950744465209806322e+03
1.550775953162966971e+03 1.866480109689989831e+03
1.456642292169133952e+03 1.779722716077748828e+03
1.366842252514286884e+03 1.696937370786260544e+03
1.286823022996966756e+03 1.623364595661277008e+03
1.219546543097358153e+03 1.561804160690379149e+03
1.164103006948043685e+03 1.511333803997246150e+03
1.115988421286745279e+03 1.467610115116049428e+03
1.069387735039885229e+03 1.425049604196233304e+03
1.019438277609036163e+03 1.378994427555505354e+03
9.645422452863546141e+02 1.327942663707805877e+03
9.072896202621176371e+02 1.274421956456487806e+03
8.521047330577124512e+02 1.222682124498357325e+03
8.026905024630029857e+02 1.176223436246052188e+03
7.605207209424598886e+02 1.136389155457243078e+03
7.237566660857779652e+02 1.101406794010021940e+03
6.887497152188883547e+02 1.067843226056784488e+03
6.527615129467881161e+02 1.033158433506400343e+03
6.153713966041217418e+02 9.970027376237221688e+02
5.785977970759464597e+02 9.612820480095160747e+02
5.448993010243386834e+02 9.282569417807369518e+02
5.150110483121351308e+02 8.985664958849838513e+02
4.878224365111734642e+02 8.711738552698942613e+02
4.614753366214590642e+02 8.444026206113777562e+02
4.350852264997506040e+02 8.174849746513381206e+02
4.093542970347027108e+02 7.910684430040366806e+02
3.854376609049506328e+02 7.661688185787120347e+02
3.636235214387320411e+02 7.430172416577973991e+02
3.432059674302936401e+02 7.209913362721579233e+02
3.234373484309771243e+02 6.994583738871499463e+02
3.043080654612973603e+02 6.784227384715389917e+02
2.863209981612425281e+02 6.583041721681526042e+02
2.696244766246594509e+02 6.392137293004801677e+02
2.538984335178383276e+02 6.208845071900057064e+02
2.388510144189395419e+02 6.030852623655285925e+02
2.245559002483568918e+02 5.858757402502174045e+02
2.111556283069761264e+02 5.693609671160604648e+02
1.985643204164999247e+02 5.534692304549504343e+02
1.866277171942047346e+02 5.380831737250683773e+02
1.753309629179486251e+02 5.231901886926071938e+02
1.647098440930551249e+02 5.088111369157986701e+02
1.547087981214287993e+02 4.949022198378295343e+02
1.452660704218819490e+02 4.814176396804286924e+02
1.363649037820223953e+02 4.683424218540996549e+02
1.279829109517445715e+02 4.556576092558447613e+02
1.200913955275587028e+02 4.433405986922864486e+02
1.126631567803318319e+02 4.313703005056414668e+02
1.056724165335073025e+02 4.197270458785042138e+02
9.909474937769259384e+01 4.083925014464083461e+02
9.290701607999650946e+01 3.973495905458733546e+02
8.708730151376461492e+01 3.865824212879664401e+02
8.161497893390364311e+01 3.760762908397649653e+02
7.647070670451471130e+01 3.658176692550727580e+02
7.163613180893183596e+01 3.557940145120682587e+02
6.709382364183754532e+01 3.459937056224403022e+02
6.282723572339371998e+01 3.364059935744484733e+02
5.882066837800693548e+01 3.270209554349618770e+02
5.505923240567922505e+01 3.178294512879847389e+02
5.152881179374048060e+01 3.088230945371524285e+02
4.821599519586850136e+01 2.999944105880167058e+02
4.510805720390674622e+01 2.913367542334553377e+02
4.219296328597310719e+01 2.828440746951722531e+02
3.945933740654159294e+01 2.745108773512292260e+02
3.689642958369528003e+01 2.663321942952014183e+02
3.449408478365402431e+01 2.583035559980949643e+02
3.224271311651651217e+01 2.504209639385079811e+02
3.013326126071180511e+01 2.426809423478324845e+02
2.815718493624563123e+01 2.350810119604308852e+02
2.630642299682370933e+01 2.276192688156460520e+02
2.457337259233375804e+01 2.202940650131426139e+02
2.295086530202848607e+01 2.131039882636531502e+02
2.143214434783169864e+01 2.060478434176046107e+02
2.001084285153671871e+01 1.991246343042699607e+02
1.868096309918501063e+01 1.923335458864525833e+02
1.743685578598386599e+01 1.856742135075732278e+02
1.627319914697672232e+01 1.791473648435377299e+02
1.518498447677661112e+01 1.727538895547511970e+02
1.416749975360875169e+01 1.664945894132501110e+02
1.321631321971277018e+01 1.603701729671843168e+02
1.232725778453413312e+01 1.543812505923705487e+02
1.149641621577706552e+01 1.485283299454118833e+02
1.072010707479976865e+01 1.428118181973790968e+02
9.994870653029803265e+00 1.372325174465131283e+02
9.317456071095323367e+00 1.317918777578535412e+02
8.684810671791144188e+00 1.264911014096249033e+02
8.094068720804127537e+00 1.213310607662331648e+02
7.542540571267084104e+00 1.163123113583095574e+02
7.027702410567279401e+00 1.114351053749318226e+02
6.547186561500872415e+00 1.066994054937235745e+02
6.098772280851791905e+00 1.021049175360320618e+02
5.680376601548822180e+00 9.765141636360588961e+01
5.290046374096680992e+00 9.333865161666352606e+01
4.925951044005580037e+00 8.916604258999201704e+01
4.586375319006082307e+00 8.513269072203478061e+01
4.269712232094535764e+00 8.123740312685873732e+01
