2.055418484459839965e+04 2.048783630706067197e+04
2.070503860276512205e+04 2.063630843680095131e+04
2.084469437342253877e+04 2.077354036763513068e+04
2.097245998305410831e+04 2.089884274320962140e+04
2.108760033372183534e+04 2.101148466534379986e+04
2.118938363083510558e+04 2.111073912048913553e+04
2.127708833233836049e+04 2.119588981478398637e+04
2.134996845544591633e+04 2.126619672832811921e+04
2.140727664362096402e+04 2.132091908269701526e+04
2.144829181175096892e+04 2.135934284603105698e+04
2.147229343392502778e+04 2.138075548079865257e+04
2.147854260348175740e+04 2.138442737555773783e+04
2.146633692018806687e+04 2.136966597085630565e+04
2.143501368968412135e+04 2.133581904185386156e+04
2.138391125376458149e+04 2.128223709456658253e+04
2.131240763219452128e+04 2.120831117516773156e+04
2.121994725829634626e+04 2.111349905445611512e+04
2.110602143456493650e+04 2.099730684522347656e+04
2.097016778367952793e+04 2.085928870394590922e+04
2.081200933298788732e+04 2.069908424169642967e+04
2.063126028771225174e+04 2.051642468842198650e+04
2.042772260873965570e+04 2.031113148329628530e+04
2.020130052024003089e+04 2.008312846867076587e+04
1.995201039214559933e+04 1.983245089867926436e+04
1.968001613669171275e+04 1.955928318301910258e+04
1.938562817889384678e+04 1.926395727918956982e+04
1.906927406243283258e+04 1.894692049714925815e+04
1.873154223912548696e+04 1.860878024208602437e+04
1.837327030405414916e+04 1.825039457051381760e+04
1.799542191745387390e+04 1.787274528947221916e+04
1.759907219067311235e+04 1.747692255290523826e+04
1.718560576693226540e+04 1.706432566571177449e+04
1.675661538231410304e+04 1.663656003082858660e+04
1.631373096106965022e+04 1.619526378596462928e+04
1.585880162843245489e+04 1.574229021880357868e+04
1.539409073360671573e+04 1.527990323996285042e+04
1.492184307030242780e+04 1.481034366692332878e+04
1.444427113477088096e+04 1.433581539086588054e+04
1.396397314970928346e+04 1.385890219288608205e+04
1.348359859380096532e+04 1.338223487185132763e+04
1.300557667387926995e+04 1.290822113516397985e+04
1.253261341897853708e+04 1.243953410186057408e+04
1.206789734068171674e+04 1.197931505166859461e+04
1.161426631889584860e+04 1.153035668452844766e+04
1.117412652481302030e+04 1.109502288707408115e+04
1.074938222386431335e+04 1.067517362864053757e+04
1.034156492486347997e+04 1.027229966554929524e+04
9.951951460789505290e+03 9.887641884203176232e+03
9.582711714928205765e+03 9.523299367227698895e+03
9.236927153508253468e+03 9.182249830111926713e+03
8.917224912812562252e+03 8.867034133053486585e+03
8.624912455113779288e+03 8.578898117745904528e+03
8.358804705957789338e+03 8.316625120093689475e+03
8.117467981553141726e+03 8.078757807060760570e+03
7.899444280412794797e+03 7.863819268871416170e+03
7.702964197536952270e+03 7.670027104909724585e+03
7.526362260191736823e+03 7.495703621552947880e+03
7.367491381384316810e+03 7.338707285268786109e+03
7.223472110261614944e+03 7.196187617478682114e+03
7.091449037688355929e+03 7.065321815243300080e+03
6.967659308871659050e+03 6.942425356280370579e+03
6.848074879560816044e+03 6.823565379835160456e+03
6.728129918449229081e+03 6.704311097593393242e+03
6.602562293653616507e+03 6.579584594135872067e+03
6.466285278684898003e+03 6.444497235455688497e+03
6.314298679611312764e+03 6.294285404343188020e+03
6.142389363436252097e+03 6.124956441633094073e+03
5.947744911666741245e+03 5.933903853378114945e+03
5.729016988578942801e+03 5.719926267270628159e+03
5.487203893549362874e+03 5.484092154723794920e+03
5.224911809577819440e+03 5.228991140087578970e+03
4.946604799640930651e+03 4.958982252794057786e+03
4.657881283621970397e+03 4.679479491143955784e+03
4.365220482186002300e+03 4.396713934912743753e+03
4.076207636740879934e+03 4.117927191495135958e+03
3.798135242144726817e+03 3.850070256522517866e+03
3.538729342950840874e+03 3.600435534396986441e+03
3.304681027151392300e+03 3.375343689310795980e+03
3.101251926944430124e+03 3.179675450238154099e+03
2.931627784211430935e+03 3.016360240095308200e+03
2.796111652018820223e+03 2.885540300161554569e+03
2.692539154920033070e+03 2.785040043646527010e+03
2.616288397570582674e+03 2.710352588938652843e+03
2.560552258360700762e+03 2.654952612832609248e+03
2.517121246679785145e+03 2.611032404693058197e+03
2.476518261542332311e+03 2.569665698744345718e+03
2.429148794194621132e+03 2.521892826445077844e+03
2.366511812280254162e+03 2.459848200329372048e+03
2.282583678537851483e+03 2.378031844671367253e+03
2.175067684786565678e+03 2.274446549594186308e+03
2.045869185585093192e+03 2.150996103158979622e+03
1.901213743881056416e+03 2.013555480604228933e+03
1.751047166044590313e+03 1.871388100776068768e+03
1.607293185023733486e+03 1.735516816732246298e+03
1.480784015689706621e+03 1.615876705902024696e+03
1.378395519665506299e+03 1.518694923437051557e+03
1.302192990433539535e+03 1.445738272056319374e+03
1.250159082327278838e+03 1.395015014780053889e+03
1.216727465135121747e+03 1.361305433447088944e+03
1.192768785128126638e+03 1.336196179658376195e+03
1.166937674600022547e+03 1.309349604599724898e+03
1.129384523553437475e+03 1.271885525065523552e+03
1.075322634269165974e+03 1.219576445184173281e+03
1.005970878391412725e+03 1.153638964686263762e+03
9.278283115631274995e+02 1.080017947331656842e+03
8.507698100499987959e+02 1.007619217520776374e+03
7.844550327373152641e+02 9.450641445021684603e+02
7.344170309592450394e+02 8.972054180469834819e+02
7.007297073020628204e+02 8.639911116553246302e+02
6.781918284511634738e+02 8.407006111936508432e+02
6.580746032786039450e+02 8.195569746554102721e+02
6.323364206257699607e+02 7.934812918694501604e+02
5.973077270670441976e+02 7.593111424921434036e+02
5.548373451548386583e+02 7.187474712628719544e+02
5.114037629740918760e+02 6.775022342604219148e+02
4.741420657213092795e+02 6.417755165043614625e+02
4.463931985047357216e+02 6.144004284532971951e+02
4.265847110729644101e+02 5.939390042472342657e+02
4.094923539310933052e+02 5.758457468325409536e+02
3.896684969942957082e+02 5.554516688229052761e+02
3.653733400768987281e+02 5.313124210246350003e+02
3.391876614012729192e+02 5.056669775998931868e+02
3.154554983072675896e+02 4.822017935516530542e+02
2.967449990727844806e+02 4.630463099830230362e+02
2.819254237367093197e+02 4.472047129684705737e+02
2.676845541658906882e+02 4.318890743250701689e+02
2.517817770484435584e+02 4.152492608523646709e+02
2.348403438843297977e+02 3.978250601355113645e+02
2.192212285869664754e+02 3.815638250994409759e+02
2.062033711890294967e+02 3.674905588670330872e+02
1.948772056650352908e+02 3.548411411160171269e+02
1.835106338048597934e+02 3.422097751419958627e+02
1.717297362147388924e+02 3.293058945626962100e+02
1.605511327577121392e+02 3.169456021340071175e+02
1.507504747195572747e+02 3.057333273568801815e+02
1.418641960760729148e+02 2.952910265071669187e+02
1.331198689531030084e+02 2.850123997578270405e+02
1.245577414769466174e+02 2.749317485372847045e+02
1.166803083897074060e+02 2.654330444652545680e+02
1.095151872633724111e+02 2.565295605025689838e+02
1.026822755545228745e+02 2.479295206473443898e+02
9.610684985113965695e+01 2.395766122246478176e+02
8.999307314754788933e+01 2.316198585493377777e+02
8.433121294794116807e+01 2.240476533597848743e+02
7.899807416901202828e+01 2.167693936974179678e+02
7.395858334296710268e+01 2.097552440845591377e+02
6.920894162637897296e+01 2.029988195369989796e+02
6.474340901273899362e+01 1.964937272250102467e+02
6.055455558166076457e+01 1.902335141939407208e+02
5.663164253196880793e+01 1.842098951274265914e+02
5.295812598227369961e+01 1.784097862288554097e+02
4.951758961708389251e+01 1.728200826819216616e+02
4.629479286507007885e+01 1.674285776215474755e+02
4.327557822581405844e+01 1.622238990817699573e+02
4.044678648308610036e+01 1.571954521495614756e+02
3.779617909007261289e+01 1.523333658453383350e+02
3.531240104510883526e+01 1.476284898921602178e+02
3.298532670389859334e+01 1.430729307424341528e+02
3.080574419535614794e+01 1.386597580803241101e+02
2.876492734443921506e+01 1.343824694829874886e+02
2.685460744365478547e+01 1.302349531522422410e+02
2.506695458015265743e+01 1.262114644197938276e+02
2.339455924100273876e+01 1.223066038152005461e+02
2.183041420668697086e+01 1.185152965852496294e+02
2.036786315589445451e+01 1.148327848922447600e+02
1.900053580357340266e+01 1.112546287201258650e+02
1.772242917797333561e+01 1.077766590184351685e+02
1.652790500457615153e+01 1.043949561338270513e+02
1.541166848637057285e+01 1.011058353714187064e+02
1.436874825643278797e+01 9.790583341053965682e+01
1.339447744209659952e+01 9.479169550960666868e+01
1.248447667687279683e+01 9.176037359500108437e+01
1.163464796490640296e+01 8.880914361498116705e+01
1.084115191317512483e+01 8.593553764889030333e+01
1.010038293486254624e+01 8.313722299359382362e+01
9.408955698616900065e+00 8.041199190149704634e+01
8.763692510053413542e+00 7.775775435991036488e+01
8.161611351281070625e+00 7.517253122028475332e+01
7.599914547575271406e+00 7.265444768655551400e+01
7.075976676241918284e+00 7.020175571143252569e+01
6.587332514319840904e+00 6.781287480922625832e+01
6.131671396608183500e+00 6.548631006008021416e+01
5.706828666499475844e+00 6.322063213394747550e+01
5.310776856059548301e+00 6.101447315572731611e+01
4.941617368261226773e+00 5.886652275641522181e+01
4.597572635046918599e+00 5.677552430237113157e+01
4.276978738563935956e+00 5.474027488883236003e+01
3.978278595600829526e+00 5.275966705787293165e+01
3.700015300841701382e+00 5.083266441232660071e+01
3.440825813549003964e+00 4.895825929363795836e+01
3.199435150426982677e+00 4.713546973607366652e+01
2.974650921982151086e+00 4.536333747007161321e+01
2.765358190489184409e+00 4.364092603290019667e+01
2.570514631749519552e+00 4.196731900908375223e+01
2.389145810124889024e+00 4.034164101789003354e+01
2.220340659393964078e+00 3.876309222773319618e+01
2.063247968993814574e+00 3.723088555797266963e+01
1.917072670533194856e+00 3.574423394261513920e+01
1.781072254776432162e+00 3.430235010987094313e+01
1.654553408086976152e+00 3.290444641389859015e+01
