2.458136510974448174e+04 2.449271621946545201e+04
2.473782576941472144e+04 2.464617579461358400e+04
2.488037479018703743e+04 2.478568489226255770e+04
2.500825456539175138e+04 2.491049145855380266e+04
2.512070559055376361e+04 2.501984251110768309e+04
2.521698571213228570e+04 2.511300289850747868e+04
2.529633833341564969e+04 2.518922382894844850e+04
2.535798846634311849e+04 2.524773900674571996e+04
2.540118881850554681e+04 2.528781033467788075e+04
2.542521269866291914e+04 2.530872108582983856e+04
2.542931319314687789e+04 2.530973604795497522e+04
2.541277312462654299e+04 2.529015050825085564e+04
2.537492367545300658e+04 2.524930857106710027e+04
2.531510489755996969e+04 2.518656496586342473e+04
2.523267787614756890e+04 2.510129697620112711e+04
2.512707178483215102e+04 2.499295018979085580e+04
2.499777583368015257e+04 2.486103122738916136e+04
2.484431631711593218e+04 2.470508640678985466e+04
2.466630073431868732e+04 2.452474348355740221e+04
2.446343043628306259e+04 2.431972393563625883e+04
2.423548993160620012e+04 2.408983507714325242e+04
2.398235937628059401e+04 2.383498103445746165e+04
2.370403112587698706e+04 2.355517696569731561e+04
2.340063109280308345e+04 2.325057235322044289e+04
2.307243865233450924e+04 2.292147280067445536e+04
2.271985665696657816e+04 2.256830556011929730e+04
2.234342380451043209e+04 2.219163176642808685e+04
2.194391452335649592e+04 2.179225066680318196e+04
2.152226518083420888e+04 2.137112214195220076e+04
2.107951750555518083e+04 2.092930730311470688e+04
2.061696010300121270e+04 2.046811295533831071e+04
2.013617510425586443e+04 1.998913913175932248e+04
1.963881109794483928e+04 1.949404705636025028e+04
1.912663640131194188e+04 1.898461268883951561e+04
1.860185165360084284e+04 1.846304225289352689e+04
1.806674919637026323e+04 1.793162867055465540e+04
1.752357199874802609e+04 1.739260934948411523e+04
1.697491122897394962e+04 1.684856280246663664e+04
1.642365709480663281e+04 1.630236014810000961e+04
1.587250665242934701e+04 1.575667515186837409e+04
1.532412570406577288e+04 1.521414403872811818e+04
1.478159754161167621e+04 1.467780840046031881e+04
1.424780351048896591e+04 1.415050628752344164e+04
1.372530891758528378e+04 1.363475990515670310e+04
1.321697900980948179e+04 1.313337056154559650e+04
1.272574101109626463e+04 1.264919157972022185e+04
1.225406434195328256e+04 1.218462928039945655e+04
1.180392865644211270e+04 1.174160243121280473e+04
1.137679143685576128e+04 1.132149755399556852e+04
1.097378343449340355e+04 1.092538536156464397e+04
1.059585006518037153e+04 1.055415884840655599e+04
1.024438573590078340e+04 1.020911798389158321e+04
9.920891910607566388e+03 9.891659347526525380e+03
9.626569684422676801e+03 9.602900612928955525e+03
9.360323683108088517e+03 9.341718937675947018e+03
9.118592866607870747e+03 9.104577248808724107e+03
8.898032083422223877e+03 8.888151219383898933e+03
8.695681630179060448e+03 8.689503962438000599e+03
8.508926135601606802e+03 8.506047205978153215e+03
8.335284476439130231e+03 8.335326414290142566e+03
8.171224620825796592e+03 8.173887234070874911e+03
8.012621007825089691e+03 8.017710374369129568e+03
7.855184033603080934e+03 7.862631228715331417e+03
7.693507190297089437e+03 7.703449997110731601e+03
7.522310996733482170e+03 7.535095377965172702e+03
7.336353774285526015e+03 7.352582077563964958e+03
7.130791948893082917e+03 7.151324445519316214e+03
6.902370458936012255e+03 6.928289011912054775e+03
6.649564336343016294e+03 6.682124354075863266e+03
6.373017390174449247e+03 6.413546804929163045e+03
6.075871433770313160e+03 6.125667394788354613e+03
5.762531327521193816e+03 5.822775676331741124e+03
5.438567426648161018e+03 5.510257585191444377e+03
5.110625116284327305e+03 5.194479406111508069e+03
4.785966256167987922e+03 4.882372209063261835e+03
4.472178307589027099e+03 4.581134821743466091e+03
4.176574356808953780e+03 4.297678500583753703e+03
3.906641455858756672e+03 4.038992947707171879e+03
3.668110810841360490e+03 3.810449262823742629e+03
3.464790076609463995e+03 3.615482734099225127e+03
3.298072439976348051e+03 3.455293406747830431e+03
3.165737526101299864e+03 3.327624460124607594e+03
3.063344628043749708e+03 3.228159965960252066e+03
2.983891870547991402e+03 3.150198461505684918e+03
2.918892318263172001e+03 3.085704791895569088e+03
2.858956509926898889e+03 3.025852892066391632e+03
2.794377097047133702e+03 2.961602125091310882e+03
2.716638556937316935e+03 2.885088054456375630e+03
2.619465666294972834e+03 2.790578560547458437e+03
2.500270845438867582e+03 2.675806381475788385e+03
2.360269350981302978e+03 2.542027930307748647e+03
2.204452256899306576e+03 2.393964825434743943e+03
2.041337364200585171e+03 2.239556659326093268e+03
1.882215922898753661e+03 2.089218202241234394e+03
1.738381765688839096e+03 1.953272936416198263e+03
1.617894854510348296e+03 1.839014961242276513e+03
1.523676620612334546e+03 1.748978229396298730e+03
1.453972017419384201e+03 1.681409682377091940e+03
1.403961094138249109e+03 1.631789935037776104e+03
1.366022227532507486e+03 1.593106733830990379e+03
1.329827398408565386e+03 1.555974490441810758e+03
1.285245072852825615e+03 1.511276329193146239e+03
1.226457398299826764e+03 1.453858349502648480e+03
1.153780376356029592e+03 1.384113615275345865e+03
1.072110483253386292e+03 1.306528445403452906e+03
9.894894522104881389e+02 1.228343662844982646e+03
9.148710445653017587e+02 1.157522684163789563e+03
8.543667764239628468e+02 1.099414464403522061e+03
8.092226460299416431e+02 1.055008931937452871e+03
7.761042972569548510e+02 1.021258026434297790e+03
7.479716637585755734e+02 9.919086911332694854e+02
7.171933249469877865e+02 9.602709562119853217e+02
6.797054560446134701e+02 9.228431335866139307e+02
6.359835687177576347e+02 8.801096393094546784e+02
5.902089488584521177e+02 8.357517515806016490e+02
5.483763787047184906e+02 7.949526956846992789e+02
5.142781471952565653e+02 7.609230548000306271e+02
4.875988978702612826e+02 7.333206759709372591e+02
4.649469101482225710e+02 7.091998242251613647e+02
4.418528897040022798e+02 6.847549726508769936e+02
4.159657639294304659e+02 6.580259293897983071e+02
3.884556559659147297e+02 6.300348582402793909e+02
3.622469324890453777e+02 6.032435716997609916e+02
3.396994695736064500e+02 5.795946271023551617e+02
3.208032252896028353e+02 5.590398354729114772e+02
3.034980386422105312e+02 5.398561468054487023e+02
2.858450811075674665e+02 5.204568995842166714e+02
2.676888526635210610e+02 5.007316701883983114e+02
2.503032096743629040e+02 4.817186175490278970e+02
2.348224214692667715e+02 4.643169153123794217e+02
2.210574283630679702e+02 4.483550476947736456e+02
2.079723746074192547e+02 4.330016795449200799e+02
1.950145359263544833e+02 4.178246016441077018e+02
1.825542484467466409e+02 4.031161936759864375e+02
1.711261785499659993e+02 3.892844563740262060e+02
1.606704664733271954e+02 3.762725914632696345e+02
1.507407413232527347e+02 3.637350023107641732e+02
1.411881828193276078e+02 3.515588874425781114e+02
1.322150482841375378e+02 3.398931314594566970e+02
1.239108592566367406e+02 3.287980166311978678e+02
1.161139397746017892e+02 3.181500247167463158e+02
1.087134271107095742e+02 3.078663325390884893e+02
1.017591152568486024e+02 2.979799197393292616e+02
9.527223054228315391e+01 2.885014278610078691e+02
8.917187001498969323e+01 2.793710852465218295e+02
8.343472956788208705e+01 2.705693074202906701e+02
7.805319496976210303e+01 2.620883885121486401e+02
7.300622892238874329e+01 2.539112484941709340e+02
6.827376490115537422e+01 2.460217154012320009e+02
6.383690025409779167e+01 2.384046466255573193e+02
5.967783062874640621e+01 2.310458607251241290e+02
5.577978801298395695e+01 2.239320744074712763e+02
5.212698239860233684e+01 2.170508446396526665e+02
4.870460643047578486e+01 2.103906328642830488e+02
4.549884302405158820e+01 2.039408996890698518e+02
4.249666549698061857e+01 1.976917876934118112e+02
3.968577508579750202e+01 1.916340372887449632e+02
3.705456464026369190e+01 1.857589504182766404e+02
3.459208379031141334e+01 1.800583567207934834e+02
3.228800555233932101e+01 1.745245819615389564e+02
3.013259227837114906e+01 1.691504349890012122e+02
2.811664754728026949e+01 1.639293281794468840e+02
2.623150111139174712e+01 1.588551607546653202e+02
2.446899397497369577e+01 1.539221894181321773e+02
2.282145050362537475e+01 1.491250065527670188e+02
2.128165173650146613e+01 1.444585210286105053e+02
1.984281002702815400e+01 1.399179401276238934e+02
1.849854495466215809e+01 1.354987529971107847e+02
1.724286016030317015e+01 1.311967925282388023e+02
1.607012143967489948e+01 1.270082913799485880e+02
1.497503682330863484e+01 1.229297074970172332e+02
1.395263710784281841e+01 1.189576904032608127e+02
1.299825732000029710e+01 1.150890702937666106e+02
1.210751915810370782e+01 1.113208476669187661e+02
1.127631436603762971e+01 1.076501834617304496e+02
1.050078884431426829e+01 1.040744002916147934e+02
9.777326707544041540e+00 1.005910519476075535e+02
9.102537180728367261e+00 9.719785774926930344e+01
8.473241985367168994e+00 9.389264398818406221e+01
7.886462676838283059e+00 9.067333697315416430e+01
7.339408681304849580e+00 8.753795680025814363e+01
6.829466002910907108e+00 8.448461140190576657e+01
6.354186562792019544e+00 8.151149124244932409e+01
5.911277750627848881e+00 7.861689978964355419e+01
5.498592772836079945e+00 7.579927101434864767e+01
5.114122501778675556e+00 7.305709789517953823e+01
4.755987089150495173e+00 7.038892106432359697e+01
4.422427982531262458e+00 6.779332529203188074e+01
4.111800409254679600e+00 6.526893614376436403e+01
3.822566302169087660e+00 6.281441680539377614e+01
3.553287606139161614e+00 6.042847806518147280e+01
3.302619806349065712e+00 5.810995403422227668e+01
3.069306259118373514e+00 5.585773229928481243e+01
2.852172779446543238e+00 5.367070560232065901e+01
2.650122419624053371e+00 5.154777083031625295e+01
2.462130563289623986e+00 4.948782832117215236e+01
2.287240317572667880e+00 4.748978125585497878e+01
2.124558184863552857e+00 4.555253623845845823e+01
1.973249918647240975e+00 4.367507121307463080e+01
1.832536693826622987e+00 4.185646085995225718e+01
