3.150537847330845034e+04 3.131947957534669331e+04
3.174348820717485796e+04 3.155099842512283431e+04
3.196512191639701632e+04 3.176593488882521342e+04
3.216932006726707914e+04 3.196333901494823294e+04
3.235510895299064214e+04 3.214224912085499818e+04
3.252153081355961331e+04 3.230172050807397318e+04
3.266761959751948598e+04 3.244080148588223165e+04
3.279237268183504057e+04 3.255850544054177590e+04
3.289480947896519501e+04 3.265386894086478787e+04
3.297397741345535178e+04 3.272595783356555330e+04
3.302890551696932380e+04 3.277382234468567913e+04
3.305864117953758250e+04 3.279653293335331546e+04
3.306228443060065183e+04 3.279321371066312713e+04
3.303895965705124399e+04 3.276301543524352383e+04
3.298780241936408129e+04 3.270510304591039676e+04
3.290801792444594321e+04 3.261871204588085311e+04
3.279888581381639960e+04 3.250315355552752226e+04
3.265973278508202566e+04 3.235778960192593513e+04
3.248996784052026487e+04 3.218206590597709146e+04
3.228910447684029350e+04 3.197553270311345113e+04
3.205676522117050263e+04 3.173785197095399053e+04
3.179268772853168775e+04 3.146880366287766446e+04
3.149673348845478540e+04 3.116829060241008119e+04
3.116890947912167030e+04 3.083636097492718545e+04
3.080942149449292992e+04 3.047326549142677322e+04
3.041862538295207924e+04 3.007940364585830321e+04
2.999701900785778707e+04 2.965531398520242874e+04
2.954537287937747533e+04 2.920180883518619885e+04
2.906470385677202648e+04 2.871994653018250028e+04
2.855614833307277877e+04 2.821089977920388264e+04
2.802106645486167326e+04 2.767606126514378411e+04
2.746124502329566894e+04 2.711724957050341618e+04
2.687859201874824430e+04 2.653639818364994790e+04
2.627509877920403960e+04 2.593551659956205913e+04
2.565323837236408508e+04 2.531709078859066358e+04
2.501575325223713298e+04 2.468386944733765631e+04
2.436532429246190441e+04 2.403853139300463226e+04
2.370486951737080381e+04 2.338398272243687825e+04
2.303785690824349513e+04 2.272366793450020486e+04
2.236762073136636900e+04 2.206089081177628759e+04
2.169734190981888605e+04 2.139879474611320984e+04
2.103065672694545356e+04 2.074096148669143076e+04
2.037119853788176988e+04 2.009096203762472214e+04
1.972222288981526071e+04 1.945198960049479138e+04
1.908706264047381410e+04 1.882729732766808957e+04
1.846934750066152992e+04 1.822041076824216361e+04
1.787228318651395239e+04 1.763443929916255001e+04
1.729855727736646804e+04 1.707198251514303774e+04
1.675010720046671850e+04 1.653488421008590740e+04
1.622842589819561181e+04 1.602455114546394725e+04
1.573475142628605499e+04 1.554214776965079909e+04
1.527051435412067076e+04 1.508900130952640211e+04
1.483740912641163050e+04 1.466666968199023358e+04
1.443691108050360526e+04 1.427651103496373617e+04
1.406878489441703459e+04 1.391823562258091260e+04
1.372869419508176179e+04 1.358757766392743724e+04
1.341201638223324881e+04 1.327999510252171422e+04
1.311464944520532117e+04 1.299146064364703670e+04
1.283314882585182386e+04 1.271860899427919685e+04
1.256438206700082446e+04 1.245838046436990771e+04
1.230445364507148224e+04 1.220699832349395911e+04
1.204827885219999916e+04 1.195956265452574735e+04
1.179086328583737668e+04 1.171126041393583546e+04
1.152611115265476838e+04 1.145626948236709177e+04
1.124779666238064783e+04 1.118864832099560954e+04
1.095014466575648294e+04 1.090291558804956912e+04
1.062787681725905168e+04 1.059409876768614231e+04
1.027751194830970417e+04 1.025893246077752883e+04
9.898592822572336445e+03 9.897082403665122911e+03
9.492526979760612448e+03 9.509960163226265649e+03
9.063859758573797080e+03 9.101988201982245300e+03
8.618576318711911881e+03 8.678918389833363108e+03
8.164912451311545738e+03 8.248630486297988682e+03
7.711412247741264764e+03 7.819254120036226595e+03
7.266971185839426653e+03 7.399211531142127569e+03
6.840415425162523206e+03 6.996813123061258921e+03
6.440395071930945051e+03 6.620176995149836330e+03
6.075130696890602849e+03 6.276884212841702720e+03
5.751346329590753157e+03 5.973154994674829140e+03
5.472488241178764838e+03 5.712028662683645052e+03
5.239557187971467101e+03 5.494255530500602617e+03
5.048294363159348904e+03 5.315681238265199681e+03
4.891933060285687134e+03 5.169810189719506525e+03
4.760090628548341556e+03 5.046854117594029049e+03
4.641359313313794701e+03 4.936098307836851745e+03
4.523531220392334035e+03 4.826141750346358094e+03
4.395272278322911916e+03 4.706444715513312076e+03
4.247350652557342983e+03 4.568444520823945822e+03
4.074386922651979603e+03 4.407207023814878085e+03
3.875930967370672079e+03 4.222412177317136411e+03
3.656143405597915262e+03 4.018028953840985196e+03
3.423226809815272190e+03 3.801780163830183028e+03
3.188702033273827965e+03 3.584402601952534042e+03
2.966105989240662893e+03 3.378368815244657526e+03
2.768205419161022746e+03 3.195325793318999786e+03
2.603348251888866798e+03 3.042744355457924030e+03
2.472614717834549992e+03 2.921391096877964628e+03
2.370880254168230749e+03 2.826419708667561281e+03
2.289644451502882930e+03 2.749982265520427973e+03
2.218161697877649203e+03 2.682266593326129623e+03
2.143954969854128649e+03 2.611955485953985772e+03
2.056118849414194756e+03 2.529219053369741232e+03
1.950621378653139573e+03 2.430507179824110153e+03
1.831330409308705157e+03 2.319443389752284020e+03
1.706838695038595461e+03 2.203877029289831626e+03
1.587485081864462927e+03 2.093114833622754304e+03
1.482841965494631495e+03 1.995621790838926472e+03
1.397920874428268235e+03 1.915686430978077624e+03
1.331208759568595951e+03 1.851801185100940074e+03
1.276216954036048037e+03 1.798138430916854759e+03
1.223661919181249687e+03 1.746511665491215808e+03
1.165415118537955777e+03 1.689843072015850339e+03
1.099292301736724312e+03 1.626320648126586320e+03
1.028733215988370375e+03 1.559036876366577189e+03
9.598845508059841904e+02 1.493355599567637455e+03
8.990762298528369456e+02 1.434668037145242124e+03
8.487480983984518161e+02 1.384943053012621249e+03
8.062264076014338343e+02 1.341807264029029739e+03
7.665146123585382156e+02 1.301002856735753312e+03
7.251699752477485390e+02 1.258828185286550706e+03
6.812998239959271132e+02 1.214604672389895995e+03
6.377812616056852448e+02 1.170761057081302170e+03
5.979743873222990942e+02 1.130043323922494210e+03
5.632953810997644268e+02 1.093541905176587761e+03
5.324040503293783786e+02 1.060115398368025353e+03
5.026309029839932236e+02 1.027611825312641940e+03
4.726058836249916908e+02 9.949685011833067847e+02
4.431480380589767947e+02 9.628535770445676008e+02
4.157936472279645272e+02 9.324537229186506693e+02
3.911194597138302242e+02 9.041776762818436737e+02
3.682652516654047758e+02 8.773438130568808901e+02
3.461858930312836833e+02 8.511647360765235817e+02
3.247836426047868486e+02 8.255764031407474022e+02
3.046685657279722932e+02 8.010210326541721315e+02
2.861118794605949347e+02 7.776758494016580698e+02
2.687476794657713413e+02 7.552654637324134228e+02
2.521747109842228269e+02 7.335052722219382986e+02
2.364445551189684522e+02 7.124284862102502984e+02
2.217434464532358049e+02 6.921517681060083760e+02
2.079949184945432421e+02 6.726131247975665701e+02
1.950050371981625972e+02 6.536795662467468446e+02
1.827396460832406433e+02 6.353242469570147932e+02
1.712387293283001384e+02 6.175647370086734327e+02
1.604442132239485375e+02 6.003579736263551467e+02
1.502976952209779711e+02 5.836625731612917889e+02
1.407593613075169685e+02 5.674494516427564577e+02
1.317960834484540555e+02 5.516937137847843360e+02
1.233763598553307901e+02 5.363721424206237316e+02
1.154701185425851975e+02 5.214630249530138144e+02
1.080486792527892987e+02 5.069460656019204521e+02
1.010847137902197233e+02 4.928023038271307428e+02
9.455220507749616843e+01 4.790140383949072884e+02
8.842625842108577672e+01 4.655648325580465325e+02
8.268277137734291671e+01 4.524396175112910896e+02
7.729888549739116854e+01 4.396244011969056942e+02
7.225303827306383653e+01 4.271061533422608250e+02
6.752489437832265651e+01 4.148727533174538280e+02
6.309528025075322688e+01 4.029129410168330310e+02
5.894612187052478447e+01 3.912162704897917820e+02
5.506038883886516544e+01 3.797730969418259406e+02
5.142208951229063985e+01 3.685750498682160696e+02
4.801619291927318045e+01 3.576148460119519541e+02
4.482852447822232023e+01 3.468857476445795101e+02
4.184572008037251578e+01 3.363815156904339005e+02
3.905518397839779965e+01 3.260963813117055565e+02
3.644504853882867224e+01 3.160250185759560395e+02
3.400413579985463031e+01 3.061625181361774821e+02
3.172191439141005986e+01 2.965045050944132186e+02
2.958845217942574379e+01 2.870474292204756352e+02
2.759440449698641729e+01 2.777881031451340732e+02
2.573098639817099098e+01 2.687235716654512885e+02
2.398994119700773808e+01 2.598510940721724864e+02
2.236351062205454454e+01 2.511681269962824388e+02
2.084440651474507433e+01 2.426723077592129130e+02
1.942578408209487861e+01 2.343614647062077836e+02
1.810121773789225941e+01 2.262340386834252968e+02
1.686467640356428177e+01 2.182889293744304382e+02
1.571049939585515709e+01 2.105250469055834230e+02
1.463337491210882746e+01 2.029412900256356238e+02
1.362831970949615901e+01 1.955365394271480284e+02
1.269065987779086413e+01 1.883096514422992698e+02
1.181601265349155661e+01 1.812594521467172797e+02
1.100026849575786692e+01 1.743849479905308328e+02
1.023957343927829555e+01 1.676857835399589192e+02
9.530316214241747019e+00 1.611615622032791180e+02
8.869114197594903715e+00 1.548116817696251815e+02
8.252799578494357746e+00 1.486353413962311834e+02
7.678406311994379507e+00 1.426315488366079762e+02
7.143157819700140188e+00 1.367991278844987164e+02
6.644455376276441783e+00 1.311367488873156049e+02
6.179866847307900812e+00 1.256433091586084458e+02
5.747116573275259377e+00 1.203178079256144173e+02
5.344076037026121995e+00 1.151589796528532759e+02
4.968754725567715802e+00 1.101652995912282762e+02
4.619291520389621652e+00 1.053350018835213149e+02
4.293946598912490309e+00 1.006660974237611725e+02
3.991093818665048865e+00 9.615639142144806328e+01
3.709213446020165339e+00 9.180355582585227125e+01
3.446885215623554544e+00 8.760526098567899567e+01
3.202782384556160267e+00 8.355901614143978406e+01
