1.640979088280615906e+04 1.627130581176276246e+04
1.665278464083126164e+04 1.650839926157941591e+04
1.689239095445532075e+04 1.674193828842320363e+04
1.712814049512921338e+04 1.697145483140108990e+04
1.735953890601303647e+04 1.719645787874355301e+04
1.758606388332220013e+04 1.741643101832427055e+04
1.780718167666962108e+04 1.763084733911681906e+04
1.802234390583570712e+04 1.783916629599666339e+04
1.823097079926486913e+04 1.804081741392744152e+04
1.843246891761955703e+04 1.823521766457990088e+04
1.862623796006495832e+04 1.842177819866573191e+04
1.881165474137965430e+04 1.859988933132461898e+04
1.898807618580176495e+04 1.876892351154777498e+04
1.915485767987167128e+04 1.892825278792500467e+04
1.931134809616419443e+04 1.907724426440963362e+04
1.945687553739077703e+04 1.921524684444602826e+04
1.959076961906041470e+04 1.934161233627313777e+04
1.971236787447227834e+04 1.945570164309209576e+04
1.982100370346080308e+04 1.955687397128058365e+04
1.991601480599796923e+04 1.964449476959463209e+04
1.999675773164571365e+04 1.971794924224352144e+04
2.006260885705827241e+04 1.977664389093147474e+04
2.011296453584946721e+04 1.982000739846290526e+04
2.014725087196857567e+04 1.984749890060535472e+04
2.016493067179974969e+04 1.985861469390606726e+04
2.016552245753858006e+04 1.985290813719069411e+04
2.014859590998430940e+04 1.982998423673967045e+04
2.011376757495126003e+04 1.978949449946285677e+04
2.006073507266810702e+04 1.973117127747032646e+04
1.998929943195363740e+04 1.965485003294387207e+04
1.989932120407275943e+04 1.956042455429179245e+04
1.979073750326224035e+04 1.944786365641027805e+04
1.966365870810333581e+04 1.931730748935263182e+04
1.951829351043079805e+04 1.916899227572809104e+04
1.935490979718393282e+04 1.900321096240252518e+04
1.917395865919200878e+04 1.882043651597685675e+04
1.897609395475102792e+04 1.862134104118879623e+04
1.876201775537642607e+04 1.840664157673677255e+04
1.853253063633342754e+04 1.817715022996892367e+04
1.828872644296570434e+04 1.793396844818236423e+04
1.803177630987293378e+04 1.767827117744354837e+04
1.776286439391914973e+04 1.741124280810431810e+04
1.748345863990147336e+04 1.713434870269830935e+04
1.719525402924897207e+04 1.684927826403670042e+04
1.689989524601139783e+04 1.655766713361169604e+04
1.659901539712903468e+04 1.626113886176838605e+04
1.629433647587879750e+04 1.596141071761539934e+04
1.598751786454691319e+04 1.566013566477087625e+04
1.568014538750979409e+04 1.535889112342540284e+04
1.537400969570544839e+04 1.505946640081621081e+04
1.507097894848728720e+04 1.476373217894544723e+04
1.477278459506267609e+04 1.447342059072240772e+04
1.448106657927639390e+04 1.419018083432320782e+04
1.419742868694732715e+04 1.391564607450076437e+04
1.392335445658351819e+04 1.365133065160386650e+04
1.365996886115530287e+04 1.339839549518388594e+04
1.340707360849777069e+04 1.315670613863583822e+04
1.316407463687843847e+04 1.292573813679019258e+04
1.293027571091186473e+04 1.270486271782035692e+04
1.270428748754220760e+04 1.249276276086194230e+04
1.248456102801983616e+04 1.228795734464254019e+04
1.226943363950783169e+04 1.208884050121596374e+04
1.205677104718991177e+04 1.189331636421638177e+04
1.184446015827495648e+04 1.169929383245074132e+04
1.163011449071024617e+04 1.150437058023645477e+04
1.141117273036946062e+04 1.130593137000486422e+04
1.118504738824575543e+04 1.110129219834853211e+04
1.094885139637178872e+04 1.088739698269104338e+04
1.069993070822759364e+04 1.066138034126817911e+04
1.043596333989099367e+04 1.042064047630982532e+04
1.015516194530904249e+04 1.016307965997387873e+04
9.857094232374309286e+03 9.887957649071206106e+03
9.542301507223943190e+03 9.595528253093585590e+03
9.213229351804464386e+03 9.288049908420645806e+03
8.873338083025420929e+03 8.968878833878938167e+03
8.527541275786958067e+03 8.642974092885076971e+03
8.181161242327124455e+03 8.315797963474473363e+03
7.839895007389190141e+03 7.993297511933764326e+03
7.509283433224314649e+03 7.681337716114957402e+03
7.194471264186512599e+03 7.385446078715148360e+03
6.899940916114010179e+03 7.110520851974100879e+03
6.629470777978931437e+03 6.860790019763468081e+03
6.385210410934121683e+03 6.638809100171662067e+03
6.167833786349910042e+03 6.445607229536514751e+03
5.975130602190225545e+03 6.279116634681497999e+03
5.802939834290061299e+03 6.135106287132058242e+03
5.644598419224036661e+03 6.006476430809264457e+03
5.492471713143737361e+03 5.884829755470933378e+03
5.338678306058112867e+03 5.761218140098494587e+03
5.176288734472325814e+03 5.627465218812826606e+03
5.000289168819013867e+03 5.477347442243415571e+03
4.808241183942584939e+03 5.307474689162522736e+03
4.600995425028862883e+03 5.118293142792577783e+03
4.382681109320344149e+03 4.914222854881898456e+03
4.159925160840905846e+03 4.702816419344834685e+03
3.940781310463014051e+03 4.493508506234012202e+03
3.733525669462198948e+03 4.296151790255417836e+03
3.545483714483612403e+03 4.119588085829091142e+03
3.381458172602288414e+03 3.969775307981472452e+03
3.241989907987220249e+03 3.847697140814688282e+03
3.122676190274075452e+03 3.748439310848837067e+03
3.015525778728530440e+03 3.662618247087680629e+03
2.911619438840228213e+03 3.579420691656051986e+03
2.803183594381570401e+03 3.489095021580365028e+03
2.684774203829174894e+03 3.384534415930714204e+03
2.554954726979066891e+03 3.263602798744203483e+03
2.417786387236684732e+03 3.131233264615584631e+03
2.281386367164581770e+03 2.997672385093821958e+03
2.154020451144606341e+03 2.873449384144182204e+03
2.041250747036362100e+03 2.765695083287831039e+03
1.944813960472507006e+03 2.676734118571666841e+03
1.861822630890008895e+03 2.603066366881691920e+03
1.785603764175851438e+03 2.536320111286071096e+03
1.708919968814185950e+03 2.467246757808189159e+03
1.627113934356346135e+03 2.389796450969679881e+03
1.540116840093007340e+03 2.303868048659779106e+03
1.452593801688817393e+03 2.215562173886299661e+03
1.370585143920478004e+03 2.132749081010581449e+03
1.297732598705579903e+03 2.060139866702907057e+03
1.234148156121638976e+03 1.997888866812966398e+03
1.176239697143880676e+03 1.941425688940732925e+03
1.119132604178171732e+03 1.884562003667459749e+03
1.060327248659925317e+03 1.824181308077505946e+03
1.000796726759310445e+03 1.761640332065457869e+03
9.438495972222023056e+02 1.701228406769781714e+03
8.922177077145458952e+02 1.646399800891032328e+03
8.457266375766733972e+02 1.596911184117124549e+03
8.020745907321887671e+02 1.549912327202103825e+03
7.590179020178140945e+02 1.502705496529754782e+03
7.162691779757542463e+02 1.455045003415486690e+03
6.753812712342665918e+02 1.408886303355512609e+03
6.376781979306870198e+02 1.365820094986713002e+03
6.028566199114333131e+02 1.325471975679489105e+03
5.696445118470754778e+02 1.286382554424923683e+03
5.373336694997746008e+02 1.247803046730602546e+03
5.063774919448606511e+02 1.210301351669456380e+03
4.774419776011002909e+02 1.174627350055362740e+03
4.503932101471028773e+02 1.140629590232027113e+03
4.246379984942344095e+02 1.107693862672851537e+03
3.999672502543126029e+02 1.075636734579030190e+03
3.766379740855417140e+02 1.044737050591458456e+03
3.547432916254717838e+02 1.015084967560673476e+03
3.340357687177339017e+02 9.864453223175507901e+02
3.143509899408191473e+02 9.586765835704680967e+02
2.957472014291504365e+02 9.318360026611597959e+02
2.782311478082266376e+02 9.059246462295155879e+02
2.616758081081129603e+02 8.808328662194300023e+02
2.460149042624452704e+02 8.565050265711037127e+02
2.312364057637225017e+02 8.329257391148006491e+02
2.173004500733758562e+02 8.100570880895741084e+02
2.041601787835567166e+02 7.878558457721471768e+02
1.917713864522189908e+02 7.662817833751944363e+02
1.800923649766250492e+02 7.452974884846360055e+02
1.690838459768326061e+02 7.248680136867756119e+02
1.587099350008382146e+02 7.049585231057639021e+02
1.489373106156002677e+02 6.855351152972460795e+02
1.397341539347403625e+02 6.665665121526981238e+02
1.310700820997103619e+02 6.480239505939791798e+02
1.229161032876338453e+02 6.298810451702684077e+02
1.152445714792851135e+02 6.121136613670181532e+02
1.080291411646521311e+02 5.946997983616421379e+02
1.012446804863130012e+02 5.776192747228059261e+02
9.486708573342893658e+01 5.608528715633367483e+02
8.887342099013324059e+01 5.443830415709912813e+02
8.324193498996163498e+01 5.281941421606502445e+02
7.795200775544772398e+01 5.122723431113147399e+02
7.298409906799979296e+01 4.966055384440827538e+02
6.831969876344675185e+01 4.811832618076342101e+02
6.394127889026480460e+01 4.659966189086354689e+02
5.983225567739734174e+01 4.510400902397552159e+02
5.597695023182514973e+01 4.363129970601231093e+02
5.236052853282421893e+01 4.218156789638277928e+02
4.896895914314404052e+01 4.075489601627340903e+02
4.578897468121412828e+01 3.935141030856652833e+02
4.280803477839838678e+01 3.797127619948955157e+02
4.001429049158971907e+01 3.661469366630250306e+02
3.739654959144083080e+01 3.528191320371676625e+02
3.494423486504246057e+01 3.397357969282413137e+02
3.264735683640663666e+01 3.269061788387098204e+02
3.049649308153041005e+01 3.143387419405204355e+02
2.848275904221629773e+01 3.020410548667410353e+02
2.659777983676235991e+01 2.900198053314678646e+02
2.483366336229559224e+01 2.782808172830497710e+02
2.318297464319116941e+01 2.668290704108686668e+02
2.163871104245378874e+01 2.556690595371950963e+02
2.019427742171083295e+01 2.448064467025645001e+02
1.884346573781367340e+01 2.342464651769631416e+02
1.758043473462632988e+01 2.239930987286844868e+02
1.639968974581277550e+01 2.140491474668636727e+02
1.529606349819587408e+01 2.044162968575795674e+02
1.426469787590465899e+01 1.950951875419828241e+02
1.330102660230920364e+01 1.860854856991764734e+02
1.240075794226034134e+01 1.773860443859109921e+02
1.155985819496896205e+01 1.689950819539710380e+02
1.077453914416133252e+01 1.609100238948266224e+02
1.004124428368491451e+01 1.531275371851516240e+02
9.356635414208014367e+00 1.456436014702665318e+02
8.717579957423037484e+00 1.384535781122741582e+02
8.121138953607950128e+00 1.315522768386971393e+02
7.564555692643909701e+00 1.249340169523431285e+02
