1.488847779766601889e+04 1.481412598063486621e+04
1.505430849672476324e+04 1.497698782008632588e+04
1.521512845449074848e+04 1.513475948570423498e+04
1.537052449584428905e+04 1.528702809658702245e+04
1.552005689828437608e+04 1.543335540094926364e+04
1.566327009763044407e+04 1.557328816193781677e+04
1.579970624686315023e+04 1.570637127823308219e+04
1.592889634930527063e+04 1.583213890195800377e+04
1.605035349604637486e+04 1.595010768036593618e+04
1.616359096384141230e+04 1.605979492083920559e+04
1.626812084779536053e+04 1.616071730948422191e+04
1.636342857806658867e+04 1.625236580233655150e+04
1.644899437938067786e+04 1.633422687168336415e+04
1.652430763407949053e+04 1.640579673091205404e+04
1.658885243772222384e+04 1.646656719045505088e+04
1.664210569633384148e+04 1.651602385315276479e+04
1.668356041259696576e+04 1.655366905457588291e+04
1.671272257342171724e+04 1.657901890252219891e+04
1.672908948277750460e+04 1.659158221820218023e+04
1.673217682227525802e+04 1.659088701122883504e+04
1.672152996366432490e+04 1.657649159005510228e+04
1.669671143756584206e+04 1.654797276782318295e+04
1.665730653319381236e+04 1.650493133324204609e+04
1.660294191163670621e+04 1.644700988908374711e+04
1.653328785944644187e+04 1.637389548553144778e+04
1.644805805728304404e+04 1.628532022136132400e+04
1.634701814456198917e+04 1.618106851638171611e+04
1.622999200321592616e+04 1.606098314392771499e+04
1.609688360390468915e+04 1.592498832978663086e+04
1.594767159689066466e+04 1.577308356347542576e+04
1.578239847473901318e+04 1.560533160319703529e+04
1.560120586993864345e+04 1.542189445163212986e+04
1.540436870117231410e+04 1.522306811364623900e+04
1.519223190596672794e+04 1.500921744798807595e+04
1.496521997658047803e+04 1.478078549581382140e+04
1.472395412225699874e+04 1.453841169785735474e+04
1.446916472270690792e+04 1.428284310090680083e+04
1.420162506000802568e+04 1.401486720533121661e+04
1.392228064808590534e+04 1.373544149871073023e+04
1.363229090843789709e+04 1.344573495814538182e+04
1.333282779235723501e+04 1.314692599928487834e+04
1.302512161411759007e+04 1.284024785129906013e+04
1.271071829742302907e+04 1.252724404105444410e+04
1.239120490297561082e+04 1.220949547916202209e+04
1.206809853009216567e+04 1.188851015951303634e+04
1.174308029137817357e+04 1.156595433029862761e+04
1.141796618306325945e+04 1.124362376526174376e+04
1.109443343760863172e+04 1.092317387061286900e+04
1.077415432398626581e+04 1.060624986074572371e+04
1.045912751574700633e+04 1.029480892413317997e+04
1.015123480173434109e+04 9.990690139216523676e+03
9.852117692546029502e+03 9.695494917712238021e+03
9.562961744158365036e+03 9.410372763012890573e+03
9.284610459080595319e+03 9.136134981089531720e+03
9.017778946541404366e+03 8.873467448977366075e+03
8.763420865722491726e+03 8.623281277021815185e+03
8.523169289869541899e+03 8.387133788905563051e+03
8.298568806349418082e+03 8.166497194530092202e+03
8.090586308476374143e+03 7.962284794855932887e+03
7.897836890159136601e+03 7.773122770824740655e+03
7.718267465529082074e+03 7.596989007825151020e+03
7.550002435986777527e+03 7.432037489138198907e+03
7.391324557087912581e+03 7.276585549828267176e+03
7.240653167045797090e+03 7.129086924250522316e+03
7.096279214767865597e+03 6.987876310571774411e+03
6.955885721493626079e+03 6.850712873443398166e+03
6.817165946997090941e+03 6.715367437609563240e+03
6.677436193387838102e+03 6.579262825412710299e+03
6.533733101754478412e+03 6.439563344703283292e+03
6.383147497719230159e+03 6.293491700828516514e+03
6.222566574259545632e+03 6.138096503416444648e+03
6.049309988080968651e+03 5.970838176513447252e+03
5.861671676114176080e+03 5.790132145011535613e+03
5.658739169391295945e+03 5.595145566883376887e+03
5.441239876947180164e+03 5.386623695769494589e+03
5.210913903153011233e+03 5.166267051952694601e+03
4.971122155221727553e+03 4.937317377392741946e+03
4.725873614472375266e+03 4.703618283488402085e+03
4.479858996725189172e+03 4.469641990421336232e+03
4.237776079461432346e+03 4.239849783965615643e+03
4.004392345188623494e+03 4.018748774105765278e+03
3.784367439261955496e+03 3.810703650271483639e+03
3.582025251845067942e+03 3.619751604189365935e+03
3.400763439253639717e+03 3.449024340725138245e+03
3.243120781291640014e+03 3.300823852848220668e+03
3.109455425943941918e+03 3.175399024955860568e+03
2.998497772271352005e+03 3.071460850449690497e+03
2.906465027925798495e+03 2.985391081119548744e+03
2.828325151373877816e+03 2.912410927468096361e+03
2.757713956510782282e+03 2.846531784369963134e+03
2.688089819361206992e+03 2.781618962694310540e+03
2.613162915202914974e+03 2.711790393965054591e+03
2.527799737859764264e+03 2.632265619425247223e+03
2.428865518952224647e+03 2.540142950748167095e+03
2.315756641927375767e+03 2.434894569796810629e+03
2.190717837568292452e+03 2.318665838179497314e+03
2.058272390771523533e+03 2.195718289862245001e+03
1.924616412197967293e+03 2.071843803710515658e+03
1.796899454541292471e+03 1.953676104212121118e+03
1.682156051261332095e+03 1.847676048854312057e+03
1.585369497266528697e+03 1.758347841039843843e+03
1.507812403282997820e+03 1.686760513329041714e+03
1.446978473612175776e+03 1.630526067488416174e+03
1.397877627707782267e+03 1.585014348798664287e+03
1.354340459079609218e+03 1.544553130009972392e+03
1.309609939720568036e+03 1.502960188054671335e+03
1.257572569010852931e+03 1.454664810465759274e+03
1.195350485197830722e+03 1.397078699566502110e+03
1.124794434297815542e+03 1.331948352161529783e+03
1.051010912049902345e+03 1.263974478693163292e+03
9.800911876836091778e+02 1.198696964154055195e+03
9.174329367217588924e+02 1.140951912102865435e+03
8.662086900735082509e+02 1.093510231389719820e+03
8.257842904328489340e+02 1.055718563225384969e+03
7.923330522373368012e+02 1.024104819631765167e+03
7.604960138577755515e+02 9.938774795436877412e+02
7.254051471216707796e+02 9.607258272766081291e+02
6.853630624738099186e+02 9.231894224366074013e+02
6.424442591862907648e+02 8.831546726805015624e+02
6.004891230664248951e+02 8.440270115519248293e+02
5.632420628232624722e+02 8.090604484893543713e+02
5.323943934176453467e+02 7.796654485581602785e+02
5.064353395823047208e+02 7.544774577422460879e+02
4.821745914897579723e+02 7.307245401789090238e+02
4.568692871696453039e+02 7.060666627011185028e+02
4.298394828502828773e+02 6.799585264857751099e+02
4.028435337555021647e+02 6.539196683931354528e+02
3.781496783941689728e+02 6.298539000967718948e+02
3.566856909933513293e+02 6.085011899900549679e+02
3.376289472729861814e+02 5.891443166613183848e+02
3.192384211690404072e+02 5.703393460626580236e+02
3.005597835864901413e+02 5.513200293737486390e+02
2.821197524367124174e+02 5.325290643164786388e+02
2.649913427462994377e+02 5.148247120939622619e+02
2.495956060038069779e+02 4.985207300857892392e+02
2.353510219950546229e+02 4.831416824030953876e+02
2.215382926198049347e+02 4.681251969266198785e+02
2.080620603204482109e+02 4.534037977742380576e+02
1.953841025886924001e+02 4.393272817652698450e+02
1.837109811723299231e+02 4.260392362526885108e+02
1.727893683787729913e+02 4.133414917913820545e+02
1.623243355068186133e+02 4.010158247696705303e+02
1.523588146887686321e+02 3.890922960332083562e+02
1.430460212799589499e+02 3.776738553043581987e+02
1.343385108803846322e+02 3.667198151619955979e+02
1.260929610557558647e+02 3.561273870201027876e+02
1.182865373703711072e+02 3.458781988567052963e+02
1.109630706339073782e+02 3.359964432323283177e+02
1.040903402267722981e+02 3.264559110153405754e+02
9.761879101251871305e+01 3.172216705453077452e+02
9.152348752790804554e+01 3.082738534180578540e+02
8.578583277081573044e+01 2.995967894315166404e+02
8.038780918637431228e+01 2.911758340573045984e+02
7.531199645339260940e+01 2.829973046181116274e+02
7.054158437862430731e+01 2.750484213214004967e+02
6.606038134450089672e+01 2.673172527191098311e+02
6.185275755927501962e+01 2.597926292468545171e+02
5.790307332743416424e+01 2.524637402677163891e+02
5.419610488854536356e+01 2.453202874958098221e+02
5.071748928854457716e+01 2.383527092608484850e+02
4.745368381874452268e+01 2.315521426190385625e+02
4.439192061122816568e+01 2.249103841800653640e+02
4.152016368803980129e+01 2.184198535716023741e+02
3.882706878740918910e+01 2.120735614148806860e+02
3.630200090906392063e+01 2.058653513545443445e+02
3.393503206547381978e+01 1.997900956987873826e+02
3.171678798407281263e+01 1.938431317200116268e+02
2.963840724581656616e+01 1.880201707162465539e+02
2.769151663924494500e+01 1.823172773920316274e+02
2.586820743212906493e+01 1.767308501307938400e+02
2.416101254792885200e+01 1.712576020700390416e+02
2.256288114809404277e+01 1.658945949914373443e+02
2.106713850310390868e+01 1.606395270890989480e+02
1.966748573762341579e+01 1.554904602985767781e+02
1.835799147404548393e+01 1.504456324357336712e+02
1.713307192521242683e+01 1.455034441007367150e+02
1.598747191161939618e+01 1.406624466401013933e+02
1.491624681387372320e+01 1.359213304206370481e+02
1.391474544827155846e+01 1.312789190380950402e+02
1.297859487015002777e+01 1.267343991972175274e+02
1.210368493495385422e+01 1.222873595572462619e+02
1.128615190722073791e+01 1.179374266438789221e+02
1.052236451092939973e+01 1.136842320067985241e+02
9.808910817354256295e+00 1.095274068335894384e+02
9.142585806572618878e+00 1.054665767952028546e+02
8.520379572913295618e+00 1.015013571307095788e+02
7.939465756736002078e+00 9.763144400870255879e+01
7.397189718729935137e+00 9.385693974876515711e+01
6.891060212741139779e+00 9.017796610354561437e+01
6.418740405638417634e+00 8.659451961150345767e+01
5.978038785731769167e+00 8.310647462185139034e+01
5.566900570284736283e+00 7.971358656183647895e+01
5.183399587482477422e+00 7.641549540856857448e+01
4.825730595561336322e+00 7.321174209272970757e+01
4.492201781008611228e+00 7.010202746895242853e+01
4.181228027406966419e+00 6.708615288459266424e+01
3.891324770102916997e+00 6.416374116591403265e+01
3.621101903233390651e+00 6.133423614779757571e+01
3.369258023453572726e+00 5.859691422283072626e+01
3.134575005085184607e+00 5.595089581427713910e+01
