1.964674064916571297e+04 1.961158012199092991e+04
1.974314057492232678e+04 1.970695917844831274e+04
1.982702924268061543e+04 1.978983180817661196e+04
1.989778246059209414e+04 1.985957694405071015e+04
1.995474362154788832e+04 1.991554203048232375e+04
1.999726161312081240e+04 1.995708039169138283e+04
2.002470990028627784e+04 1.998357004962089923e+04
2.003645046072165496e+04 1.999437795474786617e+04
2.003183364606659597e+04 1.998885986720040091e+04
2.001024703114832664e+04 1.996640883447780288e+04
1.997110664309081403e+04 1.992644657972004643e+04
1.991381492394391898e+04 1.986838204956657137e+04
1.983781507763095942e+04 1.979166508489633998e+04
1.974260991757743977e+04 1.969580505622740020e+04
1.962772191269647374e+04 1.958033164809209484e+04
1.949270674426150435e+04 1.944480822685073872e+04
1.933720088420789034e+04 1.928887862647312431e+04
1.916091303904273082e+04 1.911225898146464169e+04
1.896359948283416816e+04 1.891471392085743719e+04
1.874510971331815381e+04 1.869610088891634950e+04
1.850539969490222938e+04 1.845638314182413887e+04
1.824452615007019631e+04 1.819562544379633619e+04
1.796265481611637733e+04 1.791400158056815053e+04
1.766007153827709772e+04 1.761180419114329561e+04
1.733720470009679411e+04 1.728946811068258467e+04
1.699464952931474909e+04 1.694759578244052682e+04
1.663312525555457250e+04 1.658691209153165255e+04
1.625348221448437835e+04 1.620827133605758536e+04
1.585681836722742446e+04 1.581277606339947852e+04
1.544439440784253566e+04 1.540169052074703905e+04
1.501755112028674557e+04 1.497635644520680944e+04
1.457784841607037379e+04 1.453833372558549854e+04
1.412714316216231055e+04 1.408947926450061641e+04
1.366731468669206151e+04 1.363166967135741470e+04
1.320029453452905000e+04 1.316683119868958602e+04
1.272842641297890441e+04 1.269730187199732791e+04
1.225411253874269460e+04 1.222547643580896511e+04
1.177960733315826474e+04 1.175359931554486320e+04
1.130738864600634952e+04 1.128413611156369552e+04
1.084021009303567735e+04 1.081982664404291791e+04
1.038053547792844802e+04 1.036312020917720292e+04
9.930658567844089703e+03 9.916294518445110953e+03
9.493270326121273683e+03 9.482018991258060851e+03
9.070827658469108428e+03 9.062730090113718688e+03
8.665343109038878538e+03 8.660423197789923506e+03
8.278779104727456797e+03 8.277037670742129194e+03
7.913037499766810470e+03 7.914448614172644739e+03
7.569588809931287869e+03 7.574107658214459661e+03
7.249587103167030364e+03 7.257151992911998605e+03
6.954104541649361636e+03 6.964624207551958534e+03
6.683974055198469614e+03 6.697333949163055877e+03
6.439706256582112474e+03 6.455777877666972017e+03
6.220784081938269082e+03 6.239425122805990213e+03
6.026252430966550492e+03 6.047308129657105383e+03
5.855150598855388125e+03 5.878458815249682630e+03
5.705418509734862710e+03 5.730821168342159581e+03
5.574564695374992880e+03 5.601910884947445993e+03
5.460235617000225830e+03 5.489381269614357734e+03
5.359638020910589148e+03 5.390456130013074471e+03
5.270009444516031181e+03 5.302389240529377275e+03
5.187931594167748699e+03 5.221788835302682855e+03
5.109017819176760895e+03 5.144308871864485809e+03
5.028811427400435605e+03 5.065532608906390124e+03
4.942116972218872434e+03 4.980321125360073893e+03
4.843867562832739168e+03 4.883659453350347576e+03
4.729508446472935248e+03 4.771048570360208942e+03
4.595218928727599632e+03 4.638712217901127588e+03
4.439023637502259589e+03 4.484707411568442694e+03
4.260506636870169132e+03 4.308631130159697022e+03
4.060937858337847047e+03 4.111755919862558585e+03
3.842954849932469642e+03 3.896702072882178072e+03
3.611035099688431728e+03 3.667914235874297901e+03
3.370565537725000468e+03 3.430729611389748243e+03
3.127780990112159998e+03 3.191325953324353577e+03
2.889582607829560402e+03 2.956518988235815868e+03
2.663273105555879738e+03 2.733520726949754589e+03
2.455430103256765960e+03 2.528804193952743844e+03
2.272100471139330693e+03 2.348305819815899667e+03
2.117089189383011217e+03 2.195747600275844889e+03
1.992397825384624866e+03 2.073058587179785263e+03
1.897293813101073283e+03 1.979488749750805709e+03
1.829402657460995670e+03 1.912665525515209310e+03
1.784100847581835524e+03 1.868027091782973457e+03
1.755517997609189024e+03 1.839787269545063737e+03
1.736256727616600756e+03 1.820674139195970611e+03
1.717998075467066428e+03 1.802512398663544218e+03
1.692395792555245635e+03 1.777100651658902962e+03
1.652137242764695202e+03 1.737248383697747613e+03
1.592272786425179220e+03 1.678090781476611937e+03
1.511021618228959596e+03 1.597887247916156412e+03
1.410494469816417222e+03 1.498733794687355385e+03
1.296989541375678073e+03 1.386855569269625448e+03
1.180268772837509232e+03 1.271873477509349186e+03
1.070917139523421611e+03 1.164178007485654689e+03
9.773360286528865117e+02 1.071980901289088706e+03
9.042219145010991497e+02 9.998380403528766465e+02
8.527805673044878176e+02 9.488813981123140593e+02
8.212403491006743934e+02 9.173450939813347986e+02
8.044879482841329263e+02 9.002212059363207572e+02
7.941097048509340084e+02 8.892968174142197313e+02
7.805524988097864707e+02 8.752474963022297061e+02
7.563018117710464594e+02 8.507312983166731328e+02
7.179463917980932592e+02 8.124175760156539354e+02
6.667506910655187085e+02 7.615618029494764869e+02
6.087707974572346075e+02 7.041094499342113977e+02
5.526727381435393909e+02 6.485303456839974388e+02
5.059669725954778414e+02 6.021213059785375208e+02
4.726182966323522692e+02 5.686954581885472635e+02
4.521555013284707343e+02 5.477603924803999007e+02
4.396969597296547931e+02 5.345679940258165743e+02
4.281855728596802351e+02 5.222774564523840581e+02
4.116380918259412169e+02 5.050898584514362142e+02
3.873046650531197201e+02 4.803467362915919239e+02
3.571833606428925805e+02 4.500054082127613242e+02
3.269033029487185331e+02 4.195317504352878473e+02
3.017667219250590165e+02 3.940411630395236102e+02
2.840034311383248564e+02 3.756585501947508305e+02
2.720439446800712062e+02 3.628535824476464313e+02
2.615506025145592162e+02 3.514493635739411275e+02
2.485792909257245071e+02 3.376574343220148080e+02
2.321459057878639669e+02 3.205424921524314641e+02
2.144234371187252748e+02 3.022031346358830888e+02
1.987872102677991961e+02 2.858740599132527791e+02
1.869040253820953410e+02 2.731358923391450162e+02
1.776591504003333171e+02 2.629137299667157208e+02
1.685731679862828116e+02 2.528430794263868222e+02
1.581357639766990530e+02 2.414917574445685204e+02
1.470094751353024947e+02 2.294971529361742455e+02
1.369244087357483579e+02 2.185015447100781216e+02
1.287071959609403393e+02 2.092805874124652803e+02
1.215414808315314730e+02 2.010582302738312990e+02
1.142511948475793844e+02 1.927269253151827115e+02
1.066582748575820148e+02 1.841232760356492406e+02
9.953425780371989617e+01 1.759728612035769402e+02
9.335519765709878470e+01 1.687182822219012905e+02
8.774154121778720139e+01 1.620026729429754653e+02
8.218572881596421098e+01 1.553542363398850910e+02
7.676225516364478096e+01 1.488438345213450020e+02
7.181143644910504520e+01 1.427859840749293028e+02
6.731193915252291049e+01 1.371593563146127508e+02
6.301286214647394957e+01 1.317329624587593457e+02
5.888572149150051871e+01 1.264813218280898752e+02
5.507005018969626775e+01 1.215310699220110564e+02
5.152579981811047816e+01 1.168468358655638895e+02
4.818935419244733254e+01 1.123697342068467577e+02
4.505091100445682173e+01 1.080896969540917638e+02
4.210282816971898256e+01 1.039991998048893578e+02
3.933718660231528474e+01 1.000909136352309332e+02
3.674588994275759291e+01 9.635771017942852268e+01
3.432069016427307417e+01 9.279258765631709593e+01
3.205212610814846386e+01 8.938718453602660929e+01
2.993005286467935733e+01 8.613215139148978494e+01
2.794496360453087647e+01 8.301871717729713396e+01
2.608799174173780244e+01 8.003870444490087266e+01
2.435086518119739196e+01 7.718448545329123078e+01
2.272586405062611803e+01 7.444894188493064746e+01
2.120578163592875853e+01 7.182542784487915810e+01
1.978393227999008275e+01 6.930778503091684684e+01
1.845425088298899041e+01 6.689047361943497094e+01
1.721107482666074517e+01 6.456835612259101254e+01
1.604906109223905730e+01 6.233660555068789222e+01
1.496317067554567615e+01 6.019068493084042615e+01
1.394865355653634431e+01 5.812632832001462901e+01
1.300103421732911535e+01 5.613952318830033761e+01
1.211609717846428147e+01 5.422649319960417102e+01
1.128985344117455014e+01 5.238364860773095444e+01
1.051852794511863465e+01 5.060756619087493391e+01
9.798577895565868445e+00 4.889502490162442427e+01
9.126681103636505199e+00 4.724299627306773885e+01
8.499722824263827192e+00 4.564863214184794060e+01
7.914783338709174387e+00 4.410925323177145430e+01
7.369126242337125099e+00 4.262233853028747177e+01
6.860188100314041471e+00 4.118552097825780578e+01
6.385571693490781797e+00 3.979660959524814956e+01
5.943032230320691056e+00 3.845355370459284927e+01
5.530466039213865592e+00 3.715441781291492163e+01
5.145902143624780933e+00 3.589737465492979140e+01
4.787494312217958736e+00 3.468069874172538647e+01
4.453513552579091872e+00 3.350276031631022988e+01
4.142341019229465182e+00 3.236201978882926511e+01
3.852460547833130189e+00 3.125703426797059947e+01
3.582451933010073475e+00 3.018646142716975334e+01
3.330986620285168787e+00 2.914903189006804141e+01
3.096822195462706873e+00 2.814354233854640697e+01
2.878797008291857917e+00 2.716885172085123656e+01
2.675825115773346585e+00 2.622387767717718887e+01
2.486891527292818704e+00 2.530759316824982363e+01
2.311047738688310815e+00 2.441902516728079675e+01
2.147407567128785999e+00 2.355726942532995594e+01
1.995143174796662588e+00 2.272147681915166473e+01
1.853481332838775808e+00 2.191083747145458460e+01
1.721699941394789102e+00 2.112457836129921418e+01
1.599124762248418596e+00 2.036196124759663917e+01
1.485126351446729887e+00 1.962228070138225888e+01
1.379117180283065514e+00 1.890486224680396177e+01
1.280548899812227859e+00 1.820906605763203956e+01
1.188909760016379380e+00 1.753429404060714702e+01
1.103722332122985428e+00 1.687997358685404237e+01
1.024541292583894370e+00 1.624555333944223534e+01
9.509513273262705235e-01 1.563050200951064461e+01
