2.235166440866656558e+04 2.215406502648696551e+04
2.266250375830190023e+04 2.245673756487173887e+04
2.296780377712669360e+04 2.275365977989737439e+04
2.326690164812924195e+04 2.304417307743248602e+04
2.355908863141457186e+04 2.332757714477386617e+04
2.384362989523626675e+04 2.360314800940243367e+04
2.411977803423271689e+04 2.387015036661729755e+04
2.438675197671636852e+04 2.412781709038597182e+04
2.464373153110704516e+04 2.437534402263218362e+04
2.488988719878813572e+04 2.461191913235433094e+04
2.512437532100230965e+04 2.483671810266494867e+04
2.534630792554574873e+04 2.504887587642842846e+04
2.555478533367326600e+04 2.524751779491241177e+04
2.574890954152613631e+04 2.543177245387910443e+04
2.592775575010940884e+04 2.560074483547509226e+04
2.609037802948072931e+04 2.575352187432024948e+04
2.623584370653007500e+04 2.588920525813070708e+04
2.636322607829058325e+04 2.600690479908963243e+04
2.647158148561923372e+04 2.610571714732411419e+04
2.655998757940829455e+04 2.618476188626908697e+04
2.662755504558657412e+04 2.624319274544211294e+04
2.667341142198229863e+04 2.628018315565645389e+04
2.669671500832821766e+04 2.629493925686090006e+04
2.669667723505713002e+04 2.628672058788122013e+04
2.667256916464648020e+04 2.625484711125432659e+04
2.662372758520304342e+04 2.619870597752361937e+04
2.654956198434485486e+04 2.611775647169623335e+04
2.644956674955972994e+04 2.601154168235944235e+04
2.632336895573402580e+04 2.587973665890032498e+04
2.617070810463375165e+04 2.572212718748704356e+04
2.599141843819397764e+04 2.553859121622247403e+04
2.578550552076716485e+04 2.532917479879606253e+04
2.555318743537973569e+04 2.509413265900392798e+04
2.529478782360965852e+04 2.483382107737315164e+04
2.501076969415371423e+04 2.454873110400678343e+04
2.470192880471238823e+04 2.423968028423342548e+04
2.436922153966371116e+04 2.390764117567518042e+04
2.401368393038473732e+04 2.355366068516541418e+04
2.363668750480947710e+04 2.317911456320609432e+04
2.323994676951945075e+04 2.278571451410115696e+04
2.282520279758781544e+04 2.237519317504011269e+04
2.239432223498278472e+04 2.194940353994302131e+04
2.194962976608209283e+04 2.151065191568219961e+04
2.149349275112983742e+04 2.106128228886676516e+04
2.102822362071305906e+04 2.060357926293926721e+04
2.055662804877763483e+04 2.014031952220144740e+04
2.008182762469830413e+04 1.967459419668818373e+04
1.960673772493999786e+04 1.920928505733125712e+04
1.913402523711551839e+04 1.874702981746805744e+04
1.866607303831102035e+04 1.829019788329031871e+04
1.820504141489043104e+04 1.784093629791329295e+04
1.775299747693886093e+04 1.740129825238844569e+04
1.731295851906855387e+04 1.697429901303030783e+04
1.688831093808886726e+04 1.656333117483399110e+04
1.648207178608473259e+04 1.617142151810786709e+04
1.609594471186735609e+04 1.580031395152479490e+04
1.573016031178375306e+04 1.545031455261045267e+04
1.538480103458173471e+04 1.512158302214425930e+04
1.505926384492763827e+04 1.481360871436135676e+04
1.475210381563643750e+04 1.452505655948087951e+04
1.446185444251396075e+04 1.425456697223453921e+04
1.418625055170191263e+04 1.399998155822454646e+04
1.392252739129453403e+04 1.375863546967008006e+04
1.366779838864489284e+04 1.352772165990790563e+04
1.341835664192033437e+04 1.330357166921267344e+04
1.317045691847521084e+04 1.308244355551432818e+04
1.291968582272767708e+04 1.285984446918770664e+04
1.266135590096475062e+04 1.263093187452367965e+04
1.239068308061409698e+04 1.239066599164382933e+04
1.210278908015998968e+04 1.213379726405845031e+04
1.179357759135124070e+04 1.185578325128543656e+04
1.145995350556024823e+04 1.155301056430810240e+04
1.110048538885157541e+04 1.122354175551398112e+04
1.071578660946292803e+04 1.086754448290372966e+04
1.030864527822731725e+04 1.048750119657918549e+04
9.883847784489893456e+03 1.008806369667534454e+04
9.447901156339699810e+03 9.675810331681614116e+03
9.008274288665446875e+03 9.258448349509497348e+03
8.573450701493844463e+03 8.844888306474764249e+03
8.151522732965658179e+03 8.443722382431324149e+03
7.750933586133754943e+03 8.064004408458299622e+03
7.379082638982217759e+03 7.713774143118301254e+03
7.042397596155312385e+03 7.400097337811232137e+03
6.744990328674894954e+03 7.127672240114725355e+03
6.488323790438190372e+03 6.898432089621589512e+03
6.270046556083600990e+03 6.710285111352945933e+03
6.084772252231883613e+03 6.557854672150297120e+03
5.923617118489074528e+03 6.431859313136695164e+03
5.775974840444157053e+03 6.320873440212342757e+03
5.630231319508287015e+03 6.211987271349355069e+03
5.475157074425808787e+03 6.092264991304087744e+03
5.301473431443054324e+03 5.950572180409454631e+03
5.103210054210065209e+03 5.779290005578606724e+03
4.879064100134875844e+03 5.576151647237451471e+03
4.632894785345944911e+03 5.345084613836746030e+03
4.373062799234535305e+03 5.095562730909498896e+03
4.111245754613843928e+03 4.841200778089082633e+03
3.860789081596040432e+03 4.597702006152464492e+03
3.634448980127872801e+03 4.380098461680721812e+03
3.441337848172502163e+03 4.199169427946289943e+03
3.284164175113687179e+03 4.058312849698179434e+03
3.158634321102789272e+03 3.952875880342924120e+03
3.055230558436760475e+03 3.872075574372403480e+03
2.961590856830478060e+03 3.801516486413637267e+03
2.864403636698953505e+03 3.725205614800826879e+03
2.752213555485470806e+03 3.628927788118534409e+03
2.619833042947456761e+03 3.505933768654660071e+03
2.470955722098867682e+03 3.360553980131948265e+03
2.316023028132787204e+03 3.205670102730388408e+03
2.167748203533485594e+03 3.056974445807732991e+03
2.037348563253405018e+03 2.928148629284833987e+03
1.930902781529642880e+03 2.826498636554157656e+03
1.846641233129148759e+03 2.749902597708182839e+03
1.775942472688500402e+03 2.688046916198698909e+03
1.707042378803818337e+03 2.626722261705845540e+03
1.629888661225156056e+03 2.553644628870963061e+03
1.541383253584861677e+03 2.465062111520713188e+03
1.446552446211818278e+03 2.367319503913987774e+03
1.354677803547537223e+03 2.271889353744119944e+03
1.274269378268694709e+03 2.189012828868498673e+03
1.208515589643428939e+03 2.122330790034371603e+03
1.153305006668445913e+03 2.066839492268665254e+03
1.100655415652699276e+03 2.013092940038525740e+03
1.044137827349887175e+03 1.953616936202186707e+03
9.829090128514440039e+02 1.887649061221712600e+03
9.219069948342512362e+02 1.821157465387609818e+03
8.670086398971607196e+02 1.760920657016822588e+03
8.202383168255976216e+02 1.709081129127184795e+03
7.787796039657317806e+02 1.662353589839255619e+03
7.378169947095707357e+02 1.615426855676905234e+03
6.951842472056732731e+02 1.566095648006955798e+03
6.528983562584788842e+02 1.516707195115548075e+03
6.142230432994526836e+02 1.470738982903581473e+03
5.800449637584125639e+02 1.429003954798013638e+03
5.482877817338386421e+02 1.389319739711818329e+03
5.167859698906756876e+02 1.349582319157045731e+03
4.856885330031727790e+02 1.310045704392060316e+03
4.566780376218271158e+02 1.272340838612149128e+03
4.303055842530258133e+02 1.236919904604644898e+03
4.055079753922630061e+02 1.202788501852548052e+03
3.813761032833386935e+02 1.169185169820055307e+03
3.583147022083354045e+02 1.136489343789230361e+03
3.369403510147851648e+02 1.105187565145125745e+03
3.169777727627542845e+02 1.075030086683603713e+03
2.978926747459004218e+02 1.045611442123847382e+03
2.797536291026356139e+02 1.016989144168208213e+03
2.627994414364162594e+02 9.893123817067420305e+02
2.468820045551028102e+02 9.624626929269297761e+02
2.318417092444116179e+02 9.363304991532730810e+02
2.176294921281891561e+02 9.108687786295465685e+02
2.042176003048209054e+02 8.860451571007702114e+02
1.915768499496564914e+02 8.618293945453790457e+02
1.796770151973650798e+02 8.381932675632006067e+02
1.684858433575759022e+02 8.151089159787725293e+02
1.579643400347941053e+02 7.925424247098555952e+02
1.480732720072802806e+02 7.704600419854132269e+02
1.387757184587208599e+02 7.488309224088684459e+02
1.300369311988312973e+02 7.276269782843006624e+02
1.218242022906585618e+02 7.068227401093500930e+02
1.141067401907094165e+02 6.863952267011924278e+02
1.068555548187910773e+02 6.663238261892475975e+02
1.000436526222539584e+02 6.465909962073411634e+02
9.364624698180958262e+01 6.271831706411995810e+02
8.763989887543733914e+01 6.080887730567025073e+02
8.200234340217340900e+01 5.892978156647710648e+02
7.671244342099002722e+01 5.708018160571130011e+02
7.175014398487175526e+01 5.525937156420598058e+02
6.709642765439323853e+01 5.346677993353014244e+02
6.273326774088290847e+01 5.170197249230744774e+02
5.864349899472372840e+01 4.996496846448766291e+02
5.481078959545952500e+01 4.825623582355450480e+02
5.121971787582373992e+01 4.657626771619234773e+02
4.785573226460046214e+01 4.492555412853355392e+02
4.470510621887828506e+01 4.330457843453690998e+02
4.175489520297463031e+01 4.171381402188063703e+02
3.899289564145994547e+01 4.015372100735174286e+02
3.640760687273213136e+01 3.862478496400173071e+02
3.398820303173726387e+01 3.712788146041450545e+02
3.172448997362216261e+01 3.566402760471422653e+02
2.960686460093002026e+01 3.423411258326103166e+02
2.762628323738083225e+01 3.283889803783673074e+02
2.577423157233664952e+01 3.147902220243772717e+02
2.404269602924048854e+01 3.015500432607347534e+02
2.242413650480339271e+01 2.886724934249872376e+02
2.091145913318759497e+01 2.761608848857704857e+02
1.949798790124398451e+01 2.640189397766486650e+02
1.817744655117368069e+01 2.522494615015655199e+02
1.694393775994098306e+01 2.408539392964149215e+02
1.579192165368047185e+01 2.298326337672195905e+02
1.471619543569887334e+01 2.191846624826662548e+02
1.371187407813406267e+01 2.089080850482764902e+02
1.277437202364841262e+01 1.989999874422213111e+02
1.189938513953918608e+01 1.894566041175673377e+02
1.108287385605417619e+01 1.802734287856445690e+02
1.032104922475296327e+01 1.714452098073807065e+02
9.610358345120303625e+00 1.629660175380486180e+02
8.947470392392533611e+00 1.548293198106736384e+02
8.329263416845757106e+00 1.470280543138568987e+02
7.752811876083433695e+00 1.395546976824541616e+02
7.215374845834706896e+00 1.324013271078927971e+02
