2.359427693293214179e+04 2.339482468331981363e+04
2.388637852378359094e+04 2.367899973616084390e+04
2.417119153909438683e+04 2.395569933716914238e+04
2.444802653641411234e+04 2.422424202643035096e+04
2.471617499217485238e+04 2.448392933574361450e+04
2.497492029615281717e+04 2.473405580640180415e+04
2.522351802212671464e+04 2.497388973242159773e+04
2.546119459263490717e+04 2.520267194043705240e+04
2.568717289596500996e+04 2.541964094879233744e+04
2.590066584175717799e+04 2.562402698571421206e+04
2.610085021669694834e+04 2.581502721611079323e+04
2.628689876361366987e+04 2.599183648344239919e+04
2.645799067917328648e+04 2.615365745792587040e+04
2.661328733141472912e+04 2.629967775685654124e+04
2.675194164434473350e+04 2.642907902146100241e+04
2.687312481830213437e+04 2.654106240967903068e+04
2.697601738082291558e+04 2.663484037747403272e+04
2.705979197290091543e+04 2.670962071588908293e+04
2.712364786233738050e+04 2.676463913130992296e+04
2.716681925541480086e+04 2.679916726989953168e+04
2.718856067323563548e+04 2.681249976923505892e+04
2.718816196012401997e+04 2.680396817519377146e+04
2.716496591185883517e+04 2.677295721325040358e+04
2.711837628509314163e+04 2.671891353378543863e+04
2.704786497103399233e+04 2.664135336345527685e+04
2.695297320855401631e+04 2.653986178662114253e+04
2.683332339747049264e+04 2.641410427529702793e+04
2.668866199899181447e+04 2.626387039391910002e+04
2.651883454381503543e+04 2.608904753119120869e+04
2.632377339761858093e+04 2.588960776969420476e+04
2.610357836954828963e+04 2.566568840841326528e+04
2.585853457552055261e+04 2.541760942165059532e+04
2.558901715571828754e+04 2.514577744278791943e+04
2.529553629386953253e+04 2.485073037908378319e+04
2.497889694644081828e+04 2.453329649483635148e+04
2.464002659225615935e+04 2.419442203448448345e+04
2.427992751725684866e+04 2.383512338355235624e+04
2.389993601624923031e+04 2.345674537944136318e+04
2.350166139799180019e+04 2.306090012434037635e+04
2.308672650164817242e+04 2.264920813460100908e+04
2.265688306818544515e+04 2.222341423431991643e+04
2.221423296919293716e+04 2.178560943738299466e+04
2.176088088219043493e+04 2.133788281885369361e+04
2.129891744934540475e+04 2.088230487825056116e+04
2.083102718564086899e+04 2.042153584216949821e+04
2.036015315356907740e+04 1.995849062474491075e+04
1.988903868710232200e+04 1.949588133719622419e+04
1.941998379136574658e+04 1.903598365714592728e+04
1.895464941545435431e+04 1.858044956622014070e+04
1.849450681090253784e+04 1.813074005499842679e+04
1.804115581869171365e+04 1.768844123687524552e+04
1.759785155486283475e+04 1.725678843121534373e+04
1.716829559946530935e+04 1.683946274602432459e+04
1.675578866397690217e+04 1.643974859754216959e+04
1.636207343660901461e+04 1.605940395507862013e+04
1.598704954609092965e+04 1.569838147830381058e+04
1.563047803288352588e+04 1.535649607730971911e+04
1.529174900110454837e+04 1.503319772242392901e+04
1.496913737590099845e+04 1.472684056838302786e+04
1.466081920560926119e+04 1.443567772636219161e+04
1.436483084154083554e+04 1.415781723905478066e+04
1.407847505838804864e+04 1.389062957457708217e+04
1.379907127185576974e+04 1.363148902804741010e+04
1.352378583116303162e+04 1.337759417806778765e+04
1.324940978425756111e+04 1.312573687273763971e+04
1.297283587536213781e+04 1.287278205930198601e+04
1.269030638345932493e+04 1.261488324777458911e+04
1.239793361642011587e+04 1.234801125000113461e+04
1.209197419286299373e+04 1.206822009304003041e+04
1.176876327426988610e+04 1.177156811826168814e+04
1.142552678552885845e+04 1.145496921298593588e+04
1.106102647345546393e+04 1.111685926554923390e+04
1.067535275098234524e+04 1.075701590531475267e+04
1.027137929097585948e+04 1.037810570273361736e+04
9.853244459361983900e+03 9.984131977440532864e+03
9.427157273347673254e+03 9.581320309386124791e+03
8.999787567344257695e+03 9.176438718413397510e+03
8.578372652034740895e+03 8.776924988293083516e+03
8.169821759837578611e+03 8.389938393703940164e+03
7.780658218143831618e+03 8.022300363364431178e+03
7.416937066836897429e+03 7.680377265814738166e+03
7.083823507735087333e+03 7.369684025278315858e+03
6.784731370791096197e+03 7.093942855262215744e+03
6.521465004808141202e+03 6.855258745571613872e+03
6.292028337330755676e+03 6.651787249355231324e+03
6.092087508274351421e+03 6.479217895468525967e+03
5.913657856428690138e+03 6.329312037808367677e+03
5.747523723057269308e+03 6.192356379305850169e+03
5.583627240867385808e+03 6.057508678458047143e+03
5.412857014704083667e+03 5.914687752416637522e+03
5.227902385242156925e+03 5.755545059029154800e+03
5.024362374557398653e+03 5.574786634340020100e+03
4.801769550019445887e+03 5.371466228353064253e+03
4.563523618374147190e+03 5.149029392738581009e+03
4.316469648874235645e+03 4.914936110926201764e+03
4.069594331595773383e+03 4.679181998344385647e+03
3.832743808361301490e+03 4.452797162944222691e+03
3.615456558731258156e+03 4.246494386632565693e+03
3.425232867930008524e+03 4.068728337439348707e+03
3.265021749232241291e+03 3.922916287888966963e+03
3.131515152567736095e+03 3.805558489004527019e+03
3.016524276461921090e+03 3.707686599865811331e+03
2.910151570867586088e+03 3.618273810777778635e+03
2.802993427212010374e+03 3.526636374328483271e+03
2.687091022163447633e+03 3.423540887977095736e+03
2.558016638442373278e+03 3.303730168673533171e+03
2.417746544739928595e+03 3.169402797538523373e+03
2.274117730843569007e+03 3.029638369155739838e+03
2.136479211508929893e+03 2.895275388838196704e+03
2.012262314986569208e+03 2.774865814191624395e+03
1.905636391880388373e+03 2.673155456289239282e+03
1.815885560982533207e+03 2.589324407547352166e+03
1.737383056228040687e+03 2.516995927607074918e+03
1.662186934550038814e+03 2.447148860531085575e+03
1.583713439780982071e+03 2.372288003213301636e+03
1.499224808664641159e+03 2.289349208156605073e+03
1.411636217522904417e+03 2.201788146252309616e+03
1.326923697504404117e+03 2.116508518539138549e+03
1.250008448996731431e+03 2.039086116925705937e+03
1.183025605440288473e+03 1.971851329712356119e+03
1.124064200053898730e+03 1.912606859062253534e+03
1.068359997090423121e+03 1.856060252076000097e+03
1.012147506394411266e+03 1.798117057228869271e+03
9.546170258570322176e+02 1.738010202746147343e+03
8.980287371583817730e+02 1.678318805222278115e+03
8.456228019826502305e+02 1.622567982166789761e+03
7.985494410249290240e+02 1.571932857085107798e+03
7.555106426275024205e+02 1.524991019802645269e+03
7.142160729379945678e+02 1.479361021546570782e+03
6.733561549585531338e+02 1.433763033502603776e+03
6.336176937063937658e+02 1.388970954063872568e+03
5.964371937888327011e+02 1.346441673387600986e+03
5.622488213983053811e+02 1.306570340978947570e+03
5.302761873491465394e+02 1.268580345529127499e+03
4.995397590187263859e+02 1.231558092305214814e+03
4.699423049722863652e+02 1.195448720195788610e+03
4.420158614841619169e+02 1.160748321643257214e+03
4.159891254849730444e+02 1.127642453887503962e+03
3.914967323094853100e+02 1.095798762162329922e+03
3.681634454802577352e+02 1.064903913889501609e+03
3.460162020486798156e+02 1.034985606071977600e+03
3.252102355741538986e+02 1.006158212145958259e+03
3.056546672513719614e+02 9.783364442372261465e+02
2.871552140307830427e+02 9.513669422926769812e+02
2.696647896965329210e+02 9.252092431835632169e+02
2.532080498087699993e+02 8.998679238793296236e+02
2.377168429611638203e+02 8.752832869640276385e+02
2.231119996844180093e+02 8.513924215796038197e+02
2.093529657165996412e+02 8.281588727171372284e+02
1.963967627852119051e+02 8.055423963624725729e+02
1.842003043389319714e+02 7.835039630138419398e+02
1.727225197273188826e+02 7.620074734085344517e+02
1.619242827612366966e+02 7.410195897657026762e+02
1.517683410028894855e+02 7.205095806732273331e+02
1.422192459449626369e+02 7.004491781545929143e+02
1.332432429129851243e+02 6.808121843664778226e+02
1.248081121624420149e+02 6.615737015051377057e+02
1.168832493686131926e+02 6.427108511763274237e+02
1.094396325481393859e+02 6.242028963936427317e+02
1.024497511911581427e+02 6.060311347638735242e+02
9.588753777446726190e+01 5.881787979481111961e+02
8.972830163496645639e+01 5.706309564733306843e+02
8.394866601088196489e+01 5.533745837322435364e+02
7.852651485398564546e+01 5.364000935457265768e+02
7.344092764390731531e+01 5.197003847341376286e+02
6.867211563215536785e+01 5.032694935500527436e+02
6.420136751576987422e+01 4.871025066500408798e+02
6.001099730919869302e+01 4.711954972570051154e+02
5.608429424979872380e+01 4.555454619342474416e+02
5.240547459757545568e+01 4.401502838870425194e+02
4.895962798047910525e+01 4.250107588880961771e+02
4.573267036547122188e+01 4.101316782694595986e+02
4.271131584401257442e+01 3.955180563576477653e+02
3.988303669217904002e+01 3.811747100061350579e+02
3.723602376422044102e+01 3.671062357177079321e+02
3.475914868298011129e+01 3.533169877846301574e+02
3.244192776576797854e+01 3.398110575328577170e+02
3.027448660735175423e+01 3.265929632144606103e+02
2.824752377898980882e+01 3.136702592439175987e+02
2.635228423442127266e+01 3.010505660457186536e+02
2.458053112316936151e+01 2.887403787060728177e+02
2.292451721744467363e+01 2.767451041390929163e+02
2.137695775724654013e+01 2.650691011539007604e+02
1.993100465541966315e+01 2.537157226245058439e+02
1.858022192315851839e+01 2.426874172735116417e+02
1.731856114237133326e+01 2.319867080140032272e+02
1.614034004994590532e+01 2.216158905675493997e+02
1.504022295500255346e+01 2.115761400916408093e+02
1.401320085262721982e+01 2.018675549950379207e+02
1.305457254619225615e+01 1.924892324478175567e+02
1.215992677545198575e+01 1.834393433902620814e+02
1.132512530040845533e+01 1.747152067812152438e+02
1.054628624723336827e+01 1.663134061996029232e+02
9.819768392835229065e+00 1.582299057349599423e+02
9.142158457521464499e+00 1.504600163836713875e+02
8.510257734471093016e+00 1.429984498112700635e+02
7.921069230922345383e+00 1.358393855453274739e+02
7.371785532037485211e+00 1.289765353767267300e+02
6.859777350403661877e+00 1.224032048089417799e+02
6.382582631296752851e+00 1.161123364826716511e+02
