1.791451459812691610e+04 1.785587064966388061e+04
1.804814324584364294e+04 1.798725703021264781e+04
1.817151465260525947e+04 1.810833376532217153e+04
1.828401959991184049e+04 1.821849361929327279e+04
1.838505255857822340e+04 1.831713354480591079e+04
1.847401706135262430e+04 1.840365997442321532e+04
1.855029578024729199e+04 1.847745892106470274e+04
1.861326741315525578e+04 1.853791289670053084e+04
1.866233191456832719e+04 1.858442616279619324e+04
1.869689325678044042e+04 1.861640771511305502e+04
1.871634225875424454e+04 1.863325434684144057e+04
1.872009835643913539e+04 1.863439206910155190e+04
1.870761345285797506e+04 1.861928000917400641e+04
1.867834054019969335e+04 1.858737965912823347e+04
1.863176187824621957e+04 1.853818265435434660e+04
1.856741220830227030e+04 1.847123365779457527e+04
1.848486481925276166e+04 1.838611712529897704e+04
1.838372834036190397e+04 1.828245438395296151e+04
1.826367799875595301e+04 1.815993382331156681e+04
1.812446058728108255e+04 1.801831607287259249e+04
1.796589049342003273e+04 1.785743145081773037e+04
1.778786161815662854e+04 1.767719042772453031e+04
1.759035572436675284e+04 1.747759129567701530e+04
1.737346957849607497e+04 1.725874883065840550e+04
1.713741767043422078e+04 1.702089683927888836e+04
1.688250766450793526e+04 1.676436158482027895e+04
1.660916983145541599e+04 1.648959171531432730e+04
1.631803168774729784e+04 1.619723460355015050e+04
1.600982617157165259e+04 1.588804191258196079e+04
1.568537456888160523e+04 1.556285177809264314e+04
1.534574250234304964e+04 1.522274626716547755e+04
1.499218032858165861e+04 1.486899088157346887e+04
1.462597488189472278e+04 1.450288462522695409e+04
1.424856884157270179e+04 1.412587939172902043e+04
1.386173765580984764e+04 1.373975688876165441e+04
1.346726410615506938e+04 1.334630268670461192e+04
1.306691572295334845e+04 1.294728332872711144e+04
1.266282176136822636e+04 1.254482035624322998e+04
1.225721909912337833e+04 1.214113810841777195e+04
1.185217404528814041e+04 1.173828794237268994e+04
1.144984358852050354e+04 1.133840522702286216e+04
1.105265601038955720e+04 1.094388703605897172e+04
1.066280677357394052e+04 1.055689725693445507e+04
1.028228965134135069e+04 1.017939644002576097e+04
9.913355829102063581e+03 9.813585887694654957e+03
9.558136432119259553e+03 9.461544076560559915e+03
9.218420844951479012e+03 9.125013427869744191e+03
8.895662951620945023e+03 8.805397402929098462e+03
8.591013006895853323e+03 8.503790300931859747e+03
8.305396063433348900e+03 8.221068118145818516e+03
8.039591117698067137e+03 7.957961291523195541e+03
7.794406340455644568e+03 7.715206004663175918e+03
7.570568081570688264e+03 7.493456521344432076e+03
7.368539504743320322e+03 7.293115141611934632e+03
7.186665624155105434e+03 7.112518374939292698e+03
7.022059733967872489e+03 6.948802561738878467e+03
6.872095643477072372e+03 6.799362169571270897e+03
6.734456668216434991e+03 6.661903634903109378e+03
6.607071335340267979e+03 6.534379866363350629e+03
6.487824807624752793e+03 6.414708366034682513e+03
6.373498584193949682e+03 6.299761209981566026e+03
6.260615634507364121e+03 6.186171742442927098e+03
6.145329257328683525e+03 6.070244173649407458e+03
6.023044963188019210e+03 5.947604008383123073e+03
5.889438700819122460e+03 5.814153043591119967e+03
5.740501456379567571e+03 5.666148434309662662e+03
5.572864230999996835e+03 5.500471624870571759e+03
5.384944873372624897e+03 5.315738753490273666e+03
5.176581175686692404e+03 5.111920181873494585e+03
4.949704878701179041e+03 4.890966049331821523e+03
4.707806634671091160e+03 4.656286541511047290e+03
4.455267041720001544e+03 4.412103965805265943e+03
4.196990791243835702e+03 4.163104913715802468e+03
3.938855810157393535e+03 3.914852633343386969e+03
3.686896695285857277e+03 3.673031333325905962e+03
3.447451740773581605e+03 3.443573063614187959e+03
3.226452779666634342e+03 3.231991167620243687e+03
3.029514440527805164e+03 3.043456798077112126e+03
2.860327366480991259e+03 2.881337514082147209e+03
2.720687209313915901e+03 2.747162775128475914e+03
2.609874683648477912e+03 2.640126087711065338e+03
2.524673836337186458e+03 2.557066366476093663e+03
2.459882830727957753e+03 2.493011740229461793e+03
2.408929384146011216e+03 2.441748463881130192e+03
2.364083777605881551e+03 2.396073896427862564e+03
2.317412280267778442e+03 2.348674509892251081e+03
2.261312844523517924e+03 2.292634093954261516e+03
2.190031610575467766e+03 2.222808950546866981e+03
2.100389230143183795e+03 2.136444054279339070e+03
1.992416363817478441e+03 2.033715059821493014e+03
1.869312103264624966e+03 1.917650157870799376e+03
1.737352912862375206e+03 1.794007762988046352e+03
1.605331110751691085e+03 1.670756484518539310e+03
1.483119114118278731e+03 1.556778006557374056e+03
1.378691036254430401e+03 1.459171444600096493e+03
1.295738449368946476e+03 1.381143204176144309e+03
1.233813072014184399e+03 1.322158321229408784e+03
1.189603535336538471e+03 1.279116750003886636e+03
1.157563234164611686e+03 1.246958143609279659e+03
1.129637700109426532e+03 1.218467270777235626e+03
1.096716440614717158e+03 1.185600914949679463e+03
1.052602238543511930e+03 1.142982240694547272e+03
9.961330064371651360e+02 1.089700814407603730e+03
9.304147757261042671e+02 1.028569631658123853e+03
8.614879947697880880e+02 9.649135501529607382e+02
7.969516573609413399e+02 9.053477633562287110e+02
7.429738410344447175e+02 8.551777138093128769e+02
7.018744475590638103e+02 8.163250894008090199e+02
6.720084526524054809e+02 7.872717925244805883e+02
6.482666078706032522e+02 7.635500475112363574e+02
6.239591803893997621e+02 7.394087019734637352e+02
5.945747999484767661e+02 7.110312795236985721e+02
5.594662106621728981e+02 6.779246425610091364e+02
5.212255116445675185e+02 6.423307834541449211e+02
4.847199865705892421e+02 6.083685493872785628e+02
4.540162090939488735e+02 5.794269951264432166e+02
4.298471929168694032e+02 5.560649580716681157e+02
4.100570283574509745e+02 5.364326807841730442e+02
3.909558137311555015e+02 5.174432099600169295e+02
3.697919266199456843e+02 4.968324512699278444e+02
3.467409396746380708e+02 4.747712120003448604e+02
3.239843450526895481e+02 4.530617376100744877e+02
3.037928035127208659e+02 4.335459740382241307e+02
2.868397234025559328e+02 4.167421695945946567e+02
2.717959207289960091e+02 4.015498452903366342e+02
2.568399835953490538e+02 3.864963681671927702e+02
2.413715279774065152e+02 3.711084856778346648e+02
2.261652425122548209e+02 3.560090788503209183e+02
2.123424725723938309e+02 3.420796060384895441e+02
2.000719457569652491e+02 3.294375787430949458e+02
1.886502174448380345e+02 3.175204563719873363e+02
1.774012599068315410e+02 3.057997004354911610e+02
1.664430569446167851e+02 2.943676282537365410e+02
1.562377315407867684e+02 2.835756944404109845e+02
1.469067363690425054e+02 2.735083292402274537e+02
1.381289473749031345e+02 2.639153690510478896e+02
1.296804228663655465e+02 2.546256331889784121e+02
1.216674351779755199e+02 2.457163282130630648e+02
1.142137860605679123e+02 2.372747565344285476e+02
1.072398880575302798e+02 2.292374404489763720e+02
1.006214865750110903e+02 2.215104682701458501e+02
9.436837888333766955e+01 2.140982408101055512e+02
8.851288454846827847e+01 2.070206151132216519e+02
8.301298825359761224e+01 2.002442166184420955e+02
7.783738673612130299e+01 1.937446389809819607e+02
7.296681128039595876e+01 1.875055950073349038e+02
6.838531445527178221e+01 1.815130277362634104e+02
6.407759553931400376e+01 1.757537614033664966e+02
6.002897962040308499e+01 1.702154344275229505e+02
5.622540979749152967e+01 1.648864444777022129e+02
5.265343749766390147e+01 1.597558976854995763e+02
4.930020967173623347e+01 1.548135600538736014e+02
4.615326641709175703e+01 1.500496002011068413e+02
4.320040664589033952e+01 1.454543703757612434e+02
4.043007832575118243e+01 1.410187898568841831e+02
3.783139248108523844e+01 1.367343587352582404e+02
3.539408650163456826e+01 1.325931194816285483e+02
3.310848940985430033e+01 1.285876214538625106e+02
3.096548898603718314e+01 1.247108880917203209e+02
2.895650663555425908e+01 1.209564043743707487e+02
2.707351918689780135e+01 1.173182503020417045e+02
2.530899004461825896e+01 1.137909769836527545e+02
2.365580441870489636e+01 1.103694676432416060e+02
2.210724753689513022e+01 1.070489161901384136e+02
2.065698429394401714e+01 1.038248086882824737e+02
1.929903977200799758e+01 1.006929060621794889e+02
1.802778059140695888e+01 9.764922805155930519e+01
1.683789071529471215e+01 9.469008383704917264e+01
1.572434727619570971e+01 9.181211988559242343e+01
1.468242111865953525e+01 8.901219708509634643e+01
1.370766324195822783e+01 8.628736017696702731e+01
1.279588914560526014e+01 8.363482737973011183e+01
1.194316398177456584e+01 8.105198060746965893e+01
1.114578847782624393e+01 7.853635623870378879e+01
1.040028572510710347e+01 7.608564244355457618e+01
9.703390132339588803e+00 7.369774822025904371e+01
9.052034451851291408e+00 7.137076188297920964e+01
8.443336989191680075e+00 6.910287707886614328e+01
7.874590961480860685e+00 6.689238531269101884e+01
7.343254452484832662e+00 6.473767037274477332e+01
6.846940901628338239e+00 6.263720302047924093e+01
6.383410101591950436e+00 6.058953593196973486e+01
5.950559198849133757e+00 5.859331527056775002e+01
5.546413785385684747e+00 5.664730921024815302e+01
5.169121844126237875e+00 5.475035518607909779e+01
4.816946816372270845e+00 5.290134470365962471e+01
4.488260710978882351e+00 5.109921994010619528e+01
4.181537601908509316e+00 4.934297049213175512e+01
3.895347493942383998e+00 4.763163026478146378e+01
3.628350531255238209e+00 4.596427598840522677e+01
3.379291436037858531e+00 4.434005204000489186e+01
3.146994412518289597e+00 4.275816061491180164e+01
2.930358418715728330e+00 4.121783013324244394e+01
2.728352596210331438e+00 3.971831216526251040e+01
2.540011961737769663e+00 3.825887957803814743e+01
2.364433350776495857e+00 3.683882477305334646e+01
2.200771599313628979e+00 3.545745801276307674e+01
2.048235898519573439e+00 3.411411987859060702e+01
1.906086277242860394e+00 3.280822022676843375e+01
1.773630630179047651e+00 3.153918578066476996e+01
