2.812779178147328639e+04 2.787707133101868021e+04
2.848653128924015618e+04 2.822574432158222044e+04
2.883645055808741017e+04 2.856535801712485409e+04
2.917664729599860948e+04 2.889502048598743204e+04
2.950618461985418980e+04 2.921380844610481654e+04
2.982411339247397336e+04 2.952078787945201475e+04
3.012944828915770267e+04 2.981499064466191703e+04
3.042115205417321340e+04 3.009539916553243893e+04
3.069817831379811469e+04 3.036098851289908271e+04
3.095947009925692691e+04 3.061072523883335452e+04
3.120391565753675604e+04 3.084352519930653216e+04
3.143038720841873874e+04 3.105829092972390208e+04
3.163776588263177837e+04 3.125393572474093162e+04
3.182490868196654992e+04 3.142935214163482306e+04
3.199064338750613024e+04 3.158340733239358087e+04
3.213382023571440004e+04 3.171499274355394664e+04
3.225330821596072201e+04 3.182302080303134426e+04
3.234795573737851737e+04 3.190638772700132176e+04
3.241664048294986424e+04 3.196402114050913224e+04
3.245829205311556871e+04 3.199490178143779121e+04
3.247186934443471910e+04 3.199804261019146725e+04
3.245637031732756441e+04 3.197249821505757063e+04
3.241086994741993112e+04 3.191740051461001713e+04
3.233452858540268790e+04 3.183196734832239963e+04
3.222659718738965603e+04 3.171550884293400668e+04
3.208642939152017425e+04 3.156743721535876466e+04
3.191349406498351891e+04 3.138727845373928358e+04
3.170742851302283816e+04 3.117472593676383258e+04
3.146803017971889130e+04 3.092963125371390197e+04
3.119522671715036631e+04 3.065197301252227044e+04
3.088914798595776301e+04 3.034192816785382092e+04
3.055022101662510249e+04 2.999996616036365958e+04
3.017902581335454306e+04 2.962670442210977853e+04
2.977630130865089450e+04 2.922291379267212324e+04
2.934320042222767734e+04 2.878977168201523455e+04
2.888113692177283156e+04 2.832870913877668136e+04
2.839161618851112144e+04 2.784124225184842362e+04
2.787648513737343455e+04 2.732922068490193487e+04
2.733810588245633699e+04 2.679500004434486982e+04
2.677888890896021621e+04 2.624097710884624394e+04
2.620132647063634795e+04 2.566962358461522672e+04
2.560852822465290228e+04 2.508402092906998951e+04
2.500375404796941802e+04 2.448739402192071066e+04
2.439012111937751615e+04 2.388281941464522606e+04
2.377111853367196454e+04 2.327374118903706403e+04
2.315072269337460602e+04 2.266408700544557360e+04
2.253264100295947355e+04 2.205751206608642678e+04
2.192030492645475533e+04 2.145739626850470086e+04
2.131706064708075064e+04 2.086704668097595277e+04
2.072598082355096631e+04 2.028949945566986571e+04
2.014984126445750371e+04 1.972749339118539865e+04
1.959212793952945867e+04 1.918447888497190797e+04
1.905696442638840017e+04 1.866454784885373738e+04
1.854802726774217808e+04 1.817135144744887293e+04
1.806772975663301258e+04 1.770730642127541796e+04
1.761631653772074787e+04 1.727271367127416670e+04
1.719370471857089433e+04 1.686755473528544098e+04
1.679925578369220239e+04 1.649127191244599453e+04
1.643111192370169010e+04 1.614212133232433189e+04
1.608735852905417232e+04 1.581830403480126552e+04
1.576531824286827941e+04 1.551726897077201647e+04
1.546136223677540147e+04 1.523552242966411359e+04
1.517185289279834251e+04 1.496954815570614483e+04
1.489210640226812029e+04 1.471476135616407919e+04
1.461721543594461036e+04 1.446632297728282356e+04
1.434157586827248088e+04 1.421863455719959893e+04
1.405883595668487033e+04 1.396527117378033654e+04
1.376266473421770934e+04 1.369974013719578033e+04
1.344641678305841197e+04 1.341510629191538465e+04
1.310429934845067328e+04 1.310519980760303224e+04
1.273191089936385288e+04 1.276515161562724279e+04
1.232664921049166151e+04 1.239186506082721098e+04
1.188881906247968982e+04 1.198519646727942018e+04
1.142112433760929525e+04 1.154748902541044481e+04
1.092921288834415827e+04 1.108419925912739564e+04
1.042068155976932940e+04 1.060289577542230836e+04
9.904631333007311696e+03 1.011281869463601106e+04
9.391607270144764698e+03 9.624810103815827460e+03
8.891876531455693112e+03 9.149517602926240215e+03
8.416327920394984176e+03 8.698265348777000327e+03
7.974820865347241124e+03 8.281402125741853524e+03
7.576000588753227930e+03 7.908002349773648348e+03
7.226021966576484374e+03 7.584666086865597208e+03
6.927329330772752655e+03 7.314168734457471146e+03
6.678277924411293498e+03 7.095146001557748605e+03
6.472941329144406154e+03 6.921794652216691247e+03
6.301282329025598301e+03 6.783979365892399983e+03
6.150810563570336853e+03 6.668794118667422481e+03
6.007150860495895358e+03 6.561015379020122964e+03
5.855882569808225526e+03 6.444927556561964593e+03
5.684197026371743050e+03 6.306121302468377507e+03
5.482793180643909182e+03 6.133683972318182896e+03
5.247955112877544707e+03 5.922777489564599819e+03
4.982276416380252158e+03 5.675720003416159670e+03
4.694391521659374121e+03 5.401849736800477331e+03
4.397876342599728559e+03 5.116290769656339762e+03
4.109470503151160301e+03 4.837795658152916076e+03
3.846151292688678495e+03 4.585281058873127222e+03
3.620978773236093275e+03 4.373185895181487467e+03
3.439511469881650555e+03 4.207673102565408044e+03
3.298893212475935343e+03 4.085770506195409780e+03
3.189573249624875189e+03 3.997244415681639111e+03
3.097531453286411761e+03 3.926821999673246410e+03
3.006020575468268362e+03 3.855812743967050210e+03
2.898985380678106139e+03 3.765816374942619859e+03
2.766989026933534660e+03 3.645697661198174501e+03
2.611319072057121048e+03 3.496743166845514224e+03
2.442472413441756544e+03 3.331101323171591503e+03
2.275611150155638825e+03 3.166296088340734514e+03
2.126044047794614471e+03 3.019719260217319061e+03
2.004029263673180594e+03 2.902735481113501010e+03
1.910561841487521633e+03 2.816276591701755478e+03
1.837512355576099480e+03 2.751247408702173288e+03
1.771088305312462808e+03 2.692277495713490680e+03
1.697275508936918641e+03 2.623642549835726186e+03
1.608898000766967925e+03 2.537315757736208070e+03
1.509171346885833600e+03 2.437152180410580058e+03
1.408263141564700163e+03 2.334811998568550280e+03
1.317881695048969959e+03 2.243302356774911004e+03
1.244765082894608213e+03 2.169766034076728374e+03
1.186561623357164081e+03 2.111388430248133773e+03
1.134484319635077782e+03 2.058587374609378003e+03
1.079219190038989382e+03 2.001416280028378424e+03
1.017007953902461054e+03 1.936083861489133369e+03
9.520535408788462064e+02 1.867337742814315106e+03
8.919374289729515795e+02 1.803215230380745197e+03
8.412256502543899614e+02 1.748257190483034265e+03
7.983720152045615350e+02 1.700667439504435379e+03
7.575910448783151878e+02 1.654573661182458636e+03
7.146229442749312284e+02 1.605885337601953097e+03
6.703880572829446010e+02 1.555709219915741642e+03
6.289650781207146792e+02 1.508034248884272984e+03
5.928279356943543235e+02 1.465070375671023612e+03
5.604229572094750438e+02 1.425255062851003004e+03
5.286529924908983276e+02 1.385801205624659133e+03
4.966069652536613717e+02 1.346015705350756662e+03
4.661084185525960493e+02 1.307528058854208211e+03
4.385923820333505319e+02 1.271481404438937489e+03
4.132902117999304323e+02 1.237176777304101051e+03
3.887233572312858882e+02 1.203454276504968902e+03
3.648852431294585017e+02 1.170352702231366720e+03
3.427001777238890554e+02 1.138546920217142315e+03
3.222372207120341727e+02 1.108039452477279156e+03
3.027798121212572369e+02 1.078321884619963384e+03
2.841408500028927051e+02 1.049279296790777607e+03
2.667122769751519513e+02 1.021142345805944160e+03
2.503852200445449512e+02 9.938279388857934009e+02
2.349801760546683624e+02 9.672107109718340325e+02
2.204533295258802070e+02 9.412490893395936382e+02
2.067659803508050231e+02 9.159072904919086113e+02
1.938798054393169821e+02 8.911521047817777799e+02
1.817569750734481602e+02 8.669526886953048006e+02
1.703581345091409389e+02 8.432776194114976533e+02
1.596424593254046727e+02 8.200941354876397327e+02
1.495710668507531977e+02 7.973720094352132719e+02
1.401071583396070537e+02 7.750837060442032680e+02
1.312159150502229181e+02 7.532042491792949477e+02
1.228643990575077396e+02 7.317110973341430054e+02
1.150214586097586107e+02 7.105840267229436904e+02
1.076577027418831420e+02 6.898055322864588561e+02
1.007455678338493215e+02 6.693620647340110281e+02
9.425899634842204478e+01 6.492422353088051068e+02
8.817330368526576478e+01 6.294362275835039782e+02
8.246511593851064958e+01 6.099357156883156676e+02
7.711230970275680363e+01 5.907337840843628101e+02
7.209395392180152840e+01 5.718248484718778855e+02
6.739024989606825500e+01 5.532048839814451640e+02
6.298243632877370857e+01 5.348747451677484150e+02
5.885276548907404504e+01 5.168383196952075878e+02
5.498448747415142890e+01 4.990996986206832844e+02
5.136179965022900262e+01 4.816630816755090905e+02
4.796979766625682373e+01 4.645327365402177406e+02
4.479442866550895985e+01 4.477129586923142028e+02
4.182244664279475899e+01 4.312080574947240166e+02
3.904137174799805621e+01 4.150246235868721101e+02
3.643945047232708134e+01 3.991728644683710741e+02
3.400561315873398627e+01 3.836623006093015533e+02
3.172943691189401250e+01 3.685013078037044920e+02
2.960111067017193420e+01 3.536971428975963363e+02
2.761140194887371280e+01 3.392559724172983238e+02
2.575162519081245449e+01 3.251829038375608434e+02
2.401361054113603544e+01 3.114824246003468602e+02
2.238967112893368849e+01 2.981600137481162847e+02
2.087258114123804020e+01 2.852204233843866064e+02
1.945555185119986064e+01 2.726669902670052466e+02
1.813220676335573600e+01 2.605017161084230679e+02
1.689655805227304697e+01 2.487253493130742470e+02
1.574298423717635487e+01 2.373374671229700823e+02
1.466620897981045779e+01 2.263365708665434965e+02
1.366128012916310119e+01 2.157203943105176904e+02
1.272355120615990565e+01 2.054859040271122410e+02
1.184866447596364125e+01 1.956291412599641149e+02
1.103253394701968837e+01 1.861452985745995932e+02
1.027132926896589282e+01 1.770288027371514090e+02
9.561460520550422615e+00 1.682733948654208405e+02
8.899563841249323204e+00 1.598722074633067791e+02
8.282487313056924094e+00 1.518178029820882102e+02
7.707277616732915781e+00 1.441022055243425370e+02
7.171169358107468916e+00 1.367170538645031570e+02
6.671573815288067699e+00 1.296536760928776459e+02
