2.232572080110972456e+04 2.215559792758251206e+04
2.259540547027767752e+04 2.241847683585264895e+04
2.285755137774775721e+04 2.267365296458877128e+04
2.311147992675793648e+04 2.292045132124592783e+04
2.335648388769126177e+04 2.315817095803557459e+04
2.359183045873972151e+04 2.338608800146071371e+04
2.381678168982093121e+04 2.360347450372427920e+04
2.403058485924866545e+04 2.380958892449718769e+04
2.423244623171235435e+04 2.400365025728288674e+04
2.442156568128091749e+04 2.418487233116862990e+04
2.459714590638435038e+04 2.435247301620018698e+04
2.475836776548672788e+04 2.450565057964947482e+04
2.490440074960498896e+04 2.464359393484794782e+04
2.503442853417043807e+04 2.476550740167247204e+04
2.514763842033769834e+04 2.487060064201345085e+04
2.524320104412575893e+04 2.495806923466988519e+04
2.532030798745722495e+04 2.502713107119240158e+04
2.537818060186458752e+04 2.507703500789093596e+04
2.541605059523728778e+04 2.510704271485993377e+04
2.543317560365985992e+04 2.511644359396874643e+04
2.542886098407498139e+04 2.510457554382437957e+04
2.540246236368324753e+04 2.507082809024327071e+04
2.535338759324735292e+04 2.501464499374278239e+04
2.528110831304431849e+04 2.493553420756907508e+04
2.518516962179973780e+04 2.483307728537347066e+04
2.506522055602929322e+04 2.470696085884232889e+04
2.492100389297722359e+04 2.455696540041784465e+04
2.475234638622983402e+04 2.438295445193367050e+04
2.455921285842890211e+04 2.418492894398171120e+04
2.434174353748261638e+04 2.396306449834320665e+04
2.410017442901909089e+04 2.371763057074592507e+04
2.383485798088450247e+04 2.344901075742984540e+04
2.354642190063348971e+04 2.315786139830852335e+04
2.323564638807338270e+04 2.284498820251911820e+04
2.290338505247309877e+04 2.251126681017146984e+04
2.255074254248980651e+04 2.215781978284580691e+04
2.217913010121463594e+04 2.178607155799111570e+04
2.179000222098966697e+04 2.139748542228873703e+04
2.138491585129763553e+04 2.099362235206242258e+04
2.096588639120598600e+04 2.057649512604389020e+04
2.053503171563781871e+04 2.014821366747542925e+04
2.009441093622257176e+04 1.971082474079939129e+04
1.964631814289377508e+04 1.926660517030724804e+04
1.919328849885264935e+04 1.881806791667368088e+04
1.873771917453642163e+04 1.836758434268391647e+04
1.828201311139515019e+04 1.791752718439975433e+04
1.782909828727441709e+04 1.747078574421106168e+04
1.738183159664095001e+04 1.703017525570082580e+04
1.694278237183127203e+04 1.659822362042139139e+04
1.651386941811971701e+04 1.617682161044956410e+04
1.609643904687916802e+04 1.576729968269550773e+04
1.569166946159699182e+04 1.537082021192877437e+04
1.530102254753919260e+04 1.498882259615133080e+04
1.492720827494960395e+04 1.462397327188390409e+04
1.457294306222493469e+04 1.427894573389569268e+04
1.424029317770166381e+04 1.395577843973018753e+04
1.392801114170304754e+04 1.365327058081628820e+04
1.363338985997854979e+04 1.336879352094577916e+04
1.335391569444732886e+04 1.309990733605967398e+04
1.308720785649504251e+04 1.284430745248132189e+04
1.283103045370599648e+04 1.259983147152502170e+04
1.258307007741778943e+04 1.236423672384007659e+04
1.234016496581469983e+04 1.213444395624257413e+04
1.209909866403157139e+04 1.190730975722169933e+04
1.185629929526499109e+04 1.167932507220114530e+04
1.160773843026816758e+04 1.144651020688360768e+04
1.134949952817056874e+04 1.120496960186030628e+04
1.107730658387001495e+04 1.095041911940180762e+04
1.078730065732074218e+04 1.067895118286270372e+04
1.047666157505896808e+04 1.038765836553941335e+04
1.014355486929980725e+04 1.007457883649751966e+04
9.788495589584874324e+03 9.740081842515775861e+03
9.413641633810058920e+03 9.386167046060867506e+03
9.023437123020294166e+03 9.017137178098970253e+03
8.623553599344033501e+03 8.638542529122243650e+03
8.220901221080011965e+03 8.257200906720163402e+03
7.822550924478728120e+03 7.880119838985892784e+03
7.435701340941714989e+03 7.514458140960387027e+03
7.067243416520509527e+03 7.167072629989384041e+03
6.723690696912134626e+03 6.844460346407458928e+03
6.410350490294024894e+03 6.551933050689075571e+03
6.131444705932393845e+03 6.293725313681122316e+03
5.888426758058791165e+03 6.071354962687945772e+03
5.680190442500809695e+03 5.883795843327768125e+03
5.501897408537003685e+03 5.726321850499101856e+03
5.346374693705680329e+03 5.591833723663410638e+03
5.204084464138444673e+03 5.470796005190461074e+03
5.065082866793386529e+03 5.353135054413923172e+03
4.919698462602973450e+03 5.228902086921191767e+03
4.759990763661067831e+03 5.089772061518825467e+03
4.580783175832277266e+03 4.930157336444152861e+03
4.380636212827328563e+03 4.748302798182497099e+03
4.162501860888221927e+03 4.547067668188248717e+03
3.932907656255872553e+03 4.333108262774097057e+03
3.700932006291987364e+03 4.115811054919415255e+03
3.477021576509348961e+03 3.906013547244953315e+03
3.271697557077074180e+03 3.714594292669475180e+03
3.093269444369288976e+03 3.550109902637574123e+03
2.945170311483554087e+03 3.416107343088223388e+03
2.824655118098314233e+03 3.309818871647905326e+03
2.724025623098489177e+03 3.223398978795065887e+03
2.633412538552996011e+03 3.146709796034266219e+03
2.542690530201211914e+03 3.069219280615437583e+03
2.442671432193144938e+03 2.981231109013589503e+03
2.327909429404852744e+03 2.876910325807583376e+03
2.199868309393851177e+03 2.757747326699025507e+03
2.066224197752785585e+03 2.631861332292332008e+03
1.936685891454469584e+03 2.509504591814387368e+03
1.819750649546984960e+03 2.399562754122443948e+03
1.720771948790888246e+03 2.307550148988905676e+03
1.639745391982969522e+03 2.233404224316924683e+03
1.571079345996190568e+03 2.171317592367402085e+03
1.506393127628997036e+03 2.112609229403489735e+03
1.438008548659033522e+03 2.049314188913695034e+03
1.362269437412825027e+03 1.977674240736527508e+03
1.281766882387926216e+03 1.900475337353225541e+03
1.202717272988916648e+03 1.824236207698989119e+03
1.130992689913591448e+03 1.754998814043596894e+03
1.069704707943770018e+03 1.695865815557449650e+03
1.017188692833681216e+03 1.645064121501313139e+03
9.683425039001469941e+02 1.597406735526984448e+03
9.186064377707155018e+02 1.548333934766044877e+03
8.664922495980672466e+02 1.496441964296407150e+03
8.143282231530671424e+02 1.444146197331355779e+03
7.659238150973436632e+02 1.395236346270539116e+03
7.230492973453309560e+02 1.351392061839696453e+03
6.845987382962721313e+02 1.311477831182552563e+03
6.478607027619081009e+02 1.272877027384795838e+03
6.110304534352773089e+02 1.233920599836764495e+03
5.747010395339528941e+02 1.195230055337505064e+03
5.406441422059069737e+02 1.158470031218045051e+03
5.096621617143381400e+02 1.124342457318958395e+03
4.809689667240652398e+02 1.092102822094030444e+03
4.533105379579250780e+02 1.060639691042072400e+03
4.264126747673535078e+02 1.029743041098999129e+03
4.009635725279536018e+02 1.000017934353336841e+03
3.773811353294063906e+02 9.717996699828512419e+02
3.552983497947992078e+02 9.447651161671988120e+02
3.341961238725805856e+02 9.184942707209775108e+02
3.140771621154005970e+02 8.929965627922902058e+02
2.951972397398597536e+02 8.684634262647416563e+02
2.775094201640835649e+02 8.448450218547013719e+02
2.607663616984821715e+02 8.219523981452133512e+02
2.448982014452940348e+02 7.997327550928204118e+02
2.299748444751883483e+02 7.782259837431644200e+02
2.159415606595327972e+02 7.573841744144031054e+02
2.027104055932381073e+02 7.371418209012979332e+02
1.902411499783007685e+02 7.174656686229548086e+02
1.784947928200000717e+02 6.983219132815311241e+02
1.674338163364794525e+02 6.796788175170548811e+02
1.570222535978702751e+02 6.615068798874812046e+02
1.472256595544676543e+02 6.437787057556671471e+02
1.380110791370119614e+02 6.264688882932241540e+02
1.293469008007141667e+02 6.095537226951450975e+02
1.212023615669152150e+02 5.930103236517222740e+02
1.135480558813220142e+02 5.768172765058340019e+02
1.063561178173489026e+02 5.609549156648669168e+02
9.960014924885638266e+01 5.454052356337899710e+02
9.325515054403236093e+01 5.301518076037065157e+02
8.729745399060145417e+01 5.151797012957430297e+02
8.170466233271352507e+01 5.004754390686340457e+02
7.645563943649476357e+01 4.860275406806571823e+02
7.153043506915494731e+01 4.718263779522666255e+02
6.691016666353263531e+01 4.578634257222917654e+02
6.257696663359816824e+01 4.441311755628443620e+02
5.851393440389534106e+01 4.306230828932015697e+02
5.470509020941649680e+01 4.173335154469876329e+02
5.113533063200272721e+01 4.042577033481862259e+02
4.779037714299848005e+01 3.913923630169946364e+02
4.465672177236517371e+01 3.787368298875854293e+02
4.172161378573539281e+01 3.662911635453523331e+02
3.897302585562043475e+01 3.540557189721538975e+02
3.639961647676973655e+01 3.420311148369684133e+02
3.399069407990836567e+01 3.302182020289106958e+02
3.173618278569959372e+01 3.186180324676320765e+02
2.962658963314339999e+01 3.072320685706388304e+02
2.765297256271741233e+01 2.960642078017289691e+02
2.580691148300224924e+01 2.851193771006988413e+02
2.408048065838691443e+01 2.744020446840258955e+02
2.246622175820436240e+01 2.639162035989452875e+02
2.095711821341676639e+01 2.536653742218660170e+02
1.954657083623136415e+01 2.436526080235206848e+02
1.822837462262311448e+01 2.338805071673878615e+02
1.699669496356393239e+01 2.243521724984060768e+02
1.584604630359073596e+01 2.150715875495896796e+02
1.477127549292489661e+01 2.060420239454977036e+02
1.376754307913135555e+01 1.972659255473716087e+02
1.283030528778279766e+01 1.887449489793177975e+02
1.195529695732266795e+01 1.804800050542894212e+02
1.113851538356065696e+01 1.724713008173203548e+02
1.037620481189949828e+01 1.647184847875354308e+02
9.664841226746252900e+00 1.572210617884803412e+02
9.001119671967668268e+00 1.499779998135160213e+02
8.381941647023277042e+00 1.429876061435054169e+02
7.804402825207271022e+00 1.362475805056200784e+02
7.265781455816850531e+00 1.297550672583984408e+02
6.763527415738212589e+00 1.235067063107074858e+02
6.295251853433159184e+00 1.174986831770818583e+02
5.858717030138808290e+00 1.117267875012036598e+02
5.451827311840653500e+00 1.061864553757949636e+02
