1.727922609356250905e+04 1.715831231456361274e+04
1.751557131737035161e+04 1.738953690774358620e+04
1.774708988001589387e+04 1.761578576241966948e+04
1.797325595101715953e+04 1.783653398987781839e+04
1.819351054654918335e+04 1.805122553618413804e+04
1.840728384392931184e+04 1.825929431316226692e+04
1.861399463348458812e+04 1.846016356214319967e+04
1.881303193773164094e+04 1.865322752870150725e+04
1.900377148945004592e+04 1.883786797711388499e+04
1.918558521403764462e+04 1.901346371363624348e+04
1.935781944944443239e+04 1.917936931623751298e+04
1.951979277025210104e+04 1.933491310426498239e+04
1.967082483074835181e+04 1.947942549502748079e+04
1.981023258005589378e+04 1.961223539328698098e+04
1.993730932752579247e+04 1.973264983976719304e+04
2.005135169998005949e+04 1.983998044681322426e+04
2.015166916779200983e+04 1.993355279029964368e+04
2.023756044211675544e+04 2.001268358416513729e+04
2.030832220762189172e+04 2.007668928524539297e+04
2.036327641249953012e+04 2.012491269373572868e+04
2.040176516551921668e+04 2.015671822776718182e+04
2.042313816297620360e+04 2.017148005796540383e+04
2.042678041545134329e+04 2.016860876041107258e+04
2.041212096113706139e+04 2.014755984157947387e+04
2.037863065912196544e+04 2.010783249438905113e+04
2.032583050868953796e+04 2.004897727366994513e+04
2.025330129730015324e+04 1.997060488450307821e+04
2.016069965853961185e+04 1.987240269660319973e+04
2.004777197057195735e+04 1.975414896263348055e+04
1.991433920671600936e+04 1.961569631356625541e+04
1.976030967413780309e+04 1.945698427230240850e+04
1.958574690982982429e+04 1.927810769591780991e+04
1.939082390502275666e+04 1.907927001898878007e+04
1.917579444767903260e+04 1.886075390118133873e+04
1.894109321789048772e+04 1.862302120806695166e+04
1.868736155207605771e+04 1.836673836716629012e+04
1.841531354135281799e+04 1.809264189623724451e+04
1.812578209037495981e+04 1.780158407756024826e+04
1.781991657282536835e+04 1.749472968083337764e+04
1.749896877083008440e+04 1.717334204673568092e+04
1.716422089025583409e+04 1.683871113260045968e+04
1.681726216707264030e+04 1.649242797671836524e+04
1.645993505221907981e+04 1.613633077036525719e+04
1.609403412479187864e+04 1.577220584382986453e+04
1.572142055019438340e+04 1.540190144368370056e+04
1.534427829261199804e+04 1.502758192940270965e+04
1.496473315706784342e+04 1.465134967341094853e+04
1.458480646418474316e+04 1.427519915292382575e+04
1.420691047386717764e+04 1.390150465483331027e+04
1.383360563722791267e+04 1.353278145239532751e+04
1.346720877994470175e+04 1.317130098831725263e+04
1.310961715609749444e+04 1.281892146196663816e+04
1.276214124254384114e+04 1.247692722444334686e+04
1.242588785672336053e+04 1.214640083696414695e+04
1.210197605644142823e+04 1.182843380077745678e+04
1.179256647435623745e+04 1.152512940110608542e+04
1.150013153070633234e+04 1.123889285646221470e+04
1.122680270206146997e+04 1.097179721734169652e+04
1.097252238200348620e+04 1.072378690417695361e+04
1.073516793581544516e+04 1.049279895460862281e+04
1.051269045119821021e+04 1.027684356508399287e+04
1.030312244532885961e+04 1.007401721765049297e+04
1.010455838504539133e+04 9.882483237878117507e+03
9.915148718705619103e+03 9.700459202650381485e+03
9.732362256140579120e+03 9.525504128276141273e+03
9.553365015717618007e+03 9.354881632097893089e+03
9.375187264957303341e+03 9.185718270426265008e+03
9.194194914113762934e+03 9.014489137658769323e+03
9.006818502589054333e+03 8.837718825498786828e+03
8.809112853765454929e+03 8.651550886170371086e+03
8.597204108109492154e+03 8.452176067732327283e+03
8.367927452165322393e+03 8.236458700308774496e+03
8.118897023626232112e+03 8.002002042715065727e+03
7.849345772206097536e+03 7.747980749130057120e+03
7.560297956009214431e+03 7.475319562481073262e+03
7.254466427327911333e+03 7.186600712479079448e+03
6.936187221299591329e+03 6.886013736963617703e+03
6.610892397419161171e+03 6.578833150302212744e+03
6.284626202504267894e+03 6.270951426365594671e+03
5.963751787103638890e+03 5.968580563099240862e+03
5.654513692330969207e+03 5.677819731838323605e+03
5.363261613369443694e+03 5.404852580868595396e+03
5.095405667623131194e+03 5.154967558062039643e+03
4.855658593538200876e+03 4.932732597915098268e+03
4.646905006668060196e+03 4.740975903284312153e+03
4.469530653623043690e+03 4.580073626208542009e+03
4.321231638653091068e+03 4.447820871891330171e+03
4.196949517096598356e+03 4.339318385843780561e+03
4.089413509234028879e+03 4.247495501971226986e+03
3.990221540295084651e+03 4.164107339222355222e+03
3.890452861830824077e+03 4.080306515765630593e+03
3.781934265931133723e+03 3.987869004726109779e+03
3.658074690963833291e+03 3.880037427615777233e+03
3.515181220825497348e+03 3.752902494028284309e+03
3.353228898521041174e+03 3.606254857318649101e+03
3.175786758640669177e+03 3.443566353138878640e+03
2.989500632500302800e+03 3.271498150359399915e+03
2.803210245039997972e+03 3.098966194285818347e+03
2.626864939796982981e+03 2.935976793625861319e+03
2.469700190582019331e+03 2.791764967171280659e+03
2.337790296129158833e+03 2.672364939701960793e+03
2.232038327334477344e+03 2.578655540911602657e+03
2.148209111035863316e+03 2.506440884226668459e+03
2.078916202304660601e+03 2.448402368571054467e+03
2.015326405023855614e+03 2.395717024315570143e+03
1.948024601327491609e+03 2.338854712056999688e+03
1.869131189344842369e+03 2.269724733965077576e+03
1.775881016154060489e+03 2.185420210195535219e+03
1.672017759361615617e+03 2.089747937278725658e+03
1.565284876316996588e+03 1.990647859901725951e+03
1.464276932343576618e+03 1.896875189061245464e+03
1.376289552850054179e+03 1.815758513555648278e+03
1.304888976667938095e+03 1.750801194791619764e+03
1.247988762437019204e+03 1.699858897818092146e+03
1.199461295612758931e+03 1.656790525598299382e+03
1.151471784316857111e+03 1.613746203321205257e+03
1.097694968946111430e+03 1.564377060916565824e+03
1.036900403118613667e+03 1.507491838100535006e+03
9.729527460939272032e+02 1.447053669839755685e+03
9.116786739392109666e+02 1.388933385422327092e+03
8.581731617222682189e+02 1.338149611184821424e+03
8.139343270672550261e+02 1.296090730937846047e+03
7.759287165094779084e+02 1.259721049814506841e+03
7.393082650779060714e+02 1.224299666933377694e+03
7.004938057419940378e+02 1.186387292844494368e+03
6.593558943172180307e+02 1.145941267021544945e+03
6.190213715784706210e+02 1.106035305202352447e+03
5.826608842888109621e+02 1.069682797865158363e+03
5.510914463439098654e+02 1.037592901401477093e+03
5.225615363700072749e+02 1.008079736471147157e+03
4.944635534697433741e+02 9.787329049285472138e+02
4.658430071904140277e+02 9.487279280551562124e+02
4.379011716778568939e+02 9.192029577655863477e+02
4.122232418614551079e+02 8.915767546021938870e+02
3.891003108235118475e+02 8.660688787195739451e+02
3.674158205545112992e+02 8.416839653259315810e+02
3.461879564631747144e+02 8.175939404306825509e+02
3.255544782783025539e+02 7.939423615261241594e+02
3.062703058879217224e+02 7.713589267092380624e+02
2.884947189234023313e+02 7.499536131317157697e+02
2.717210957394192974e+02 7.293098182038983168e+02
2.555788780819316059e+02 7.091442843152241267e+02
2.402470036908878797e+02 6.895997628449924832e+02
2.259359278356678828e+02 6.708252552592347229e+02
2.124973711486723289e+02 6.527021739361315440e+02
1.997213087499272035e+02 6.350792716793545196e+02
1.876302773797412158e+02 6.179709005386221179e+02
1.762820242776713258e+02 6.014079738095082348e+02
1.656090647797960571e+02 5.853411762037181916e+02
1.555335787670437924e+02 5.697158265278241061e+02
1.460280149217782366e+02 5.545078205786867329e+02
1.370658397925806185e+02 5.396948977689245339e+02
1.286211510059476097e+02 5.252562830382404400e+02
1.206687294277402458e+02 5.111726027569940811e+02
1.131840821083800535e+02 4.974258066753611160e+02
1.061434585728323725e+02 4.839990743936772901e+02
9.952302382613162024e+01 4.708757209636020775e+02
9.329877201706185019e+01 4.580388053885478712e+02
8.744791831806401206e+01 4.454726069003137923e+02
8.194894240487981563e+01 4.331626834676594626e+02
7.678152022773224417e+01 4.210958064362285427e+02
7.192645940270563187e+01 4.092598993469148354e+02
6.736563803166879438e+01 3.976439804342517732e+02
6.308199644412548679e+01 3.862382539999013034e+02
5.905963849850962788e+01 3.750345608492256702e+02
5.528356719695126742e+01 3.640257767104015443e+02
5.173957038508795847e+01 3.532055575094361757e+02
4.841418562022683147e+01 3.425682987832842059e+02
4.529466615881910485e+01 3.321090963268970881e+02
4.236894805620853788e+01 3.218237078504302531e+02
3.962561648422286709e+01 3.117085643215234541e+02
3.705384308260558157e+01 3.017615957112817568e+02
3.464337046305388412e+01 2.919819634625962408e+02
3.238451796557362172e+01 2.823691469200102802e+02
3.026815298025892886e+01 2.729228856062779300e+02
2.828566234643468746e+01 2.636431538531178944e+02
2.642892506956901499e+01 2.545301356658061991e+02
2.469028630960114512e+01 2.455842008968427024e+02
2.306253377409490213e+01 2.368065656255226372e+02
2.153887563321244514e+01 2.282002900733469346e+02
2.011291472983427298e+01 2.197684789977391517e+02
1.877862674609283289e+01 2.115139376727119043e+02
1.753034001776267203e+01 2.034391703268131266e+02
1.636271632666428744e+01 1.955463794334935983e+02
1.527073263213199361e+01 1.878374658488464775e+02
1.424966338132442978e+01 1.803141638668865880e+02
1.329506151457290031e+01 1.729791278276409514e+02
1.240274494034566821e+01 1.658351558477953631e+02
1.156878341762010187e+01 1.588844382503387749e+02
1.078948426264985905e+01 1.521285765396717693e+02
1.006137878526424423e+01 1.455686114725495202e+02
9.381209440457981330e+00 1.392050517670666920e+02
8.745917656034944088e+00 1.330379068724697902e+02
8.152631936495641440e+00 1.270669571668951505e+02
7.598656862930027955e+00 1.212918792214766626e+02
7.081463470173402719e+00 1.157118572703758730e+02
6.598679521822071514e+00 1.103255817251645965e+02
6.148080255800820737e+00 1.051312884028434240e+02
5.727579641933827403e+00 1.001267970268339411e+02
5.335222125728579456e+00 9.530954883153611945e+01
