2.026395091196424983e+04 2.018413479686620849e+04
2.044135201934852012e+04 2.035844832308359037e+04
2.060827466516290588e+04 2.052220964552269652e+04
2.076402306022542689e+04 2.067472533122260938e+04
2.090788890039257967e+04 2.081529035113623468e+04
2.103917112496005575e+04 2.094320746251806486e+04
2.115715174470082275e+04 2.105776309297687840e+04
2.126108327861061844e+04 2.115821483930493196e+04
2.135023171750593974e+04 2.124383441393753674e+04
2.142387504394688585e+04 2.131390629407666347e+04
2.148126554988476710e+04 2.136769059207016107e+04
2.152166796719780905e+04 2.140446080067313233e+04
2.154438043294659656e+04 2.142352457179079283e+04
2.154870193553985519e+04 2.142419187942978169e+04
2.153393359613453867e+04 2.140577639623811774e+04
2.149942570288641582e+04 2.136764172978495480e+04
2.144457281921908725e+04 2.130919693379057207e+04
2.136878437339205993e+04 2.122986837579020357e+04
2.127152897134298837e+04 2.112914259016714641e+04
2.115235071721655913e+04 2.100658221941970987e+04
2.101085425865794241e+04 2.086181297332375107e+04
2.084671610113823044e+04 2.069453431288260253e+04
2.065970821995409278e+04 2.050454119687469210e+04
2.044970839817071101e+04 2.029173559409763766e+04
2.021671167296808926e+04 2.005613982281272911e+04
1.996082432710159264e+04 1.979788711251450513e+04
1.968227303754515378e+04 1.951723031811181136e+04
1.938147401424533018e+04 1.921461435466126568e+04
1.905899625571319848e+04 1.889063705717251651e+04
1.871551798214970404e+04 1.854600293651623360e+04
1.835192151250724783e+04 1.818161994931914160e+04
1.796935714000561347e+04 1.779866449415204625e+04
1.756906784610512477e+04 1.739840184841202063e+04
1.715241406723176260e+04 1.698221073137769054e+04
1.672113239309399796e+04 1.655184416705005788e+04
1.627709531615785454e+04 1.610918678416616603e+04
1.582217055261487803e+04 1.565611280454056396e+04
1.535853380388133519e+04 1.519479763821728920e+04
1.488869850591874638e+04 1.472774739766387938e+04
1.441506249988624950e+04 1.425734747517056348e+04
1.394000760536906273e+04 1.378596092046938429e+04
1.346632595072855838e+04 1.331634955835989240e+04
1.299669873061539147e+04 1.285116005339118783e+04
1.253355207565582168e+04 1.239278183982777955e+04
1.207967907889413073e+04 1.194395047047551634e+04
1.163807994729578604e+04 1.150759393014052694e+04
1.121133681610130589e+04 1.108622853528076666e+04
1.080155714750170773e+04 1.068189928263109505e+04
1.041029616101912688e+04 1.029609504215069137e+04
1.003877933040835342e+04 9.929982360397663797e+03
9.688077164619582618e+03 9.584576486491547257e+03
9.360166306737719424e+03 9.261743069361897142e+03
9.057409903457961263e+03 8.963710515585200483e+03
8.781787182588030191e+03 8.692343880204327434e+03
8.533189584952611767e+03 8.447474906467612527e+03
8.308958969963849086e+03 8.226446152786731545e+03
8.106533545025909007e+03 8.026698570355464653e+03
7.923567012522138612e+03 7.845890307913742618e+03
7.757869207775875111e+03 7.681839071924665404e+03
7.607387152088403127e+03 7.532500097392514363e+03
7.469225474725173626e+03 7.395032731579194660e+03
7.339892460393697547e+03 7.266034439173086867e+03
7.215757883669924922e+03 7.141984909135695489e+03
7.092074329401382784e+03 7.018337554851166715e+03
6.964032711869820560e+03 6.890503214536639462e+03
6.826364762846345002e+03 6.753509400887191077e+03
6.673707508917892483e+03 6.602328288445015460e+03
6.501553984870798558e+03 6.432785572381715610e+03
6.306455465343980904e+03 6.241753353379740474e+03
6.086742050153456148e+03 6.027793667870894751e+03
5.843105141436400118e+03 5.791716959854972629e+03
5.577814560583313323e+03 5.535797857424572612e+03
5.294863098128290403e+03 5.263917331760450907e+03
4.999684850866228771e+03 4.981263256373019431e+03
4.698855228155694931e+03 4.694059237505419333e+03
4.399541821489742688e+03 4.409036038071553776e+03
4.109047409141597200e+03 4.133010301938109478e+03
3.835417170051225185e+03 3.873414406791079273e+03
3.585502165780445011e+03 3.636578132466149327e+03
3.365436533028801932e+03 3.428048973641210523e+03
3.179257895092789568e+03 3.251458061162637023e+03
3.028075229343188312e+03 3.107631917650356172e+03
2.910486732770194067e+03 2.995096784129618754e+03
2.822145676590261246e+03 2.909639557306988991e+03
2.756585174036160879e+03 2.845144935609003369e+03
2.705740113121958530e+03 2.794075611204493725e+03
2.660158807833673563e+03 2.747726757332630314e+03
2.610192376300242358e+03 2.697309696189105125e+03
2.546831701606851766e+03 2.634718252878483327e+03
2.463457887046948599e+03 2.554102429203808697e+03
2.356855275905072176e+03 2.452732713325582608e+03
2.227785300518382428e+03 2.331467122053589264e+03
2.081143414704783027e+03 2.194856680655478613e+03
1.925827650316190784e+03 2.050981677099724493e+03
1.773474113820448110e+03 1.910276612570876523e+03
1.635708752538737144e+03 1.783077344914764808e+03
1.520951880038718173e+03 1.676777764335794245e+03
1.432524285900543646e+03 1.594165775773128416e+03
1.369189658778166859e+03 1.533961855322170550e+03
1.326368175604050066e+03 1.491945541993872666e+03
1.296143931824047513e+03 1.461015277166985697e+03
1.267638982377221964e+03 1.431572457819068632e+03
1.230107131839384238e+03 1.394260199213416854e+03
1.177285582898893836e+03 1.343731639541554841e+03
1.108848565355350956e+03 1.279842454295647258e+03
1.029754572896461923e+03 1.207009282967730542e+03
9.487589626813609129e+02 1.132857315597083698e+03
8.756961732056369101e+02 1.065834606637895376e+03
8.173724549959122214e+02 1.011686936887066281e+03
7.754579285831987363e+02 9.717053508381725351e+02
7.464907802754994464e+02 9.428105144114522318e+02
7.227993050424396415e+02 9.184175476108709972e+02
6.959915274912071936e+02 8.914345213373662773e+02
6.612902304104426321e+02 8.579028664550444319e+02
6.188931579516383863e+02 8.180762625031161406e+02
5.735621885207567630e+02 7.759964910445372652e+02
5.322185206812329170e+02 7.374190808419479026e+02
4.993009280873544640e+02 7.059534080954895217e+02
4.746855248652719297e+02 6.814072514171517696e+02
4.545003271893400552e+02 6.605428297139127380e+02
4.334776002978119891e+02 6.390524406882543644e+02
4.087724980498073251e+02 6.146634247135669966e+02
3.816372104615821854e+02 5.884342386274562386e+02
3.556209139390797418e+02 5.632314657817075840e+02
3.337127318966709026e+02 5.414117856761623671e+02
3.159785842515316858e+02 5.229763998995946395e+02
2.999234585154349020e+02 5.059249697333515883e+02
2.831062214367846650e+02 4.883470189828519779e+02
2.652622622393373035e+02 4.700587783109588145e+02
2.480460612985865794e+02 4.523506277248663423e+02
2.329692619263190352e+02 4.363671102289729902e+02
2.198523616910247540e+02 4.219443281452494148e+02
2.073276692444994467e+02 4.080349546329580335e+02
1.946531557619997272e+02 3.940872504873793218e+02
1.823289219482052772e+02 3.804791070062765925e+02
1.711294851548923646e+02 3.677743029508346808e+02
1.610005491502983261e+02 3.559188457076574537e+02
1.513277876085713842e+02 3.444609456599552573e+02
1.419021486369872491e+02 3.332514445301584374e+02
1.330341201899289842e+02 3.225088244913872018e+02
1.248844695977551851e+02 3.123384091049939570e+02
1.172266623525090239e+02 3.025766123438550039e+02
1.099026782893984517e+02 2.931131341700894950e+02
1.030072857762477270e+02 2.840083923738656040e+02
9.658096185598606098e+01 2.752864916062213183e+02
9.053379063266048377e+01 2.668834130424633031e+02
8.484422565827544815e+01 2.587812424007021832e+02
7.949356589020872832e+01 2.509645165889670579e+02
7.446384628686757878e+01 2.434187099353437702e+02
6.973783239161156189e+01 2.361301737491531583e+02
6.529901224228700585e+01 2.290860803073725265e+02
6.113158569703129785e+01 2.222743707091534588e+02
5.722028514278724742e+01 2.156835545642618115e+02
5.355013442589874728e+01 2.093024227100603127e+02
5.010690459244194983e+01 2.031203964296088600e+02
4.687716248521202544e+01 1.971275613428189502e+02
4.384822915886927319e+01 1.913146262419446657e+02
4.100814027801566652e+01 1.856728848852105784e+02
3.834560841573836143e+01 1.801941805008978008e+02
3.584998943239921232e+01 1.748708890235351419e+02
3.351127755943074504e+01 1.696961095946024329e+02
3.132005586363131044e+01 1.646635488048908087e+02
2.926743794941059917e+01 1.597672985398715753e+02
2.734504009697738880e+01 1.550018091251056660e+02
2.554495533604854884e+01 1.503618689961250254e+02
2.385972866848300455e+01 1.458425855937217648e+02
2.228233340202765334e+01 1.414393674047897491e+02
2.080614545701358509e+01 1.371479608517987288e+02
1.942491637503009017e+01 1.329645426366864740e+02
1.813276273552964213e+01 1.288855486035056401e+02
1.692414828841449292e+01 1.249076240624951168e+02
1.579386477242465148e+01 1.210276120675896010e+02
1.473701369749236356e+01 1.172425422768644268e+02
1.374898904954617151e+01 1.135496203547477307e+02
1.282546088529815087e+01 1.099462226993788079e+02
1.196235988775545600e+01 1.064299684856753316e+02
1.115586254258309928e+01 1.029986868461992771e+02
1.040237701143994364e+01 9.965032692344843213e+01
9.698529877096033758e+00 9.638294791158402575e+01
9.041153592132422645e+00 9.319471224385853247e+01
8.427274593953825388e+00 9.008387906319732963e+01
7.854102054791384013e+00 8.704879796177318951e+01
7.319016809934796974e+00 8.408792425340874388e+01
6.819560340876801519e+00 8.119986606057599943e+01
6.353426807335514681e+00 7.838330865886669585e+01
5.918454376774586301e+00 7.563699013928521708e+01
5.512616631067019490e+00 7.295969728338364746e+01
5.134014455924893916e+00 7.035026161385077614e+01
4.780868388179658091e+00 6.780755561625655048e+01
4.451511390099788912e+00 6.533049280740594611e+01
4.144381898224683169e+00 6.291810287867255624e+01
3.858017456974356385e+00 6.056951369844585287e+01
3.591048840037933676e+00 5.828385989049726135e+01
3.342194345568549441e+00 5.606027757814915446e+01
3.110254415976862141e+00 5.389790321015767205e+01
2.894106572138062106e+00 5.179587248958696932e+01
2.692700644853030401e+00 4.975331940450075052e+01
2.505054208098713708e+00 4.776941072813221467e+01
2.330248137469548286e+00 4.584345199421537842e+01
2.167422964067132973e+00 4.397475391172071113e+01
