2.470506820623252861e+04 2.454506799516847968e+04
2.495794333931548681e+04 2.479161340531552923e+04
2.519931998243732960e+04 2.502650691994011140e+04
2.542834786713824724e+04 2.524890380891312816e+04
2.564417473712894935e+04 2.545795843696346128e+04
2.584594202661587769e+04 2.565281985644505767e+04
2.603274776115905479e+04 2.583259472082957654e+04
2.620368388468921694e+04 2.599638471819810729e+04
2.635785450965821292e+04 2.614330489730456611e+04
2.649434807619257481e+04 2.627245637028193960e+04
2.661224075043585617e+04 2.638292979251831275e+04
2.671063406359664441e+04 2.647384252177107919e+04
2.678864689104487843e+04 2.654433087837891799e+04
2.684538515670202833e+04 2.659352059421535523e+04
2.687998760298632260e+04 2.662057180040613093e+04
2.689164065831534754e+04 2.662469373677324620e+04
2.687955748636036878e+04 2.660512492561606996e+04
2.684299269489136350e+04 2.656114749351534556e+04
2.678127010771205096e+04 2.649211396031858021e+04
2.669378705231920685e+04 2.639745222548396123e+04
2.658001711481306120e+04 2.627666927791723720e+04
2.643952237125557804e+04 2.612936155293049887e+04
2.627196523715054718e+04 2.595522656422344880e+04
2.607715086721491389e+04 2.575410706668563580e+04
2.585501036232542174e+04 2.552597276872271323e+04
2.560558399748110605e+04 2.527090209157697609e+04
2.532909353531453962e+04 2.498915550110868935e+04
2.502598418340925855e+04 2.468121777127273162e+04
2.469681691547234732e+04 2.434768776467459247e+04
2.434230121265906200e+04 2.398931089675192925e+04
2.396349802658410408e+04 2.360718286856399573e+04
2.356163672116660746e+04 2.320256485747227998e+04
2.313802359329278625e+04 2.277679111551477763e+04
2.269429636667940213e+04 2.233152279412348071e+04
2.223243112807267607e+04 2.186875415399830308e+04
2.175441498668011627e+04 2.139048530829164883e+04
2.126236987818855050e+04 2.089884457468594337e+04
2.075895904699606399e+04 2.039649054898295071e+04
2.024687229175331959e+04 1.988610175393467580e+04
1.972869058242650499e+04 1.937024260295899148e+04
1.920732721340742864e+04 1.885179769023164408e+04
1.868587399213352910e+04 1.833382013345901214e+04
1.816717672813898025e+04 1.781911419986960391e+04
1.765412144573371188e+04 1.731051319779810365e+04
1.715008096493356425e+04 1.681131247392834121e+04
1.665818310138562811e+04 1.632456077462859867e+04
1.618114936415233024e+04 1.585290431713547150e+04
1.572095294096001635e+04 1.539824898151359048e+04
1.527906994497483174e+04 1.496201015054983691e+04
1.485676978692762350e+04 1.454540052080896567e+04
1.445573814406298698e+04 1.415002231923582622e+04
1.407852735257133281e+04 1.377829507384250974e+04
1.372750494279823397e+04 1.343245911427817555e+04
1.340387001875455098e+04 1.311362645348049773e+04
1.310476756759859927e+04 1.281898958768634111e+04
1.282653166711569975e+04 1.254496162229431684e+04
1.256584125011006654e+04 1.228829761215483813e+04
1.231981024814160992e+04 1.204619241794456502e+04
1.208581513479850946e+04 1.181610130925508201e+04
1.186084434195693757e+04 1.159511875291296747e+04
1.164078282327656962e+04 1.137930201127965120e+04
1.142154123203194649e+04 1.116473828084391062e+04
1.119819096860610443e+04 1.094674303655456242e+04
1.096538582489674809e+04 1.072024975627198910e+04
1.071789446187824251e+04 1.048031786807406024e+04
1.045034957023889183e+04 1.022191077227776259e+04
1.015838183342927914e+04 9.940937918225226895e+03
9.839734840825460196e+03 9.635352117665481273e+03
9.493670045969331113e+03 9.304529570552045698e+03
9.122432227441022405e+03 8.950692744140636933e+03
8.729897212351974304e+03 8.577582342724115733e+03
8.322594691617254284e+03 8.191441884320801364e+03
7.907867923268088816e+03 7.799250842262657898e+03
7.493949522657713715e+03 7.408792864972727330e+03
7.089038367749928511e+03 7.027783695896316203e+03
6.701423011398110248e+03 6.663989971328009233e+03
6.339279516912314648e+03 6.324988423821465403e+03
6.010012646126569962e+03 6.017627970605159135e+03
5.719002510199115932e+03 5.746793927404777605e+03
5.469808671000272625e+03 5.515648860573930506e+03
5.261620849500010991e+03 5.323279191836562859e+03
5.090806010198433796e+03 5.166137217316321767e+03
4.949500007556894161e+03 5.036795751931841551e+03
4.828054450779149192e+03 4.926187982603786622e+03
4.715028451055891310e+03 4.823633908731754673e+03
4.599007405840048705e+03 4.718496942018617119e+03
4.469469038157941213e+03 4.600974009554401164e+03
4.318471161390346424e+03 4.463676510840720766e+03
4.142121804032991349e+03 4.302993231796024702e+03
3.941166354897548899e+03 4.119641837634042531e+03
3.721071224429174435e+03 3.918763285808593537e+03
3.490980767316627862e+03 3.708907566105560363e+03
3.262770625154883419e+03 3.501104009933125326e+03
3.049559328287764856e+03 3.307448468199784656e+03
2.863091534729822797e+03 3.138648646631105294e+03
2.709848439476559633e+03 3.000481281791102901e+03
2.589186104505262847e+03 2.892194684308360593e+03
2.494779494883261577e+03 2.807887766339740665e+03
2.417132509061289056e+03 2.738823247860504125e+03
2.344845744158013531e+03 2.674563216914538316e+03
2.265649915439701545e+03 2.603882176034830081e+03
2.170200738501797787e+03 2.518238458106582129e+03
2.056765340478785674e+03 2.416089685476606064e+03
1.931317349188027947e+03 2.302976401755808638e+03
1.803809081161997028e+03 2.188040732849094184e+03
1.684807698087292920e+03 2.080876735607619594e+03
1.583092525263616608e+03 1.989321528170405372e+03
1.501872847516549427e+03 1.916115669785099044e+03
1.437631664855353165e+03 1.857983474740164866e+03
1.382300044613553609e+03 1.807644693178710668e+03
1.326057456128658032e+03 1.756313553796278029e+03
1.261893223996841016e+03 1.697766651481136932e+03
1.189651431471265369e+03 1.631941586048596719e+03
1.114487766207144887e+03 1.563499736127516599e+03
1.043470547995301786e+03 1.498709199211412397e+03
9.824692787324713663e+02 1.442660325774164448e+03
9.322659339685217219e+02 1.395926945114033288e+03
8.886506937292436987e+02 1.354772842937760970e+03
8.459503701217548723e+02 1.314271529413880216e+03
8.003204501309393208e+02 1.271148309599735740e+03
7.523686087163081311e+02 1.225990945332914180e+03
7.060267809258740499e+02 1.182186761823023744e+03
6.646070658783801264e+02 1.142507443667983125e+03
6.286371808427516044e+02 1.107329572266050718e+03
5.957609556868254685e+02 1.074644404005683100e+03
5.631222928333990012e+02 1.042093099807983663e+03
5.300456499155621941e+02 1.009156483738337897e+03
4.980813078681426873e+02 9.771180976981225967e+02
4.688646581776388302e+02 9.472775999966024756e+02
4.424361981412222349e+02 9.196298907980866488e+02
4.174948564617423017e+02 8.931299446966918367e+02
3.930742976568109270e+02 8.670328592302754487e+02
3.695183635721865016e+02 8.416150768262535848e+02
3.475723314105974282e+02 8.174351327271717764e+02
3.272871098493264412e+02 7.945108971492849150e+02
3.080820800228001417e+02 7.724024373297179409e+02
2.896469071271582720e+02 7.508851220705048490e+02
2.722044703771686045e+02 7.301166318315032413e+02
2.559173693319730774e+02 7.102005354458526654e+02
2.405959149684391889e+02 6.909955951524627835e+02
2.260440236515732124e+02 6.723646952929385634e+02
2.123018934117515926e+02 6.543299647103689267e+02
1.994037822619482085e+02 6.369056105024818635e+02
1.872617378535770740e+02 6.200283986049507803e+02
1.758121036277830171e+02 6.036535684534544544e+02
1.650199642406785756e+02 5.877534694026736588e+02
1.548524030908730822e+02 5.723020585465040995e+02
1.452776805960093043e+02 5.572749627988591783e+02
1.362652377615086152e+02 5.426493799268509974e+02
1.277856942157776956e+02 5.284039870282280162e+02
1.198108412830095517e+02 5.145188557999133536e+02
1.123135024731338945e+02 5.009753000563415526e+02
1.052667706008591182e+02 4.877553404311881877e+02
9.864473171844670674e+01 4.748419958100236613e+02
9.242288955439063614e+01 4.622194832144808174e+02
8.657809419901096248e+01 4.498731555706791028e+02
8.108847196484647668e+01 4.377894424232699180e+02
7.593335868807169220e+01 4.259557945216758981e+02
7.109323792499182559e+01 4.143606387827962863e+02
6.654976775897040397e+01 4.029937178868129308e+02
6.228574013660242770e+01 3.918461978366466951e+02
5.828487871486974115e+01 3.809100160677776898e+02
5.453178248769319225e+01 3.701777903517844948e+02
5.101188433761313945e+01 3.596427843342980282e+02
4.771141112104516679e+01 3.492988744810099320e+02
4.461734526381673049e+01 3.391405182719682898e+02
4.171738116414730513e+01 3.291628175291425009e+02
3.899986203232671045e+01 3.193619112689212898e+02
3.645377900964955131e+01 3.097345395230652798e+02
3.406875205672843521e+01 3.002778126168152539e+02
3.183499666243634252e+01 2.909891876013375622e+02
2.974329211023130526e+01 2.818664454103590060e+02
2.778495125976088787e+01 2.729076684411507472e+02
2.595179183880611973e+01 2.641112355862527465e+02
2.423611077911448675e+01 2.554763512961506819e+02
2.263065798814958995e+01 2.470030570398350562e+02
2.112860922678983044e+01 2.386914847015887915e+02
1.972354260661553482e+01 2.305417981528532039e+02
1.840941639953706854e+01 2.225541812588088533e+02
1.718054795740750507e+01 2.147288262225968367e+02
1.603159369442877846e+01 2.070659222887913131e+02
1.495752930224497312e+01 1.995658919387282424e+02
1.395362944661103732e+01 1.922301607876859748e+02
1.301545393238073700e+01 1.850602129248648566e+02
1.213883240012157216e+01 1.780572631309085239e+02
1.131984877377924370e+01 1.712222615020482976e+02
1.055482654197660430e+01 1.645558986167415014e+02
9.840314832866505768e+00 1.580586112038827480e+02
9.173075221788520750e+00 1.517306134993768865e+02
8.550068843234187810e+00 1.455724167153136932e+02
7.968444784514115753e+00 1.395847173407733237e+02
7.425529468934645827e+00 1.337678340472291154e+02
6.918816134163341403e+00 1.281217038946969353e+02
6.445954878457548887e+00 1.226459033145439861e+02
6.004743266718566730e+00 1.173396691872400766e+02
5.593117467379616237e+00 1.122019199242283918e+02
5.209143733034344415e+00 1.072313497798257060e+02
4.851010206149418025e+00 1.024266058570200215e+02
4.517020032765002746e+00 9.778607322632119292e+01
4.205584460622301179e+00 9.330784073422194069e+01
