3.107156538215104956e+04 3.095836680735506161e+04
3.126059112774432651e+04 3.114347562907300016e+04
3.143058515511498990e+04 3.130949705899609398e+04
3.158049498799715366e+04 3.145538498152654574e+04
3.170922384404166587e+04 3.158005123267196905e+04
3.181569782771385144e+04 3.168243139355495441e+04
3.189886136691148567e+04 3.176148024616966723e+04
3.195760551853987272e+04 3.181610080755387025e+04
3.199083562552266812e+04 3.184521145373704712e+04
3.199751071171169315e+04 3.184778502446922357e+04
3.197658847879287350e+04 3.182279507981839561e+04
3.192701915730048495e+04 3.176921004147408166e+04
3.184782997018498281e+04 3.168607606461287651e+04
3.173811623716941904e+04 3.157250864528745660e+04
3.159696991243452794e+04 3.142762349879473550e+04
3.142356648025895265e+04 3.125062106008053888e+04
3.121720254223986558e+04 3.104082315614028630e+04
3.097724913584328533e+04 3.079762934474659778e+04
3.070316372014123772e+04 3.052052859658961461e+04
3.039455851995429475e+04 3.020916407936826363e+04
3.005120158381609872e+04 2.986333559521760981e+04
2.967299803330493887e+04 2.948298506921647277e+04
2.926002982161904583e+04 2.906823058288968605e+04
2.881257381117585828e+04 2.861938293997438086e+04
2.833114410447394039e+04 2.813699375304272326e+04
2.781648494271799791e+04 2.762184612112399554e+04
2.726953863851297865e+04 2.707491651154501960e+04
2.669151413373588366e+04 2.649744600454826286e+04
2.608400299732672647e+04 2.589106141951897371e+04
2.544879292777735100e+04 2.525757979833799254e+04
2.478785064115810019e+04 2.459898983855199913e+04
2.410362552606687677e+04 2.391776245553365879e+04
2.339887344741221386e+04 2.321667057719022341e+04
2.267639232509828435e+04 2.249851899233377844e+04
2.193930685078864190e+04 2.176643078598930879e+04
2.119137831849007125e+04 2.102415923409245443e+04
2.043629834085089897e+04 2.027537833920312187e+04
1.967765556891228698e+04 1.952364956003062980e+04
1.891962066672597211e+04 1.877310581249001916e+04
1.816641829470625089e+04 1.802792641864608959e+04
1.742184616820199153e+04 1.729185891398437889e+04
1.669003068620946215e+04 1.656895919690903247e+04
1.597588489430716982e+04 1.586404192450624760e+04
1.528368902284625801e+04 1.518129591345675908e+04
1.461697333589861955e+04 1.452416879217076712e+04
1.397855190691741700e+04 1.389538491182934558e+04
1.337061551903184227e+04 1.329705331549317634e+04
1.279484878547288827e+04 1.273079252521581111e+04
1.225403748049925343e+04 1.219926590871900953e+04
1.175255342273822316e+04 1.170665083730752303e+04
1.129404953326571376e+04 1.125644596256108525e+04
1.088035022397717330e+04 1.085037109382846938e+04
1.050923198828417480e+04 1.048615229012880263e+04
1.017795279519100768e+04 1.016101255266439512e+04
9.883961337436452595e+03 9.872371064388356899e+03
9.624517378816330165e+03 9.617462314319393045e+03
9.397117628334024630e+03 9.393756110694699601e+03
9.198651355687637988e+03 9.198142514375451356e+03
9.024669660646690318e+03 9.026222332244469726e+03
8.870793043943995144e+03 8.873667544047040792e+03
8.731229807744823120e+03 8.734821048673116820e+03
8.599546729515466723e+03 8.603425621699836483e+03
8.468615627282733840e+03 8.472590382995111213e+03
8.330017459565484387e+03 8.334236822489672704e+03
8.175564383797239316e+03 8.180539942885774508e+03
7.997207403226064343e+03 8.003887053935646691e+03
7.788100505755111953e+03 7.797837314824356326e+03
7.544019567827659557e+03 7.558524084489230518e+03
7.262830604896910700e+03 7.284070944936706837e+03
6.945448877380465092e+03 6.975541104924952378e+03
6.595247117698594593e+03 6.636298023467958956e+03
6.218783144375626762e+03 6.272724938090383148e+03
5.824309673975530131e+03 5.892760782576173369e+03
5.421488210923511360e+03 5.505644089482235358e+03
5.021939049863181026e+03 5.122392495754911579e+03
4.637100235097357654e+03 4.753838687734992163e+03
4.278907645873840011e+03 4.411156149161675785e+03
3.957744145038047463e+03 4.104091127496342779e+03
3.681431678608770198e+03 3.839827265967601306e+03
3.454704889936480868e+03 3.622686854884073000e+03
3.277951767592028773e+03 3.452803993917874323e+03
3.148393811131753864e+03 3.327368593086066539e+03
3.059787431730594108e+03 3.240300040402183186e+03
3.002978219650470237e+03 3.182855018489183294e+03
2.966598750397984986e+03 3.144273792126090939e+03
2.936995574712311736e+03 3.111784551016652131e+03
2.899932728369506094e+03 3.072190409573559918e+03
2.842152985692728180e+03 3.013322336561226166e+03
2.753538299583005482e+03 2.926005798751729344e+03
2.628977575306830204e+03 2.805749377431725406e+03
2.469659330174417846e+03 2.653869284712247008e+03
2.283867434123771545e+03 2.478153114516625919e+03
2.086285453504415727e+03 2.292176655338485944e+03
1.894883628376919205e+03 2.112410069747509624e+03
1.725748986684958027e+03 1.953465975123827548e+03
1.589287806394074096e+03 1.824676636802619896e+03
1.489664973327327971e+03 1.729630047255466707e+03
1.425668824147018995e+03 1.667002876499811919e+03
1.390577321767849753e+03 1.630501841113316914e+03
1.371725191460092674e+03 1.608550250624427235e+03
1.352801113210399308e+03 1.586432623975528259e+03
1.319176061994538713e+03 1.551097459401627248e+03
1.262097024297921962e+03 1.494865529896593671e+03
1.180876632592188571e+03 1.417308943822151377e+03
1.083436345568083880e+03 1.325642816884748527e+03
9.840468652847680460e+02 1.232612956031989143e+03
8.971720640400295679e+02 1.150979991779479406e+03
8.321139229060215712e+02 1.088810566569768071e+03
7.907636596532780686e+02 1.047578202906978731e+03
7.669424338421663379e+02 1.021703663329735036e+03
7.488847170865756198e+02 1.000830483179426778e+03
7.247620667743493641e+02 9.746858544030621943e+02
6.873729044244026909e+02 9.371239142206613906e+02
6.374013007896542149e+02 8.888680644306812155e+02
5.834518157179234095e+02 8.374197453381722198e+02
5.360303576790047373e+02 7.917770212687030380e+02
5.012879378540520179e+02 7.570899097263022668e+02
4.786043325622490556e+02 7.327024224187824757e+02
4.612658406939856945e+02 7.128548663836627384e+02
4.411441396816149449e+02 6.907026406614007783e+02
4.143770358644389376e+02 6.630730119534871392e+02
3.833284289353089207e+02 6.320151875513968207e+02
3.541709270901677655e+02 6.026764047736274961e+02
3.314997973606207324e+02 5.787987659626602408e+02
3.148180770302279825e+02 5.598975672502344878e+02
2.997920092924771893e+02 5.423963213579427247e+02
2.825642337394224342e+02 5.231813671352065285e+02
2.630786256934781591e+02 5.022503743423263245e+02
2.444843757346331472e+02 4.821452486805922035e+02
2.292394897240999114e+02 4.647942117836573743e+02
2.166778721808466344e+02 4.496299831351386160e+02
2.043401603931427815e+02 4.347100901368720542e+02
1.911145943094583401e+02 4.191849559938536345e+02
1.781694989279811807e+02 4.039707928250347209e+02
1.669065058235257197e+02 3.901296704024798032e+02
1.570381328440707307e+02 3.774216721248250792e+02
1.473936891628228523e+02 3.649592358802445347e+02
1.377347205101475538e+02 3.525712247273492039e+02
1.287663828155131114e+02 3.407783293164288239e+02
1.207469331388821985e+02 3.297584066061540398e+02
1.131853201800504962e+02 3.191486805371887385e+02
1.058441159066178443e+02 3.087809161471651009e+02
9.891769044730449423e+01 2.987853654682773481e+02
9.248399296502309141e+01 2.892135641758232509e+02
8.649893259799530654e+01 2.800352334582428853e+02
8.091793512279957667e+01 2.712183325796698909e+02
7.570193802369664127e+01 2.627334775365048358e+02
7.081669616796338573e+01 2.545537249224082927e+02
6.623218432760843655e+01 2.466543793487609264e+02
6.192314710453468507e+01 2.390138184822887979e+02
5.787395120441136243e+01 2.316186621972225055e+02
5.407237821996449867e+01 2.244589585500075657e+02
5.050636885847434598e+01 2.175252647977785330e+02
4.716406967126057737e+01 2.108086115973062533e+02
4.403388086438123850e+01 2.043004772462114431e+02
4.110449645347311076e+01 1.979927634414690090e+02
3.836493043813472070e+01 1.918777657047500895e+02
3.580400988090197956e+01 1.859476105135832142e+02
3.341020167256208140e+01 1.801939258065009142e+02
3.117263819251758861e+01 1.746087676498153201e+02
2.908117238558136464e+01 1.691846902758909721e+02
2.712632808429810893e+01 1.639147162421818109e+02
2.529925392879452417e+01 1.587923085368271927e+02
2.359168061029907193e+01 1.538113444714510933e+02
2.199589853680105378e+01 1.489661440781010526e+02
2.050484064385425143e+01 1.442518360980590160e+02
1.911193710322999451e+01 1.396640560888527318e+02
1.781100407818176024e+01 1.351986785801833264e+02
1.659622268647528998e+01 1.308518016656593375e+02
1.546211955876459676e+01 1.266197343724840181e+02
1.440354825822552165e+01 1.224989846766565336e+02
1.341567147804164861e+01 1.184862483199010796e+02
1.249393321244165911e+01 1.145784355706675228e+02
1.163403418019853319e+01 1.107726983205575522e+02
1.083194178063116730e+01 1.070663399682219108e+02
1.008387750704208230e+01 1.034567954217638714e+02
9.386301600402278567e+00 9.994162325860258989e+01
8.735898581236819282e+00 9.651849824575600678e+01
8.129563612948578211e+00 9.318520420177075891e+01
7.564389845549153613e+00 8.993963457357190805e+01
7.037658178034650547e+00 8.677986128148501166e+01
6.546824440870016915e+00 8.370408546245131731e+01
6.089507153213062018e+00 8.071057320154572778e+01
5.663477546809261298e+00 7.779765021186565832e+01
5.266650190675952636e+00 7.496369771326999398e+01
4.897074159081725497e+00 7.220714850796720441e+01
4.552924713397619172e+00 6.952648328613672390e+01
4.232495191983747240e+00 6.692025649749388094e+01
3.934189272785147296e+00 6.438713815124505402e+01
3.656514836606620467e+00 6.192583291232634934e+01
3.398077544877824430e+00 5.953506305203192994e+01
3.157574657244833105e+00 5.721356686473635023e+01
2.933789222657466667e+00 5.496009719986771103e+01
2.725584622705288229e+00 5.277342010657302751e+01
2.531899426965838362e+00 5.065231949914285536e+01
2.351742303929762912e+00 4.859568129343980303e+01
2.184187664386489036e+00 4.660245697321818881e+01
2.028371694821855975e+00 4.467158221209810876e+01
1.883488363075193517e+00 4.280197586148004518e+01
1.748785665670371969e+00 4.099254130637437754e+01
