2.096853436870928635e+04 2.090805157743766904e+04
2.110780771763435769e+04 2.104516120913503619e+04
2.123464726852164677e+04 2.116979936739719415e+04
2.134834624281332799e+04 2.128126267557470419e+04
2.144821067508443957e+04 2.137886095139421741e+04
2.153352999991137403e+04 2.146188792943345106e+04
2.160356992521205757e+04 2.152961419857318833e+04
2.165761767387373766e+04 2.158133229788918834e+04
2.169497559283670853e+04 2.161635047897486584e+04
2.171491777415085016e+04 2.163394990554408287e+04
2.171673970837121306e+04 2.163343378792908698e+04
2.169977858834620929e+04 2.161414750963835831e+04
2.166337475383665878e+04 2.157544085476227701e+04
2.160688169155059222e+04 2.151667792203656791e+04
2.152971358812011385e+04 2.143728388865481975e+04
2.143133350668465573e+04 2.133673370231896115e+04
2.131122145027406441e+04 2.121452125988092666e+04
2.116892948545552281e+04 2.107021297730820152e+04
2.100409637819714408e+04 2.090346218467526342e+04
2.081642479662193364e+04 2.071398827210253512e+04
2.060569982540417550e+04 2.050159419019824782e+04
2.037181534995665425e+04 2.026619121883118351e+04
2.011478171074694183e+04 2.000780804028430066e+04
1.983473216235505242e+04 1.972659855539548153e+04
1.953192218106830478e+04 1.942283792595149134e+04
1.920674162105028518e+04 1.909693465809686313e+04
1.885977888791036821e+04 1.874949803001363762e+04
1.849177410330180646e+04 1.838128837461842704e+04
1.810358527285057062e+04 1.799318112592311809e+04
1.769629822454687383e+04 1.758627915332233533e+04
1.727125488607350053e+04 1.716194153060989993e+04
1.682988286103473365e+04 1.672160908221012869e+04
1.637374689663740719e+04 1.626685615572642200e+04
1.590480216835868305e+04 1.579964642566664406e+04
1.542509936675173776e+04 1.532203503936140078e+04
1.493667639015073109e+04 1.483605926743929012e+04
1.444191768711173245e+04 1.434409800137527782e+04
1.394347180780889903e+04 1.384878954241278734e+04
1.344382710868512368e+04 1.335260776612621157e+04
1.294550193930940259e+04 1.285805075304183993e+04
1.245146449428336746e+04 1.236805717595455826e+04
1.196448155489971032e+04 1.188536216436525501e+04
1.148702511243257322e+04 1.141240490166360360e+04
1.102187407571657059e+04 1.095191698303074918e+04
1.057180906236434203e+04 1.050662601712499782e+04
1.013914592525525404e+04 1.007880162129445853e+04
9.725944621049098714e+03 9.670453090856693962e+03
9.334224038649221256e+03 9.283533406245216611e+03
8.965626451294248909e+03 8.919628908659424269e+03
8.621449244929117413e+03 8.579989084112397904e+03
8.302873002605801958e+03 8.265723902575658940e+03
8.010896651820073203e+03 7.977760875525831580e+03
7.746262474516139264e+03 7.716785785863117781e+03
7.508477459668162737e+03 7.482265919140158076e+03
7.295959219233439399e+03 7.272590778339154895e+03
7.107236336797077456e+03 7.086263981718049763e+03
6.940183888428940008e+03 6.921155731667495274e+03
6.792014662248854620e+03 6.774491905966858212e+03
6.660108912736197453e+03 6.643664695121632576e+03
6.541314326944838285e+03 6.525561765521264533e+03
6.432270625342826861e+03 6.416876253493431250e+03
6.329279512020853872e+03 6.313985519504086369e+03
6.227340213498705452e+03 6.212033478456729426e+03
6.121413281047634882e+03 6.106137535754722194e+03
6.005943223069401938e+03 5.990961292637694896e+03
5.875413357902357347e+03 5.861227584179594487e+03
5.725210260767171349e+03 5.712567443983238263e+03
5.551771488342466000e+03 5.541650507924463454e+03
5.353505198144553106e+03 5.347052240127060031e+03
5.131023672291505136e+03 5.129474498242187110e+03
4.886557159747490914e+03 4.891157891168083552e+03
4.623876555941934384e+03 4.635804567406709793e+03
4.348400808151845922e+03 4.368661919575566571e+03
4.066590888837026341e+03 4.095946540178225405e+03
3.785660612125135685e+03 3.824563370701795520e+03
3.513062091022401546e+03 3.561609054918384572e+03
3.256993308039693147e+03 3.314844423238876061e+03
3.024300832868500493e+03 3.090748822210305661e+03
2.821117567834758574e+03 2.895041239390857754e+03
2.651161277088187489e+03 2.731178052357952311e+03
2.515503194306419118e+03 2.600033428005846872e+03
2.412609138965337024e+03 2.500036350391517772e+03
2.338529974185361425e+03 2.427305194878466409e+03
2.287148329082495366e+03 2.375948644130690809e+03
2.250933495171160303e+03 2.338768071386280553e+03
2.220792621458223948e+03 2.307170041959799164e+03
2.187259928756061072e+03 2.272285589960877132e+03
2.141327185817845930e+03 2.225753654402104075e+03
2.076076321620406361e+03 2.161234855525509374e+03
1.987763940399953754e+03 2.075386591431520174e+03
1.876503435437838789e+03 1.968451069161013720e+03
1.746670578796106156e+03 1.844599475751704631e+03
1.607019832370152926e+03 1.712011139466088707e+03
1.469203738088082673e+03 1.581467967255072381e+03
1.344621910850579525e+03 1.463454047713502860e+03
1.241340386267527265e+03 1.365330229186837414e+03
1.162770538438849371e+03 1.290126304975856556e+03
1.108391766783720414e+03 1.237235186105631328e+03
1.074449843782764447e+03 1.203086875366463573e+03
1.053493783253471292e+03 1.180768438349605731e+03
1.034992243360079101e+03 1.160638713416314204e+03
1.008466817770238549e+03 1.133208378576025098e+03
9.675211124010278354e+02 1.092770959634209021e+03
9.110238071186614661e+02 1.038413868741366286e+03
8.430016863995866743e+02 9.738627875122742807e+02
7.718550792942774024e+02 9.067251267333033411e+02
7.072353737152151325e+02 8.456559390574244617e+02
6.559986796485559353e+02 7.967345781116766830e+02
6.203711431956124898e+02 7.618544634055583629e+02
5.975197094453246791e+02 7.383935262832603712e+02
5.803146209240122744e+02 7.199558572485087780e+02
5.608053529488287268e+02 6.994966346258011072e+02
5.339202791439034854e+02 6.725854427229435260e+02
4.990238311418796684e+02 6.387305623559582273e+02
4.604229401517134193e+02 6.017630035515786631e+02
4.248043583952879203e+02 5.675391681653520664e+02
3.967100741189209998e+02 5.399783014884555996e+02
3.766221562429903997e+02 5.194358226732693993e+02
3.611493011413553518e+02 5.029248714896771730e+02
3.451961029101704526e+02 4.860372634243900620e+02
3.257149446510871371e+02 4.661779023732306655e+02
3.034131535054168580e+02 4.439885937694739937e+02
2.815731774776547809e+02 4.222862765697850591e+02
2.633206220867372735e+02 4.037097647977791439e+02
2.490591594488441558e+02 3.885650807263978663e+02
2.365879311117310806e+02 3.749726404369230295e+02
2.234533575192206456e+02 3.608741392663400234e+02
2.090874138343291406e+02 3.458113843067689004e+02
1.949742229913118763e+02 3.310281555370486331e+02
1.826829187378550046e+02 3.178134949789496204e+02
1.722726507353848717e+02 3.061973120729475681e+02
1.624644635893853888e+02 2.951223175148167570e+02
1.524178733907426704e+02 2.839072119653584991e+02
1.424954285327404762e+02 2.728508232788715304e+02
1.334984375196480926e+02 2.625945687200130010e+02
1.254866215308327924e+02 2.531765683153254827e+02
1.178843158501844641e+02 2.441337545519657226e+02
1.104155410468641350e+02 2.352487495672486375e+02
1.033532393256905095e+02 2.267353898415842650e+02
9.690923349226650885e+01 2.187540897718041037e+02
9.089405907806469997e+01 2.111538406800302710e+02
8.512942559525191655e+01 2.037964391132775006e+02
7.968264932057665817e+01 1.967315518318791590e+02
7.458387949753910107e+01 1.899780322123743872e+02
6.981560615791519808e+01 1.835213254423381386e+02
6.535290605524001251e+01 1.773415625139242309e+02
6.117312138462799709e+01 1.714203662050746004e+02
5.725563321475782175e+01 1.657407326334215441e+02
5.358165765229831123e+01 1.602869226545626589e+02
5.013406372541708578e+01 1.550443633253565281e+02
4.689724215679169816e+01 1.499995873883032402e+02
4.385812485919333881e+01 1.451412590349436584e+02
4.100602932095200970e+01 1.404602748710203741e+02
3.833080245017345078e+01 1.359481575856507334e+02
3.582269634453499663e+01 1.315969128167711517e+02
3.347236752549157757e+01 1.273989992957324660e+02
3.127087419684867697e+01 1.233473010330718722e+02
2.920967176269024890e+01 1.194351013920846611e+02
2.728055639789825548e+01 1.156560039489248197e+02
2.547539957863564553e+01 1.120036079745333950e+02
2.378641900914978891e+01 1.084717491227491450e+02
2.220631225768327255e+01 1.050546409766513563e+02
2.072822789640007457e+01 1.017468518142048026e+02
1.934573791719808966e+01 9.854328250102655318e+01
1.805281183348697738e+01 9.543914592208810177e+01
1.684379260232477193e+01 9.242994868246550766e+01
1.571339873942605614e+01 8.951156627427491230e+01
1.465671578333000902e+01 8.668029419135204705e+01
1.366912494925977484e+01 8.393265649840606102e+01
1.274628120123661112e+01 8.126537239162026083e+01
1.188409829148142194e+01 7.867534497816897954e+01
1.107873451784933394e+01 7.615965072742486086e+01
1.032657917261691161e+01 7.371552954524115364e+01
9.624238863569182456e+00 7.134038042334023544e+01
8.968518334119703894e+00 6.903179896523927539e+01
8.356414400839740964e+00 6.678754098193113009e+01
7.785110190939671604e+00 6.460548096973225540e+01
7.251964190235971053e+00 6.248360497000219738e+01
6.754499825331313545e+00 6.042000426002775271e+01
6.290395627622606511e+00 5.841286937384758460e+01
5.857475949504238777e+00 5.646048445522669823e+01
5.453702321616233029e+00 5.456123994811229494e+01
5.077165345546156949e+00 5.271365588020243109e+01
4.726076563464943092e+00 5.091632976378389941e+01
4.398761066117105933e+00 4.916792325413931763e+01
4.093650586118923407e+00 4.746715841333379160e+01
3.809276988357940485e+00 4.581281415238454002e+01
3.544266136376805765e+00 4.420372284265231855e+01
3.297332098183952898e+00 4.263876831058568229e+01
3.067271448135386436e+00 4.111690280736878833e+01
2.852958273853381410e+00 3.963713758596041714e+01
2.653339622383175112e+00 3.819852027987847265e+01
2.467430949370892357e+00 3.680013197738306019e+01
2.294311830948004172e+00 3.544108507854321743e+01
2.133121932441340185e+00 3.412052125763946009e+01
1.983057219425492956e+00 3.283760952711733694e+01
1.843366346551503332e+00 3.159155295286590004e+01
1.713347179993194302e+00 3.038161151579275199e+01
1.592343859197615785e+00 2.920706943491758523e+01
1.479743896936448699e+00 2.806722405647023066e+01
