2.518359599672681725e+04 2.502862138566941940e+04
2.543975026596341559e+04 2.527869254077926234e+04
2.568479473732464248e+04 2.551751066426472244e+04
2.591791532577613179e+04 2.574426438612311176e+04
2.613829377982177903e+04 2.595813914966670563e+04
2.634507728138757011e+04 2.615828855827750522e+04
2.653739765962432284e+04 2.634385285837780975e+04
2.671439431575612616e+04 2.651398091696168922e+04
2.687518882220828527e+04 2.666780495114732548e+04
2.701886547745776988e+04 2.680442123216915934e+04
2.714452213509822468e+04 2.692294078577604523e+04
2.725127217355918765e+04 2.702249153236677739e+04
2.733820405342397498e+04 2.710217885269090402e+04
2.740441831242459375e+04 2.716112193881592248e+04
2.744905368877816727e+04 2.719847947199148621e+04
2.747125626609229585e+04 2.721341976933219121e+04
2.747017369925909225e+04 2.720511534627178480e+04
2.744500825376695866e+04 2.717279461889980303e+04
2.739501740400106064e+04 2.711574285223950210e+04
2.731948566418060000e+04 2.703327585012151758e+04
2.721776386245917456e+04 2.692477733201539377e+04
2.708928879066633453e+04 2.678971779494156362e+04
2.693357832443976440e+04 2.662765180237353707e+04
2.675023856508199970e+04 2.643822481003120265e+04
2.653898209645795941e+04 2.622118876894477216e+04
2.629964611433658501e+04 2.597642112802000338e+04
2.603222435880881676e+04 2.570395933019711811e+04
2.573683911771788553e+04 2.540396887717879508e+04
2.541374380579873468e+04 2.507674487522249910e+04
2.506342413851417223e+04 2.472281637632817728e+04
2.468656445025251742e+04 2.434291085602984458e+04
2.428396612402195387e+04 2.393786921079336753e+04
2.385664950245646469e+04 2.350874879327394228e+04
2.340599095774076341e+04 2.305696199904669629e+04
2.293347980296941023e+04 2.258402897866421335e+04
2.244071154646826108e+04 2.209157015920491540e+04
2.192972346246079906e+04 2.158164285208909132e+04
2.140276868923701841e+04 2.105651386957284194e+04
2.086207758739114433e+04 2.051841985015576574e+04
2.031016325324392528e+04 1.996987054639916823e+04
1.975001796932591242e+04 1.941384349975869918e+04
1.918452586063706258e+04 1.885320103395611295e+04
1.861648959519217169e+04 1.829071646861953923e+04
1.804916856983885373e+04 1.772960393598460359e+04
1.748579338732768883e+04 1.717304117437666719e+04
1.692928548162091829e+04 1.662389450719456727e+04
1.638280009239852552e+04 1.608524335306920693e+04
1.584983150189627304e+04 1.556048277618999964e+04
1.533346719380208015e+04 1.505260632776211787e+04
1.483628829893677721e+04 1.456410776338055075e+04
1.436014285639185982e+04 1.409674959217093419e+04
1.390647746814788479e+04 1.365190064896913100e+04
1.347652413827929922e+04 1.323072242241060303e+04
1.307215612109291396e+04 1.283496988871039139e+04
1.269580789065699901e+04 1.246691912627896818e+04
1.234961616428217167e+04 1.212856743304336305e+04
1.203377144117364878e+04 1.182003723996700501e+04
1.174473265097039257e+04 1.153784430430530483e+04
1.147880677779305006e+04 1.127836214598883817e+04
1.123268797237145736e+04 1.103835011960421616e+04
1.100346882444438597e+04 1.081497195617804573e+04
1.078846481218781082e+04 1.060561115613039328e+04
1.058421097934446516e+04 1.040692200294219401e+04
1.038628881513002852e+04 1.021466452285735249e+04
1.019028126397136475e+04 1.002460674690355518e+04
9.990605555346739493e+03 9.831446607066309298e+03
9.781538502501935000e+03 9.629755993816106638e+03
9.557291610146559833e+03 9.414076781718664279e+03
9.312100198092886785e+03 9.178998176013881675e+03
9.041589684640774067e+03 8.920433672610615758e+03
8.743454064328299864e+03 8.636292649484888898e+03
8.417195478469780937e+03 8.326177392362809769e+03
8.065199555732331646e+03 7.992442384424666670e+03
7.691612746633057213e+03 7.639071678473791508e+03
7.303097642195500157e+03 7.272426047168219156e+03
6.907125214197676542e+03 6.899585238466527699e+03
6.511925459806689105e+03 6.528317383670412710e+03
6.126011925566457649e+03 6.166609823868932835e+03
5.757876271212312531e+03 5.822402385963237975e+03
5.416247222337698076e+03 5.503735169060719272e+03
5.108517172432847474e+03 5.217438947490746614e+03
4.840153901740401125e+03 4.968409703982604697e+03
4.614407651515833095e+03 4.759516111244249259e+03
4.430046561594189370e+03 4.589416735680434613e+03
4.283186218070452924e+03 4.454341856758267568e+03
4.166033858577730825e+03 4.346945447191235871e+03
4.068983933494610483e+03 4.258249899825779721e+03
3.980878942236549392e+03 4.177885993332654834e+03
3.890130257467486445e+03 4.095125154787052452e+03
3.786094594770186632e+03 4.000123306065415363e+03
3.660396101996315338e+03 3.885142967250766105e+03
3.508839240074717054e+03 3.746345180853941201e+03
3.331819362603455374e+03 3.584156371534075333e+03
3.134319175009311493e+03 3.403270312396876307e+03
2.925391495058702731e+03 3.212146446450444273e+03
2.717413545143567262e+03 3.022230122850129192e+03
2.524042129374093747e+03 2.846009538831912323e+03
2.356869278604269311e+03 2.693953167921699333e+03
2.221959110904684621e+03 2.571378426134983329e+03
2.118616648454865299e+03 2.477447819414639525e+03
2.041233275786251625e+03 2.406939703842145718e+03
1.981108801162685950e+03 2.351915186663337863e+03
1.926720272908800553e+03 2.301943332498626205e+03
1.865269605198211821e+03 2.245470153896656484e+03
1.787431060880627683e+03 2.174105646441320914e+03
1.691601914022551000e+03 2.086481824688215966e+03
1.582962660620406950e+03 1.987389637102593269e+03
1.470832988835192509e+03 1.885307846043556538e+03
1.366135436129022992e+03 1.790012382276689323e+03
1.277885279464461291e+03 1.709402973408020671e+03
1.209347869352543285e+03 1.646185221199607213e+03
1.157522352526613759e+03 1.597561044817309266e+03
1.114660773334011310e+03 1.556651053180211420e+03
1.070836071771010893e+03 1.514757126727715558e+03
1.019134421593613979e+03 1.465888963969142651e+03
9.590455295617946376e+02 1.409701699038044126e+03
8.950737798772589713e+02 1.350210197317502661e+03
8.343976709071165487e+02 1.293640453690759614e+03
7.830906746290421552e+02 1.245113149041534598e+03
7.420655222049714439e+02 1.205273813137374418e+03
7.075591258296827846e+02 1.170847824495497889e+03
6.739420893059714217e+02 1.137083665936886973e+03
6.371412313581492981e+02 1.100623859020981627e+03
5.976220438566205075e+02 1.061934368308323201e+03
5.590611322516550672e+02 1.024089313527423428e+03
5.248770849184604685e+02 9.898490829061660179e+02
4.958792363927043425e+02 9.597911173282971049e+02
4.698211106882836816e+02 9.320589197371788259e+02
4.438305082364192344e+02 9.043719551412631290e+02
4.170982261566246052e+02 8.761324759929721040e+02
3.910342469164559702e+02 8.484660114376798674e+02
3.673807034519942931e+02 8.226955885442725958e+02
3.462824064315544206e+02 7.988889918801057775e+02
3.265201088731918730e+02 7.761075386611282738e+02
3.070373772225556763e+02 7.535771438240730049e+02
2.881312988735006115e+02 7.315284773338081550e+02
2.705661573076577042e+02 7.105037651133249028e+02
2.544734352029896058e+02 6.905737971418044481e+02
2.392854182175374831e+02 6.713308800253976187e+02
2.246608195004867241e+02 6.525430644173758310e+02
2.108122746590568397e+02 6.343520412894685023e+02
1.979361750797738750e+02 6.168760965723859044e+02
1.858692660394085010e+02 5.999992291365788333e+02
1.744044781026153998e+02 5.835868996202866583e+02
1.635787297578947062e+02 5.676580623694877659e+02
1.534446066982675632e+02 5.522356261829364712e+02
1.439320019323971849e+02 5.372740835764197982e+02
1.349689879875321026e+02 5.227255227655572298e+02
1.265280521814267161e+02 5.085684335604954640e+02
1.185837829004256747e+02 4.947834862487288774e+02
1.111114634322419334e+02 4.813525905858897431e+02
1.040871136585727328e+02 4.682588259392684904e+02
9.748752314348941184e+01 4.554863761868327288e+02
9.129027632229922062e+01 4.430204689461252769e+02
8.547337347400275576e+01 4.308471274926246792e+02
8.001443441706472015e+01 4.189526762973965219e+02
7.489206090670377591e+01 4.073242767088806318e+02
7.008610862154117171e+01 3.959500301223181964e+02
6.557761423485743535e+01 3.848189283406646268e+02
6.134872675564240296e+01 3.739208068466020336e+02
5.738264288452098327e+01 3.632463006950874842e+02
5.366355534531236771e+01 3.527868355277584556e+02
5.017674651376879069e+01 3.425351525048004646e+02
4.690846552356184418e+01 3.324851197399422631e+02
4.384571783588629046e+01 3.226311350743450816e+02
4.097622346037331909e+01 3.129680779850846193e+02
3.828838232474810610e+01 3.034912824478051334e+02
3.577124095519798175e+01 2.941965106948770199e+02
3.341446044647514668e+01 2.850799277956058404e+02
3.120827276019653596e+01 2.761382250902125861e+02
2.914342519522804054e+01 2.673689321702190682e+02
2.721119648885989761e+01 2.587699333288309163e+02
2.540337838616996535e+01 2.503393282049124764e+02
2.371224731067122349e+01 2.420754140782065633e+02
2.213053746660920496e+01 2.339766685656574339e+02
2.065141530993586017e+01 2.260417327116606145e+02
1.926845556536834181e+01 2.182694279463249245e+02
1.797562213881385773e+01 2.106593103790583541e+02
1.676724451379790537e+01 2.032114835474946233e+02
1.563799300047596219e+01 1.959260077178481083e+02
1.458285935696107494e+01 1.888028737839867688e+02
1.359713855250265446e+01 1.818419978789707159e+02
1.267641147845794869e+01 1.750432163770369129e+02
1.181652856416143926e+01 1.684062813169644244e+02
1.101359329593607761e+01 1.619311045917547176e+02
1.026394561011855799e+01 1.556183022770383957e+02
9.564151286785882888e+00 1.494684018157353478e+02
8.910989418498324710e+00 1.434816467945143756e+02
8.301439773527590660e+00 1.376580074535072526e+02
7.732670861862370515e+00 1.319971915229777437e+02
7.202028668265116451e+00 1.264986553391237152e+02
6.707026005443204930e+00 1.211616362019064894e+02
6.245332273032197179e+00 1.159855169342052790e+02
5.814764092510148252e+00 1.109697160638004618e+02
5.413276601125532217e+00 1.061133383009447755e+02
5.038955027139227383e+00 1.014151836648189402e+02
4.690006743494353536e+00 9.687376915326035487e+01
4.364753781837966251e+00 9.248735011764559033e+01
4.061625782077881830e+00 8.825394126782533988e+01
3.779153255960220115e+00 8.417137751870758677e+01
