1.856243331455192310e+04 1.848304814521740627e+04
1.873658033177660764e+04 1.865419971816100224e+04
1.890237675796963958e+04 1.881693729260611508e+04
1.905924921158209690e+04 1.897068936177570140e+04
1.920661663847014279e+04 1.911487749130139491e+04
1.934387279016198954e+04 1.924889961680185297e+04
1.947041092500459490e+04 1.937215387823434867e+04
1.958562903506674047e+04 1.948404365526293259e+04
1.968890010118831196e+04 1.958394801988047766e+04
1.977958588155486723e+04 1.967123548841587399e+04
1.985706303604719142e+04 1.974529002445749575e+04
1.992070982110530531e+04 1.980549808328294239e+04
1.996989008568314603e+04 1.985123302068714111e+04
2.000398885751449052e+04 1.988189002708979751e+04
2.002241591489987695e+04 1.989688972192198344e+04
2.002457495400313564e+04 1.989564825174002908e+04
2.000988946457398924e+04 1.987760256784059311e+04
1.997782570325514462e+04 1.984223286378200282e+04
1.992787933737383355e+04 1.978905012592125422e+04
1.985957173027117096e+04 1.971759281259627824e+04
1.977248012701900370e+04 1.962745560327274143e+04
1.966624250398145159e+04 1.951829448658925321e+04
1.954055344178909218e+04 1.938982439277313460e+04
1.939517638937600714e+04 1.924182965127890566e+04
1.922995216987626918e+04 1.907417166271691167e+04
1.904481970105961955e+04 1.888681155073184709e+04
1.883981906646579591e+04 1.867981299055357886e+04
1.861507623173368847e+04 1.845332445610396826e+04
1.837083091918247737e+04 1.820760783154948149e+04
1.810749933815538679e+04 1.794310333445413926e+04
1.782559833983784847e+04 1.766035033768342328e+04
1.752573558799666353e+04 1.735997671798801457e+04
1.720874657669333828e+04 1.704283831253225071e+04
1.687563727627949265e+04 1.670996019040308965e+04
1.652746608191140695e+04 1.636241619053677459e+04
1.616545847593096005e+04 1.600144437980828116e+04
1.579114429573583402e+04 1.562858525800713869e+04
1.540608328837676345e+04 1.524540504817240071e+04
1.501186302164386507e+04 1.485349315575597211e+04
1.461044187767078256e+04 1.445480392492941792e+04
1.420389070164851546e+04 1.405139929090728765e+04
1.379416729085292354e+04 1.364522437859725142e+04
1.338336156058664528e+04 1.323834979390544686e+04
1.297380058294549781e+04 1.283307567313944674e+04
1.256763147070987725e+04 1.243152056108736906e+04
1.216690056269845081e+04 1.203569791476807950e+04
1.177405729993158639e+04 1.164800432080676183e+04
1.139146125210079117e+04 1.127074371643369705e+04
1.102115224542362557e+04 1.090590568427017388e+04
1.066468294467104533e+04 1.055499363615235416e+04
1.032315290730124798e+04 1.021905900437879245e+04
9.997463817607831515e+03 9.898961913360219114e+03
9.688627716350743867e+03 9.595664021519894959e+03
9.398472738909584223e+03 9.310896017065564592e+03
9.128789706026573185e+03 9.046353950150383753e+03
8.880860838995102313e+03 8.803246056979494824e+03
8.653309404327501397e+03 8.580187561819655457e+03
8.443543216887803283e+03 8.374608344081309042e+03
8.249204959860555391e+03 8.184170741251301479e+03
8.068191282916260207e+03 8.006795094384085132e+03
7.898601313587751065e+03 7.840604874605780424e+03
7.738468625984299251e+03 7.683665440148362904e+03
7.584959527267020349e+03 7.533220287232586088e+03
7.435144027078944418e+03 7.386423605481496452e+03
7.285694950108339981e+03 7.240067043416408524e+03
7.132716523609044998e+03 7.090419084176442084e+03
6.972425096973570362e+03 6.933863961577180817e+03
6.800740723973684908e+03 6.766543286705475111e+03
6.614001728116931190e+03 6.585000646873153528e+03
6.409778660783011219e+03 6.386993529057336673e+03
6.186662808042758115e+03 6.171253947357651668e+03
5.945102970443118465e+03 5.938297057271206540e+03
5.686925028096467940e+03 5.689940198627592508e+03
5.415771798201243655e+03 5.429715853552747831e+03
5.136283111647144324e+03 5.162083702293272836e+03
4.853933744995771121e+03 4.892263376049831095e+03
4.574333484374346881e+03 4.625578565861243987e+03
4.303400499038923044e+03 4.367614072380639300e+03
4.046984330233184664e+03 4.123843967220163904e+03
3.810817221773265828e+03 3.899600835994247518e+03
3.599425358973093807e+03 3.699062064182844097e+03
3.416315332734129242e+03 3.525391946690670920e+03
3.262534292044803351e+03 3.379458776924927861e+03
3.136942632164820679e+03 3.260049481627602290e+03
3.035684422653161164e+03 3.163449379506780588e+03
2.953224216798351790e+03 3.084384144357187324e+03
2.882347378783703334e+03 3.016078664029914307e+03
2.815342540312342862e+03 2.951337217158715703e+03
2.744350025022031332e+03 2.882883678806422722e+03
2.662525557235927408e+03 2.804437576791021911e+03
2.565010536816878812e+03 2.711587157033131916e+03
2.449854382060535499e+03 2.602629038829327783e+03
2.318477361353772721e+03 2.478975925153613389e+03
2.175270392963430368e+03 2.344750681909996729e+03
2.027148490574379593e+03 2.206353834669853768e+03
1.882867174112802559e+03 2.071816591373366919e+03
1.751561688650061342e+03 1.949429082332912003e+03
1.640106477220967236e+03 1.845346206551133946e+03
1.551159252212436513e+03 1.761852616890456602e+03
1.483044820173501421e+03 1.697296976106218608e+03
1.431070841962828581e+03 1.647330661096115591e+03
1.388603023692122179e+03 1.605908119944124110e+03
1.347382273813043639e+03 1.565586151556546838e+03
1.299114728193996143e+03 1.518956900286846121e+03
1.238901581417249872e+03 1.461708198754459090e+03
1.167311850889247580e+03 1.394439435836381790e+03
1.089091371556654394e+03 1.321458952387121826e+03
1.011065176575669284e+03 1.248864841447566050e+03
9.405332456027753096e+02 1.183090233908038726e+03
8.825611183980774967e+02 1.128514814985079511e+03
8.379196656888915413e+02 1.085705522625068625e+03
8.033301459954371921e+02 1.051703211056377313e+03
7.727774636322858441e+02 1.021218983956299780e+03
7.397552966538726196e+02 9.886063523238340167e+02
7.008506477661904910e+02 9.509591621352869879e+02
6.570391841377361288e+02 9.091844759175987747e+02
6.121957850523544948e+02 8.666574964939080701e+02
5.712983769649212036e+02 8.276292917253597352e+02
5.375327735900484640e+02 7.947533561461106046e+02
5.103024427768638702e+02 7.674525219282583066e+02
4.863669408300556256e+02 7.429517188041414784e+02
4.619440247813682277e+02 7.180763136809927119e+02
4.351391839463940983e+02 6.912770476985282357e+02
4.072255005327993445e+02 6.636464596046749875e+02
3.809219395497586902e+02 6.374350691021043076e+02
3.581105996219591816e+02 6.141567362184316607e+02
3.385834132890846604e+02 5.936005019464431598e+02
3.204071350159195504e+02 5.741794805915252482e+02
3.019169928843567163e+02 5.545614379407347769e+02
2.831487805088327718e+02 5.347924360961851562e+02
2.653200411514613961e+02 5.158413476043660921e+02
2.493773289814452312e+02 4.984350256843480906e+02
2.350037719150761291e+02 4.823048513398096588e+02
2.212613035480019903e+02 4.667178479155476225e+02
2.076973615003776104e+02 4.513320667081630404e+02
1.947343711217814359e+02 4.364700681914599159e+02
1.828226500841222446e+02 4.224611232376500425e+02
1.718449255996754061e+02 4.092062224769154000e+02
1.613811212259111869e+02 3.963917183831977695e+02
1.513348972695768282e+02 3.839474067955706573e+02
1.419082723713261203e+02 3.720147823676087455e+02
1.331536839286850693e+02 3.606238428953092239e+02
1.249070806514363738e+02 3.496545693250747604e+02
1.170767569933160104e+02 3.390411629389179211e+02
1.097180536613156079e+02 3.288177498443892546e+02
1.028392141432735940e+02 3.189849455043641910e+02
9.637735821544772818e+01 3.094979670541389964e+02
9.029197688112012088e+01 3.003270277319866182e+02
8.456543545315891208e+01 2.914567443403773837e+02
7.918044141041396244e+01 2.828726421830723439e+02
7.412009477095148213e+01 2.745610980509680985e+02
6.936793226532688550e+01 2.665092883595167450e+02
6.490796382077515148e+01 2.587051408747334449e+02
6.072466613302633220e+01 2.511372635741560373e+02
5.680222224195942715e+01 2.437943041340972172e+02
5.312477420759304181e+01 2.366649779869193253e+02
4.967737954358354102e+01 2.297387057068255558e+02
4.644599848610454984e+01 2.230056007456176701e+02
4.341743903257129489e+01 2.164564280236372724e+02
4.057930540816015963e+01 2.100825653998457483e+02
3.791994973881072184e+01 2.038759677698324424e+02
3.542847559537069202e+01 1.978292733539110202e+02
3.309481078500714801e+01 1.919361419584016062e+02
3.090948575182262203e+01 1.861907613534377504e+02
2.886355467793082852e+01 1.805876860018093168e+02
2.694857015140451750e+01 1.751218165670633198e+02
2.515655876689968906e+01 1.697883805369565664e+02
2.347999764887321206e+01 1.645829138736396544e+02
2.191179044499458684e+01 1.595012512281377042e+02
2.044522119067460864e+01 1.545396452759189856e+02
1.907394444834780245e+01 1.496947159825537881e+02
1.779199177058026038e+01 1.449632976249590115e+02
1.659375154658921758e+01 1.403424213834074408e+02
1.547394892937388455e+01 1.358293035849300452e+02
1.442762680038763179e+01 1.314213344393001250e+02
1.345012772491442554e+01 1.271160672464265105e+02
1.253707813222513678e+01 1.229112613931945361e+02
1.168437446659981838e+01 1.188049838956515600e+02
1.088816361446085068e+01 1.147954395910674492e+02
1.014482763134303944e+01 1.108809243791098709e+02
9.450970236084325293e+00 1.070598183416307592e+02
8.803404016032967405e+00 1.033305791248973549e+02
8.199138310684807252e+00 9.969173557663275176e+01
7.635367622147895439e+00 9.614189069846949565e+01
7.109459147219980402e+00 9.267984357054714906e+01
6.618943448968988896e+00 8.930453175403265220e+01
6.161506306656813869e+00 8.601490818098491786e+01
5.734979448308165750e+00 8.280993502912841109e+01
5.337331762595399987e+00 7.968858106801773999e+01
4.966661008337049488e+00 7.664981917214284124e+01
4.621185995704935046e+00 7.369262408529323238e+01
4.299239148699823154e+00 7.081605024890164657e+01
3.999259465179251904e+00 6.801935802065908376e+01
3.719786163238711474e+00 6.530179433795029809e+01
3.459452540368522122e+00 6.266255048889604495e+01
3.216980154592789187e+00 6.010076437791409631e+01
2.991173347072378697e+00 5.761552285263636008e+01
2.780914087520536704e+00 5.520586408554086688e+01
2.585157108383011604e+00 5.287079303632487637e+01
2.402925167725309841e+00 5.060943052918217688e+01
