2.464408719791035037e+04 2.445999618758202269e+04
2.490438850087732135e+04 2.471329785427646129e+04
2.515553737975945842e+04 2.495730086422486056e+04
2.539685960554578560e+04 2.519133638035549302e+04
2.562765222374538280e+04 2.541471034145267549e+04
2.584720167213240347e+04 2.562671997819280296e+04
2.605479474747974382e+04 2.582666384912176727e+04
2.624969760542500808e+04 2.601382119687425802e+04
2.643115197813093982e+04 2.618744829045742517e+04
2.659840548714138276e+04 2.634680834205118663e+04
2.675070848601868784e+04 2.649116865360090742e+04
2.688728883725910782e+04 2.661977659407141618e+04
2.700738105572942004e+04 2.673188765959844386e+04
2.711023890667234082e+04 2.682677766050048740e+04
2.719511269281743080e+04 2.690372113447904485e+04
2.726125351358837725e+04 2.696199556245256463e+04
2.730794363337669347e+04 2.700091051509413956e+04
2.733449317291246552e+04 2.701980477805382907e+04
2.734022279834493747e+04 2.701803037586201026e+04
2.732449267645728833e+04 2.699497982431270430e+04
2.728671328541711409e+04 2.695009646236507979e+04
2.722634056334045090e+04 2.688287107307449696e+04
2.714288307366156005e+04 2.679284845708655484e+04
2.703591468911636548e+04 2.667963854801246271e+04
2.690508795963103694e+04 2.654293030216575426e+04
2.675015239120599654e+04 2.638251100696634603e+04
2.657093879305453083e+04 2.619824852061754791e+04
2.636736514476446609e+04 2.599009665727622632e+04
2.613950139473992385e+04 2.575816123938874807e+04
2.588754304491876246e+04 2.550267257841560422e+04
2.561177006488259576e+04 2.522394298690564028e+04
2.531262042683004620e+04 2.492244067182222352e+04
2.499076448966923272e+04 2.459886439372334280e+04
2.464696219997195294e+04 2.425399901728548866e+04
2.428207174577155456e+04 2.388872386575731070e+04
2.389726496393355774e+04 2.350422856703535217e+04
2.349387548147008420e+04 2.310186033279938056e+04
2.307326651351531473e+04 2.268299122076838103e+04
2.263702922500512432e+04 2.224921657339115336e+04
2.218708656762795363e+04 2.180245870309542806e+04
2.172535101056220446e+04 2.134462442436187121e+04
2.125375922054526745e+04 2.087763989035671329e+04
2.077464645975869280e+04 2.040382478865742814e+04
2.029040386408024278e+04 1.992555011218438813e+04
1.980328829679898990e+04 1.944504871232550067e+04
1.931569444675439809e+04 1.896468779263013130e+04
1.883020018136919316e+04 1.848701476482987709e+04
1.834918998563454807e+04 1.801438166959856244e+04
1.787489859710015662e+04 1.754898968566925760e+04
1.740965227686162325e+04 1.709313133316554377e+04
1.695562525928091054e+04 1.664894774102901647e+04
1.651474417417967561e+04 1.621833423689495066e+04
1.608848184856352782e+04 1.580274153666717211e+04
1.567789612750742526e+04 1.540321449713678703e+04
1.528389453133022471e+04 1.502065002928293507e+04
1.490718744123250508e+04 1.465575276333341571e+04
1.454812179613036460e+04 1.430887446476566947e+04
1.420692218907157257e+04 1.398024876745668007e+04
1.388348870796791016e+04 1.366979307065033390e+04
1.357519916262995321e+04 1.337495177457637146e+04
1.327830757236164209e+04 1.309206126453993784e+04
1.298940631754695823e+04 1.281778163076091369e+04
1.270582984074308661e+04 1.254949833949505228e+04
1.242538737468894396e+04 1.228505642962111051e+04
1.214582931633203771e+04 1.202223123958991710e+04
1.186397502518579131e+04 1.175786632971457948e+04
1.157662465691760372e+04 1.148876457964756810e+04
1.128040123842026514e+04 1.121153183190249183e+04
1.097165673756146498e+04 1.092247889165796369e+04
1.064740287496010751e+04 1.061853900437083030e+04
1.030585645308275161e+04 1.029783022306249768e+04
9.946167579356444548e+03 9.959371215686825963e+03
9.569941580196631548e+03 9.604637560053773996e+03
9.180107637788391003e+03 9.236427088633972744e+03
8.781676068488710371e+03 8.859636340803415806e+03
8.380623250646929591e+03 8.480156548242413919e+03
7.983281229848873409e+03 8.104250918506397284e+03
7.595756022789595590e+03 7.737986144751155734e+03
7.223808352053129056e+03 7.387083361314630565e+03
6.872597389921997092e+03 7.056687785275181341e+03
6.546966002913791272e+03 6.751626638394314796e+03
6.250653638765521464e+03 6.475641311356430379e+03
5.986235737196602713e+03 6.231315360608933588e+03
5.753778033937865075e+03 6.018775791585001571e+03
5.550496792223191733e+03 5.835285091147357889e+03
5.370896003737962019e+03 5.675405435983496318e+03
5.207109313399260827e+03 5.531271655768003257e+03
5.050475865713578969e+03 5.394155624849772721e+03
4.892513115259658662e+03 5.255404470460607627e+03
4.726127364077600760e+03 5.107688211387470801e+03
4.546401315396709833e+03 4.945823477770399222e+03
4.351198364443498576e+03 4.767448331412427251e+03
4.142043848763109054e+03 4.574000800297540991e+03
3.923378758042267691e+03 4.369964028503567533e+03
3.701844510050890676e+03 4.162155622343698269e+03
3.485047217414617535e+03 3.958406246935103354e+03
3.280863096931149357e+03 3.766807172156020897e+03
3.096526714624604665e+03 3.594769194863369648e+03
2.937030528866244822e+03 3.447385599787248339e+03
2.802557564244882542e+03 3.324838943116532391e+03
2.687983744875784851e+03 3.221927804137957537e+03
2.585414154932116617e+03 3.130610480364882278e+03
2.487007473250377188e+03 3.042855848824212899e+03
2.386014222033707483e+03 2.951699159411677556e+03
2.277108819579795181e+03 2.851612140056010503e+03
2.158581309060444255e+03 2.740820975817908675e+03
2.034313839278389878e+03 2.623380426281594737e+03
1.911545956213713907e+03 2.506820713591310778e+03
1.796914063888146757e+03 2.397990241787998912e+03
1.694764335807703446e+03 2.301313807192024797e+03
1.606701641753530794e+03 2.218373200325881498e+03
1.530496420367784822e+03 2.146856540439022865e+03
1.460893764264638548e+03 2.081409712904028765e+03
1.392408669848633963e+03 2.016477401364637899e+03
1.321135504264552765e+03 1.948141673608335395e+03
1.246694531131109443e+03 1.876094578134197945e+03
1.172572422492737587e+03 1.803930354123630877e+03
1.102816893198803655e+03 1.735738756205848858e+03
1.039898166140935700e+03 1.673953248779343085e+03
9.842267737809966093e+02 1.618921187064464903e+03
9.334344723940128006e+02 1.568269569993729419e+03
8.843107430906495665e+02 1.518861006802548900e+03
8.351876156635627240e+02 1.469118928689086033e+03
7.863301093962977575e+02 1.419362337523199585e+03
7.396259592976023214e+02 1.371435540158174263e+03
6.967101834780374929e+02 1.326875350458507910e+03
6.574900582134758906e+02 1.285555745657434500e+03
6.208110694189266496e+02 1.246380571430220016e+03
5.854147028135384971e+02 1.208202701278361928e+03
5.509843443243809133e+02 1.170764286563445239e+03
5.181829904141758334e+02 1.134677731285933305e+03
4.876158308324432937e+02 1.100468007073096487e+03
4.591688168239265337e+02 1.068013654964460102e+03
4.322694134535327066e+02 1.036813377986114119e+03
4.065605008912390304e+02 1.006570562174104680e+03
3.821132875949524532e+02 9.773488801070271847e+02
3.591646105512455165e+02 9.493326783306666812e+02
3.376392919184354469e+02 9.224478462449663994e+02
3.173062414978012953e+02 8.965051321265323168e+02
2.980356813576200921e+02 8.714014896485098234e+02
2.798586644177410108e+02 8.471531221836737586e+02
2.627733580373381415e+02 8.237474500785714326e+02
2.466780857145847676e+02 8.011021476349438899e+02
2.314891678082627493e+02 7.791512628191159138e+02
2.171791074401411379e+02 7.578672669629977463e+02
2.037188454975505749e+02 7.372207739360243295e+02
1.910498164076205967e+02 7.171650764323544536e+02
1.791244120431510396e+02 6.976616911843053686e+02
1.679054731944627861e+02 6.786792650955858335e+02
1.573562445062615325e+02 6.601874240563569174e+02
1.474394418178831927e+02 6.421566976326162148e+02
1.381192578914403839e+02 6.245595482720052587e+02
1.293617708338837531e+02 6.073705321602119511e+02
1.211348541265336536e+02 5.905661835956399273e+02
1.134080903554332451e+02 5.741249080392688029e+02
1.061526885275081327e+02 5.580268828972452866e+02
9.934141637766090582e+01 5.422540134500317208e+02
9.294865691933119933e+01 5.267904320093169872e+02
8.695025078451510581e+01 5.116221530087598808e+02
8.132331009380057196e+01 4.967365092444899801e+02
7.604615894966188705e+01 4.821220745666968241e+02
7.109827840360061657e+01 4.677686005007075778e+02
6.646025321023891763e+01 4.536669555017052744e+02
6.211372019830196223e+01 4.398090704649491158e+02
5.804129078917864604e+01 4.261885625195134821e+02
5.422648246502196656e+01 4.128013282585243360e+02
5.065373545204365513e+01 3.996440706519017567e+02
4.730837343797923467e+01 3.867140576610716494e+02
4.417655760264381826e+01 3.740090824361159321e+02
4.124524273480697900e+01 3.615274239960347131e+02
3.850213536280465831e+01 3.492678083448014377e+02
3.593565476832625194e+01 3.372296749784447343e+02
3.353490010327799808e+01 3.254149241090642590e+02
3.128960872291555262e+01 3.138263503343962384e+02
2.919011866882325279e+01 3.024665882291846515e+02
2.722733618873845884e+01 2.913380946238766569e+02
2.539270482186726241e+01 2.804431360480147646e+02
2.367817597672977570e+01 2.697837769846917126e+02
2.207618084179352991e+01 2.593619036560931477e+02
2.057960014997412657e+01 2.491804912811636825e+02
1.918173908140485295e+01 2.392437232244157030e+02
1.787630861219749079e+01 2.295551796923119525e+02
1.665740272123669996e+01 2.201177361201789608e+02
1.551947642677521344e+01 2.109335890787746450e+02
1.445732497985534337e+01 2.020042833338016521e+02
1.346606416123408678e+01 1.933307398785706823e+02
1.254111128818069076e+01 1.849135291910322962e+02
1.167816668178188699e+01 1.767535813838002525e+02
1.087319832370397243e+01 1.688513176310405015e+02
1.012242640283449013e+01 1.612064147829943579e+02
9.422308315283890678e+00 1.538178565403103448e+02
8.769524497505035043e+00 1.466839842675647105e+02
8.160965050659525488e+00 1.398025471752850706e+02
7.593717073961061992e+00 1.331707594232233873e+02
7.065052168615078898e+00 1.267854597787922160e+02
6.572415533840620938e+00 1.206431079518449394e+02
6.113415944753254117e+00 1.147397233800001999e+02
5.685815731121235395e+00 1.090709301642073967e+02
5.287521321294865295e+00 1.036320032500042601e+02
4.916574337387635829e+00 9.841791260199465796e+01
