1.636458066525713548e+04 1.627198195567114817e+04
1.656981840640074734e+04 1.647333795475346415e+04
1.676926950171398494e+04 1.666879676091612782e+04
1.696239077146097043e+04 1.685781528764780160e+04
1.714862491005288393e+04 1.703983715703714552e+04
1.732738704228475763e+04 1.721428004594838785e+04
1.749808451703489482e+04 1.738055464763503915e+04
1.766011990027617503e+04 1.753806750091264621e+04
1.781286390037205638e+04 1.768619391608134174e+04
1.795566943892768904e+04 1.782429211335712898e+04
1.808789295428380865e+04 1.795172458549853036e+04
1.820888183622287761e+04 1.806784577564777283e+04
1.831796339010705196e+04 1.817199127840348228e+04
1.841447407462199772e+04 1.826350675827479427e+04
1.849776081608459208e+04 1.834174932595073187e+04
1.856715424606723536e+04 1.840606131057420134e+04
1.862199392716885995e+04 1.845579515873243872e+04
1.866164638108694999e+04 1.849033123575772333e+04
1.868549101803218218e+04 1.850906433790615120e+04
1.869292003477675826e+04 1.851140373776506385e+04
1.868336558060848984e+04 1.849679959930939731e+04
1.865630302774877055e+04 1.846474646370084884e+04
1.861124606429893538e+04 1.841477927528112923e+04
1.854776146295955550e+04 1.834648706613641116e+04
1.846547811622752852e+04 1.825952161150155371e+04
1.836410447883775487e+04 1.815361598225881244e+04
1.824343038123057704e+04 1.802858593889810436e+04
1.810331970787630780e+04 1.788432132724217445e+04
1.794373966831045254e+04 1.772081581157360415e+04
1.776480494754346728e+04 1.753821184798558170e+04
1.756671955857103967e+04 1.733674065445013548e+04
1.734978043600062301e+04 1.711672540110459158e+04
1.711449873235869018e+04 1.687870341960970836e+04
1.686153117779391687e+04 1.662335645259636658e+04
1.659159989178470641e+04 1.635142939511928125e+04
1.630561681116500404e+04 1.606385470608015021e+04
1.600476204769173273e+04 1.576183044840261937e+04
1.569026041667576828e+04 1.544659609413663748e+04
1.536341504647193506e+04 1.511946555483318480e+04
1.502590881798065129e+04 1.478212620300020353e+04
1.467952054622796641e+04 1.443635655384791244e+04
1.432597462852784520e+04 1.408387694217728495e+04
1.396720017274790007e+04 1.372660562883083367e+04
1.360533324966473265e+04 1.336666076793414504e+04
1.324237864231200001e+04 1.300602628326196464e+04
1.288036194790062473e+04 1.264670001852520545e+04
1.252178389717683058e+04 1.229113606273726145e+04
1.216904845416768330e+04 1.194168806561710517e+04
1.182428435241048646e+04 1.160043603179466118e+04
1.148910701549112673e+04 1.126895246986481106e+04
1.116472735440032193e+04 1.094841048607879929e+04
1.085219329866873704e+04 1.063982231355265139e+04
1.055291507509804433e+04 1.034454283030646184e+04
1.026933201099731195e+04 1.006490778855361168e+04
1.000377321939909780e+04 9.803144127632440359e+03
9.757872009218723178e+03 9.560804083756594991e+03
9.530551484505860572e+03 9.336807842123320370e+03
9.319908759203910449e+03 9.129276106962013728e+03
9.124179844312526257e+03 8.936468918124714037e+03
8.941597009088183768e+03 8.756652244841834545e+03
8.770475807864590024e+03 8.588177475510779914e+03
8.608954447069987509e+03 8.429231854623538311e+03
8.454377357809446039e+03 8.277252661383923623e+03
8.304063267044435634e+03 8.129656842391745158e+03
8.154837015667535525e+03 7.983406325308018495e+03
8.003116639309453603e+03 7.835088336051703664e+03
7.845251550846446662e+03 7.681235074937988429e+03
7.677069314443765506e+03 7.517907425052123472e+03
7.494732986304083170e+03 7.341488525075194957e+03
7.295118623747374841e+03 7.149069421295157554e+03
7.075896742913134403e+03 6.938493133138373196e+03
6.836512029981439809e+03 6.709306623369796398e+03
6.577687972255408567e+03 6.462259259332150577e+03
6.302326335687014762e+03 6.200167494124453697e+03
6.014457586022967007e+03 5.926896997588237355e+03
5.719432717728553143e+03 5.647545400829191749e+03
5.422981497746132845e+03 5.367543108401750032e+03
5.131259069156658370e+03 5.092699172565668960e+03
4.850602545404209195e+03 4.828944021841558424e+03
4.587153856716460723e+03 4.582008880199698069e+03
4.346370291792788521e+03 4.356931625918239661e+03
4.132988221072578199e+03 4.158049228519528697e+03
3.949473501959634177e+03 3.987550536473459488e+03
3.796428521877111507e+03 3.845869797201833080e+03
3.671168988323715894e+03 3.730393252736495469e+03
3.569082413015262318e+03 3.636722155144380395e+03
3.483116615976791763e+03 3.558231020364794858e+03
3.405255217939471549e+03 3.487423335559872157e+03
3.326909338872973422e+03 3.416293022230032875e+03
3.239937404060931840e+03 3.337267901527209688e+03
3.137817006446112373e+03 3.244285891796068881e+03
3.016630338772160485e+03 3.133710966414291761e+03
2.876112396371793238e+03 3.005325743415769466e+03
2.719560510352679103e+03 2.862235505721786922e+03
2.553365235059317456e+03 2.710415934177243344e+03
2.386275353690237807e+03 2.558005146506810433e+03
2.228360369326217551e+03 2.414295728587138910e+03
2.088870330348654988e+03 2.287729128832138485e+03
1.973547443108760490e+03 2.183459191000517421e+03
1.883107159968086762e+03 2.102016306161172906e+03
1.813726571965753465e+03 2.039807344644852265e+03
1.758662042005266130e+03 1.990620947690435742e+03
1.709297773112922187e+03 1.946571378096967692e+03
1.656002452214098867e+03 1.898854462922078710e+03
1.590831647465219021e+03 1.840210291098467451e+03
1.511158425432935019e+03 1.768263090284193822e+03
1.420488412865038072e+03 1.686273923019925178e+03
1.326108850150199487e+03 1.600947187391036323e+03
1.236586527010686041e+03 1.520078027768837728e+03
1.159528809688658839e+03 1.450482814199481027e+03
1.098373527138866621e+03 1.395145054987581489e+03
1.051358630505834299e+03 1.352385843801187320e+03
1.012550639020596691e+03 1.316842253857570540e+03
9.740428347856119444e+02 1.281433996174968115e+03
9.294681500390015572e+02 1.240492936734603290e+03
8.775490047218437439e+02 1.192931379108572628e+03
8.218441447312280843e+02 1.141983233513388996e+03
7.681970377480627121e+02 1.092856075519084925e+03
7.219798389086075758e+02 1.050239076516204477e+03
6.847436835121046670e+02 1.015405473706954467e+03
6.535754321391722215e+02 9.857503960610393960e+02
6.236525745714143341e+02 9.570673485967623719e+02
5.911710146158981161e+02 9.260901651041340301e+02
5.559551164831987080e+02 8.927212918036708516e+02
5.211267852312259947e+02 8.596735963394454529e+02
4.899449954295690191e+02 8.297048911788067471e+02
4.634291520357708691e+02 8.036229885636521431e+02
4.398231137604976766e+02 7.799131091451093880e+02
4.164218706246872443e+02 7.563200588637422470e+02
3.921828955475607472e+02 7.320109829575045524e+02
3.683024349108357569e+02 7.079933891081511774e+02
3.464808195194542577e+02 6.856419092013130694e+02
3.270926136798010475e+02 6.652267056675500498e+02
3.090114706530360422e+02 6.458304465839560180e+02
2.911524210089931444e+02 6.266038590641129531e+02
2.736622529631960674e+02 6.076760980710229205e+02
2.573433134484828884e+02 5.896638538713299340e+02
2.424228185358845451e+02 5.727232675776101587e+02
2.283683254292441518e+02 5.564440358591098175e+02
2.147724603211874239e+02 5.405272869182185786e+02
2.018279395525006805e+02 5.251158888119546191e+02
1.897880325065451359e+02 5.103843345357024077e+02
1.785123872545194956e+02 4.962249366218898672e+02
1.677682576570496167e+02 4.824740618552395404e+02
1.575850800019180156e+02 4.691504170139261873e+02
1.480479732013461671e+02 4.563051724184466025e+02
1.390734538842854988e+02 4.438805953852941570e+02
1.306043177947222205e+02 4.318348126442194825e+02
1.226166544346594804e+02 4.201482559420169878e+02
1.150875572932212236e+02 4.088028113584884977e+02
1.079947429247625337e+02 3.977814679000513252e+02
1.013165843384078073e+02 3.870682522866231920e+02
9.503213748081498125e+01 3.766481683620494323e+02
8.912104054154964672e+01 3.665070288636583768e+02
8.356265235548445958e+01 3.566305401936427302e+02
7.833682840148648552e+01 3.470048350322753095e+02
7.342451882621972459e+01 3.376169810398230879e+02
6.880771680739381679e+01 3.284549333943705278e+02
6.446940400848134800e+01 3.195074858739788510e+02
6.039349876004020246e+01 3.107642252903029316e+02
5.656480796803729305e+01 3.022154922835842967e+02
5.296905776459169601e+01 2.938525784598261907e+02
4.959287369728426143e+01 2.856678130173460204e+02
4.642359766244881314e+01 2.776541300490114281e+02
4.344924164667426680e+01 2.698049986986239901e+02
4.065845686263264724e+01 2.621143953719044362e+02
3.804050395487453784e+01 2.545767773121278594e+02
3.558522426619403234e+01 2.471870574036041717e+02
3.328300694504989821e+01 2.399406204556298121e+02
3.112474013214026058e+01 2.328334860176458392e+02
2.910181149310151483e+01 2.258621095211656211e+02
2.720609457908919637e+01 2.190232706808134822e+02
2.542992359254225221e+01 2.123140545657105065e+02
2.376606929169282978e+01 2.057318333570021878e+02
2.220771600968972592e+01 1.992742486068907510e+02
2.074843978233182540e+01 1.929392039069750240e+02
1.938218845543878643e+01 1.867251379726056371e+02
1.810326163336535998e+01 1.806310096302410386e+02
1.690629043554015354e+01 1.746559153476522681e+02
1.578621949857235052e+01 1.687990561930797639e+02
1.473828992590805420e+01 1.630597265754295506e+02
1.375802307147726822e+01 1.574373032418050968e+02
1.284120512336272846e+01 1.519312345375516031e+02
1.198387175377221148e+01 1.465412053737579470e+02
1.118229252135288654e+01 1.412675914647628872e+02
1.043296030008651876e+01 1.361108460594130065e+02
9.732579349872379382e+00 1.310713163268510471e+02
9.078053274577097653e+00 1.261492422478640663e+02
8.466473614316402774e+00 1.213447558140906182e+02
7.895109042327508320e+00 1.166578805360130531e+02
7.361395108084237471e+00 1.120885607119494694e+02
6.862924132013225709e+00 1.076371002241805144e+02
6.397436280418921761e+00 1.033039897076838542e+02
5.962811329909511571e+00 9.908948691276590637e+01
5.557060458178052720e+00 9.499361482613845453e+01
5.178318475500554463e+00 9.101617275239652827e+01
4.824836487398385110e+00 8.715674755279299291e+01
4.494974966219017709e+00 8.341472518176649942e+01
4.187197020048675000e+00 7.978940071912927579e+01
3.900061992416162138e+00 7.628012392373456407e+01
