1.876478194488267036e+04 1.862056560772206649e+04
1.900495834368863871e+04 1.885489616226070211e+04
1.923984302433270204e+04 1.908378686854915577e+04
1.946891530725014672e+04 1.930671928843941714e+04
1.969163291185821799e+04 1.952315558285294173e+04
1.990743221744487892e+04 1.973253894068105365e+04
2.011574310283497471e+04 1.993430692611449922e+04
2.031598309292965132e+04 2.012788570020435145e+04
2.050753926740977113e+04 2.031267227853621807e+04
2.068979103191991089e+04 2.048805699581703448e+04
2.086211637799072923e+04 2.065342975565144297e+04
2.102387399271341565e+04 2.080816310513919962e+04
2.117441096709797785e+04 2.095161971016904135e+04
2.131308046265367011e+04 2.108316930083397529e+04
2.143923267927520283e+04 2.120218016296601854e+04
2.155220147651820298e+04 2.130800650241251424e+04
2.165133139346004100e+04 2.140001433649931278e+04
2.173598255825605520e+04 2.147758633180805555e+04
2.180551570713723413e+04 2.154010805432546840e+04
2.185930589138323558e+04 2.158698090726152441e+04
2.189675666746990464e+04 2.161763550062997092e+04
2.191729627534916654e+04 2.163152861631749329e+04
2.192037680766750418e+04 2.162814281278307681e+04
2.190548985945890672e+04 2.160700057373748859e+04
2.187217399615293834e+04 2.156767173748578352e+04
2.182002910054153836e+04 2.150978889737516511e+04
2.174871185767275529e+04 2.143304165748485320e+04
2.165793604648625478e+04 2.133717619089198342e+04
2.154750748163449316e+04 2.122203076323964342e+04
2.141733038976793250e+04 2.108754190396156264e+04
2.126737418993609390e+04 2.093370998034304284e+04
2.109770309073943645e+04 2.076062866965655485e+04
2.090855796647809984e+04 2.056856700666165489e+04
2.070026783948596858e+04 2.035787998114501170e+04
2.047323170175159612e+04 2.012898997328500263e+04
2.022805348083089120e+04 1.988252162145264083e+04
1.996550248588378236e+04 1.961926187148800091e+04
1.968639240273119503e+04 1.934003864634142155e+04
1.939168769360272927e+04 1.904582697773598920e+04
1.908266576764476849e+04 1.873791069207910914e+04
1.876064931620648713e+04 1.841761493494943716e+04
1.842697845603720998e+04 1.808627857843391394e+04
1.808323178953079332e+04 1.774547633763508566e+04
1.773108524876404408e+04 1.739687702734743652e+04
1.737215732483543616e+04 1.704208835742461088e+04
1.700831550473138486e+04 1.668296289353384418e+04
1.664187818409100510e+04 1.632179961063126211e+04
1.627506432192521970e+04 1.596079528933233269e+04
1.590983717631331092e+04 1.560189188919680237e+04
1.554742900599757013e+04 1.524631632304332925e+04
1.518875379645916655e+04 1.489498136568450718e+04
1.483468142060719401e+04 1.454875273884146191e+04
1.448711952454887978e+04 1.420952275901541361e+04
1.414915651079117379e+04 1.388035358238648587e+04
1.382366896184142752e+04 1.356409775372145305e+04
1.351271874800637852e+04 1.326280791424322524e+04
1.321594550890002029e+04 1.297616094762674038e+04
1.293242508324646587e+04 1.270327899984677970e+04
1.266124151578850069e+04 1.244329056547650907e+04
1.240097941925276064e+04 1.219483436339108084e+04
1.214998428529514240e+04 1.195631219225464702e+04
1.190667029889157493e+04 1.172618824705732004e+04
1.166906104239374326e+04 1.150253411972548383e+04
1.143501102719435767e+04 1.128324503458225627e+04
1.120244573514290460e+04 1.106627363453325597e+04
1.096899010598964560e+04 1.084925363106821715e+04
1.073231445633025214e+04 1.062984435955405752e+04
1.048987886623106351e+04 1.040546719570201458e+04
1.023876414285231112e+04 1.017312815157928162e+04
9.976336444819247845e+03 9.930086693975661547e+03
9.700273884533065939e+03 9.673876071927097655e+03
9.408778009963165459e+03 9.402523178884952358e+03
9.101566474976372774e+03 9.115570655603636624e+03
8.779402708951054592e+03 8.813607786019414561e+03
8.444993344048856670e+03 8.499214065393958663e+03
8.102306591045889036e+03 8.176278461546249673e+03
7.756342359277671676e+03 7.849780387329861696e+03
7.412496240194831444e+03 7.525148066441433912e+03
7.076174286940307866e+03 7.207855938998661259e+03
6.752388937624564278e+03 6.903017693944251732e+03
6.445767590762504369e+03 6.615381450343777942e+03
6.160299961406512921e+03 6.349073189450091377e+03
5.899373991737307733e+03 6.107629261299845894e+03
5.664915209818629592e+03 5.893134092375658838e+03
5.457128294811006526e+03 5.705916034294900783e+03
5.273814319499376325e+03 5.543853132273248775e+03
5.110296666234418808e+03 5.402231694011409672e+03
4.959993847663606175e+03 5.274294861299664262e+03
4.815387074371793460e+03 5.152185591953252697e+03
4.669124379331649834e+03 5.028074137635308944e+03
4.515027365344928512e+03 4.895223668075674141e+03
4.348763874573291105e+03 4.748748339617401143e+03
4.168716796926608367e+03 4.586635768431317047e+03
3.976100904592098686e+03 4.409941914239408106e+03
3.774996597767265484e+03 4.222908682089748254e+03
3.571532287385007294e+03 4.032089778646758077e+03
3.372659133370050768e+03 3.845000626811385700e+03
3.185361776112828011e+03 3.669236109301371016e+03
3.015920391068259505e+03 3.511645027195074363e+03
2.868504490515174894e+03 3.376806080507967181e+03
2.743238166617455136e+03 3.264959886016789369e+03
2.635694350585724806e+03 3.171425434003179362e+03
2.538575406002543332e+03 3.088342250754330053e+03
2.444422478214813509e+03 3.007557686753420967e+03
2.347103894182323074e+03 2.922251585048844390e+03
2.242203351729343922e+03 2.827422335575846773e+03
2.128508148095434990e+03 2.721632859784494940e+03
2.009628128702529011e+03 2.608888511089524400e+03
1.892414754807898589e+03 2.496860662451004828e+03
1.783242824135797946e+03 2.392675773880512224e+03
1.686103035413002544e+03 2.300771364961463860e+03
1.602203974361581913e+03 2.222488167298552071e+03
1.529193269217429133e+03 2.155242790462275025e+03
1.461948882128085643e+03 2.093394758372232445e+03
1.395026401422245499e+03 2.030931178982112669e+03
1.325071600510088956e+03 1.964156047553846975e+03
1.251995121053359071e+03 1.893028047205442135e+03
1.179320230935855989e+03 1.821522494371876974e+03
1.111211268895779085e+03 1.754272661531642825e+03
1.049993809537482321e+03 1.693820156318297450e+03
9.957467947829749164e+02 1.640219352504362405e+03
9.459966800388401680e+02 1.590768733258795237e+03
8.974654671620568251e+02 1.541943725037673630e+03
8.486012391653365512e+02 1.492132012625277866e+03
7.999537479535018747e+02 1.441998709973590167e+03
7.535455158521330077e+02 1.393744933070226807e+03
7.110267097258588365e+02 1.349107535180137802e+03
6.721904441247537534e+02 1.307843417386189230e+03
6.356910079874960502e+02 1.268551675506307674e+03
6.002417210483052941e+02 1.229941482425118011e+03
5.656320249354130283e+02 1.191847793572180308e+03
5.326662924268837287e+02 1.155108925093053358e+03
5.020043886983090147e+02 1.120375587033734973e+03
4.734490931500083661e+02 1.087441493188407094e+03
4.463480649137751470e+02 1.055682159242334365e+03
4.203317483438086128e+02 1.024768239729870174e+03
3.955628790297243427e+02 9.948679604513735057e+02
3.723157211892017244e+02 9.662306616439843765e+02
3.504932766008971043e+02 9.387619474432284505e+02
3.298203954558173336e+02 9.122210782394039370e+02
3.101766747600128156e+02 8.865106421130379886e+02
2.916289389610790863e+02 8.616864355004818208e+02
2.741820196734766455e+02 8.377459819723839018e+02
2.577163099460477156e+02 8.145894241723935920e+02
2.421450458401922674e+02 7.921471850633710119e+02
2.274563263222556202e+02 7.704053311181149866e+02
2.136250706017692664e+02 7.493380698298633433e+02
2.005816781483512727e+02 7.288899520766664182e+02
1.882928205613948194e+02 7.090303843142927462e+02
1.767211905867790733e+02 6.897285023590275159e+02
1.658195633712229551e+02 6.709456575186177361e+02
1.555529412367742168e+02 6.526512532024003121e+02
1.458878283697561358e+02 6.348168894246679201e+02
1.367921939079735409e+02 6.174162359218084930e+02
1.282354334284590607e+02 6.004249150692115791e+02
1.201883291341740687e+02 5.838203936141725308e+02
1.126229572129140308e+02 5.675817312890853827e+02
1.055123689030991585e+02 5.516886203472496391e+02
9.883083741313826920e+01 5.361220171221035571e+02
9.255397291484374023e+01 5.208645342852022395e+02
8.665866204751826274e+01 5.059003579785147622e+02
8.112300897714634118e+01 4.912151682853868238e+02
7.592627862353386092e+01 4.767960641934079717e+02
7.104884283478961038e+01 4.626315171382931908e+02
6.647214979724680006e+01 4.487119942571764000e+02
6.217866934310519866e+01 4.350298882469818977e+02
5.815181550671393751e+01 4.215786009127244256e+02
5.437590017274334997e+01 4.083524417798125228e+02
5.083609006246178552e+01 3.953465763629671414e+02
4.751836536202738870e+01 3.825569753820958567e+02
4.440947995991052011e+01 3.699803650568608759e+02
4.149691820000781206e+01 3.576149960587599708e+02
3.876884965195872468e+01 3.454621689170531340e+02
3.621410994438106457e+01 3.335238168024719698e+02
3.382216978224149528e+01 3.218019327160867533e+02
3.158310188232444560e+01 3.102985447407583592e+02
2.948754940366362831e+01 2.990156917714991209e+02
2.752669582200102738e+01 2.879553997912878458e+02
2.569223594387359100e+01 2.771199139124965427e+02
2.397634647881616488e+01 2.665138268158523260e+02
2.237166166338057849e+01 2.561425820385535417e+02
2.087124989066570890e+01 2.460109299834676904e+02
1.946858992514284381e+01 2.361229269250243306e+02
1.815754827032979790e+01 2.264819536870203649e+02
1.693235766002651843e+01 2.170907358222368373e+02
1.578759660408813836e+01 2.079513792025352643e+02
1.471816883567385581e+01 1.990661356457494264e+02
1.371928473203664822e+01 1.904376360598062661e+02
1.278644578458776770e+01 1.820677190000559449e+02
1.191542807729172360e+01 1.739573776452612606e+02
1.110226647332963523e+01 1.661068118357732715e+02
1.034323964087707104e+01 1.585154802893639214e+02
9.634855878774651217e+00 1.511821526698038269e+02
8.973839404167900824e+00 1.441050147973872981e+02
8.357116839254006280e+00 1.372818767081253952e+02
7.781806439687962040e+00 1.307100172216642875e+02
7.245207076523068501e+00 1.243861697349164075e+02
6.744787449329996853e+00 1.183065754329427079e+02
6.278175903066752106e+00 1.124670347527663807e+02
5.843150817923111973e+00 1.068629569301083961e+02
