3.116451804962850656e+04 3.093587315234764537e+04
3.145555230888316510e+04 3.121835663034009849e+04
3.173193327409295671e+04 3.148602068665425395e+04
3.199267302650520287e+04 3.173788766338477217e+04
3.223676159656371601e+04 3.197296086524962811e+04
3.246319581549498616e+04 3.219025173406233080e+04
3.267095731204892218e+04 3.238875804396896638e+04
3.285898627157233568e+04 3.256743795276870514e+04
3.302623488293217815e+04 3.272526309747414416e+04
3.317167325395701482e+04 3.286122464641319675e+04
3.329424964375554555e+04 3.297429492177681823e+04
3.339292284600206040e+04 3.306345898256015789e+04
3.346669203897178522e+04 3.312774371069932386e+04
3.351457116157971905e+04 3.316619326249682490e+04
3.353557841046863177e+04 3.317785913562987116e+04
3.352878888842650485e+04 3.316185111643610435e+04
3.349333947721763980e+04 3.311734235262360744e+04
3.342840732482929889e+04 3.304354982412674872e+04
3.333324108864781010e+04 3.293976366402515123e+04
3.320718036897657294e+04 3.280536556697515334e+04
3.304966465104426607e+04 3.263983956984964607e+04
3.286024036010773125e+04 3.244277899301477373e+04
3.263856549190383157e+04 3.221388843830214319e+04
3.238443400370208110e+04 3.195300866803788813e+04
3.209783056495754499e+04 3.166017350533295030e+04
3.177887986913110581e+04 3.133555583161379764e+04
3.142784229563330155e+04 3.097946215019076408e+04
3.104524824255507338e+04 3.059246901911048190e+04
3.063186284874879129e+04 3.017538644812787606e+04
3.018856977759685469e+04 2.972913896277246386e+04
2.971648766631553372e+04 2.925488253224822256e+04
2.921715165060688014e+04 2.875418689190466466e+04
2.869221933542755869e+04 2.822873871107906962e+04
2.814345311315577783e+04 2.768032329640464013e+04
2.757311088352639854e+04 2.711121532696705981e+04
2.698370553319338796e+04 2.652393753712979378e+04
2.637771963469477851e+04 2.592097512274340261e+04
2.575792966175386391e+04 2.530509804823083323e+04
2.512764310700090937e+04 2.467959641297139024e+04
2.449006242744407064e+04 2.404764832743317311e+04
2.384830189079291813e+04 2.341233676060840298e+04
2.320594436053234676e+04 2.277720046705560890e+04
2.256655881568327459e+04 2.214575737240811213e+04
2.193340640271861776e+04 2.152121479354060648e+04
2.130993789956761975e+04 2.090695501504181811e+04
2.069990245976504957e+04 2.030664223094732370e+04
2.010666697712999303e+04 1.972356123455081615e+04
1.953307193084156461e+04 1.916047699992030903e+04
1.898105022484637084e+04 1.861925906616592692e+04
1.845210991965416542e+04 1.810135973562159052e+04
1.794756884272925163e+04 1.760804547197934880e+04
1.746927577181146626e+04 1.714108435869262394e+04
1.701953237123501094e+04 1.670267406902347648e+04
1.660038056078683076e+04 1.629476622539070377e+04
1.621162914294291659e+04 1.591715129962529500e+04
1.584880575265601328e+04 1.556546684781739532e+04
1.550726745144018241e+04 1.523518561452210997e+04
1.518292112730337612e+04 1.492232242363538899e+04
1.487237102690126449e+04 1.462358655471005841e+04
1.457249613631441571e+04 1.433595313504556725e+04
1.427935248932141258e+04 1.405560950617577691e+04
1.398804251648147692e+04 1.377782586861119307e+04
1.369373668365727826e+04 1.349792984504612468e+04
1.339053204525892761e+04 1.321022572145593222e+04
1.307254025552124040e+04 1.290901513562923901e+04
1.273417905822405191e+04 1.258889764566356462e+04
1.237028353006044745e+04 1.224486884050510525e+04
1.197757566505171962e+04 1.187372998993573310e+04
1.155555411262929920e+04 1.147498210400273092e+04
1.110574704506508897e+04 1.105006330700039325e+04
1.063295932171180357e+04 1.060360597640994092e+04
1.014357900125887681e+04 1.014175253593509296e+04
9.646326369454323867e+03 9.672913625997027339e+03
9.150217493832185937e+03 9.205765694109686592e+03
8.664501943091039720e+03 8.749199641110362791e+03
8.198242766596631554e+03 8.311898757064762322e+03
7.760074524488026327e+03 7.902126737403496918e+03
7.358213893497298159e+03 7.527645606274950296e+03
6.999296463472241157e+03 7.194765580363234221e+03
6.686830180681349702e+03 6.906715708265277499e+03
6.421764292961189312e+03 6.664320137622802577e+03
6.199464464825543473e+03 6.463077369216951411e+03
6.012548141851523724e+03 6.295871218612972370e+03
5.849683845887593634e+03 6.151839980522819133e+03
5.698518369130987594e+03 6.019114050430205680e+03
5.546199508035379949e+03 5.885301231610356808e+03
5.381150768503863219e+03 5.739182088654050858e+03
5.194424120877079986e+03 5.572007870142221691e+03
4.981203322866553208e+03 5.379008123106535095e+03
4.742126310142314651e+03 5.160732638853571189e+03
4.482659213016154354e+03 4.922449870757054669e+03
4.212252933786186077e+03 4.673345200326270060e+03
3.943163536186320471e+03 4.425310214263743546e+03
3.689207471704743966e+03 4.191646675964606402e+03
3.463206526250412935e+03 3.984594266328382218e+03
3.273473672348161926e+03 3.811984982360840149e+03
3.120666561427181023e+03 3.674303091995028353e+03
2.998154368447255820e+03 3.565144139530281791e+03
2.895522354646827807e+03 3.474554087515565243e+03
2.800880595063593319e+03 3.391176362246849294e+03
2.701602273756626346e+03 3.302911261587974423e+03
2.587080155285416822e+03 3.199562685070141015e+03
2.453896615255785036e+03 3.077863273382933585e+03
2.307541754502623917e+03 2.943160802859697469e+03
2.158543240987484296e+03 2.805630960423690340e+03
2.017792658472109224e+03 2.675691608583457764e+03
1.894678592957613773e+03 2.562169475867672190e+03
1.793543667266751527e+03 2.469013062024219380e+03
1.711560045737512610e+03 2.393430992118592258e+03
1.640750058646137404e+03 2.327872998106952309e+03
1.571180950955516209e+03 2.263022318801997244e+03
1.494839198980046604e+03 2.191418944237636879e+03
1.410391564886969491e+03 2.111914774839724032e+03
1.322816443153977389e+03 2.029262319483089868e+03
1.239087819774533045e+03 1.949973427045146082e+03
1.165292405579331444e+03 1.879592064977568043e+03
1.103189270885595988e+03 1.819602436319476510e+03
1.048997788737662404e+03 1.766472975998262655e+03
9.970140503353323993e+02 1.715027831599538104e+03
9.430879323281084226e+02 1.661585670079803322e+03
8.870399133980266697e+02 1.606078044235371181e+03
8.324845346201577740e+02 1.551770971289061890e+03
7.829181838757382366e+02 1.501716267456671630e+03
7.391608838369419345e+02 1.456553119412765682e+03
6.992841978015212590e+02 1.414559997642086955e+03
6.604317569613779142e+02 1.373297477825313763e+03
6.215618425792813468e+02 1.331930126461406189e+03
5.839317028881876013e+02 1.291545422127665688e+03
5.491288392032209913e+02 1.253442932106946955e+03
5.174268308830586420e+02 1.217803528500536004e+03
4.876719830860944853e+02 1.183674232215453003e+03
4.588855727667269093e+02 1.150287196478026090e+03
4.311579914897149592e+02 1.117729294767129886e+03
4.051863261777518233e+02 1.086530239500446669e+03
3.810865868164453332e+02 1.056754994491330535e+03
3.583757619115897342e+02 1.028031401361163489e+03
3.366911099730872934e+02 1.000096073886417457e+03
3.161630669732226124e+02 9.730401384707253101e+02
2.969476842974492001e+02 9.469601207692015805e+02
2.788950762881435708e+02 9.217414266687045483e+02
2.618093971689008299e+02 8.972476470555628794e+02
2.456811036590923152e+02 8.734665175937557251e+02
2.305342961258668595e+02 8.504031559258844482e+02
2.162868168479144799e+02 8.279981823758685096e+02
2.028624938757227198e+02 8.061977191591325891e+02
1.902297093924952378e+02 7.849759088514164205e+02
1.783456128774273282e+02 7.643005942706851101e+02
1.671689279375862895e+02 7.441414721940815298e+02
1.566604116296328471e+02 7.244703250882789689e+02
1.467827727570158061e+02 7.052609053791766200e+02
1.375005920368833472e+02 6.864888281738947171e+02
1.287802441436702452e+02 6.681314718848325356e+02
1.205897850370700013e+02 6.501680301782869265e+02
1.128988321170008646e+02 6.325796418937213730e+02
1.056785926874105996e+02 6.153489533557918776e+02
9.890180740273856941e+01 5.984599778778032260e+02
9.254267791672552335e+01 5.818980271209152306e+02
8.657679727012428827e+01 5.656496461937992990e+02
8.098108296327337996e+01 5.497025520764948396e+02
7.573371288945681101e+01 5.340456439349619586e+02
7.081406573362183110e+01 5.186696151621372337e+02
6.620266011658368654e+01 5.035665198524193897e+02
6.188109615594535740e+01 4.887292269295849110e+02
5.783200118883834762e+01 4.741513688211104522e+02
5.403897781382281806e+01 4.598272988449128889e+02
5.048655416049887634e+01 4.457520496458334947e+02
4.716013628194343710e+01 4.319212963093530107e+02
4.404595673861764737e+01 4.183319092727793418e+02
4.113102696955066051e+01 4.049824568164601146e+02
3.840310905365952010e+01 3.918719462248046739e+02
3.585067715618727391e+01 3.789996283203069538e+02
3.346287908217707496e+01 3.663649712377270475e+02
3.122949968510094010e+01 3.539676346177502069e+02
2.914092605722201768e+01 3.418074442398974497e+02
2.718811425504171453e+01 3.298845783058317807e+02
2.536255670521860850e+01 3.182009951831341255e+02
2.365625340378802122e+01 3.067592831679106098e+02
2.206168425971634051e+01 2.955617299500204922e+02
2.057178207388728453e+01 2.846103143732520380e+02
1.917990690247152941e+01 2.739067054670586003e+02
1.787982174846415617e+01 2.634522622848580227e+02
1.666566950115803181e+01 2.532480457672505167e+02
1.553194972764281445e+01 2.432955999136698892e+02
1.447349760405813157e+01 2.335973031294289797e+02
1.348546686325496324e+01 2.241550215643650006e+02
1.256331136106607538e+01 2.149700009059351657e+02
1.170276740847584840e+01 2.060428943812992486e+02
1.089983707468485719e+01 1.973737913335720577e+02
1.015077241282709686e+01 1.889622462194925561e+02
9.452060412011519475e+00 1.808073986143184584e+02
8.800408238191707255e+00 1.729084454522874807e+02
8.192730759252945916e+00 1.652642300505728485e+02
7.626138380902064640e+00 1.578730395252291032e+02
7.097925175514695262e+00 1.507326455045544833e+02
6.605557691301612522e+00 1.438403447303246878e+02
6.146664406557709626e+00 1.371929988504419100e+02
5.719025785283622376e+00 1.307870748630398623e+02
5.320564578896142649e+00 1.246187435280268687e+02
4.949337030273881943e+00 1.186839206609891022e+02
4.603525092769183757e+00 1.129782144095893983e+02
