1.752044260011217921e+04 1.737197284132361165e+04
1.777465177309538194e+04 1.761985997985343056e+04
1.802489111687678451e+04 1.786359434750050059e+04
1.827066124058247442e+04 1.810267997490617927e+04
1.851145199175662856e+04 1.833661090382365001e+04
1.874673614958987673e+04 1.856486499181542240e+04
1.897595773552943501e+04 1.878689245422584281e+04
1.919854944490403795e+04 1.900213310345729769e+04
1.941393529345090428e+04 1.921001906853470064e+04
1.962151299379712145e+04 1.940995808805322304e+04
1.982066338048121906e+04 1.960134262596582994e+04
2.001076437058134979e+04 1.978356330026728028e+04
2.019118036314710480e+04 1.995599885967348018e+04
2.036125141025789344e+04 2.011800596413743551e+04
2.052031763695735572e+04 2.026894263511522877e+04
2.066772157528601019e+04 2.040817062965068180e+04
2.080278919519759802e+04 2.053503770630371946e+04
2.092484603860468997e+04 2.064889299428578306e+04
2.103323141603796830e+04 2.074910051554771781e+04
2.112728942196520438e+04 2.083503106251674399e+04
2.120636590500648526e+04 2.090605959841783624e+04
2.126982954051413981e+04 2.096158494036388583e+04
2.131707513665815713e+04 2.100103312375736641e+04
2.134751780331740156e+04 2.102385279514591457e+04
2.136060483770173232e+04 2.102952586083899587e+04
2.135582422479792876e+04 2.101757526809145565e+04
2.133271797252207034e+04 2.098757900231086387e+04
2.129088749109550190e+04 2.093917536076155375e+04
2.122998688901408605e+04 2.087205501634133543e+04
2.114973883479833239e+04 2.078597675195181000e+04
2.104997696431304939e+04 2.068081012436173478e+04
2.093060868954366379e+04 2.055649737736708266e+04
2.079160860248001700e+04 2.041304637056037609e+04
2.063310257086832644e+04 2.025061427057307083e+04
2.045535599256263231e+04 2.006949542405212560e+04
2.025869701620438718e+04 1.987004438135782766e+04
2.004357466287703573e+04 1.965273349281793344e+04
1.981067749300084688e+04 1.941827063994606215e+04
1.956077233675622483e+04 1.916743841761874501e+04
1.929468502381392682e+04 1.890107483940343809e+04
1.901353141365044212e+04 1.862030324120339355e+04
1.871861360423298902e+04 1.832642856710172782e+04
1.841123259557557685e+04 1.802075076061891014e+04
1.809279580786760198e+04 1.770467286952143331e+04
1.776494831191730918e+04 1.737983278557051744e+04
1.742931731697073337e+04 1.704784687017711622e+04
1.708753252333461205e+04 1.671033066537063132e+04
1.674172481152611726e+04 1.636939922556892634e+04
1.639419415035262864e+04 1.602733419673502431e+04
1.604708277694544086e+04 1.568625681207578964e+04
1.570202252807819059e+04 1.534778680134593924e+04
1.535992180546741110e+04 1.501283684539265414e+04
1.502156066328525958e+04 1.468218982551595764e+04
1.468793746106137405e+04 1.435684404919586450e+04
1.436174686610292702e+04 1.403949254210280014e+04
1.404613629133507311e+04 1.373328074126152205e+04
1.374392880943479577e+04 1.344103194606225770e+04
1.345608382520115629e+04 1.316374054121517111e+04
1.318137222500687858e+04 1.290025294205606224e+04
1.291850712136449692e+04 1.264935530438619753e+04
1.266614257235612240e+04 1.240977248547374984e+04
1.242258662602194636e+04 1.217988638976081347e+04
1.218618311282202376e+04 1.195810826919346982e+04
1.195521436038568754e+04 1.174277745128942479e+04
1.172754157387060150e+04 1.153179672978774761e+04
1.150107438935430946e+04 1.132310240012590839e+04
1.127361377346247355e+04 1.111449253812355892e+04
1.104270852777595064e+04 1.090347206204044051e+04
1.080600634833013828e+04 1.068761611435182931e+04
1.056067304619283459e+04 1.046394553472850203e+04
1.030383549679118551e+04 1.022939035028255239e+04
1.003308646432709611e+04 9.981297489041397057e+03
9.746546744545079491e+03 9.717488309842128729e+03
9.443314168642136792e+03 9.436759810747525989e+03
9.124297718552174047e+03 9.139759402965459230e+03
8.791455942479627993e+03 8.828233854456930203e+03
8.448954585459639929e+03 8.506280384430694539e+03
8.101544365964695317e+03 8.178661469805024353e+03
7.754856732407222808e+03 7.851148868618844972e+03
7.414331062625994491e+03 7.529381495625082607e+03
7.085203572095799245e+03 7.218860636390704713e+03
6.772208451704924300e+03 6.924621531652065642e+03
6.479588536302126158e+03 6.651246651377613489e+03
6.210825410502613522e+03 6.402572516078131230e+03
5.968549089884892055e+03 6.181603907101101868e+03
5.753051214218561654e+03 5.988908825806214736e+03
5.563000446494253993e+03 5.823348521201992298e+03
5.393718537490834933e+03 5.680153179649794765e+03
5.239010904769825174e+03 5.552803753625713398e+03
5.091038381390514587e+03 5.432784483629124225e+03
4.942233988057995703e+03 5.311632729954735623e+03
4.785924945461382777e+03 5.181614005316612747e+03
4.617457096877518779e+03 5.037064330315832194e+03
4.434562855191627932e+03 4.874917768673050887e+03
4.238104227140353032e+03 4.695712747544830563e+03
4.031937543384687615e+03 4.503556609668979945e+03
3.822010936811203010e+03 4.305140409634810567e+03
3.615400695560873373e+03 4.108624525876530242e+03
3.419302434911114688e+03 3.922409884026789314e+03
3.240340056102454582e+03 3.754306679715398332e+03
3.083305669144870535e+03 3.610071315645975119e+03
2.949353079001823517e+03 3.491288497635978274e+03
2.834645091001409128e+03 3.393731064974260335e+03
2.731825532043002113e+03 3.308938459781933489e+03
2.633084857086324519e+03 3.227694815457598907e+03
2.531934441859029903e+03 3.142121396902763536e+03
2.423544675981206183e+03 3.046168626764034798e+03
2.305939277621264409e+03 2.937215804493050200e+03
2.181959869709108716e+03 2.818625080758480181e+03
2.058406432499686616e+03 2.698738254652301748e+03
1.942175128398887182e+03 2.586068219792016407e+03
1.837760933220426750e+03 2.486176556438278567e+03
1.746896150144589683e+03 2.401243726105305086e+03
1.667908314619877274e+03 2.329305188064133290e+03
1.595670452020670382e+03 2.264153420193752936e+03
1.524681638688545490e+03 2.199058517043129086e+03
1.451034662271559682e+03 2.129205962680348421e+03
1.373957114138623865e+03 2.053678010199511391e+03
1.296568601724042310e+03 1.976411441530279717e+03
1.223299391288302331e+03 1.902936840270925359e+03
1.156834146312326766e+03 1.836569596071436763e+03
1.097643829842767900e+03 1.777876600208432592e+03
1.043652525772121407e+03 1.724334698528585932e+03
9.914482779023554713e+02 1.671841633467470956e+03
9.391093218786753596e+02 1.618147993518314934e+03
8.868730897997359079e+02 1.563638812862699297e+03
8.365947882734665200e+02 1.510610539588035863e+03
7.901589721132668274e+02 1.461315879697057881e+03
7.476566114359753783e+02 1.415845405190820429e+03
7.078324409698067257e+02 1.372740277359437869e+03
6.693382881212320399e+02 1.330490845827808471e+03
6.317438413342838430e+02 1.288677627503256645e+03
5.957389858045544315e+02 1.248131912329273291e+03
5.620754118364247915e+02 1.209700346216919115e+03
5.306775654735361059e+02 1.173294412120650350e+03
5.009410760244334710e+02 1.138275299594233729e+03
4.724086087819122213e+02 1.104193787319287594e+03
4.451802883507886008e+02 1.071185072111862382e+03
4.195237384099767155e+02 1.039530200374450715e+03
3.954108462846004954e+02 1.009199364085433899e+03
3.725718630982491959e+02 9.799373503311892364e+02
3.508544102116828753e+02 9.516134286633997590e+02
3.302988908693660051e+02 9.242711587010714993e+02
3.109263807897315246e+02 8.979264765801692647e+02
2.926297649620715333e+02 8.724840553921009132e+02
2.753095001941467217e+02 8.478604119769192948e+02
2.589425363965045221e+02 8.240335653945105605e+02
2.435050315350788139e+02 8.009775865475804721e+02
2.289377291783742692e+02 7.786397934749131764e+02
2.151861549694440896e+02 7.569728405017873456e+02
2.022051024205199496e+02 7.359373189930927310e+02
1.899678034636110624e+02 7.155050186251650075e+02
1.784343607695236074e+02 6.956369461709236930e+02
1.675663602743962599e+02 6.762964872994517691e+02
1.573273775946728961e+02 6.574498011245952966e+02
1.476828798716009032e+02 6.390656554640632976e+02
1.386001322703621668e+02 6.211152758514215293e+02
1.300481092556221654e+02 6.035722056048582544e+02
1.219975873596031732e+02 5.864115154974203961e+02
1.144212870780260545e+02 5.696087071742332455e+02
1.072933154056770064e+02 5.531412418975752416e+02
1.005890289058781946e+02 5.369887325056545251e+02
9.428498626685932038e+01 5.211328348048027692e+02
8.835890164127822288e+01 5.055571459490158759e+02
8.278959884766669575e+01 4.902471087371840781e+02
7.755695290567319944e+01 4.751901506677128282e+02
7.264175922387329365e+01 4.603771566301896883e+02
6.802577310695927792e+01 4.458011977529134242e+02
6.369172284451117605e+01 4.314564960762362489e+02
5.962326361147407283e+01 4.173383528983704309e+02
5.580493281156271479e+01 4.034430842882626393e+02
5.222210721012444168e+01 3.897679571014954831e+02
4.886096197080336623e+01 3.763112041347795866e+02
4.570843681310492457e+01 3.630748085820897586e+02
4.275219796822177898e+01 3.500647502351378648e+02
3.998059385381109365e+01 3.372869905719060739e+02
3.738262039946006610e+01 3.247471817438798212e+02
3.494788838563818700e+01 3.124506485089090688e+02
3.266659218478854143e+01 3.004023714196430888e+02
3.052947986239437483e+01 2.886069713732367177e+02
2.852782245729715171e+01 2.770696650828973588e+02
2.665338213596023564e+01 2.657984956894126753e+02
2.489839364722565307e+01 2.548011338293524375e+02
2.325554099449533751e+01 2.440840576190854847e+02
2.171793330446106651e+01 2.336525983962411317e+02
2.027908185521591022e+01 2.235109890900731102e+02
1.893287821797975568e+01 2.136624147597378567e+02
1.767357332257151015e+01 2.041091372112783233e+02
1.649575629128523246e+01 1.948532715527835819e+02
1.539433670136299703e+01 1.858963846872557610e+02
1.436452787250971319e+01 1.772389784647470208e+02
1.340182984122767529e+01 1.688805565997880365e+02
1.250201319151316071e+01 1.608197008414060178e+02
1.166110372265666761e+01 1.530541461992837640e+02
1.087536790602239734e+01 1.455808547116242266e+02
1.014129836737335744e+01 1.383960815518985044e+02
9.455600596754862863e+00 1.314954424320336557e+02
8.815181995304737228e+00 1.248739920387122879e+02
8.217140243151730417e+00 1.185262898089285528e+02
7.658752161586221519e+00 1.124464617785421865e+02
