1.533888390910561611e+04 1.526592560403150674e+04
1.550942373851979391e+04 1.543351240148833858e+04
1.567395766426663795e+04 1.559501265515727209e+04
1.583195940093979880e+04 1.574990174990269588e+04
1.598289778359066077e+04 1.589765064152903869e+04
1.612622967986063304e+04 1.603771874658058914e+04
1.626138055522841387e+04 1.616953449200691466e+04
1.638777022439096982e+04 1.629252115745386436e+04
1.650481932501545089e+04 1.640610340571821143e+04
1.661192979546089191e+04 1.650968801306478417e+04
1.670849477641152407e+04 1.660267373384281018e+04
1.679391723241188083e+04 1.668446978348179618e+04
1.686759836905014527e+04 1.675448446451668860e+04
1.692892389990749871e+04 1.681211168525432367e+04
1.697729535147541901e+04 1.685676192052262923e+04
1.701213463874092849e+04 1.688786682174766975e+04
1.703286587840420907e+04 1.690486162305379548e+04
1.703893340084836018e+04 1.690720278409494495e+04
1.702981758780620294e+04 1.689438350395880116e+04
1.700503086087166594e+04 1.686593029004428172e+04
1.696411856334436743e+04 1.682140406033247200e+04
1.690667501974083279e+04 1.676041530293342657e+04
1.683235127268057840e+04 1.668263196394993065e+04
1.674086814548580514e+04 1.658779355017912530e+04
1.663201220642621774e+04 1.647570592574115653e+04
1.650563786231175254e+04 1.634624288921122206e+04
1.636170881731430381e+04 1.619938870204562409e+04
1.620029797389746454e+04 1.603523768944965559e+04
1.602155081844914457e+04 1.585395619471805185e+04
1.582572523598404405e+04 1.565582268038532493e+04
1.561327406965543378e+04 1.544131108583747300e+04
1.538473723630517452e+04 1.521098125034830991e+04
1.514072950081011732e+04 1.496546623722727418e+04
1.488210227600655890e+04 1.470563468752494555e+04
1.460986474428968540e+04 1.443251121049165704e+04
1.432505459746943416e+04 1.414714633788102583e+04
1.402888265349717403e+04 1.385076035745906302e+04
1.372287127755996335e+04 1.354488078125256834e+04
1.340854446664737225e+04 1.323103355686344003e+04
1.308742607782893174e+04 1.291074113204759124e+04
1.276132592049362574e+04 1.258580582184092600e+04
1.243210305597037768e+04 1.225807514927588818e+04
1.210150115715427455e+04 1.192927882621219578e+04
1.177149771987369240e+04 1.160136989796361740e+04
1.144439330552459251e+04 1.127661178876345730e+04
1.112229854483173585e+04 1.095707769224059302e+04
1.080704243008189405e+04 1.064456068833981772e+04
1.049997947927118912e+04 1.034038288198685041e+04
1.020222282934116447e+04 1.004562727109871412e+04
9.914784228282218464e+03 9.761275597062662200e+03
9.639427560249218004e+03 9.489028430944717911e+03
9.378526318683112549e+03 9.231168471992721607e+03
9.134199478482591076e+03 8.989731246912309871e+03
8.907382375319848506e+03 8.765596832333694692e+03
8.696946217957640329e+03 8.557628885427595378e+03
8.501613612997982273e+03 8.364548680578423955e+03
8.320079357705848452e+03 8.185054723748362449e+03
8.150851694049857542e+03 8.017669157815239487e+03
7.992502822082899002e+03 7.860979246380342374e+03
7.843179872514770977e+03 7.713169766000970412e+03
7.700543598360132819e+03 7.571964299534032762e+03
7.562250764249149142e+03 7.435088749228810229e+03
7.425350883098113627e+03 7.299706379936201301e+03
7.286801724789173022e+03 7.162900960579327148e+03
7.143209748504188610e+03 7.021442663882416127e+03
6.990877409113323665e+03 6.871831267100215882e+03
6.826422052600329152e+03 6.710883822343294923e+03
6.646831895258207624e+03 6.535800557021294480e+03
6.449932920458471926e+03 6.344584580683113927e+03
6.234922423389309188e+03 6.136565899445877221e+03
6.002253553331048352e+03 5.912257414192376928e+03
5.754269310323483296e+03 5.673967437315475763e+03
5.494422930352330695e+03 5.425031196697370433e+03
5.227351046592269086e+03 5.169885057516711640e+03
4.958249804140322340e+03 4.913462576045111746e+03
4.692604512006306322e+03 4.660944377117772092e+03
4.436299276632241344e+03 4.417834832413556796e+03
4.194704840543341561e+03 4.189148819304708923e+03
3.973049642147588202e+03 3.979697251402684742e+03
3.775578522719740704e+03 3.793373318523337730e+03
3.604885487648376966e+03 3.632465506538424052e+03
3.461749760977051665e+03 3.497579771895655995e+03
3.344269499856440689e+03 3.386804298070359891e+03
3.248431616643646976e+03 3.296294636404324137e+03
3.168316157349726382e+03 3.220459291462510919e+03
3.096650058398760848e+03 3.152511022644903733e+03
3.025744664212109001e+03 3.085323223061767749e+03
2.948063514003947603e+03 3.011962379157873784e+03
2.857386342658031481e+03 2.926755237314673650e+03
2.749802184576465606e+03 2.826180986116965414e+03
2.624470765053187733e+03 2.709554279208477965e+03
2.483962854870720093e+03 2.579321185191261520e+03
2.333783147976520468e+03 2.440589650529350365e+03
2.181694970218917206e+03 2.300484304158549094e+03
2.036691348499009564e+03 2.167187280694585297e+03
1.907340956466379339e+03 2.048420456319564437e+03
1.799483879858354157e+03 1.949360085261193490e+03
1.714479905530106180e+03 1.871097880387298801e+03
1.649367732669693396e+03 1.810839334540603886e+03
1.598262026738522991e+03 1.763199287928084004e+03
1.553447302722956238e+03 1.721204025101391380e+03
1.506169622553026784e+03 1.677005262575695951e+03
1.448791182016997027e+03 1.623805450393658930e+03
1.378075556378152214e+03 1.558781411715553077e+03
1.296510259749157967e+03 1.484232549051357637e+03
1.210510547552631579e+03 1.405929230269261097e+03
1.127967350529354917e+03 1.330881577300353456e+03
1.056084359821445560e+03 1.265401294061246290e+03
9.988057773898249252e+02 1.212858779635852898e+03
9.550071846095403316e+02 1.172162157534847438e+03
9.196030306117876307e+02 1.138794048662180558e+03
8.853621154791243271e+02 1.106424789947941917e+03
8.459654496215916879e+02 1.069577754149472412e+03
7.994963056440914215e+02 1.026644848830477031e+03
7.488230013105886655e+02 9.801694549168554431e+02
6.993239059178845309e+02 9.348139550566183971e+02
6.562587990766101029e+02 8.950585371088808415e+02
6.216662785305603620e+02 8.625688274721534299e+02
5.932473997057726365e+02 8.353248577716833552e+02
5.664913309006168447e+02 8.094812348686883752e+02
5.375210977674147443e+02 7.817844591296019416e+02
5.056706881575607326e+02 7.517166886427468171e+02
4.736659024345049147e+02 7.215864924158797749e+02
4.447999310070703700e+02 6.941193472509693265e+02
4.203873319089989877e+02 6.703565096631505185e+02
3.990141902512442584e+02 6.490971136490468325e+02
3.780223116655191689e+02 6.281628192639267354e+02
3.561122115277276521e+02 6.065180803447963171e+02
3.342518064385323555e+02 5.849622652330391475e+02
3.141744231108035024e+02 5.648765009285532415e+02
2.964706456868084956e+02 5.467032168871066915e+02
2.801329304014124091e+02 5.296288395645104856e+02
2.639993829100313292e+02 5.127463033871982816e+02
2.480565672150280818e+02 4.960547326183404948e+02
2.331221305668772175e+02 4.801800021391009636e+02
2.195361742168796297e+02 4.653661507750823603e+02
2.068157113776148606e+02 4.512386175568219073e+02
1.944831302666237605e+02 4.374415755685105864e+02
1.826854973667673505e+02 4.240842549784926518e+02
1.717231293695891168e+02 4.113787130878631615e+02
1.614977731604852522e+02 3.992459674968976060e+02
1.517529801673424288e+02 3.875008092933828152e+02
1.424929360575090982e+02 3.761444751025782125e+02
1.338261394354927631e+02 3.652469308458159389e+02
1.256914768692760305e+02 3.547612753679928232e+02
1.179869164846233929e+02 3.446161595760906380e+02
1.107233945403339987e+02 3.348155692757695761e+02
1.038928089861298645e+02 3.253500082710184529e+02
9.746992479213841420e+01 3.162001352832551788e+02
9.142849569357919393e+01 3.073464100120604598e+02
8.574425688601959905e+01 2.987706335071583794e+02
8.039527652444954242e+01 2.904562395257081562e+02
7.536307465405327832e+01 2.823892497161760389e+02
7.063054705031471769e+01 2.745569359917667498e+02
6.618136522043903369e+01 2.669473748821926620e+02
6.199995404066586246e+01 2.595493993843720659e+02
5.807146886280949616e+01 2.523525542809752835e+02
5.438177223266548310e+01 2.453470546315277261e+02
5.091739853675860417e+01 2.385237491783217365e+02
4.766537502339797783e+01 2.318741122604098734e+02
4.461328648649725892e+01 2.253901997678043472e+02
4.174939825371875912e+01 2.190645931219015097e+02
3.906262536550221398e+01 2.128903696692010499e+02
3.654249926671851512e+01 2.068610755573761821e+02
3.417913602832696540e+01 2.009707002648600849e+02
3.196320609183299766e+01 1.952136531213935768e+02
2.988591791774553386e+01 1.895848634509606825e+02
2.793900205916776258e+01 1.840799009135216693e+02
2.611465443045009138e+01 1.786946827035475280e+02
2.440550830180780650e+01 1.734254136963378983e+02
2.280461206964365672e+01 1.682685707602185232e+02
2.130540798565454708e+01 1.632208877642391087e+02
1.990171181621040120e+01 1.582793412225493057e+02
1.858769240233715436e+01 1.534411581916902776e+02
1.735784687169968521e+01 1.487039469107684226e+02
1.620698898899322060e+01 1.440655732689198771e+02
1.513023612333847190e+01 1.395240620527092403e+02
1.412299269720789319e+01 1.350775862155020093e+02
1.318093442595382569e+01 1.307244570166422193e+02
1.229999334026648405e+01 1.264631144661342006e+02
1.147634354613785312e+01 1.222921209857705662e+02
1.070638717122549366e+01 1.182102847057182800e+02
9.986741510595752658e+00 1.142166829203089691e+02
9.314227725429004678e+00 1.103104567730622279e+02
8.685859317789061507e+00 1.064907898479303867e+02
8.098831142916777637e+00 1.027569026468246847e+02
7.550509000676471238e+00 9.910804726085238769e+01
7.038419779185423941e+00 9.554350223720358315e+01
6.560241928931983324e+00 9.206264066505140420e+01
6.113796053251951967e+00 8.866516148799959751e+01
5.697037383843683855e+00 8.535080543228212946e+01
5.308048117335989247e+00 8.211925356358540284e+01
4.945029900050355920e+00 7.897012757284844042e+01
4.606296729942602752e+00 7.590299022137536156e+01
4.290268254615803301e+00 7.291734593598245340e+01
3.995463430518096715e+00 7.001265438742746028e+01
3.720494318937587863e+00 6.718854457645996092e+01
3.464060569027974434e+00 6.444474350686435571e+01
3.224944353010608555e+00 6.178086174181720480e+01
3.002005346902187455e+00 5.919639245441764785e+01
