8.459532032701123171e+03 8.441770747805454448e+03
8.527763057071688308e+03 8.509342248179355011e+03
8.592364637398748528e+03 8.573269176553449142e+03
8.653086540616628554e+03 8.633301543523766668e+03
8.709677577840062440e+03 8.689188522280168399e+03
8.761878238580204197e+03 8.740671269551006844e+03
8.809427471164355666e+03 8.787489588778938923e+03
8.852067304426662304e+03 8.829386474710976472e+03
8.889533066639027311e+03 8.866098351082537192e+03
8.921550794763928934e+03 8.897352492403959332e+03
8.947852299833581128e+03 8.922882075224637447e+03
8.968174710170364051e+03 8.942425750946704284e+03
8.982250690263008437e+03 8.955717979851879136e+03
8.989819944239521647e+03 8.962500440121148131e+03
8.990634727234311868e+03 8.962527501924252647e+03
8.984450140205744901e+03 8.955556675643407289e+03
8.971025472504543359e+03 8.941349960929181179e+03
8.950138050764666332e+03 8.919687528050353649e+03
8.921583440481683283e+03 8.890367996780485555e+03
8.885171196203122236e+03 8.853204428149434534e+03
8.840733537886138947e+03 8.808032713125499868e+03
8.788129338545200881e+03 8.754715483795374894e+03
8.727247146949293892e+03 8.693145484633301749e+03
8.658006656005958575e+03 8.623246931849402245e+03
8.580359272093062827e+03 8.544975727997643844e+03
8.494297041890078617e+03 8.458328571692631158e+03
8.399867004574605744e+03 8.363357663269840486e+03
8.297153802214099414e+03 8.260152715728851035e+03
8.186280418766606090e+03 8.148841587365136547e+03
8.067450355730200499e+03 8.029632964312999320e+03
7.940928184206180958e+03 7.902796587178575464e+03
7.807008141731807882e+03 7.768631384518320374e+03
7.666054438121134808e+03 7.627505981331394651e+03
7.518544583558143131e+03 7.479902229284454734e+03
7.364981651704229989e+03 7.326326887129949682e+03
7.205895139411436503e+03 7.167312391237321208e+03
7.041956265026305118e+03 7.003532214515632404e+03
6.873893958428344376e+03 6.835716735348696602e+03
6.702419053356519726e+03 6.664577370353013976e+03
6.528323987646976093e+03 6.490905790043238085e+03
6.352537357144105954e+03 6.315628183050938787e+03
6.175944072428769687e+03 6.139626325138414359e+03
5.999396419687232083e+03 5.963748457974853409e+03
5.823874898218461567e+03 5.788968337124960271e+03
5.650342950210871095e+03 5.616241708832727454e+03
5.479666836735491415e+03 5.446427199443772224e+03
5.312740703686052257e+03 5.280408481968300293e+03
5.150512915392951072e+03 5.119120156492754177e+03
4.993820976308496029e+03 4.963386967420803558e+03
4.843365251020054529e+03 4.813897278615397227e+03
4.699635043954468529e+03 4.671127100289794726e+03
4.563010648913385012e+03 4.535444244675692971e+03
4.433812784223684503e+03 4.407158264213825532e+03
4.312386128764783280e+03 4.286598166726132149e+03
4.199102820331115254e+03 4.174116204147057942e+03
4.094287370055773863e+03 4.070018948257777538e+03
3.997741907241537319e+03 3.974099895623702650e+03
3.908167776021108239e+03 3.885069756549506565e+03
3.824222624712034303e+03 3.801596997044252021e+03
3.744720578414864576e+03 3.722506294375526068e+03
3.668677418503157696e+03 3.646824866964625926e+03
3.595191880541754927e+03 3.573662549787803982e+03
3.523141062667415554e+03 3.501916500968814034e+03
3.451119117383309003e+03 3.430211954816874368e+03
3.377748766766500921e+03 3.357204415883654292e+03
3.301377713480945204e+03 3.281292460348420263e+03
3.220364361876205294e+03 3.200888813131832194e+03
3.133238673945544178e+03 3.114582539912867560e+03
3.038731010604836683e+03 3.021166227047033317e+03
2.936141972337086372e+03 2.919987703602233523e+03
2.825655421792400830e+03 2.811258972904777238e+03
2.707989922731252136e+03 2.695704590147262479e+03
2.584735230086456340e+03 2.574891138138437782e+03
2.457836228551221666e+03 2.450718989719584897e+03
2.329781347673963865e+03 2.325605290342447006e+03
2.203056650869520126e+03 2.201954310581400932e+03
2.080139926043692412e+03 2.082151780856158439e+03
1.963422032279099994e+03 1.968489636830367999e+03
1.855154940243038027e+03 1.863119314832754526e+03
1.757369954726043261e+03 1.767960739936435402e+03
1.671636086415176806e+03 1.684492551449627854e+03
1.598495572992098460e+03 1.613192184414445819e+03
1.537774295747949736e+03 1.553849382485428350e+03
1.487776923599273005e+03 1.504799730364903326e+03
1.446143531788874952e+03 1.463749127443446014e+03
1.409616285514571246e+03 1.427565443072492826e+03
1.374792267835939128e+03 1.392998363792560440e+03
1.338285632862289731e+03 1.356837474031116017e+03
1.297207398165439145e+03 1.316369716614648723e+03
1.249538674948780908e+03 1.269720804353286667e+03
1.194514726640639537e+03 1.216211480944937193e+03
1.132862115812851243e+03 1.156567237482861856e+03
1.066505861112580988e+03 1.092629213013198751e+03
9.982800986701670354e+02 1.027077784228175233e+03
9.316410662407614609e+02 9.631581468936827832e+02
8.702815476266424639e+02 9.043148941872406112e+02
8.172781991994486361e+02 8.533984546766233734e+02
7.741328457971978878e+02 8.117735348292922026e+02
7.402145082736516315e+02 7.788069770353214381e+02
7.132498360376082474e+02 7.523431182000244917e+02
6.903069838182672129e+02 7.296324725619383571e+02
6.681792043415434819e+02 7.076953683539362601e+02
6.435902654859220320e+02 6.835164025140499007e+02
6.142913889688101108e+02 6.550514783256004421e+02
5.802566503078132882e+02 6.223098410185717739e+02
5.436095129841990001e+02 5.872637021960024413e+02
5.072487406406733612e+02 5.525760950461848324e+02
4.739534837445743847e+02 5.207797178571496488e+02
4.457925449640728743e+02 4.937405869664598299e+02
4.232166356900283404e+02 4.718397572173410026e+02
4.049018004713814207e+02 4.538468725368659307e+02
3.885182585922677845e+02 4.376343917209572965e+02
3.715278984267862370e+02 4.209087564499299674e+02
3.523689735735301269e+02 4.022763711580014956e+02
3.314063352334483170e+02 3.820814979077908333e+02
3.102314813259985158e+02 3.617598094416140384e+02
2.906121113425301701e+02 3.428892344399981198e+02
2.738199600581671689e+02 3.265911274107580766e+02
2.597507266798734804e+02 3.127552344122822205e+02
2.471336905548795073e+02 3.002415243655947847e+02
2.345940617543919586e+02 2.878310475421724846e+02
2.213843239946218944e+02 2.748695006887110139e+02
2.078697452179435743e+02 2.616840499247174421e+02
1.950779428125725588e+02 2.491758068800937167e+02
1.836677696510134865e+02 2.379140518822107992e+02
1.735802070670215187e+02 2.278383170313391304e+02
1.641756990670955645e+02 2.183870007760997396e+02
1.548482337450940065e+02 2.090345757925228156e+02
1.455702747324818631e+02 1.997587880652420154e+02
1.367468667543347749e+02 1.909073811161960350e+02
1.286777918743420344e+02 1.827333686829459793e+02
1.212800396283040385e+02 1.751611140064656524e+02
1.142473860524588360e+02 1.679273028721750052e+02
1.074212930300801361e+02 1.608968184752557704e+02
1.009143223307457617e+02 1.541637334338196297e+02
9.485858032413680974e+01 1.478367417157309944e+02
8.921998677644623399e+01 1.418844946095545936e+02
8.387205532590635926e+01 1.361996655101287672e+02
7.877341471105289372e+01 1.307466870512285766e+02
7.397188405641132647e+01 1.255635615159102514e+02
6.947831715739528136e+01 1.206572969756210512e+02
6.524405476149159711e+01 1.159863986261333224e+02
6.123639806388286644e+01 1.115229359088480123e+02
5.746289736186211883e+01 1.072716703314646765e+02
5.391917468269590330e+01 1.032276159564449074e+02
5.058196163169533577e+01 9.937080714305290030e+01
4.743771090540349178e+01 9.568924490115800552e+01
4.448110898006610370e+01 9.217754732777365234e+01
4.170102160073078323e+01 8.882584852563049083e+01
3.908726177028078297e+01 8.562499072958121360e+01
3.663036063614248405e+01 8.256650491720203888e+01
3.432135818936938421e+01 7.964246451374211233e+01
3.215177774152480339e+01 7.684544703050782744e+01
3.011360157633384560e+01 7.416849867931898643e+01
2.819925838946869234e+01 7.160508396835903966e+01
2.640164886540921074e+01 6.914897082963796038e+01
2.471406989601147330e+01 6.679428336183551096e+01
2.313017009050818373e+01 6.453551782311825491e+01
2.164393385809582782e+01 6.236751685748233598e+01
2.024966605732398151e+01 6.028544563236183507e+01
1.894197716195685999e+01 5.828476980075036806e+01
1.771576867787428355e+01 5.636123421410654544e+01
1.656620920985535150e+01 5.451080720949657632e+01
1.548872111403195007e+01 5.272965649491783324e+01
1.447898302688608752e+01 5.101418516902832323e+01
1.353291772378146618e+01 4.936101961155041096e+01
1.264667943332644917e+01 4.776699469051069968e+01
1.181664173071970581e+01 4.622914006862583136e+01
1.103938598940988314e+01 4.474466751841713119e+01
1.031169040717049867e+01 4.331096359838750942e+01
9.630519645977889454e+00 4.192559623597195184e+01
8.993014668130712153e+00 4.058628638778726838e+01
8.396483161327610745e+00 3.929089089886326747e+01
7.838390493938528714e+00 3.803739407670379080e+01
7.316351110873015706e+00 3.682389984775072378e+01
6.828120352202708077e+00 3.564862444649610751e+01
6.371586660121542067e+00 3.450989029784665973e+01
5.944763707401112818e+00 3.340614045356534945e+01
5.545783464781564476e+00 3.233593300822091976e+01
5.172890196780531191e+00 3.129790923464305408e+01
4.824434136705658460e+00 3.029078724707057191e+01
4.498865453524706126e+00 2.931335753196464111e+01
4.194728535139456760e+00 2.836447875025001863e+01
3.910656573455741025e+00 2.744307379116644441e+01
3.645366325171476074e+00 2.654813224129679128e+01
3.397652931873656801e+00 2.567872677768345113e+01
3.166385797270192981e+00 2.483398681369932959e+01
2.950504374521333073e+00 2.401308742532148344e+01
2.749014031499679600e+00 2.321524676550820843e+01
2.560982144683563888e+00 2.243972361768428669e+01
2.385534410182384324e+00 2.168581507888452720e+01
2.221851353770320614e+00 2.095285486738279701e+01
2.069164890183470717e+00 2.024022259421897374e+01
1.926755271521118473e+00 1.954734016638620275e+01
1.793948346832382246e+00 1.887365698543032977e+01
1.670112797549701877e+00 1.821864778322357381e+01
1.554657523834510169e+00 1.758181114653530130e+01
1.447029182253397162e+00 1.696266811343089032e+01
1.346709866627679109e+00 1.636076083772830358e+01
1.253214893417347486e+00 1.577565402960962793e+01
