1.949181717523866973e+04 1.933403703496012895e+04
1.975910513735520726e+04 1.959471512674719270e+04
2.002077745176778990e+04 1.984959746109454136e+04
2.027622176119238429e+04 2.009807458586894063e+04
2.052478933687287281e+04 2.033950353720712519e+04
2.076581870551283646e+04 2.057322976559074959e+04
2.099863649732566410e+04 2.079858783534366376e+04
2.122253473922688136e+04 2.101487901731167221e+04
2.143678750041048625e+04 2.122138783569625957e+04
2.164066536020144122e+04 2.141739644537568165e+04
2.183341963897760434e+04 2.160216951673052972e+04
2.201427438591562168e+04 2.177494663680805024e+04
2.218245528963268225e+04 2.193497036106447558e+04
2.233719005249564725e+04 2.208148669665419584e+04
2.247768495615616484e+04 2.221372264879129580e+04
2.260314861081641720e+04 2.233090925199183039e+04
2.271280729087943837e+04 2.243229646945830609e+04
2.280589380603757309e+04 2.251714284851291814e+04
2.288164759456315005e+04 2.258471580641228502e+04
2.293933816763198411e+04 2.263431398508827624e+04
2.297826955537025060e+04 2.266527179566692939e+04
2.299777870023712967e+04 2.267695872247919033e+04
2.299724646085790664e+04 2.266878925450787574e+04
2.297610589367961074e+04 2.264023063836030269e+04
2.293386478870762585e+04 2.259082589385496976e+04
2.287011100224570328e+04 2.252019892479897317e+04
2.278449868945305934e+04 2.242803980169303031e+04
2.267677360775595662e+04 2.231412987626076210e+04
2.254683637191165326e+04 2.217840496351044931e+04
2.239468060058837364e+04 2.202089286748029554e+04
2.222038249011022344e+04 2.184170257673944070e+04
2.202421838916485285e+04 2.164114111581070756e+04
2.180664213086646123e+04 2.141969050409645934e+04
2.156817874386007679e+04 2.117790153565000946e+04
2.130951168953765227e+04 2.091648019231025319e+04
2.103165768167843999e+04 2.063646084687989060e+04
2.073572336576136149e+04 2.033896411837359483e+04
2.042286746803797359e+04 2.002515917405430446e+04
2.009455470013531885e+04 1.969651612509652841e+04
1.975244262685747526e+04 1.935469305962940416e+04
1.939816772191703421e+04 1.900132316010192153e+04
1.903357330071772958e+04 1.863824106000129905e+04
1.866101560227795198e+04 1.826778635668818606e+04
1.828281850013478834e+04 1.789226207646549301e+04
1.790116917137365454e+04 1.751383232963574847e+04
1.751806042583839007e+04 1.713447280808492360e+04
1.713531821988822412e+04 1.675599439816583981e+04
1.675464038741498734e+04 1.638007718805676086e+04
1.637810167071034448e+04 1.600877189121737865e+04
1.600858104399840158e+04 1.564492376667062126e+04
1.564881144275792758e+04 1.529123037475974343e+04
1.530118769243259885e+04 1.495005497503134939e+04
1.496723001871700762e+04 1.462291403092720248e+04
1.464800921679723615e+04 1.431088674567077578e+04
1.434444588725863468e+04 1.401490304866860424e+04
1.405639762663322472e+04 1.373485798230860746e+04
1.378272401407001416e+04 1.346967545916444760e+04
1.352229142158377181e+04 1.321828465512252296e+04
1.327342115585883948e+04 1.297908276511819713e+04
1.303389147268323359e+04 1.274993586839312957e+04
1.280153705083603563e+04 1.252876050215564646e+04
1.257372324712123373e+04 1.231300409437446433e+04
1.234763953135884913e+04 1.209993123634713447e+04
1.212035835760611189e+04 1.188667368049288962e+04
1.188835851616282162e+04 1.166974814840366344e+04
1.164820085521294459e+04 1.144572756130747621e+04
1.139610583378468255e+04 1.121080015339257625e+04
1.112838337306659923e+04 1.096120237204620935e+04
1.084201629306815812e+04 1.069379524864810082e+04
1.053471972114423079e+04 1.040612640548079617e+04
1.020584526264963279e+04 1.009735900431334085e+04
9.856540536357555538e+03 9.768444992248394556e+03
9.489782949533115243e+03 9.422191106832429796e+03
9.110315594168720054e+03 9.063213632288143344e+03
8.724095777728633038e+03 8.697397352381251039e+03
8.337754945372993461e+03 8.331357327842230006e+03
7.958171278751988211e+03 7.972005848953397617e+03
7.591975425467237983e+03 7.626046443753154563e+03
7.245633828483103571e+03 7.300050357281996185e+03
6.924645897708880511e+03 6.999657792548773614e+03
6.633675733201923322e+03 6.729687831000390361e+03
6.375569032128107210e+03 6.493175183710548481e+03
6.150586106235065927e+03 6.290554553279201173e+03
5.956081590566578598e+03 6.119330924187254823e+03
5.786356428591608164e+03 5.973863256374617777e+03
5.633220837823808324e+03 5.845867007431031197e+03
5.487305662240019046e+03 5.725685101260925876e+03
5.338983415427172076e+03 5.603176652067781106e+03
5.179841075762960827e+03 5.469251300165318753e+03
5.003528403031590642e+03 5.316807720589738892e+03
4.807034798429246621e+03 5.142206290369800627e+03
4.591365014756480377e+03 4.946130095105929286e+03
4.361344517559976339e+03 4.733478801286783892e+03
4.124903759363951394e+03 4.512656379844567709e+03
3.891764253504192766e+03 4.294120025854560481e+03
3.672167440355874078e+03 4.088949646346273312e+03
3.475298828659810169e+03 3.907120281329403952e+03
3.307063609120152705e+03 3.755113460746758847e+03
3.167847258681129460e+03 3.633516069050152964e+03
3.052062356646149965e+03 3.536492743445304768e+03
2.950380862876369520e+03 3.454073004597770250e+03
2.852618067823771980e+03 3.375148176730802334e+03
2.749309527999035708e+03 3.289145415268512807e+03
2.633271934089366823e+03 3.187827921005571625e+03
2.502618632160056677e+03 3.068848897136113010e+03
2.362491891385444433e+03 2.937874591172026612e+03
2.222401452414399955e+03 2.805601740126154255e+03
2.091779762981201202e+03 2.682650486396087672e+03
1.977449637978373403e+03 2.576670401712798594e+03
1.881894365235379382e+03 2.490456210396055667e+03
1.801788195236596721e+03 2.420355800153415657e+03
1.729416847231916790e+03 2.357804138518707987e+03
1.656445192351891819e+03 2.293449715888752962e+03
1.576924458919532753e+03 2.220556215630380393e+03
1.490738931700502008e+03 2.139009674740478658e+03
1.403261255542513481e+03 2.054954014336392902e+03
1.321166576552365314e+03 1.975956889370483395e+03
1.248990469106704722e+03 1.907083201221964828e+03
1.187222126415865432e+03 1.848835763237988203e+03
1.131715421377773964e+03 1.796589139185742397e+03
1.076988167728510007e+03 1.744282680979657471e+03
1.020027414679976118e+03 1.688643606180323559e+03
9.616744631315858669e+02 1.630703280257929691e+03
9.057144455088985069e+02 1.574691766121005912e+03
8.552629403951524409e+02 1.523995614712596534e+03
8.103036843725320750e+02 1.478548311466175164e+03
7.684180021230137072e+02 1.435736524125467440e+03
7.269964530809562575e+02 1.392823742847958556e+03
6.856077961146057760e+02 1.349436008222954342e+03
6.459144217043176468e+02 1.307368907470179465e+03
6.094172539625135414e+02 1.268168273660638761e+03
5.759192753346002291e+02 1.231602541075939143e+03
5.440459050180123768e+02 1.196289483137954903e+03
5.129887097278163992e+02 1.161467729266775905e+03
4.831592244035877002e+02 1.127579113748589634e+03
4.553168679010079813e+02 1.095355540520088653e+03
4.293664751192808353e+02 1.064691744079380442e+03
4.046956747990593612e+02 1.035024116676374888e+03
3.810454941758288783e+02 1.006137929448482964e+03
3.586771435734789861e+02 9.782735927979402959e+02
3.377128364815916939e+02 9.515290061227259457e+02
3.179115621621454011e+02 9.256961723503623034e+02
2.990922828763615371e+02 9.006304687754536644e+02
2.813074870771300198e+02 8.763733953504532792e+02
2.645716718098950082e+02 8.529283689939633177e+02
2.487747337346895904e+02 8.302069680797442288e+02
2.338582446112050661e+02 8.081635314957165974e+02
2.197782128413150531e+02 7.867584695450641448e+02
2.064935201116980750e+02 7.659544459114791835e+02
1.939645475383196924e+02 7.457166259192111966e+02
1.821531679206908336e+02 7.260125264599582806e+02
1.710227329724673098e+02 7.068118777654437963e+02
1.605380545659102438e+02 6.880864906651642059e+02
1.506650258931261703e+02 6.698088352581482923e+02
1.413702618698508786e+02 6.519504224553414815e+02
1.326219310006097487e+02 6.344845631387418052e+02
1.243898143761846882e+02 6.173867019475565030e+02
1.166452332980522613e+02 6.006343065143601052e+02
1.093609795414251806e+02 5.842067650568628778e+02
1.025112482007647685e+02 5.680852913288241552e+02
9.607157492696543954e+01 5.522528401698156131e+02
9.001883836198828703e+01 5.366941744629731375e+02
8.433119748034066276e+01 5.213958084613457231e+02
7.898794042147942207e+01 5.063457307779603980e+02
7.396942850946383885e+01 4.915333213951011544e+02
6.925704833887284906e+01 4.769492853494620590e+02
6.483316542436789121e+01 4.625855886193938886e+02
6.068107940762857311e+01 4.484353957453896555e+02
5.678497896632909203e+01 4.344931841969374204e+02
5.312987848622210407e+01 4.207568423499229198e+02
4.970159152663560320e+01 4.072266191666601571e+02
4.648671134638865965e+01 3.939032283690370377e+02
4.347257254199222842e+01 3.807877678669196939e+02
4.064721386306080575e+01 3.678816811363805073e+02
3.799934261468815322e+01 3.551867186176428390e+02
3.551830059935671358e+01 3.427048991782124858e+02
3.319403084045173813e+01 3.304390440625102769e+02
3.101704298512387581e+01 3.183957154733743664e+02
2.897838741901122006e+01 3.065824254383707057e+02
2.706962876566570841e+01 2.950060034106887201e+02
2.528281856722220411e+01 2.836725970529606116e+02
2.361046924785827628e+01 2.725876794696458205e+02
2.204552931687751638e+01 2.617560583434943737e+02
2.058135976341988993e+01 2.511818869590789802e+02
1.921171090160300565e+01 2.408692666270321183e+02
1.793069967646432517e+01 2.308235018377347956e+02
1.673279169080056761e+01 2.210492602782665585e+02
1.561278234458603364e+01 2.115501578265075864e+02
1.456577838110330880e+01 2.023288115915061098e+02
1.358718037655619604e+01 1.933868942345628454e+02
1.267266613144039233e+01 1.847251891500853844e+02
1.181817491385888097e+01 1.763436479001180999e+02
1.101989166282793597e+01 1.682416147634713468e+02
1.027423245506662219e+01 1.604179793360625297e+02
9.577832848515889452e+00 1.528709088280236017e+02
8.927535294520851039e+00 1.455978735415990570e+02
8.320377043128043937e+00 1.385957081595016973e+02
7.753578708456386970e+00 1.318606714652860035e+02
7.224533461563383163e+00 1.253885042520941653e+02
6.730796799903137284e+00 1.191744836675031678e+02
