3.143273248703594436e+04 3.127606304614057080e+04
3.163154529312563318e+04 3.146951359984171359e+04
3.181243659832936464e+04 3.164497430667920707e+04
3.197446119391011234e+04 3.180150730854359790e+04
3.211668409038375830e+04 3.193818610956000703e+04
3.223812924790299803e+04 3.205404653340256118e+04
3.233782268717504485e+04 3.214812837835427126e+04
3.241482337226294840e+04 3.221950527153299481e+04
3.246818816527728995e+04 3.226725015282056120e+04
3.249696272531064824e+04 3.229042637980401923e+04
3.250024034223856870e+04 3.228814582610279467e+04
3.247715825158869848e+04 3.225956554390913880e+04
3.242684860289583958e+04 3.220384046960733394e+04
3.234849485137901502e+04 3.212017818650118716e+04
3.224135918924455473e+04 3.200786564124234792e+04
3.210475374151935830e+04 3.186624223415003507e+04
3.193804698954159539e+04 3.169470617303311155e+04
3.174070936671961317e+04 3.149275776576246062e+04
3.151231751034895206e+04 3.126000449168228079e+04
3.125254852468030731e+04 3.099615796593398773e+04
3.096120061995917058e+04 3.070105102417914895e+04
3.063820549266154921e+04 3.037464911131546614e+04
3.028366876706954281e+04 3.001709424197028784e+04
2.989786487024804592e+04 2.962869849390338277e+04
2.948120927026301797e+04 2.920991252258568420e+04
2.903431583955057431e+04 2.876138457327240758e+04
2.855808879332435026e+04 2.828405540558553548e+04
2.805358480616214729e+04 2.777901483540404297e+04
2.752200760506260121e+04 2.724749539358163383e+04
2.696494807041592139e+04 2.669111631769047744e+04
2.638424923964240952e+04 2.611174584102346125e+04
2.578182040485015023e+04 2.551131193553233243e+04
2.515985305629701179e+04 2.489201944422530869e+04
2.452101982051892264e+04 2.425655002619365769e+04
2.386800396425543659e+04 2.360758884853081327e+04
2.320351119658108291e+04 2.294783580151931892e+04
2.253083910170055606e+04 2.228057212804160736e+04
2.185341744797784850e+04 2.160920337667848071e+04
2.117445138387872794e+04 2.093690504205003162e+04
2.049734099776549556e+04 2.026703623615132165e+04
1.982585049417219489e+04 1.960330702219136583e+04
1.916340806568570042e+04 1.894909030227235417e+04
1.851321838044847391e+04 1.830753031540509983e+04
1.787903469231778581e+04 1.768228871325085856e+04
1.726442936019563422e+04 1.707684318617322424e+04
1.667244454607339867e+04 1.649415194127870927e+04
1.610540759484959563e+04 1.593645849132356489e+04
1.556496922020064267e+04 1.540532900152380171e+04
1.505244919777634459e+04 1.490201138045162770e+04
1.456917151405381810e+04 1.442775194949280740e+04
1.411734836896291199e+04 1.398462245259587689e+04
1.369914237346765913e+04 1.357464824092283379e+04
1.331606263123710414e+04 1.319923175495671785e+04
1.296566877045071487e+04 1.285593040742922130e+04
1.264345406880457085e+04 1.254028869258958366e+04
1.234532548849029445e+04 1.224825882400682531e+04
1.206771053791446866e+04 1.197631835203071569e+04
1.180743886944854239e+04 1.172134757777908817e+04
1.156129261424187462e+04 1.148018810861925522e+04
1.132463379378426362e+04 1.124833604829375327e+04
1.109260706020833095e+04 1.102108382151266960e+04
1.085980294099433195e+04 1.079321818541026551e+04
1.061982937082746321e+04 1.055861937571705312e+04
1.036659926705233374e+04 1.031146868912000355e+04
1.009389686215919573e+04 1.004588587335370539e+04
9.796286549410911903e+03 9.756737642687001426e+03
9.470720834461306367e+03 9.441223104161299489e+03
9.116020802952089070e+03 9.098326832752734845e+03
8.733877358654823183e+03 8.729783148566606542e+03
8.328157655646351486e+03 8.339389224092667064e+03
7.905235293492721212e+03 7.933305227003417713e+03
7.472871294273737476e+03 7.518985091362885214e+03
7.039754609572533809e+03 7.104713575510464580e+03
6.614596788023382942e+03 6.698764602227070100e+03
6.206571107209178081e+03 6.309800461274476220e+03
5.824507077355429828e+03 5.946093996466271165e+03
5.476952285408978241e+03 5.615589426319591439e+03
5.170148862714067945e+03 5.324052225970543986e+03
4.908262098298166165e+03 5.075191293909507294e+03
4.691609382616392395e+03 4.869140592346851918e+03
4.516786692811147987e+03 4.702495455592047620e+03
4.376755226804400991e+03 4.568515175724153778e+03
4.262058320334072960e+03 4.458218682195872134e+03
4.161233450830394759e+03 4.360846697892668089e+03
4.062384805039818730e+03 4.265292089220241905e+03
3.953829614684628268e+03 4.160722922322659542e+03
3.826077670623960330e+03 4.038414382885762734e+03
3.673125515186947268e+03 3.892912931137239866e+03
3.493759309429511177e+03 3.723235509640554483e+03
3.291677884178761815e+03 3.532951982554699953e+03
3.074842100141830997e+03 3.329528626018125578e+03
2.854745210240686447e+03 3.123622153505650203e+03
2.645231734826147203e+03 2.927952612509668597e+03
2.459437195374574003e+03 2.754440983155830509e+03
2.305642999218491241e+03 2.610474003050061128e+03
2.185355036435636521e+03 2.497219547988414888e+03
2.094266417200816250e+03 2.410569410887213053e+03
2.024452854376894493e+03 2.343199452794586705e+03
1.965242491199204551e+03 2.285385962077650220e+03
1.903776802007078459e+03 2.225526600588996644e+03
1.828761385669830361e+03 2.153520683347927843e+03
1.735639164340851721e+03 2.065394269951114438e+03
1.627524769476819529e+03 1.964077465188300039e+03
1.512652966760313120e+03 1.857039868332442211e+03
1.401586342885481145e+03 1.753718529785882993e+03
1.304455831807722916e+03 1.663026039271766422e+03
1.226774478866714844e+03 1.589679707587599296e+03
1.167606237635304524e+03 1.532687670459096353e+03
1.120737371095026901e+03 1.486483108650268150e+03
1.076661049934001767e+03 1.442720463918228688e+03
1.026852386420432140e+03 1.394013939034637133e+03
9.685384442826726854e+02 1.338046512026212895e+03
9.046428985053037195e+02 1.277440119835821406e+03
8.414881752164515092e+02 1.217679480587156149e+03
7.859421461342316206e+02 1.164597684306120073e+03
7.408884169376790396e+02 1.120542861454421882e+03
7.039979404930610372e+02 1.083441142574536570e+03
6.701508982086197648e+02 1.048934115900897723e+03
6.344224434293969352e+02 1.012913530539699764e+03
5.955633123684739303e+02 9.743951673714997241e+02
5.563621762583187547e+02 9.357304123809898329e+02
5.204840109341075731e+02 8.999230099737611681e+02
4.897729562986688734e+02 8.684214263033202315e+02
4.629996073728896135e+02 8.401702177071418873e+02
4.372938693771120029e+02 8.128392438483358546e+02
4.109929167684789491e+02 7.851178172317576127e+02
3.848160729506612370e+02 7.575979971565069491e+02
3.605067495578632020e+02 7.316438617244529041e+02
3.388581622221908560e+02 7.078409036019957057e+02
3.190399173121729746e+02 6.855195833967908356e+02
2.998212419939612801e+02 6.637339304289342863e+02
2.810159844061603849e+02 6.423498908581968863e+02
2.633049296975514721e+02 6.218738260418152777e+02
2.470929792700181622e+02 6.025880727449554115e+02
2.320114410815902772e+02 5.842070429578116091e+02
2.175756787374142789e+02 5.663757140300784840e+02
2.038199447617973306e+02 5.491165511387293918e+02
1.909934775693609481e+02 5.325966038591351435e+02
1.790522622025407600e+02 5.167743269906417254e+02
1.677679011174359971e+02 5.014869431879504305e+02
1.570935806949667892e+02 4.866986652945052469e+02
1.471028226761416420e+02 4.724510133015150473e+02
1.377478268787346565e+02 4.587062696774797246e+02
1.289572507625289859e+02 4.454137367504982308e+02
1.206949393173120342e+02 4.325447729019274448e+02
1.129332703261984818e+02 4.200767846814127893e+02
1.056456365533263977e+02 4.079886364165249120e+02
9.880645232982267601e+01 3.962605581175189400e+02
9.239115512092490690e+01 3.848740607784027929e+02
8.637620184296694958e+01 3.738118579492568188e+02
8.073903826798940031e+01 3.630577869569514178e+02
7.545749649659877889e+01 3.525965727629965727e+02
7.050989711899806878e+01 3.424137659188172620e+02
6.587580450912930985e+01 3.324958900832891686e+02
6.153599670217730733e+01 3.228303965550564953e+02
5.747239512062073885e+01 3.134056110087759635e+02
5.366799829426722113e+01 3.042106837488473730e+02
5.010681934949489147e+01 2.952355431567242476e+02
4.677385954782418054e+01 2.864710464177383642e+02
4.365515307103130738e+01 2.779096010018784000e+02
4.073757510946408900e+01 2.695443900493424962e+02
3.800875094071728455e+01 2.613690640273109693e+02
3.545701739984867373e+01 2.533777145124784340e+02
3.307138599066653484e+01 2.455648492266891481e+02
3.084150759043797407e+01 2.379253681938777163e+02
2.875763792864696455e+01 2.304545524828940302e+02
2.681058491424340318e+01 2.231483606133239164e+02
2.499168224446521336e+01 2.160034002600268082e+02
2.329278690009051900e+01 2.090165160934282085e+02
2.170625073795688209e+01 2.021847533669534869e+02
2.022489211942367149e+01 1.955053440483409588e+02
1.884196903956468461e+01 1.889756934269309170e+02
1.755115368683074806e+01 1.825933671768513591e+02
1.634650916814808852e+01 1.763561626433579761e+02
1.522246918657569204e+01 1.702623781101480915e+02
1.417381303681695037e+01 1.643104781663857352e+02
1.319564422656436342e+01 1.584989654936805152e+02
1.228337143673880227e+01 1.528263745343872984e+02
1.143269051597234309e+01 1.472912654594435082e+02
1.063956745936772563e+01 1.418922184240014133e+02
9.900222261237525245e+00 1.366278365285166956e+02
9.211112088264785669e+00 1.314969698868566468e+02
8.568917301723766755e+00 1.264986976484333354e+02
7.970530060227641656e+00 1.216320372157732521e+02
7.413041496618882675e+00 1.168959292070235421e+02
6.893729518493277197e+00 1.122892386193851024e+02
6.410047315439236115e+00 1.078107561800624126e+02
5.959612535143430812e+00 1.034591998790153724e+02
5.540197030267020040e+00 9.923329688214218436e+01
5.149717077406053889e+00 9.513204923769183097e+01
4.786224618703747602e+00 9.115441921486399224e+01
4.447898846914812410e+00 8.729922086820803884e+01
4.133038201590689908e+00 8.356512908566077158e+01
3.840052844819334954e+00 7.995068860087728524e+01
3.567457589603963974e+00 7.645432293176337168e+01
3.313865247858683638e+00 7.307434879534463334e+01
3.077980194359156041e+00 6.980913473485054510e+01
2.858592551131985626e+00 6.665709507429397718e+01
2.654572939542400700e+00 6.361650864798070160e+01
2.464867308224049314e+00 6.068552186603704257e+01
