1.704473162551039786e+04 1.696840656114120065e+04
1.721276056186185087e+04 1.713354146029544791e+04
1.737369944967575793e+04 1.729152198656955443e+04
1.752703781977502877e+04 1.744184051723048105e+04
1.767226101716689300e+04 1.758398577686723002e+04
1.780885328156785181e+04 1.771744579757801330e+04
1.793627885448709276e+04 1.784168910369391961e+04
1.805399396722902384e+04 1.795617669066851886e+04
1.816146118837065296e+04 1.806037634852107294e+04
1.825813413939946622e+04 1.815374767765656725e+04
1.834344598401915937e+04 1.823573082857990448e+04
1.841684016488223278e+04 1.830577678692670088e+04
1.847777186526544028e+04 1.836334888662449157e+04
1.852568553657380835e+04 1.840790093617668754e+04
1.856003616663675712e+04 1.843889806235487413e+04
1.858030402997237252e+04 1.845583117806338123e+04
1.858597768026276390e+04 1.845820065056126987e+04
1.857655151014539297e+04 1.844551404953402380e+04
1.855155512081684719e+04 1.841731460102324490e+04
1.851055433857357639e+04 1.837318243522897683e+04
1.845313861612891560e+04 1.831272316255982878e+04
1.837894060768175768e+04 1.823558620377298575e+04
1.828764621142454780e+04 1.814147435140993184e+04
1.817899867148985140e+04 1.803014926334263509e+04
1.805280217577774238e+04 1.790143481098542543e+04
1.790892495673720987e+04 1.775521855459032304e+04
1.774731364286324242e+04 1.759146672142594252e+04
1.756801989168253931e+04 1.741025245092891782e+04
1.737117236814022544e+04 1.721172531207606153e+04
1.715697713565216691e+04 1.699611114307094613e+04
1.692579358923185646e+04 1.676379009352505818e+04
1.667810509348469350e+04 1.651526608617821694e+04
1.641445933045329002e+04 1.625110512959767038e+04
1.613554057939474660e+04 1.597200852493723323e+04
1.584225621872588272e+04 1.567890047536233760e+04
1.553557328645637062e+04 1.537276198126278541e+04
1.521651816146849887e+04 1.505463019275214356e+04
1.488639416329770211e+04 1.472581708793968392e+04
1.454662612978413927e+04 1.438775309488745006e+04
1.419861602715007211e+04 1.404184197544812923e+04
1.384393897058813309e+04 1.368965587089971268e+04
1.348444443911730195e+04 1.333303601413480283e+04
1.312190791300046112e+04 1.297374641004389559e+04
1.275805636180131842e+04 1.261349886017699828e+04
1.239487642343061270e+04 1.225425665048837982e+04
1.203432213567107101e+04 1.189794728324354037e+04
1.167816869854336073e+04 1.154631888496582360e+04
1.132830436942302367e+04 1.120122195253242717e+04
1.098675744958537325e+04 1.086463619305994325e+04
1.065532985803335214e+04 1.053831859782637184e+04
1.033552465638035028e+04 1.022373064310598966e+04
1.002836875448738647e+04 9.921856581513487981e+03
9.734664117068496125e+03 9.633459740453456106e+03
9.455103364942062399e+03 9.359198208759280533e+03
9.190656874676638836e+03 9.099985538375833130e+03
8.942501369839119434e+03 8.856925790514380424e+03
8.711663397226649977e+03 8.630982965497734767e+03
8.497904494354326744e+03 8.421893948251325128e+03
8.298762033471944960e+03 8.227230448434318532e+03
8.111731071113822509e+03 8.044523781899130881e+03
7.934608471787136295e+03 7.871605392630745882e+03
7.765551132647341547e+03 7.706668734054945162e+03
7.602860068179049449e+03 7.548048748687458101e+03
7.444356023156242372e+03 7.393627311939085303e+03
7.287361157650827408e+03 7.240814297065312530e+03
7.129228993322363749e+03 7.087052620523972109e+03
6.966712954113647356e+03 6.929234862822589093e+03
6.796600068897953861e+03 6.764287664171369215e+03
6.615841280115128939e+03 6.589317869077399337e+03
6.421631927139917025e+03 6.401681453694947777e+03
6.212224764669461365e+03 6.199750016789620531e+03
5.987342457714984448e+03 5.983322472015650419e+03
5.747823158617017725e+03 5.753249610191837746e+03
5.496211774950475046e+03 5.512019284857175990e+03
5.235916586446350266e+03 5.262919426915472286e+03
4.971553177742313892e+03 5.010377762066181276e+03
4.707909093036089871e+03 4.758958573394074847e+03
4.449890606634527103e+03 4.513317457864080097e+03
4.202351548011282830e+03 4.278032524628203646e+03
3.969917242842423093e+03 4.057451037074004034e+03
3.757019162495198998e+03 3.855672410808716450e+03
3.567188520622873057e+03 3.675971810318414100e+03
3.402293260718865440e+03 3.519995910774929598e+03
3.262818444223222286e+03 3.388103040534128013e+03
3.146302584468457098e+03 3.277879960267789556e+03
3.048857936858001267e+03 3.185588013720178878e+03
2.964551048806863037e+03 3.105610059288485900e+03
2.886891469904395763e+03 3.031838835301487961e+03
2.809094790149044002e+03 2.957928671536407819e+03
2.724979890406373215e+03 2.878138922541331340e+03
2.629715599083089728e+03 2.788008121965032387e+03
2.520614542787155642e+03 2.685094663975087769e+03
2.397847494563550754e+03 2.569628287012104011e+03
2.264131603640460071e+03 2.444193058133315390e+03
2.124321423888848130e+03 2.313340905398519226e+03
1.984853219272341903e+03 2.183050454349302981e+03
1.853079822695353414e+03 2.060082830498949079e+03
1.735836184934348694e+03 1.950665063625264338e+03
1.637546359244587848e+03 1.858762382521231530e+03
1.558624491000154421e+03 1.784640032537254910e+03
1.495766004291155696e+03 1.725186676833516913e+03
1.443720545005949589e+03 1.675556748954227942e+03
1.396320188545525070e+03 1.630113646829624940e+03
1.346829159459686480e+03 1.582749748421001186e+03
1.289531109827320279e+03 1.528324237082279296e+03
1.222497809763889336e+03 1.465155500220047088e+03
1.148399121029731987e+03 1.395719916738760048e+03
1.072538506711451873e+03 1.324835942236400797e+03
1.000603310429956196e+03 1.257608719670588698e+03
9.376472476265917066e+02 1.198506627630284811e+03
8.860942714576129902e+02 1.149605421973510374e+03
8.446465898896907447e+02 1.109672805508558895e+03
8.092935643262944723e+02 1.075110714333330634e+03
7.748405074224340296e+02 1.041327137315199707e+03
7.369900197245178788e+02 1.004570026665359478e+03
6.948878547849791403e+02 9.641388178359405856e+02
6.509253906608994384e+02 9.221652372502991284e+02
6.086825699847232727e+02 8.817735090421555242e+02
5.714503048701037642e+02 8.457800487790934767e+02
5.402772696860034785e+02 8.150312229405394646e+02
5.133289983037816455e+02 7.879088916957045967e+02
4.876794970621044740e+02 7.619032071629270604e+02
4.610589853376392853e+02 7.351030172673604284e+02
4.332501779673544320e+02 7.073543048274807461e+02
4.060582606192140247e+02 6.801879075873570173e+02
3.813260731442457541e+02 6.551279463342037843e+02
3.595939158776207591e+02 6.325907049208592525e+02
3.399280194786317111e+02 6.117818164060237223e+02
3.208299341917892775e+02 5.914716668056695426e+02
3.016857441336422880e+02 5.711730916561909908e+02
2.830932176793243684e+02 5.513757040069300501e+02
2.658938410481496248e+02 5.327443820279750071e+02
2.502859148204994426e+02 5.154187434389276632e+02
2.356990378127829899e+02 4.989389106813896433e+02
2.215956402552523343e+02 4.828858944139056462e+02
2.079922829710934025e+02 4.672749121862825064e+02
1.952485623251749871e+02 4.523759537346402908e+02
1.834536701869340050e+02 4.382466037116487314e+02
1.723666663922111582e+02 4.247000568019639672e+02
1.617852854737346036e+02 4.115851070427872855e+02
1.517667301591332318e+02 3.989410862983623360e+02
1.424005735513411821e+02 3.868268369187159692e+02
1.336183864907188195e+02 3.751881644201733366e+02
1.253143041156807413e+02 3.639475999405565290e+02
1.174793628173884343e+02 3.530958197325754782e+02
1.101305097347470223e+02 3.426398924973194653e+02
1.032248332129650379e+02 3.325473976832575431e+02
9.672652318210126055e+01 3.227909991396311398e+02
9.061718256167688423e+01 3.133556894281579730e+02
8.487542932823356523e+01 3.042244775174701203e+02
7.948072236318206762e+01 2.953812977221884353e+02
7.441353921118736992e+01 2.868111128210022116e+02
6.965533586608424343e+01 2.784998492333244826e+02
6.518850731579358637e+01 2.704343370301120331e+02
6.099634890651819319e+01 2.626022543639608671e+02
5.706299312998369544e+01 2.549921121200725338e+02
5.337331578068980775e+01 2.475932970907431638e+02
4.991299168868029312e+01 2.403959109391666118e+02
4.666847981946235535e+01 2.333906967980840079e+02
4.362698460378418019e+01 2.265690020899014883e+02
4.077641886852801889e+01 2.199227437941711116e+02
3.810536832447429845e+01 2.134443759523604740e+02
3.560305803199161545e+01 2.071268746777518572e+02
3.325932678869792625e+01 2.009639511456424259e+02
3.106459246648473638e+01 1.949499469187717580e+02
2.900981529790726654e+01 1.890795795235815149e+02
2.708646979733383731e+01 1.833479146235905546e+02
2.528651812868555737e+01 1.777503465355460150e+02
2.360238465460299295e+01 1.722825797240338090e+02
2.202693162696492379e+01 1.669406112719710222e+02
2.055343341848710992e+01 1.617207948012230929e+02
1.917555067711267114e+01 1.566199609595827269e+02
1.788731678644660761e+01 1.516351860440699113e+02
1.668311884944755619e+01 1.467637345994376403e+02
1.555767813747347361e+01 1.420030477232275246e+02
1.450603151422612491e+01 1.373507318213048620e+02
1.352351379374895224e+01 1.328045477869138722e+02
1.260574094935807743e+01 1.283624144187136267e+02
1.174859377688679096e+01 1.240225479461338551e+02
1.094820314124727290e+01 1.197833722608555718e+02
1.020093605550632354e+01 1.156433903731452091e+02
9.503382108163187070e+00 1.116011754346219647e+02
8.852340600993093389e+00 1.076553642502767616e+02
8.244808371474308117e+00 1.038046510381266074e+02
7.677968265465151099e+00 1.000477818971868516e+02
7.149177742172352801e+00 9.638365307603248766e+01
6.655958144243808050e+00 9.281141486051781442e+01
6.195986130373449363e+00 8.933023401730497426e+01
5.767084566790109612e+00 8.593925667713925520e+01
5.367213758092518994e+00 8.263760695604696593e+01
4.994463171180570704e+00 7.942438573834040483e+01
4.647043627007465538e+00 7.629866962099124805e+01
4.323279892828058024e+00 7.325953934821490066e+01
4.021603425793419895e+00 7.030630271508978524e+01
3.740546112331526896e+00 6.743832720962475946e+01
3.478734314017783547e+00 6.465488967886490457e+01
3.234883033566121835e+00 6.195517961555836450e+01
3.007790420468153147e+00 5.933830390569706736e+01
2.796332599841631961e+00 5.680329158983281701e+01
2.599458805252915283e+00 5.434909968014654424e+01
