1.712501399361998119e+04 1.697112228177593352e+04
1.738693311567806450e+04 1.722639179106782103e+04
1.764555332262248703e+04 1.747816830572954859e+04
1.790039369907267246e+04 1.772597179533649614e+04
1.815094647236041783e+04 1.796929796242779776e+04
1.839667921919028231e+04 1.820762034695455804e+04
1.863704811392054035e+04 1.844040205436154429e+04
1.887149133726613582e+04 1.866708934821350340e+04
1.909941525585094496e+04 1.888709825427300166e+04
1.932021400512797845e+04 1.909983372939768742e+04
1.953327293145052681e+04 1.930469315166738670e+04
1.973794978067189732e+04 1.950104876113984210e+04
1.993358472841550611e+04 1.968825724720750077e+04
2.011951567772460476e+04 1.986567427426309223e+04
2.029506842220862745e+04 2.003264541229929091e+04
2.045954730373566781e+04 2.018849755209192153e+04
2.061225876049381623e+04 2.033256112051001037e+04
2.075251378378117079e+04 2.046417258480334203e+04
2.087961166656627756e+04 2.058265974841011121e+04
2.099285604115857859e+04 2.068735668988014004e+04
2.109156766273556786e+04 2.077761570201635186e+04
2.117507891205647320e+04 2.085280285729403840e+04
2.124273432988306377e+04 2.091229884449528254e+04
2.129390647082201031e+04 2.095551315976846308e+04
2.132800216257825741e+04 2.098189043193028556e+04
2.134447095408300811e+04 2.099091999466885682e+04
2.134280542917109415e+04 2.098213473821340449e+04
2.132254508754088602e+04 2.095511428019772211e+04
2.128330695732041931e+04 2.090951606725969759e+04
2.122478755716846717e+04 2.084507695284828515e+04
2.114674060296026073e+04 2.076158984229574708e+04
2.104900868818629897e+04 2.065893507469842734e+04
2.093158689937450254e+04 2.053714374176664205e+04
2.079454873773482541e+04 2.039632311972320531e+04
2.063804039475840182e+04 2.023665057281219561e+04
2.046240562048608990e+04 2.005849747397389365e+04
2.026813480567935403e+04 1.986237812933385430e+04
2.005577201195890666e+04 1.964885702214082266e+04
1.982602829759224915e+04 1.941866147295249539e+04
1.957990203203050260e+04 1.917280110846151729e+04
1.931844553313578945e+04 1.891233525729184475e+04
1.904276073795006596e+04 1.863836887155434670e+04
1.875421956710972881e+04 1.835227348100022209e+04
1.845429940553679626e+04 1.805552219087368576e+04
1.814445387076506813e+04 1.774956034107719461e+04
1.782642017450873755e+04 1.743611533074473118e+04
1.750233532453062435e+04 1.711731379623811881e+04
1.717426443848419876e+04 1.679520703142946877e+04
1.684408367051529422e+04 1.647165764931136073e+04
1.651319294325257215e+04 1.614806642661418300e+04
1.618279078236206442e+04 1.582563463613739259e+04
1.585403473659650990e+04 1.550551961474046766e+04
1.552893664098092631e+04 1.518974109996596235e+04
1.521031037563607788e+04 1.488112987117065313e+04
1.490078301827906944e+04 1.458232918287628308e+04
1.460234352382508405e+04 1.429535704410540166e+04
1.431539433458699023e+04 1.402068695499392925e+04
1.403999291940019975e+04 1.375845285450652045e+04
1.377607223194592370e+04 1.350866281107972827e+04
1.352263583156963250e+04 1.327040807391157796e+04
1.327828216898697610e+04 1.304237626987661497e+04
1.304162685257282646e+04 1.282326357289362022e+04
1.281075522699306566e+04 1.261121971497144841e+04
1.258355564643904836e+04 1.240418117881779654e+04
1.235795275221176053e+04 1.220009847115571574e+04
1.213156900219549971e+04 1.199657025051273922e+04
1.190207342312802757e+04 1.179121161485948687e+04
1.166689313035966188e+04 1.158132934299438057e+04
1.142314342765541915e+04 1.136383669119470142e+04
1.116810800288433165e+04 1.113576222733274335e+04
1.089904849707575340e+04 1.089400218236565888e+04
1.061364008137735073e+04 1.063582380026132159e+04
1.031070158278117560e+04 1.035961252782153315e+04
9.989925941021689141e+03 1.006463492870369919e+04
9.653037139586458579e+03 9.752313391116216735e+03
9.303049712540072505e+03 9.425472541677792833e+03
8.944605712461519943e+03 9.088766983299792628e+03
8.583081098057655254e+03 8.747731315636827276e+03
8.224389035510368558e+03 8.408604269413586735e+03
7.874250107137643681e+03 8.077522067990090363e+03
7.538078165762232857e+03 7.760402904334557206e+03
7.220710012007696605e+03 7.462638160485131266e+03
6.926409711201526079e+03 7.189098728340199159e+03
6.658207329260694678e+03 6.943400208195782398e+03
6.417865261549707611e+03 6.727859112730415291e+03
6.204665068010061077e+03 6.542100782885661829e+03
6.015574787425029172e+03 6.383175224654669364e+03
5.844719642320943422e+03 6.244818012363681191e+03
5.684700085538488565e+03 6.118823439965733996e+03
5.527179885364788788e+03 5.995562402260117778e+03
5.364509819864694691e+03 5.865837988420553302e+03
5.190454327895021379e+03 5.721762120882784075e+03
5.001293592584298494e+03 5.558213995195857933e+03
4.796269097584258816e+03 5.373575739664960565e+03
4.577893633166550899e+03 5.170305627389532674e+03
4.351776789271153575e+03 4.954886233651862312e+03
4.125310958407535509e+03 4.736244582678890765e+03
3.906552271387704423e+03 4.524349116722745748e+03
3.703214271232010105e+03 4.328910623804557872e+03
3.521644613294092778e+03 4.158075551761094175e+03
3.365033982982881753e+03 4.016192949362951367e+03
3.231718463396947300e+03 3.901630711226440326e+03
3.115276781506674070e+03 3.806699275693767504e+03
3.006905586257686991e+03 3.720406818747818306e+03
2.898342667102800988e+03 3.632058190577097321e+03
2.783224592944035066e+03 3.533071261402010350e+03
2.657808252892463770e+03 3.418128019444209258e+03
2.522811386831232994e+03 3.287874863922774693e+03
2.384235696180821378e+03 3.150207731370634519e+03
2.250465907267747752e+03 3.016383747362075610e+03
2.128233929412727321e+03 2.895512177985495782e+03
2.021042775046652423e+03 2.792406431297511972e+03
1.928690219869330349e+03 2.706960817770097947e+03
1.846780118745629352e+03 2.633446949297253468e+03
1.768559304907624210e+03 2.562853770508280377e+03
1.688362527987301519e+03 2.487490721198269966e+03
1.603415007889693243e+03 2.403553471649189305e+03
1.515641962461193543e+03 2.313724903904785151e+03
1.430243030146912815e+03 2.225206501689617198e+03
1.351806341929138171e+03 2.144310490498215131e+03
1.282119901245174333e+03 2.073482264788644443e+03
1.219910391924853002e+03 2.011020075990389842e+03
1.161252998260183404e+03 1.951675370867252923e+03
1.102585306329478726e+03 1.890731905920186136e+03
1.043110918744823039e+03 1.827241570471307568e+03
9.845597473623734004e+02 1.763648246075562383e+03
9.297280254925145755e+02 1.703730555353480213e+03
8.798972316971123746e+02 1.649168613939966463e+03
8.339691937155708956e+02 1.598521941658443666e+03
7.899872588708145713e+02 1.549306093844313637e+03
7.467281842887076664e+02 1.500055430056660498e+03
7.046411143316988728e+02 1.451444230596821853e+03
6.649823057704779785e+02 1.405091093972934004e+03
6.282213566313195088e+02 1.361571112271695483e+03
5.937123947360853435e+02 1.320107017894330966e+03
5.605861656033659983e+02 1.279711848111397558e+03
5.287016941969477557e+02 1.240285176749035145e+03
4.984750532841121640e+02 1.202340007514590297e+03
4.701570613703306663e+02 1.166159864140315221e+03
4.434296970534694537e+02 1.131403993743878800e+03
4.179574839675989892e+02 1.097741290044919651e+03
3.937303973314682821e+02 1.065186246787892060e+03
3.708797197049159422e+02 1.033876387709698065e+03
3.493345892494675695e+02 1.003741195773555773e+03
3.289177994071794160e+02 9.746191688422634343e+02
3.095749883184449232e+02 9.464654112536085222e+02
2.913175382703290097e+02 9.192853010396736408e+02
2.740828696713645627e+02 8.930190979215620928e+02
2.578067461482178260e+02 8.676066477609315371e+02
2.424387964897742620e+02 8.430051050302839712e+02
2.279276740445397422e+02 8.191614398360583209e+02
2.142310456470125644e+02 7.960280281617737046e+02
2.013082060062738492e+02 7.735606709668767280e+02
1.891200543598521335e+02 7.517183757425548265e+02
1.776290676801698112e+02 7.304631564967653503e+02
1.667992708553785235e+02 7.097598503326343007e+02
1.565961868641454942e+02 6.895757876751788444e+02
1.469864124587178082e+02 6.698768667512729280e+02
1.379376876855540388e+02 6.506277797069071767e+02
1.294193301506981015e+02 6.317961683013472793e+02
1.214021895859151954e+02 6.133526611441617433e+02
1.138585813422981943e+02 5.952707162512725745e+02
1.067622220945833504e+02 5.775264759633801077e+02
1.000881677294396326e+02 5.600986324243209538e+02
9.381276110777690747e+01 5.429685504202878974e+02
8.791363376386699713e+01 5.261221725247761469e+02
8.236959982015488890e+01 5.095485545492712731e+02
7.716056039307783010e+01 4.932383853517804937e+02
7.226745538346578712e+01 4.771838861252520587e+02
6.767221723958476787e+01 4.613787259364800661e+02
6.335772622207311144e+01 4.458179383735176771e+02
5.930776716514105118e+01 4.304978388457336678e+02
5.550698122163289838e+01 4.154174913339156774e+02
5.194080658567803965e+01 4.005835260765830412e+02
4.859546648933167745e+01 3.860042165893419224e+02
4.545793942470530880e+01 3.716873874943389069e+02
4.251592172613050025e+01 3.576403952855218904e+02
3.975779171566661319e+01 3.438701108826792279e+02
3.717257536812316943e+01 3.303829039592153549e+02
3.474991344114622649e+01 3.171846387250319026e+02
3.248002821523627404e+01 3.042824965778947330e+02
3.035369198107158795e+01 2.916867117517368229e+02
2.836220257352241347e+01 2.794065258947803159e+02
2.649735633398255885e+01 2.674496607373218922e+02
2.475142173544095670e+01 2.558223831955704384e+02
2.311711424253166314e+01 2.445295737109328797e+02
2.158757236041585159e+01 2.335747971407829766e+02
2.015633476452483563e+01 2.229603932121034120e+02
1.881731691016673480e+01 2.126880368013123928e+02
1.756479071374793932e+01 2.027587680145813351e+02
1.639336713610715890e+01 1.931724428137754899e+02
1.529797748866734963e+01 1.839277903916236880e+02
1.427385556201606320e+01 1.750225050117163050e+02
1.331652066449399108e+01 1.664533362352046311e+02
1.242176153080639445e+01 1.582161770389901108e+02
1.158562092388792664e+01 1.503061384518665022e+02
1.080437995313271138e+01 1.427175331392031694e+02
1.007454533458782642e+01 1.354440246936565302e+02
9.392837334201756150e+00 1.284787785321784384e+02
8.756177391058274750e+00 1.218145313151810853e+02
