1.896097617381932650e+04 1.883310821981941262e+04
1.920467711924720788e+04 1.907145709216508840e+04
1.944194218176128561e+04 1.930322049687415711e+04
1.967214992074556358e+04 1.952777783670010103e+04
1.989465002457542141e+04 1.974448157284553236e+04
2.010877005650455249e+04 1.995266373220597598e+04
2.031383199361047446e+04 2.015165159412375579e+04
2.050913927521886581e+04 2.034075477231230980e+04
2.069395510096157159e+04 2.051924359920643110e+04
2.086753712983890364e+04 2.068638384333598151e+04
2.102914341471165608e+04 2.084144272403025025e+04
2.117800677281641038e+04 2.098366385370041826e+04
2.131335035387530661e+04 2.111228263528228854e+04
2.143440969817048244e+04 2.122654800539169810e+04
2.154041823542214115e+04 2.132570831705187811e+04
2.163059163678939876e+04 2.140899612430995330e+04
2.170416575829731664e+04 2.147566546603347888e+04
2.176040227889204471e+04 2.152499751834435665e+04
2.179856582061984227e+04 2.155627864026583848e+04
2.181794540363043416e+04 2.156882125896452271e+04
2.181787516355287516e+04 2.156198401152757287e+04
2.179773276264753076e+04 2.153517080331317629e+04
2.175694017993165107e+04 2.148783198936697227e+04
2.169498048101954555e+04 2.141947988645302758e+04
2.161140746853222663e+04 2.132969839747762308e+04
2.150586691048707507e+04 2.121816537834620249e+04
2.137808959495016097e+04 2.108464448103154064e+04
2.122788935325692728e+04 2.092898234074304128e+04
2.105521471040361939e+04 2.075116088872613182e+04
2.086016767149023508e+04 2.055131608167145896e+04
2.064294232546802232e+04 2.032967495084798429e+04
2.040385525989427333e+04 2.008658581839755425e+04
2.014348197631147923e+04 1.982265501801480423e+04
1.986252934611226374e+04 1.953861819080610076e+04
1.956178284200904454e+04 1.923528692396910628e+04
1.924229076650259231e+04 1.891373245849973318e+04
1.890536658506408639e+04 1.857528742510267330e+04
1.855236240027430904e+04 1.822131925062416849e+04
1.818475922198926492e+04 1.785331949357726990e+04
1.780448196888881284e+04 1.747321592866361243e+04
1.741352020531232847e+04 1.708299570458922244e+04
1.701381495587228346e+04 1.668459306069549348e+04
1.660758396898115825e+04 1.628021121050346301e+04
1.619724470220838339e+04 1.587224578716029464e+04
1.578506607417133091e+04 1.546294042786915452e+04
1.537337681228015754e+04 1.505459078044115631e+04
1.496503689981134812e+04 1.465000546608196601e+04
1.456278098748459524e+04 1.425186408028246296e+04
1.416904241321453992e+04 1.386254605923354757e+04
1.378565959167889923e+04 1.348384576889787422e+04
1.341401221317696218e+04 1.311710651407619298e+04
1.305530439417463458e+04 1.276349729932948867e+04
1.271111653345721243e+04 1.242454583837398059e+04
1.238420745496870768e+04 1.210291220640859319e+04
1.207724511750497186e+04 1.180116555935136239e+04
1.179214626539742312e+04 1.152114588455926969e+04
1.152767862801924275e+04 1.126163843603128771e+04
1.128155767562456640e+04 1.102041012061920264e+04
1.105166450767421338e+04 1.079539282863998415e+04
1.083590623979843258e+04 1.058455573693001134e+04
1.063229091116207019e+04 1.038597100599480473e+04
1.043865200260151323e+04 1.019754701565090545e+04
1.025192476045552030e+04 1.001633697436337025e+04
1.006900683552794544e+04 9.839358962974674796e+03
9.886281239585130606e+03 9.663144280575847006e+03
9.699666440443406827e+03 9.483782307313133060e+03
9.505048189065309998e+03 9.297328955881905131e+03
9.297764798104646616e+03 9.099319785974259503e+03
9.073552326489192637e+03 8.885660972532914457e+03
8.829052984835934694e+03 8.653136663744578982e+03
8.561842284481725073e+03 8.399412053864243717e+03
8.271593848474612969e+03 8.124178213896501802e+03
7.959468454571861002e+03 7.828543043263536674e+03
7.629109837613721538e+03 7.516011181934038177e+03
7.285437447757669361e+03 7.191305535633202453e+03
6.934818857593611028e+03 6.860540252304968817e+03
6.583972947157139970e+03 6.530157853418100785e+03
6.240018162675887652e+03 6.206976973762621128e+03
5.910143135729925234e+03 5.897846124444998168e+03
5.601284782598251695e+03 5.609367501998191074e+03
5.319466762729887705e+03 5.347235175000443633e+03
5.069832777273198190e+03 5.116286597572242499e+03
4.854841816688838662e+03 4.918798590448315736e+03
4.674718584403186469e+03 4.754917580785368955e+03
4.525875928109474444e+03 4.621195007550885748e+03
4.402481757938890041e+03 4.512049755371567699e+03
4.295975988271500682e+03 4.419321872248732689e+03
4.196865067040891518e+03 4.333930844957301815e+03
4.095229937598023753e+03 4.246339881502857679e+03
3.982005359747524381e+03 4.147765371958182186e+03
3.850276138606937820e+03 4.031431697230560076e+03
3.696372164516436897e+03 3.893662205196602372e+03
3.520948794533734144e+03 3.734994340733446734e+03
3.328676629065768338e+03 3.559900345716619540e+03
3.127543445235076888e+03 3.376106844492542223e+03
2.927891233467887560e+03 3.193626669946345373e+03
2.741167071261954334e+03 3.023480967604835314e+03
2.577479281887160141e+03 2.875310206100210962e+03
2.442587692752830662e+03 2.754540000106236675e+03
2.336278653871802817e+03 2.660896041804518518e+03
2.253126141791170539e+03 2.589172386343827384e+03
2.184602914349429284e+03 2.531232114996717428e+03
2.120489744327871904e+03 2.477286635767077769e+03
2.049993281312863473e+03 2.416909896928289072e+03
1.964885392538995802e+03 2.342079488899100397e+03
1.863480181193254111e+03 2.251116282982994562e+03
1.751073345403632629e+03 2.149174861207514368e+03
1.636720647647942087e+03 2.045068781342156853e+03
1.530183303765534674e+03 1.948209721518142487e+03
1.439378887842265385e+03 1.866114683084507078e+03
1.367250275514475561e+03 1.801484443129673764e+03
1.310422674149099521e+03 1.751038926805378878e+03
1.261416038697009981e+03 1.707649231812461039e+03
1.211196713409711947e+03 1.662717729299363782e+03
1.153342449346699595e+03 1.610138755160631490e+03
1.087669746691499768e+03 1.549792544294552499e+03
1.019189482582545452e+03 1.486521912127840324e+03
9.546977015007153113e+02 1.426785551488234887e+03
8.996557150891917445e+02 1.375655788561647569e+03
8.547673241638428863e+02 1.333693476941125937e+03
8.159019241349852791e+02 1.296999775793834942e+03
7.775164615073555296e+02 1.260434292496579474e+03
7.359755282080604957e+02 1.220685062616980076e+03
6.919869400109038224e+02 1.178481813282584653e+03
6.494871499070673053e+02 1.137469960342452623e+03
6.118020300602615862e+02 1.100637746462736914e+03
5.793650585613054318e+02 1.068307974743636805e+03
5.497305068051739454e+02 1.038258927421905355e+03
5.200148717700789120e+02 1.007953229597529230e+03
4.896058092816141425e+02 9.769044210659378678e+02
4.601845275423552835e+02 9.466098308244020245e+02
4.334705074595116798e+02 9.185330403931781120e+02
4.094589577916598842e+02 8.926305613656877540e+02
3.867271259017479110e+02 8.676926920954487059e+02
3.642868532800988532e+02 8.429199275033454342e+02
3.425631910599190064e+02 8.186826539368580598e+02
3.224034107673538756e+02 7.956588947009969388e+02
3.038399639471512046e+02 7.738534472087188760e+02
2.862151329613668054e+02 7.527461670090607413e+02
2.692100819311521605e+02 7.321017038386634113e+02
2.531151168692241811e+02 7.121415704394377144e+02
2.381259725844224704e+02 6.929999991525028236e+02
2.240163495982595236e+02 6.745053156693643359e+02
2.105728436226913232e+02 6.565070941414992376e+02
1.978681227843549379e+02 6.390539403692148426e+02
1.859531660014974932e+02 6.221725770641623967e+02
1.747352247058546482e+02 6.057983668977370826e+02
1.641434745505781336e+02 5.898816262742350318e+02
1.541479685244323434e+02 5.743977486368605696e+02
1.447216636342101879e+02 5.593250604440595453e+02
1.358380308566225949e+02 5.446432383069829939e+02
1.274711288822441873e+02 5.303332330691391689e+02
1.195956664750176799e+02 5.163771991375651851e+02
1.121866248665144354e+02 5.027579959395338278e+02
1.052179912338552015e+02 4.894576755382327633e+02
9.866458487129584398e+01 4.764590194382853383e+02
9.250261726144711361e+01 4.637460657358126923e+02
8.670961700800704364e+01 4.513040431770610326e+02
8.126435872683691741e+01 4.391193096580653332e+02
7.614679572906308636e+01 4.271792947489138328e+02
7.133800596677816941e+01 4.154724631829780037e+02
6.682030807752299495e+01 4.039885962138693003e+02
6.257713501500830944e+01 3.927186759624648857e+02
5.859278447789498756e+01 3.816544952622810456e+02
5.485237327224277237e+01 3.707886042127472024e+02
5.134180076351518096e+01 3.601142721607087083e+02
4.804771348034925893e+01 3.496254511577467383e+02
4.495747086285628313e+01 3.393167408066138933e+02
4.205909520606736152e+01 3.291835445983080035e+02
3.934121231191144830e+01 3.192223906680625305e+02
3.679307268561134947e+01 3.094303683501918840e+02
3.440453027145448317e+01 2.998049819811758994e+02
3.216601126326691684e+01 2.903441241008275711e+02
3.006848433494791806e+01 2.810460490494699002e+02
2.810343224000620310e+01 2.719093469173229778e+02
2.626282505853451354e+01 2.629330136318262703e+02
2.453909768593455354e+01 2.541174374433170158e+02
2.292512286839913571e+01 2.454638201645604170e+02
2.141418507850786668e+01 2.369733538468849474e+02
1.999995842141071378e+01 2.286471943769592201e+02
1.867648564372718312e+01 2.204864498100943138e+02
1.743815815344747122e+01 2.124921691238329231e+02
1.627969699873142062e+01 2.046653355071248370e+02
1.519613296537030678e+01 1.970074867800545633e+02
1.418278812628111041e+01 1.895212540293693735e+02
1.323526357432907119e+01 1.822090345971856209e+02
1.234942422630535575e+01 1.750728216853717356e+02
1.152138388766046617e+01 1.681142153126635321e+02
1.074749109720370299e+01 1.613344340150145797e+02
1.002431571578740943e+01 1.547343272178218569e+02
9.348636146001410907e+00 1.483144817148352956e+02
8.717426847416014368e+00 1.420758106007431252e+02
8.127847419908750481e+00 1.360190694267587048e+02
7.577232110536868070e+00 1.301445271820828111e+02
7.063079594068154776e+00 1.244519929572239221e+02
6.583043311435036848e+00 1.189408445476997542e+02
6.134922339903585708e+00 1.136100569985675719e+02
5.716652760141145428e+00 1.084582330387182623e+02
5.326299131345332505e+00 1.034837305041711346e+02
4.962046768159853904e+00 9.868471074980693913e+01
