3.854515400801592477e+04 3.830815998930050409e+04
3.881103978442080552e+04 3.856573833972551802e+04
3.905512968551145605e+04 3.880140252523383242e+04
3.927620630119279667e+04 3.901394588253965776e+04
3.947305197107065032e+04 3.920216371730694664e+04
3.964438925039290916e+04 3.936479681482008891e+04
3.978895196765962464e+04 3.950059962164216267e+04
3.990550930673057883e+04 3.960836341510682541e+04
3.999280570993688161e+04 3.968685714550223202e+04
4.004957959115379344e+04 3.973484601541292795e+04
4.007462967309330998e+04 3.975115696028976527e+04
4.006679226861775533e+04 3.973465697820160858e+04
4.002489209263434896e+04 3.968420590322939097e+04
3.994782816975182504e+04 3.959873959162407118e+04
3.983459285308200197e+04 3.947728858669125475e+04
3.968421792336689396e+04 3.931892749361219467e+04
3.949581321024333010e+04 3.912281188286460383e+04
3.926861961144634552e+04 3.888822874313693319e+04
3.900200264064098155e+04 3.861459246431402426e+04
3.869544620801108977e+04 3.830144086122000590e+04
3.834859242974435620e+04 3.794846959377102030e+04
3.796125884596286778e+04 3.755554929149928648e+04
3.753347458123352408e+04 3.712276742039544479e+04
3.706546634561997053e+04 3.665040928340920800e+04
3.655765032657412667e+04 3.613894613953205408e+04
3.601073251815932599e+04 3.558914004712836322e+04
3.542574360488329694e+04 3.500207976911768492e+04
3.480390096424254443e+04 3.437903481209486199e+04
3.414666707643168775e+04 3.372151441046315449e+04
3.345602195146999293e+04 3.303154595227990649e+04
3.273417802715957441e+04 3.231138242255443765e+04
3.198346835365505831e+04 3.156338750354111471e+04
3.120674226286892008e+04 3.079043507550807772e+04
3.040731192488269153e+04 2.999585483063908396e+04
2.958847553374633571e+04 2.918295070018987462e+04
2.875374495709758776e+04 2.835522771260967420e+04
2.790743581608361274e+04 2.751698027568481484e+04
2.705382312989520142e+04 2.667245095425904219e+04
2.619696751531722839e+04 2.582565771064893488e+04
2.534146324928225295e+04 2.498113308267377579e+04
2.449209900283861498e+04 2.414359062960898518e+04
2.365318534535187791e+04 2.331726303186219957e+04
2.282911170366445731e+04 2.250644107235097908e+04
2.202505921579002825e+04 2.171616387347973068e+04
2.124568769768625498e+04 2.095095523980098733e+04
2.049491602924861581e+04 2.021461120220243538e+04
1.977562693705505444e+04 1.950989008770727014e+04
1.908997597648386363e+04 1.883883185734811923e+04
1.843970623140367388e+04 1.820308179586018741e+04
1.782728857362600684e+04 1.760496064790338278e+04
1.725661265706938502e+04 1.704811616796043018e+04
1.673115213092059275e+04 1.653581082467637680e+04
1.625254199200556468e+04 1.606953984886613580e+04
1.581674934893698446e+04 1.564528912937994937e+04
1.541878001149860575e+04 1.525811447034330740e+04
1.505413084823517420e+04 1.490355990611128800e+04
1.471868403254643817e+04 1.457756809321409673e+04
1.440867764930898193e+04 1.427643462661035301e+04
1.411973447448574007e+04 1.399588139402304296e+04
1.384580523245177210e+04 1.373005246879499282e+04
1.358088320053811185e+04 1.347313696790556060e+04
1.331753186911868943e+04 1.321800749016868758e+04
1.304760469820999424e+04 1.295688244844320980e+04
1.276285958499058506e+04 1.268191997731691117e+04
1.245445150425865904e+04 1.238476466879942927e+04
1.211478138168256555e+04 1.205824720009550401e+04
1.173866598037269432e+04 1.169757274998021421e+04
1.132303210439468967e+04 1.129992875526152784e+04
1.086879203822349155e+04 1.086634049985501406e+04
1.037940426753046449e+04 1.040020734495737270e+04
9.862385890827788899e+03 9.908789011047869280e+03
9.326920476861310817e+03 9.400868743611057653e+03
8.784063908945558069e+03 8.886966709901736976e+03
8.245380036258171458e+03 8.378023667230116189e+03
7.723001876415552942e+03 7.885479183903938974e+03
7.229608402382994427e+03 7.421132283927468961e+03
6.776863178004358815e+03 6.995846647369080529e+03
6.374370695791488288e+03 6.618390444375805600e+03
6.029413671621134199e+03 6.295351688429407659e+03
5.743743576867982483e+03 6.028094770474495817e+03
5.515469627874133948e+03 5.814580449855532606e+03
5.336755774309006483e+03 5.647300352032752016e+03
5.196933211611541083e+03 5.516148109828679480e+03
5.081871600279266204e+03 5.407911535652550810e+03
4.975997600506637355e+03 5.308115418206459253e+03
4.863312967844015475e+03 5.201954361696529304e+03
4.729260497897747882e+03 5.076022207469264686e+03
4.563328765600595034e+03 4.920704152327551128e+03
4.360576763222422414e+03 4.731561293108854443e+03
4.122812596245528766e+03 4.510436269040862499e+03
3.858284054364122312e+03 4.265123399343424353e+03
3.581082128487145837e+03 4.008724662731925491e+03
3.309466912067757676e+03 3.758039956630759207e+03
3.062425538798976049e+03 3.530340534093513270e+03
2.854178169039666045e+03 3.338321439886578446e+03
2.690317422437288769e+03 3.186742963408524247e+03
2.568341185502574263e+03 3.073049525495104263e+03
2.480037591500023154e+03 2.989615992033014209e+03
2.412504332706150763e+03 2.924715663220191345e+03
2.348586774842626710e+03 2.862914799743061394e+03
2.270887114647519411e+03 2.788658265907498844e+03
2.169018740878309018e+03 2.692758688598655226e+03
2.042915308508910130e+03 2.575339557143046932e+03
1.900963947799264588e+03 2.444085751488916685e+03
1.756976855420546372e+03 2.311401020042470009e+03
1.626373372693107967e+03 2.190879437831056748e+03
1.520117884777956760e+03 2.091948000108167435e+03
1.440660163109410178e+03 2.016469608593171642e+03
1.382293815937063528e+03 1.959255678903113449e+03
1.332973803896602476e+03 1.909758790679652748e+03
1.279197772578468857e+03 1.856326728892638585e+03
1.213372323760421295e+03 1.792528183851030235e+03
1.136266391128241366e+03 1.719190429015214022e+03
1.055283499211195931e+03 1.642774668948703720e+03
9.810256646224227097e+02 1.572279063798282777e+03
9.205568610710558914e+02 1.513501501726436572e+03
8.734763704261874864e+02 1.465916531338370305e+03
8.336681092542252145e+02 1.424323011694564002e+03
7.930580574008604344e+02 1.382048258930309657e+03
7.471818286605342792e+02 1.335515143372765579e+03
6.980695909737686407e+02 1.286486861456842689e+03
6.511915074411267597e+02 1.239421332200613506e+03
6.109682536921849305e+02 1.197787204458088809e+03
5.774784672646021590e+02 1.161532439768491940e+03
5.468969836711066819e+02 1.127586889872210349e+03
5.155097142516676740e+02 1.093076110715133836e+03
4.829764410764902323e+02 1.057794609420168172e+03
4.517381132532931929e+02 1.023628711159671752e+03
4.240364309477021152e+02 9.922283013906113638e+02
3.995226043325955061e+02 9.632732466086791874e+02
3.762048789409233791e+02 9.352756379281314594e+02
3.529545414847686970e+02 9.074333737364361241e+02
3.305223324902373747e+02 8.802979552716038825e+02
3.099961783118535550e+02 8.546179107512409701e+02
2.912782235489456184e+02 8.302934947801562657e+02
2.734671044607732711e+02 8.066965081291093611e+02
2.562583190357207741e+02 7.836262857146755323e+02
2.400830434670126579e+02 7.613626263190074042e+02
2.251435100209744462e+02 7.400192823762415628e+02
2.111118696917812372e+02 7.193754634416674207e+02
1.977577392577889270e+02 6.992846620222937872e+02
1.851954144135853539e+02 6.798086941693505878e+02
1.734896622183294426e+02 6.609773738966420069e+02
1.624885250414955919e+02 6.426948218760499003e+02
1.521391106331482206e+02 6.249225262028211318e+02
1.424092701821339801e+02 6.076355571339489643e+02
1.332677264225908687e+02 5.908105617896112562e+02
1.246841319188423114e+02 5.744256735050558973e+02
1.166291155228469165e+02 5.584604273688938747e+02
1.090743180194575217e+02 5.428956814229572956e+02
1.019922712582952187e+02 5.277134928415410968e+02
9.535514209936556540e+01 5.128965862327636387e+02
8.913575115747168809e+01 4.984285618182746020e+02
8.330853545430899487e+01 4.842941656374108561e+02
7.784946536434487996e+01 4.704792317476099583e+02
7.273595345653015443e+01 4.569706235622587087e+02
6.794676877643914281e+01 4.437561785528827158e+02
6.346195670297993985e+01 4.308246580877295173e+02
5.926286447689956560e+01 4.181661730107636572e+02
5.533215808074680098e+01 4.057726596043327163e+02
5.165351279365999204e+01 3.936367965979878250e+02
4.821152756673764372e+01 3.817518121216983786e+02
4.499167835937096527e+01 3.701114523642014547e+02
4.198027338888868343e+01 3.587099513869956127e+02
3.916441025075079807e+01 3.475420020012414284e+02
3.653193083674190689e+01 3.366027775886807376e+02
3.407134734447252811e+01 3.258883614399706516e+02
3.177183276980917270e+01 3.153954406240389403e+02
2.962321124905078662e+01 3.051209502305665069e+02
2.761592151661013617e+01 2.950620496637473025e+02
2.574098190912941675e+01 2.852161040068918396e+02
2.398995720627485895e+01 2.755806659214636625e+02
2.235492723296045270e+01 2.661534594063263057e+02
2.082845925569420586e+01 2.569326614670845856e+02
1.940358165519574385e+01 2.479172028424895302e+02
1.807375217659305378e+01 2.391060890169743232e+02
1.683283228394502729e+01 2.304982916442522480e+02
1.567506362395926089e+01 2.220927419190578860e+02
1.459504575655936520e+01 2.138883243641408569e+02
1.358771509201702798e+01 2.058838710403755954e+02
1.264832467575380015e+01 1.980782252055905701e+02
1.177242278930482478e+01 1.904708586502288767e+02
1.095583728095508746e+01 1.830614621865810250e+02
1.019466071533368456e+01 1.758494855260445320e+02
9.485234334413410906e+00 1.688341396551450941e+02
8.824132909960486160e+00 1.620144057162325737e+02
8.208150466999407868e+00 1.553890441356397787e+02
7.634286831466297940e+00 1.489566050778004751e+02
7.099734832547504482e+00 1.427156820248164308e+02
6.601868264328023983e+00 1.366651683673743776e+02
6.138230956332206389e+00 1.308037155863385124e+02
5.706526226732131946e+00 1.251296707636074501e+02
5.304606916644334369e+00 1.196410977463639114e+02
4.930466017042303584e+00 1.143357980305449502e+02
4.582227855316830301e+00 1.092113312959931619e+02
4.258139770101248445e+00 1.042650535064573916e+02
3.956563983403846851e+00 9.949429623535763767e+01
3.675970567995744620e+00 9.489627523383325070e+01
3.414930832344015066e+00 9.046799089417206119e+01
3.172110841177075535e+00 8.620624969328530085e+01
