1.684612577957059329e+04 1.674429085609577305e+04
1.704946846587984692e+04 1.694344297415175970e+04
1.724705776978997892e+04 1.713672407600364750e+04
1.743834118568958365e+04 1.732358371817797524e+04
1.762275703804432123e+04 1.750346295557856138e+04
1.779973383974889657e+04 1.767579361541002800e+04
1.796866589395078699e+04 1.783997388352980852e+04
1.812893229387693646e+04 1.799538738957635360e+04
1.827991089869373536e+04 1.814141724624438211e+04
1.842096196097081338e+04 1.827742994762156013e+04
1.855142334644393850e+04 1.840277073097876564e+04
1.867063712326442692e+04 1.851678989913805344e+04
1.877794719559782607e+04 1.861884054977124470e+04
1.887267423864136799e+04 1.870825393071048893e+04
1.895414349563588257e+04 1.878436693761318020e+04
1.902169835335644166e+04 1.884653556766513793e+04
1.907468379073225151e+04 1.889411884446971817e+04
1.911244984540787846e+04 1.892648231219158697e+04
1.913437698900305259e+04 1.894302290872673257e+04
1.913987668437961111e+04 1.894316971593840208e+04
1.912838329968530525e+04 1.892637647632114385e+04
1.909937289640183735e+04 1.889213962380345401e+04
1.905237245775056726e+04 1.884000728724710643e+04
1.898697098668815670e+04 1.876959107834367023e+04
1.890282248233766586e+04 1.868056874118801352e+04
1.879964511848347684e+04 1.857268254375575634e+04
1.867724540898485429e+04 1.844576366205274826e+04
1.853555308329935360e+04 1.829976744360146404e+04
1.837457867498344422e+04 1.813472989627270363e+04
1.819441794920254688e+04 1.795077181656928587e+04
1.799535157883413922e+04 1.774819875836773281e+04
1.777779537633646760e+04 1.752745062669523395e+04
1.754223469946541081e+04 1.728903547360003722e+04
1.728932845580798676e+04 1.703363309828169076e+04
1.701999666204654204e+04 1.676218202376285626e+04
1.673522245256138922e+04 1.647568149252254079e+04
1.643606423818752228e+04 1.617520330118423044e+04
1.612390474536337024e+04 1.586213911642218227e+04
1.580025052308881095e+04 1.553800064084265432e+04
1.546658945961279460e+04 1.520427781667927411e+04
1.512466303130082088e+04 1.486270755586768792e+04
1.477655299997241309e+04 1.451535880916653696e+04
1.442425857061655188e+04 1.416421485543933522e+04
1.406970631930871969e+04 1.381118330408088696e+04
1.371495086038771115e+04 1.345829417253137217e+04
1.336196707031783262e+04 1.310749499023344470e+04
1.301257251594975969e+04 1.276057449823803472e+04
1.266879944022031850e+04 1.241952533771865637e+04
1.233288736992924532e+04 1.208653682049913914e+04
1.200685597112226242e+04 1.176357933534806216e+04
1.169255318988630643e+04 1.145245002240423491e+04
1.139181964831394180e+04 1.115492834410092473e+04
1.110633078719553305e+04 1.087262927544712875e+04
1.083745127410274836e+04 1.060686369976539027e+04
1.058525863148669487e+04 1.035768600505599716e+04
1.034918022587226187e+04 1.012451723244113236e+04
1.012860186893944046e+04 9.906740161438385257e+03
9.922215619938440796e+03 9.703068679811711263e+03
9.728392909821774083e+03 9.511909055702819387e+03
9.545461366305074989e+03 9.331629079358464878e+03
9.371097619928803397e+03 9.159976379217421709e+03
9.202899578559687143e+03 8.994626350523394649e+03
9.038146546035952269e+03 8.832955579863069943e+03
8.873638301976179719e+03 8.671888322693890586e+03
8.706150482402468697e+03 8.508329368899710971e+03
8.531861730525266466e+03 8.338622958280850071e+03
8.347043925687976298e+03 8.159203892184583310e+03
8.148113465403269402e+03 7.966659339601990723e+03
7.931900578869447600e+03 7.757973175075397194e+03
7.696513901013878240e+03 7.531366261436213790e+03
7.441200322254309867e+03 7.286148779944869602e+03
7.167128015402370693e+03 7.023477912232900053e+03
6.876862070676874282e+03 6.745842939972432760e+03
6.574708146514379223e+03 6.457396404819483905e+03
6.265792589501726070e+03 6.163064000407850472e+03
5.956072106712363166e+03 5.868554058265993262e+03
5.651756922651407876e+03 5.579790844851811926e+03
5.359169983897775637e+03 5.302787632590361682e+03
5.084181770014260110e+03 5.043098623648495050e+03
4.832384913598164530e+03 4.805985001208618996e+03
4.607929755987163844e+03 4.595318773741828409e+03
4.413560565486678570e+03 4.413618716478791612e+03
4.249201117158411762e+03 4.260733183396758250e+03
4.112628279825810750e+03 4.134481934214356443e+03
3.998550947493017702e+03 4.029805624725342113e+03
3.900047474445817443e+03 3.940115469566007050e+03
3.808763338102857233e+03 3.857476331118966755e+03
3.716025288571344845e+03 3.773648078050144250e+03
3.613816242770674307e+03 3.680994484746811850e+03
3.495746857960931720e+03 3.573406137222397774e+03
3.358391606913164196e+03 3.447591337677679348e+03
3.201941165934382298e+03 3.303710881860955396e+03
3.030239146248925863e+03 3.145424059534573644e+03
2.850233784047683002e+03 2.979361974007801564e+03
2.671047920892734055e+03 2.814205410457973358e+03
2.502707538353719428e+03 2.659433400493909630e+03
2.354158741754687526e+03 2.523432744010052829e+03
2.230874718126427979e+03 2.411266823984431994e+03
2.133222977908871144e+03 2.323190342367011908e+03
2.056730836914686279e+03 2.254945836495332514e+03
1.993812256560645210e+03 2.199390675260810440e+03
1.935263219852746261e+03 2.147867586121458771e+03
1.871441576321545881e+03 2.091280027682797481e+03
1.794812675066775228e+03 2.022494702540220260e+03
1.703357905465025397e+03 1.939603079581132306e+03
1.601447788967000633e+03 1.846770768875229123e+03
1.497289854019150653e+03 1.751782009012152002e+03
1.399891563235658850e+03 1.663101063582952747e+03
1.316607173909393623e+03 1.587539753364921808e+03
1.250400262006083267e+03 1.527758129523080925e+03
1.198551912074679194e+03 1.481154873618699185e+03
1.154213636471735754e+03 1.441345094225829371e+03
1.108928490958364364e+03 1.400479767092478596e+03
1.056577592599014451e+03 1.352896104074401364e+03
9.966060155643879170e+02 1.298128852286149368e+03
9.336280890989028194e+02 1.240512117427055728e+03
8.741582085154907418e+02 1.186066952984737327e+03
8.234719945069879259e+02 1.139572638334533622e+03
7.824773114941071981e+02 1.101769550175836002e+03
7.473604403867940391e+02 1.069139969985595371e+03
7.126887374007408198e+02 1.036760114193343043e+03
6.748343688634540740e+02 1.001391379975458221e+03
6.343215885128410036e+02 9.635648195946670285e+02
5.949824299790841451e+02 9.267408382454656248e+02
5.602570050911699582e+02 8.939460580767928377e+02
5.306803686271701963e+02 8.655908414503516042e+02
5.038496918741255399e+02 8.395325034341254877e+02
4.767996288231659605e+02 8.131987686609036245e+02
4.488134010895205961e+02 7.860087037564911725e+02
4.216053105026362573e+02 7.594581425990273829e+02
3.970284867424425101e+02 7.351042580539846085e+02
3.751455187471658519e+02 7.129614068453633990e+02
3.544512441185104876e+02 6.917587543221625310e+02
3.338665496192215869e+02 6.706201547504493874e+02
3.138218109274397420e+02 6.499134440417436736e+02
2.952847584155373397e+02 6.304109200724520861e+02
2.783241945155645567e+02 6.121451164500956565e+02
2.622131566258082671e+02 5.945361448219798604e+02
2.465817155911052510e+02 5.773036324149837810e+02
2.317712563076900096e+02 5.607085224411951003e+02
2.180343651488457795e+02 5.449284488426188773e+02
2.051193209391163350e+02 5.297677633284931744e+02
1.927768036374428959e+02 5.150444869093686293e+02
1.811036133730286508e+02 5.008246297364926818e+02
1.701807117400536242e+02 4.871561473389326693e+02
1.598923763162394778e+02 4.739534307489578282e+02
1.501777751319456797e+02 4.611722467358089830e+02
1.410084405630114190e+02 4.487875820186474130e+02
1.323609539370699792e+02 4.367782572427937566e+02
1.242120710340523146e+02 4.251244068800126001e+02
1.165388300146195348e+02 4.138073988726029597e+02
1.093185179057960852e+02 4.028096410336464146e+02
1.025270249499480855e+02 3.921128122414938275e+02
9.613985369719821961e+01 3.816984025490806971e+02
9.013382551887161753e+01 3.715491748254631261e+02
8.448705304686023965e+01 3.616491309243274372e+02
7.917886927508274653e+01 3.519834412118033242e+02
7.418976056679851183e+01 3.425383796649451256e+02
6.950130416489697893e+01 3.333012657718808214e+02
6.509623694499289570e+01 3.242607033528926195e+02
6.095849348722639860e+01 3.154068110706214725e+02
5.707286563885330111e+01 3.067305742039808365e+02
5.342492793239117077e+01 2.982237206248497614e+02
5.000100381438088704e+01 2.898786835837152580e+02
4.678813281996050932e+01 2.816885665393710951e+02
4.377403870966060850e+01 2.736471097892163016e+02
4.094708980559991574e+01 2.657487412132800273e+02
3.829622840118558713e+01 2.579889587486923688e+02
3.581098783949266107e+01 2.503639272604571886e+02
3.348148580479396941e+01 2.428702403956939975e+02
3.129839451408819073e+01 2.355048965387939859e+02
2.925291218424295181e+01 2.282652758016814403e+02
2.733673578113533864e+01 2.211491175046791398e+02
2.554203512298747469e+01 2.141545214440938878e+02
2.386143063996022917e+01 2.072804662891101657e+02
2.228796893323067607e+01 2.005267220927420340e+02
2.081509707916919538e+01 1.938932085591374062e+02
1.943664120489416192e+01 1.873799511390135706e+02
1.814678621641921197e+01 1.809870672160247409e+02
1.694005648779989670e+01 1.747147525047729175e+02
1.581129747332673396e+01 1.685632680593796522e+02
1.475565693889289953e+01 1.625332683911633467e+02
1.376856654337717067e+01 1.566263365044804345e+02
1.284572969520479724e+01 1.508440561802598268e+02
1.198310702757166091e+01 1.451878255338276063e+02
1.117690191704996039e+01 1.396588566672382967e+02
1.042354674929610958e+01 1.342581758157212448e+02
9.719689898295607478e+00 1.289866239837037085e+02
9.062183282195066525e+00 1.238449439267456853e+02
8.448069946223995430e+00 1.188344092103453846e+02
7.874573663960203085e+00 1.139563437430212076e+02
7.339088942836196061e+00 1.092117125245844136e+02
6.839171055349795303e+00 1.046011343454455300e+02
6.372526608918763991e+00 1.001248984284359125e+02
5.937004632145086447e+00 9.578298137244162547e+01
5.530588146156794060e+00 9.157506892150088618e+01
5.151385976452480975e+00 8.750076441817590478e+01
4.797625236857929742e+00 8.355963285907394322e+01
4.467644595128555274e+00 7.975093325038926650e+01
4.159887581152331926e+00 7.607362142796102944e+01
