2.276462588355313346e+04 2.266906460301540574e+04
2.296189812132241423e+04 2.286254283346770535e+04
2.314703255013095986e+04 2.304378412959046182e+04
2.331925395933785330e+04 2.321201448138718843e+04
2.347774062304680047e+04 2.336641501347556550e+04
2.362166881953056509e+04 2.350616578468807347e+04
2.375022544856832610e+04 2.363045822288615091e+04
2.386257198414517188e+04 2.373845909135217880e+04
2.395785827804320070e+04 2.382932436160381621e+04
2.403525922018854908e+04 2.390223593859130415e+04
2.409395232849634340e+04 2.395637960827161078e+04
2.413307936443997824e+04 2.399090721489037605e+04
2.415181273378712649e+04 2.400500241688655660e+04
2.414936712397068186e+04 2.399789232933297899e+04
2.412495311722253246e+04 2.396880228131144031e+04
2.407780938830107334e+04 2.391698749513533767e+04
2.400724307896443133e+04 2.384177272773438381e+04
2.391260597756953939e+04 2.374252961126672380e+04
2.379327506391979114e+04 2.361865820150450600e+04
2.364871373118970587e+04 2.346964604120838339e+04
2.347848060271405120e+04 2.329507711381304034e+04
2.328220572976585026e+04 2.309461099078564075e+04
2.305961979607888497e+04 2.286800964245810246e+04
2.281057673273899854e+04 2.261515830008562261e+04
2.253506670975086308e+04 2.233608120560698444e+04
2.223322357903698503e+04 2.203094975962913304e+04
2.190531932672634139e+04 2.170007241885782787e+04
2.155178601489753055e+04 2.134391717464898829e+04
2.117329314034225536e+04 2.096319326832317529e+04
2.077067347102627900e+04 2.055877181052423475e+04
2.034489590567022242e+04 2.013165634362898345e+04
1.989722004359923085e+04 1.968314094486349859e+04
1.942918017159850206e+04 1.921479332909693039e+04
1.894239880331404493e+04 1.872826344428132506e+04
1.843868550629578749e+04 1.822538273264664895e+04
1.792030697926039647e+04 1.770843600168431658e+04
1.738960471633700581e+04 1.717977579520673316e+04
1.684891311610164848e+04 1.664173961391183911e+04
1.630101679580264317e+04 1.609710472389513052e+04
1.574894925692136712e+04 1.554888781670119715e+04
1.519554675269736799e+04 1.499990182945055676e+04
1.464372886071425273e+04 1.445303183783846180e+04
1.409690888249516684e+04 1.391163841026092268e+04
1.355823157122843986e+04 1.337881022726938136e+04
1.303052208171979328e+04 1.285731376959682166e+04
1.251699215106527481e+04 1.235027443879705424e+04
1.202080182982651422e+04 1.186075655869401089e+04
1.154458598193364196e+04 1.139130964932315874e+04
1.109067645986043499e+04 1.094417185531311043e+04
1.066128383077588842e+04 1.052143794305039592e+04
1.025820549250806107e+04 1.012480417474273781e+04
9.882883984598824100e+03 9.755621516636856541e+03
9.536661573559873432e+03 9.415102465495891011e+03
9.220697562691615531e+03 9.104274189370456952e+03
8.935866701718921831e+03 8.823899950202297987e+03
8.681307876908113030e+03 8.573052542528099366e+03
8.454733667720653102e+03 8.349413712962588761e+03
8.254040229147269201e+03 8.150850323654965905e+03
8.076596663909988820e+03 7.974732622014475965e+03
7.919282114991754497e+03 7.817968080378670493e+03
7.779126052317742506e+03 7.677616347042363486e+03
7.652320370272977925e+03 7.549964534178446229e+03
7.534738068845605085e+03 7.431012957432784788e+03
7.421786211782848113e+03 7.316348972037247222e+03
7.307362317317856650e+03 7.200188578742923710e+03
7.185359637632879640e+03 7.076772281860566181e+03
7.049237107078668487e+03 6.940019586616862398e+03
6.892669984738175117e+03 6.784097376351977800e+03
6.710702594633123226e+03 6.604526679401860747e+03
6.499863111241310435e+03 6.398261134116195535e+03
6.259196164095605127e+03 6.164619832474556461e+03
5.990372112568506054e+03 5.905374094010328918e+03
5.696856251014400186e+03 5.623933622598845432e+03
5.383711551340377810e+03 5.325154110599706655e+03
5.057863203092460935e+03 5.015555927752347998e+03
4.727272402007829442e+03 4.702566062807848539e+03
4.400739311536730384e+03 4.394327882668645543e+03
4.087206486282294918e+03 4.099052320396770483e+03
3.796267359620107072e+03 3.825468392163478256e+03
3.535669361955196564e+03 3.580608566051750131e+03
3.311856939895928917e+03 3.370178623789207904e+03
3.128194049228523454e+03 3.197093693248908494e+03
2.984760172660008720e+03 3.061161771731904537e+03
2.878531459913476283e+03 2.959389479027925518e+03
2.803860707344988896e+03 2.886373021444726419e+03
2.752582091120813857e+03 2.834503486825059554e+03
2.715021264976784096e+03 2.794879027206485716e+03
2.679934479103437752e+03 2.757326864156354986e+03
2.636094371342435352e+03 2.711833066686040638e+03
2.573528872802831302e+03 2.649636984008997388e+03
2.485365109143122936e+03 2.564838240942724497e+03
2.368924547890461781e+03 2.455306782065930292e+03
2.226340011746662640e+03 2.323151101142125299e+03
2.064876912303907829e+03 2.174948266812709790e+03
1.896670444609959077e+03 2.021476541114609518e+03
1.736225706345772551e+03 1.875462141205834996e+03
1.596089085606151912e+03 1.747801094115242222e+03
1.483760534237316278e+03 1.644893040648952365e+03
1.401279373787513123e+03 1.568305988972135992e+03
1.346448257212979343e+03 1.515899106695572982e+03
1.313136368228124638e+03 1.482150307026945484e+03
1.290702144609285142e+03 1.457739674965680933e+03
1.265716871628540048e+03 1.431108932992544851e+03
1.227171794181623682e+03 1.392932536990549806e+03
1.169894762510111832e+03 1.338963777841104047e+03
1.095079002554494309e+03 1.270390467391780248e+03
1.009851700010617378e+03 1.193379701463904667e+03
9.255138024218755390e+02 1.117513641353953290e+03
8.528465282809482915e+02 1.051802320128429756e+03
7.980178977625722609e+02 1.001274781318432360e+03
7.613482438541348074e+02 9.660240938394165369e+02
7.371154863351387121e+02 9.411502983732157190e+02
7.156657361772096237e+02 9.186025956139883419e+02
6.884407333051938167e+02 8.913617597035896551e+02
6.513731045924189402e+02 8.561852663384667039e+02
6.060734549573002141e+02 8.144950850504422988e+02
5.594650003424293345e+02 7.719787753905205818e+02
5.191133004319372048e+02 7.347313076724587972e+02
4.886033849206199875e+02 7.055423517633519168e+02
4.665643633825054621e+02 6.832096748106125688e+02
4.476575664988995982e+02 6.634222416588988835e+02
4.262461998180961018e+02 6.417241684305606668e+02
4.004801072762999752e+02 6.167117718923369694e+02
3.727075907829868129e+02 5.902753053331249475e+02
3.472000201916089850e+02 5.657437818185812830e+02
3.266247764399353741e+02 5.451319081320626765e+02
3.100328505196567903e+02 5.276516720493494859e+02
2.942944851273009590e+02 5.108889056622572866e+02
2.772156867640569544e+02 4.931948838195738745e+02
2.592029412458733191e+02 4.749024066948868494e+02
2.423899815984508734e+02 4.576090910779816454e+02
2.280225533138105902e+02 4.422119371986726151e+02
2.153926947482731009e+02 4.281615737361224774e+02
2.029632815192151440e+02 4.143303964754223898e+02
1.903104220407364267e+02 4.004215244910318461e+02
1.782374138396537546e+02 3.870133014178092594e+02
1.674392935135708171e+02 3.745857135823360409e+02
1.575864932354763255e+02 3.628923393618932778e+02
1.480336484952479452e+02 3.514808167396292333e+02
1.387548618219288414e+02 3.403349506709659522e+02
1.301256697062784156e+02 3.297057166151204797e+02
1.221967016410277580e+02 3.196181450967596334e+02
1.146783889051435779e+02 3.098753682778038865e+02
1.075009621847034822e+02 3.004284981333990459e+02
1.007814746677511124e+02 2.913508309369523772e+02
9.447912118080333244e+01 2.826114260235457323e+02
8.855799867325258390e+01 2.741831269603861756e+02
8.299525658529924499e+01 2.660484870121679251e+02
7.776945605834158926e+01 2.581912051556092251e+02
7.286046564181877727e+01 2.505960387773261573e+02
6.824937769167775059e+01 2.432487334679568960e+02
6.391843044605771951e+01 2.361359583088377292e+02
5.985093927621571197e+01 2.292452500514165479e+02
5.603148912529962899e+01 2.225652267316679627e+02
5.244594991808254036e+01 2.160856714946849024e+02
4.908094724575101964e+01 2.097970371975046930e+02
4.592378725484581992e+01 2.036903637161688891e+02
4.296242917471101208e+01 1.977572430575864928e+02
4.018545834129937333e+01 1.919897868470910680e+02
3.758205976779288449e+01 1.863805959979064824e+02
3.514198016228349530e+01 1.809227486469247594e+02
3.285541589957628617e+01 1.756098974795579579e+02
3.071306622545800735e+01 1.704361592296648951e+02
2.870616799031073185e+01 1.653960117575606148e+02
2.682646683703862323e+01 1.604842731555184514e+02
2.506618931077081314e+01 1.556960827589466305e+02
2.341801638509076255e+01 1.510268832453372170e+02
2.187505836045390950e+01 1.464724040207913447e+02
2.043083686179599567e+01 1.420287312239439643e+02
1.907926802820575674e+01 1.376923976648392625e+02
1.781462646346534484e+01 1.334601713147300188e+02
1.663152340342523061e+01 1.293290112426543317e+02
1.552488823375330540e+01 1.252960568215674328e+02
1.448995092466903323e+01 1.213586174294696320e+02
1.352222534435171042e+01 1.175141626120812504e+02
1.261749321909456434e+01 1.137603185893618303e+02
1.177178666698650744e+01 1.100949367968649995e+02
1.098137541230175707e+01 1.065160521713745538e+02
1.024275549206940106e+01 1.030218068959956241e+02
9.552636289328017227e+00 9.961044189914989033e+01
8.907928204429040875e+00 9.628029033901415801e+01
8.305730989626562533e+00 9.302977134379729307e+01
7.743322714839749210e+00 8.985738399809046939e+01
7.218149065942586873e+00 8.676172902654559493e+01
6.727812926309507446e+00 8.374156709142548038e+01
6.270065996926389218e+00 8.079572575002639212e+01
5.842800178496245778e+00 7.792307187563528714e+01
5.444039202778952813e+00 7.512250794841328627e+01
5.071930735551127611e+00 7.239296851112949582e+01
4.724738926648758053e+00 6.973341678750232120e+01
4.400837376503883291e+00 6.714284549689908488e+01
4.098702340862007354e+00 6.462037338520460139e+01
3.816906532856771506e+00 6.216523123388895300e+01
3.554113452538819828e+00 5.977663978652415722e+01
3.309071837303595665e+00 5.745380329833506750e+01
3.080610425360880811e+00 5.519590932051148258e+01
2.867633025826985538e+00 5.300212857556962831e+01
2.669113878601655721e+00 5.087161492198865176e+01
2.484093232702723419e+00 4.880353698365881598e+01
2.311673030895866621e+00 4.679720518798294648e+01
