1.698161918412768136e+04 1.685674168287445355e+04
1.721393641509714507e+04 1.708383482781166458e+04
1.744171034609762137e+04 1.730624088586783910e+04
1.766443513925213847e+04 1.752345521182939046e+04
1.788157700746753471e+04 1.773494714131324145e+04
1.809257573699920613e+04 1.794016154791735607e+04
1.829686251127276773e+04 1.813853550371142410e+04
1.849385410367107033e+04 1.832949253372559542e+04
1.868293602661975820e+04 1.851242599808416708e+04
1.886348450174783284e+04 1.868672088766056913e+04
1.903487205440061734e+04 1.885175943781487149e+04
1.919644667864971052e+04 1.900690106374129027e+04
1.934753997534904556e+04 1.915149034924740772e+04
1.948748739598269822e+04 1.928487673133912176e+04
1.961562026383643752e+04 1.940640689937214484e+04
1.973125145084410542e+04 1.951541108974148665e+04
1.983370237745192208e+04 1.961122924746517674e+04
1.992230879060439111e+04 1.969321671958364095e+04
1.999640431022829944e+04 1.976072875184023724e+04
2.005533344394627784e+04 1.981313301783789939e+04
2.009846849839194329e+04 1.984982583158587659e+04
2.012520902374825528e+04 1.987023207592509789e+04
2.013498137457370831e+04 1.987380522243462110e+04
2.012725185317399519e+04 1.986003932910655203e+04
2.010153437824147113e+04 1.982847656497183561e+04
2.005740838750066905e+04 1.977872584498370270e+04
1.999451437353212168e+04 1.971045758592665516e+04
1.991255128416003936e+04 1.962340043472225807e+04
1.981131402120523489e+04 1.951737894562306974e+04
1.969071386009737034e+04 1.939233391891205974e+04
1.955073186723266190e+04 1.924827497327570381e+04
1.939143870629011508e+04 1.908530008089884723e+04
1.921309903342288453e+04 1.890369971828149573e+04
1.901608531451375529e+04 1.870387027554170709e+04
1.880083562746541793e+04 1.848627159366210617e+04
1.856799327112359606e+04 1.825156583992825836e+04
1.831842492522944667e+04 1.800063519272626218e+04
1.805304371942155194e+04 1.773440529735138261e+04
1.777286256415886601e+04 1.745389829813596225e+04
1.747921121476157714e+04 1.716044883980178201e+04
1.717349274705419157e+04 1.685546117879937447e+04
1.685710797201609603e+04 1.654033388341429600e+04
1.653177860048267758e+04 1.621678102620929349e+04
1.619949088668092008e+04 1.588677589209233884e+04
1.586214720418523211e+04 1.555220478864604956e+04
1.552158559668515409e+04 1.521488833007742141e+04
1.517966211070306963e+04 1.487666683644488512e+04
1.483813193849265008e+04 1.453927823127883130e+04
1.449865437645870952e+04 1.420436235694757852e+04
1.416325626452584584e+04 1.387392192521816287e+04
1.383415796938284620e+04 1.355014989549748498e+04
1.351338315584738666e+04 1.323504238854821051e+04
1.320273360320830943e+04 1.293037802197677411e+04
1.290376528850617797e+04 1.263769999547737098e+04
1.261786664797517915e+04 1.235838637319769987e+04
1.234608823238803234e+04 1.209348392189722654e+04
1.208815526563900130e+04 1.184274632886785548e+04
1.184333890126470396e+04 1.160548380801689382e+04
1.161083579333224588e+04 1.138093355593695196e+04
1.138912674682810393e+04 1.116763517970124485e+04
1.117649613951561878e+04 1.096393534629353780e+04
1.097113991511909808e+04 1.076809112160451150e+04
1.077072208587526802e+04 1.057783436066470858e+04
1.057291480590103492e+04 1.039089793541625841e+04
1.037504910608046521e+04 1.020466646842442788e+04
1.017416655285817978e+04 1.001622388655380382e+04
9.967285244979322670e+03 9.822610945651957081e+03
9.751019992437652036e+03 9.620440197767333302e+03
9.522220136060421282e+03 9.406529146730699722e+03
9.278083177613265434e+03 9.178007461886940291e+03
9.016384891180950945e+03 8.932549812390832813e+03
8.736412907553525656e+03 8.669320044398904429e+03
8.438563082632299484e+03 8.388573434352474578e+03
8.125230395254560790e+03 8.092576625000107924e+03
7.799933532521875350e+03 7.784732885256777081e+03
7.467707064249656469e+03 7.469998198968270117e+03
7.134040268223592648e+03 7.153811863999863817e+03
6.804858432412638649e+03 6.842085454584934268e+03
6.486055960815104299e+03 6.540717190425758417e+03
6.183247352445699107e+03 6.255354473816280006e+03
5.901428306970074118e+03 5.991036677711578704e+03
5.644974407877981321e+03 5.752205981508743207e+03
5.416518694772069466e+03 5.541577642700640354e+03
5.217112307260285888e+03 5.360302332446887704e+03
5.044755213365446252e+03 5.206478274831767521e+03
4.895419170938788739e+03 5.076149721580432015e+03
4.762372235875584011e+03 4.962586222174410068e+03
4.637833060043002661e+03 4.857894057322366280e+03
4.513473668346137856e+03 4.753487811721444814e+03
4.381639668832669486e+03 4.641323655077047988e+03
4.236313557896364728e+03 4.514920613187069648e+03
4.073947699136829669e+03 4.370286033285911799e+03
3.894440400464913637e+03 4.207043238320840828e+03
3.701150812108141963e+03 4.028521258556620978e+03
3.500316359112867303e+03 3.841180603907052046e+03
3.300085978692901790e+03 3.653586860733789763e+03
3.109404716109734636e+03 3.475182533431514912e+03
2.936690943746470566e+03 3.314854914874721089e+03
2.787893399295901418e+03 3.178901524916024300e+03
2.664524955958375813e+03 3.068992014349422789e+03
2.562974335183046151e+03 2.981440157928619101e+03
2.475870163826915814e+03 2.908576117326064377e+03
2.394420705681415257e+03 2.841119655819533364e+03
2.310028363003867071e+03 2.769831361969073896e+03
2.215654941780607714e+03 2.686998391549392181e+03
2.108319282983467474e+03 2.589245351133205531e+03
1.991081729044267149e+03 2.479817199897562205e+03
1.871580696646100705e+03 2.367013365760074521e+03
1.758331030594820731e+03 2.260086070813641072e+03
1.658109859531110942e+03 2.166349727336660635e+03
1.574244989162149750e+03 2.089366895633456352e+03
1.505032654588068908e+03 2.027316191684262776e+03
1.444376060666241756e+03 1.973677191585805531e+03
1.384682552354502604e+03 1.920281699513129070e+03
1.320010839716639794e+03 1.860699354769288220e+03
1.248758167462772917e+03 1.793214622768801291e+03
1.174762629173423875e+03 1.722049999570009732e+03
1.104034153898918248e+03 1.653745263969255575e+03
1.041343261716915322e+03 1.593407806520795930e+03
9.881729906989793335e+02 1.542567345592883612e+03
9.416319091420411951e+02 1.498113622331166198e+03
8.967153003410297742e+02 1.454741953089311664e+03
8.499300439807074099e+02 1.408800324974222349e+03
8.011730856439545505e+02 1.360263379689162775e+03
7.535067204426633225e+02 1.312416121068710936e+03
7.102428936158386250e+02 1.268710034662646194e+03
6.721248311722715698e+02 1.229863709596275385e+03
6.373107103705511918e+02 1.193954902482766784e+03
6.031716559684026606e+02 1.158327170105963432e+03
5.687192076021196954e+02 1.122044471063649780e+03
5.352006775969515502e+02 1.086408617284505908e+03
5.042834733430641450e+02 1.053069973567717398e+03
4.762054761533070177e+02 1.022228061816202626e+03
4.497969194985375907e+02 9.927415638927815280e+02
4.240198457677674924e+02 9.636484062130596158e+02
3.990358432549639360e+02 9.351350774931194110e+02
3.756492932379986200e+02 9.079495940290216822e+02
3.540042699768910666e+02 8.822049758064564458e+02
3.335459732869729237e+02 8.574006960339389707e+02
3.138801937040856274e+02 8.332057748518554945e+02
2.952046658495872862e+02 8.097989303469122433e+02
2.777417215473180363e+02 7.873589138878307949e+02
2.613181328730365749e+02 7.657356640292777001e+02
2.457022382683609010e+02 7.447457206107028469e+02
2.309177872557473279e+02 7.244081529822610719e+02
2.170306995660256462e+02 7.047656525702221870e+02
2.039425684699445185e+02 6.857392903986846022e+02
1.915899616959982268e+02 6.672807912217814419e+02
1.799352823404454398e+02 6.493579487496008369e+02
1.689445930467321944e+02 6.319405253808668022e+02
1.585850927310532370e+02 6.150002883538718379e+02
1.488251153308277708e+02 5.985108906713077204e+02
1.396341374786833853e+02 5.824477602192940822e+02
1.309827627645775863e+02 5.667879605957739386e+02
1.228421058499650513e+02 5.515087688151511429e+02
1.151838086005794679e+02 5.365873849809961484e+02
1.079809164585566492e+02 5.220026362337181354e+02
1.012078720818653181e+02 5.077350054444062835e+02
9.484045001549623066e+01 4.937665435266166014e+02
8.885569396693935573e+01 4.800807880520988533e+02
8.323185661034409577e+01 4.666626874537342360e+02
7.794835002176262151e+01 4.534985505654679514e+02
7.298577693119862886e+01 4.405762081930917589e+02
6.832581856912064211e+01 4.278848377872342326e+02
6.395111090263620213e+01 4.154147218519416924e+02
5.984520057506080803e+01 4.031571897312585406e+02
5.599250369785551129e+01 3.911045651708444666e+02
5.237826601107049385e+01 3.792501157360223374e+02
4.898852440584754220e+01 3.675880037652194687e+02
4.581006495294730740e+01 3.561135390151602564e+02
4.283036756013368063e+01 3.448244410907963697e+02
4.003759522747873234e+01 3.337194956348614596e+02
3.742057028973989929e+01 3.227978852891350812e+02
3.496874111672398300e+01 3.120591569301677168e+02
3.267215023420639142e+01 3.015031897839786552e+02
3.052140383366197085e+01 2.911301637352884200e+02
2.850764262560884532e+01 2.809405292227431232e+02
2.662251271927268093e+01 2.709359164115139720e+02
2.485813736755311609e+01 2.611205252274083364e+02
2.320709518729043097e+01 2.514986437394048266e+02
2.166239644149741395e+01 2.420741706168264500e+02
2.021745979056377962e+01 2.328506141862549441e+02
1.886609015778438803e+01 2.238310925952047228e+02
1.760245766592468541e+01 2.150183350674249709e+02
1.642107757523867306e+01 2.064147066054386528e+02
1.531679006365086160e+01 1.980232057577219678e+02
1.428474206383834755e+01 1.898476650580541332e+02
1.332037192667029046e+01 1.818912513112185536e+02
1.241939312226771541e+01 1.741563817084114021e+02
1.157777864010785862e+01 1.666447599942972602e+02
1.079174619917795397e+01 1.593574135190319510e+02
1.005774423161150821e+01 1.522947309131799329e+02
9.372438522152686247e+00 1.454565255768874579e+02
8.732698629743413932e+00 1.388423948712572269e+02
8.135586615956087897e+00 1.324515948783002557e+02
7.578346700341596076e+00 1.262827911997212311e+02
7.058394546112068291e+00 1.203340994256721501e+02
6.573307113092970333e+00 1.146031318055933070e+02
6.120813072025454105e+00 1.090870428332882938e+02
5.698783752070271547e+00 1.037825735582328406e+02
