2.280932605792867616e+04 2.274349592369909078e+04
2.293439439451203725e+04 2.286629034785167823e+04
2.304555356186032805e+04 2.297514183956280249e+04
2.314213414076798290e+04 2.306938370034159379e+04
2.322343544727798508e+04 2.314831925401345870e+04
2.328874873560826381e+04 2.321124471879889097e+04
2.333739076342385670e+04 2.325748223557199526e+04
2.336868343406945132e+04 2.328635966886398455e+04
2.338193649504136556e+04 2.329719346015246629e+04
2.337649402885573363e+04 2.328933484140087967e+04
2.335173363362529562e+04 2.326216912576422692e+04
2.330701166604174796e+04 2.321506181533927884e+04
2.324171168435562140e+04 2.314740641403506379e+04
2.315527752360352315e+04 2.305865708027251094e+04
2.304718191944091086e+04 2.294829814625891959e+04
2.291692361075526060e+04 2.281584140485850730e+04
2.276407903867210553e+04 2.266087658948456010e+04
2.258829908112463090e+04 2.248306850180588663e+04
2.238927682869425189e+04 2.228212642605592191e+04
2.216679249949224686e+04 2.205784715651587612e+04
2.192073151492240140e+04 2.181013246388194602e+04
2.165107566055377538e+04 2.153898242758679044e+04
2.135791043473636455e+04 2.124450211282568489e+04
2.104144134363683406e+04 2.092691555618568964e+04
2.070201303823075796e+04 2.058658609359369802e+04
2.034013618548777595e+04 2.022404532141881282e+04
1.995645006203380035e+04 1.983995193419093266e+04
1.955172695138154813e+04 1.943509561717298493e+04
1.912697951687191016e+04 1.901050775321159017e+04
1.868339274413053499e+04 1.856739099193846778e+04
1.822224487466797291e+04 1.810703754823465715e+04
1.774504023057363884e+04 1.763096385527986422e+04
1.725359014749421476e+04 1.714099258122824176e+04
1.674975243669344127e+04 1.663898838832151159e+04
1.623546479600129896e+04 1.612689126382860923e+04
1.571308885550066043e+04 1.560706204393512053e+04
1.518506450454717560e+04 1.508193551540711269e+04
1.465372646469898427e+04 1.455383649771381897e+04
1.412170045645484242e+04 1.402537414879821881e+04
1.359189947785401455e+04 1.349943871817040235e+04
1.306698098232356824e+04 1.297866237835094762e+04
1.254950361523689935e+04 1.246557378124971729e+04
1.204243386239936444e+04 1.196309740911898007e+04
1.154848843948862668e+04 1.147390769743537930e+04
1.106999217195926394e+04 1.100028951569624587e+04
1.060944049763879593e+04 1.054468254437255382e+04
1.016931523555444437e+04 1.010950552655306456e+04
9.751617046808976738e+03 9.696706851328841367e+03
9.357916820959555480e+03 9.307806244870356750e+03
8.989426195078654928e+03 8.943951759871510149e+03
8.647045745388395517e+03 8.605990624065740121e+03
8.331435175516176969e+03 8.294538095101301224e+03
8.043157417353456367e+03 8.010090416031277528e+03
7.782681565963377579e+03 7.753045334989715229e+03
7.550327372498721161e+03 7.523664299073044276e+03
7.344433251719588952e+03 7.320272370458797923e+03
7.161228700475504411e+03 7.139128441021742219e+03
6.997228006811854357e+03 6.976771626075478707e+03
6.849479184237132358e+03 6.830272443482695053e+03
6.715528632456762352e+03 6.697199434696666685e+03
6.593022940510402805e+03 6.575222146564648938e+03
6.478198161818283552e+03 6.460657205989115937e+03
6.366472069844503494e+03 6.349038064882050094e+03
6.253117068476850363e+03 6.235773427158125742e+03
6.132390585338256642e+03 6.115333415320182212e+03
5.998770054841490492e+03 5.982412206796749160e+03
5.847356369157241716e+03 5.832352511464248892e+03
5.674033448764578679e+03 5.661269601042349677e+03
5.476633192271184271e+03 5.467174242620341829e+03
5.255041079616097704e+03 5.250065591853747719e+03
5.011157671857076821e+03 5.011863728524759608e+03
4.749070131770164153e+03 4.756580246852123310e+03
4.473662265922116603e+03 4.488961261206235577e+03
4.190448992384282064e+03 4.214335922324437888e+03
3.906090764914269585e+03 3.939089261890191665e+03
3.627864003988104741e+03 3.670177441453402935e+03
3.363445636080112308e+03 3.414900686334986403e+03
3.119948954871517344e+03 3.180004373227247925e+03
2.904041279272963948e+03 2.971734023469638487e+03
2.720210375237118569e+03 2.794307476109588151e+03
2.570229236563287941e+03 2.649272381458037216e+03
2.453667980517530850e+03 2.536113770393381856e+03
2.366868274843096515e+03 2.451231656034765820e+03
2.304581971043847716e+03 2.389540881711622660e+03
2.259681297090149201e+03 2.344209807083919259e+03
2.223804605628775789e+03 2.307298320472521027e+03
2.187945924403922618e+03 2.270319703677711459e+03
2.143246520745117323e+03 2.225003140688596886e+03
2.082555134364425612e+03 2.164740054533835064e+03
2.001320410322024372e+03 2.085388558494311383e+03
1.898448620758085781e+03 1.986054548593939217e+03
1.776522536518805509e+03 1.869255604142260381e+03
1.642058939064201923e+03 1.741122249282516350e+03
1.505114369453344807e+03 1.611027983266013734e+03
1.377196681209637518e+03 1.489617772386838169e+03
1.267371949792193163e+03 1.385214746346602851e+03
1.180222060577280217e+03 1.301965072880056596e+03
1.116216073917238873e+03 1.240188662439149311e+03
1.072939263557204640e+03 1.197546109547429523e+03
1.044953807233767520e+03 1.168942212427415598e+03
1.023486276406459183e+03 1.146282425896761424e+03
9.983553423447250452e+02 1.120269277164161167e+03
9.621554892919676831e+02 1.084214411867003037e+03
9.123202783591268599e+02 1.035872456691592561e+03
8.507174975158530970e+02 9.770235295291133752e+02
7.832805333463746820e+02 9.130960332668176989e+02
7.184759054187196625e+02 8.517462948124815512e+02
6.635749032371196563e+02 7.994861842110205998e+02
6.221379673328211766e+02 7.594408682557973407e+02
5.935558732494970400e+02 7.309779884155490208e+02
5.729322281938447077e+02 7.096531618931278445e+02
5.531792036653686182e+02 6.891262851392630182e+02
5.289260945057260415e+02 6.646462434332679550e+02
4.981494776508731093e+02 6.344678463318226704e+02
4.626654632389349331e+02 6.002445402445961236e+02
4.275671945953632758e+02 5.664842944992888079e+02
3.976024418101090987e+02 5.373364117730372982e+02
3.744844068382803925e+02 5.142531759046868274e+02
3.567371684394110503e+02 4.958996720459243761e+02
3.405625747079699863e+02 4.789500891331311436e+02
3.225890743779249306e+02 4.604914562710436030e+02
3.022256056945846012e+02 4.400381221463762245e+02
2.812783230275368282e+02 4.191622658199129887e+02
2.623680628082258295e+02 4.001056754737717824e+02
2.467678221236961065e+02 3.839305811946252334e+02
2.335269332648811655e+02 3.698045678190715080e+02
2.207098557156137417e+02 3.560811267250525134e+02
2.072669666316976702e+02 3.418826536564847629e+02
1.936730950085536165e+02 3.276163850970284557e+02
1.811513909246966705e+02 3.143015187152264502e+02
1.702136848663511728e+02 3.023508078660989327e+02
1.602931806438467959e+02 2.912845386415022517e+02
1.505886605971437291e+02 2.804414979547482858e+02
1.409968216872835285e+02 2.697397639268519356e+02
1.319768941231505153e+02 2.595518918956369134e+02
1.238014746346753014e+02 2.500919843041961599e+02
1.162234127373445034e+02 2.411555325560673850e+02
1.089397217097624235e+02 2.324987153296239057e+02
1.019841297024576079e+02 2.241476230021517893e+02
9.551911563509543157e+01 2.162274411838554897e+02
8.951940585784754489e+01 2.087144834911026976e+02
8.384884320886104092e+01 2.015005696126492865e+02
7.848075709698939306e+01 1.945636157361041114e+02
7.346140641474396205e+01 1.879366621787376346e+02
6.876766274697139636e+01 1.815996041672643457e+02
6.436231510638997122e+01 1.755232008799084724e+02
6.022299033887512110e+01 1.696885038641528922e+02
5.633575825738131471e+01 1.640829029500198430e+02
5.268725915123321357e+01 1.586946101033892091e+02
4.926462373894226232e+01 1.535125453919707184e+02
4.605547870842811164e+01 1.485262905148565551e+02
4.304794901218781433e+01 1.437260457137900289e+02
4.023065703772042667e+01 1.391025895621683901e+02
3.759252614775009249e+01 1.346470348388010905e+02
3.512250524916936456e+01 1.303504570152183248e+02
3.281011821331554046e+01 1.262044056756293600e+02
3.064553309390912261e+01 1.222009763162730707e+02
2.861952260485799115e+01 1.183327740186232404e+02
2.672342704600508156e+01 1.145928798836599043e+02
2.494911952217942286e+01 1.109748199899850931e+02
2.328897668712595603e+01 1.074725456127665666e+02
2.173590971654029147e+01 1.040805777651930697e+02
2.028331046910018998e+01 1.007939447178633401e+02
1.892495581513336234e+01 9.760797993722678711e+01
1.765498475797777189e+01 9.451829687560838522e+01
1.646787926376488542e+01 9.152077215375517483e+01
1.535844595434452664e+01 8.861152983750095302e+01
1.432179863658042684e+01 8.578692672292001475e+01
1.335333776935141437e+01 8.304355936134643912e+01
1.244872149640404402e+01 8.037832814868609432e+01
1.160386802195004208e+01 7.778834219750754642e+01
1.081494689914214469e+01 7.527087482554495068e+01
1.007836426568598576e+01 7.282335408427842083e+01
9.390748893370341577e+00 7.044335383142228579e+01
8.748939012148191807e+00 6.812858529856850964e+01
8.149969898710333283e+00 6.587689010479245155e+01
7.591063757108555521e+00 6.368628918764308366e+01
7.069618924240024249e+00 6.155499687291763422e+01
6.583196617400338013e+00 5.948132367655249197e+01
6.129511004414733399e+00 5.746366296121449579e+01
5.706420068357601849e+00 5.550048610617447054e+01
5.311916982810510390e+00 5.359033791034060812e+01
4.944121971766876733e+00 5.173183221546926092e+01
4.601274480895459540e+00 4.992365381303095972e+01
4.281724871602106575e+00 4.816460062765879968e+01
3.983928563899674646e+00 4.645354659475693637e+01
3.706440319054660648e+00 4.478940773199478542e+01
3.447908092873123831e+00 4.317113923733370484e+01
3.207067245145060586e+00 4.159773299315296669e+01
2.982735092255735854e+00 4.006821519064847337e+01
2.773805783834448757e+00 3.858164410210375195e+01
2.579245472300549569e+00 3.713712323224168443e+01
2.398087769129322755e+00 3.573382022708734951e+01
2.229429524060182910e+00 3.437092661002986915e+01
2.072426829886276245e+00 3.304764961480496055e+01
1.926291263478622451e+00 3.176321108080658462e+01
1.790286355529582263e+00 3.051684641817887922e+01
1.663724275837838773e+00 2.930780364084823120e+01
1.545962714212886890e+00 2.813534436240976078e+01
1.436401842287010178e+00 2.699877425500987016e+01
