2.062375143844811464e+04 2.042682718122285223e+04
2.091894378755453363e+04 2.071380905549007730e+04
2.120942933892038855e+04 2.099586943059877012e+04
2.149463679470817078e+04 2.127244061752733251e+04
2.177396602377975069e+04 2.154292962826875009e+04
2.204679136815554375e+04 2.180672122359667264e+04
2.231247647717225482e+04 2.206319069880354073e+04
2.257036643331039886e+04 2.231169633358247665e+04
2.281977186951351177e+04 2.255156420111082116e+04
2.305999228639632565e+04 2.278211071567507679e+04
2.329032025663662353e+04 2.300264685668149468e+04
2.351002065236448834e+04 2.321245920135430424e+04
2.371834212579579253e+04 2.341082071208351408e+04
2.391453447250490717e+04 2.359700692862463620e+04
2.409783797347455766e+04 2.377028638825014059e+04
2.426747274667604142e+04 2.392991107751037271e+04
2.442266551582461761e+04 2.407514119607066095e+04
2.456265305860183798e+04 2.420524860367585643e+04
2.468666555515866639e+04 2.431950233625202236e+04
2.479394328982115621e+04 2.441718375388481945e+04
2.488375084916292690e+04 2.449759945596527177e+04
2.495537411360620536e+04 2.456007965045340097e+04
2.500812138940075238e+04 2.460397977179605004e+04
2.504133770284154525e+04 2.462869241010165933e+04
2.505441258121153078e+04 2.463365508903793307e+04
2.504679426233630511e+04 2.461836601044699637e+04
2.501798580299290188e+04 2.458237822511752165e+04
2.496754709598678528e+04 2.452530060624460020e+04
2.489513609930685197e+04 2.444683965454384816e+04
2.480051373807466734e+04 2.434680399277605466e+04
2.468350805616752405e+04 2.422506710111634675e+04
2.454404832125265966e+04 2.408160107031088046e+04
2.438225017805696916e+04 2.391656151561138540e+04
2.419832250803082934e+04 2.373019374689407414e+04
2.399255207741702907e+04 2.352281698342339951e+04
2.376545231867968687e+04 2.329497233697764023e+04
2.351771781610734615e+04 2.304737702288641594e+04
2.325009765990091546e+04 2.278079786196603891e+04
2.296351102707836617e+04 2.249616674923105165e+04
2.265921827956318884e+04 2.219475155621255544e+04
2.233854075746219314e+04 2.187787578498890070e+04
2.200283339532375248e+04 2.154689159894735712e+04
2.165372307088192247e+04 2.120342093158359421e+04
2.129296051410612927e+04 2.084920606503553427e+04
2.092225420230603049e+04 2.048594220356025835e+04
2.054358639918427798e+04 2.011559935396720903e+04
2.015943861775828191e+04 1.974065223546464767e+04
1.977221568953898895e+04 1.936349562177949338e+04
1.938408077055855028e+04 1.898628224524383404e+04
1.899643894299335807e+04 1.861042402685007983e+04
1.861035682521964191e+04 1.823699821101662019e+04
1.822685676125146711e+04 1.786703387800198107e+04
1.784801118051598314e+04 1.750262876729755226e+04
1.747718624083267423e+04 1.714720124072469480e+04
1.711756581533647841e+04 1.680398874873197929e+04
1.677155073289398570e+04 1.647545546659863976e+04
1.643900390214159415e+04 1.616156355231150519e+04
1.611911973924614176e+04 1.586161080432175368e+04
1.581108159248213451e+04 1.557487731191455714e+04
1.551342428456764355e+04 1.529998744853094468e+04
1.522431983280555505e+04 1.503519219564466766e+04
1.494201204120509101e+04 1.477880001443899710e+04
1.466432419894045961e+04 1.452865985382377403e+04
1.438886655796845480e+04 1.428237263988952145e+04
1.411334366354825943e+04 1.403760278223660316e+04
1.383520470717845092e+04 1.379167835342961553e+04
1.355195431565856416e+04 1.354193558230907547e+04
1.326091977811352990e+04 1.328544727198884902e+04
1.295903657473861313e+04 1.301876776028451786e+04
1.264352924145060933e+04 1.273868521705776038e+04
1.231193884391669781e+04 1.244219066138646122e+04
1.196233673308806647e+04 1.212677026921561992e+04
1.159441800627173870e+04 1.179158645496756435e+04
1.120904101372408695e+04 1.143703050682278263e+04
1.080921698612765067e+04 1.106587832065722432e+04
1.039947244731202409e+04 1.068263217719648856e+04
9.985543125855781909e+03 1.029325620058206550e+04
9.573721389227610416e+03 9.904465397730204131e+03
9.170279299193171028e+03 9.523108152849883481e+03
8.781030026054306290e+03 9.155658103068199125e+03
8.411206078849836558e+03 8.808078394443187790e+03
8.065249360405957304e+03 8.485570191888806221e+03
7.746839397724691480e+03 8.192605343053648539e+03
7.458104412742623026e+03 7.932011543469694516e+03
7.199217553298801249e+03 7.704486897436169784e+03
6.967717262771598143e+03 7.507723808890546934e+03
6.758233390497630353e+03 7.335977373523606730e+03
6.563175388563011438e+03 7.180664672672131019e+03
6.373782490920578311e+03 7.031482339525849966e+03
6.181583180024263129e+03 6.878017847761401754e+03
5.979588850285425906e+03 6.711260389551176559e+03
5.763148256345313712e+03 6.524750417139435740e+03
5.530823099708308291e+03 6.315909602329937115e+03
5.284439643362035895e+03 6.086319082909836652e+03
5.029116956053968352e+03 5.841952126506934292e+03
4.772288476228533909e+03 5.592015485991213609e+03
4.522151798890545251e+03 5.346952966839722649e+03
4.286639654826676633e+03 5.117078186079288571e+03
4.072579622062823546e+03 4.911443560801115382e+03
3.884393535030234034e+03 4.736144537794596545e+03
3.722039277575745018e+03 4.591622989313854305e+03
3.580170129555184758e+03 4.471398795137090019e+03
3.449852603724991241e+03 4.364039805728450119e+03
3.322014419246529542e+03 4.257520791818306861e+03
3.189762868191123744e+03 4.142347355547920415e+03
3.048755890068036479e+03 4.012259249069550606e+03
2.898190776070210177e+03 3.865837472282923045e+03
2.742506130619981832e+03 3.709059438594188578e+03
2.589994535647294924e+03 3.553422252390840185e+03
2.448303314453158237e+03 3.409626127709872435e+03
2.321666629536423898e+03 3.283669577150476925e+03
2.210775295992262272e+03 3.176675621932213744e+03
2.112462287736621420e+03 3.084439225003635784e+03
2.020411279836448102e+03 2.998314713066282820e+03
1.928489301185208205e+03 2.909785561477788178e+03
1.833124246313504955e+03 2.813862185225768371e+03
1.734712100379236063e+03 2.711179987264643387e+03
1.637655598556453697e+03 2.608059013144607889e+03
1.547005408119833646e+03 2.511677393101043890e+03
1.465122352564118955e+03 2.425367700057773618e+03
1.391535097461383657e+03 2.348492995303699900e+03
1.323168577610557350e+03 2.276842009230115764e+03
1.256171117092396344e+03 2.205193838032133499e+03
1.189012095841211021e+03 2.131589008400496368e+03
1.122726911192325815e+03 2.057605249230941354e+03
1.059723999255494618e+03 1.986616953968785992e+03
1.001783746588821373e+03 1.921033308136381720e+03
9.483950518525437019e+02 1.860165808532924757e+03
8.978072975829700226e+02 1.801748791438966464e+03
8.486462524609999036e+02 1.744094546824975851e+03
8.008475222758252130e+02 1.687241830253743956e+03
7.554232430698076541e+02 1.632546820930958120e+03
7.130536989434457382e+02 1.580868480495276344e+03
6.733565855632011790e+02 1.531742453329032060e+03
6.355502629810681583e+02 1.484270256510360923e+03
5.992699903045206611e+02 1.438088458798012198e+03
5.647765789377251622e+02 1.393542765596303980e+03
5.323334935612283516e+02 1.350938815697682230e+03
5.017714087920884367e+02 1.310094809719026898e+03
4.727545242995606145e+02 1.270673502739765809e+03
4.451769339985586385e+02 1.232588682497304262e+03
4.191162069927408993e+02 1.195924252972982458e+03
3.945459830515149520e+02 1.160649933871738767e+03
3.713105287382192614e+02 1.126619395960456586e+03
3.493145190959598381e+02 1.093746608814437195e+03
3.285423893836290858e+02 1.062009583460714794e+03
3.089477385472638957e+02 1.031356283176488660e+03
2.904448610828223423e+02 1.001705466034994402e+03
2.729790705408877898e+02 9.730004059072258542e+02
2.565031609308093721e+02 9.451941674354117140e+02
2.409662593509767134e+02 9.182270804763045362e+02
2.263188149472779571e+02 8.920410312046465151e+02
2.125136158838236895e+02 8.665823786033591887e+02
1.995056976527043275e+02 8.418016696790990636e+02
1.872522537134786091e+02 8.176533803550304356e+02
1.757125484938997033e+02 7.940956792414541496e+02
1.648478358018807626e+02 7.710901414572221029e+02
1.546213747034469463e+02 7.485991811922608576e+02
1.449983422615548250e+02 7.265856287280776087e+02
1.359456175222492504e+02 7.050156943872725606e+02
1.274317055110620771e+02 6.838589867604201800e+02
1.194266718717647535e+02 6.630883395794156741e+02
1.119020790410690722e+02 6.426796507219610248e+02
1.048309240128717903e+02 6.226117313147988170e+02
9.818757388086282845e+01 6.028665701498235876e+02
9.194766795976555329e+01 5.834335155143163547e+02
8.608808806097590605e+01 5.643068164392041126e+02
8.058693490924605385e+01 5.454820895057564485e+02
7.542347222305551213e+01 5.269561730994687423e+02
7.057807224264776380e+01 5.087270433051551777e+02
6.603216327486528314e+01 4.907937298787625195e+02
6.176817922003046135e+01 4.731562321460297653e+02
5.776950906991963564e+01 4.558169625180485696e+02
5.402044267663119115e+01 4.387869494573774887e+02
5.050613541999926071e+01 4.220791250043828313e+02
4.721256882591645621e+01 4.057052704951753981e+02
4.412650884284923336e+01 3.896760220849582197e+02
4.123546591012608786e+01 3.740008825074082210e+02
3.852765676697983110e+01 3.586882364333641249e+02
3.599196794413558109e+01 3.437453717363081296e+02
3.361791890483343792e+01 3.291798432287562264e+02
3.139562631397217629e+01 3.150013489614555056e+02
2.931577768704508102e+01 3.012182856223989802e+02
2.736960176895752639e+01 2.878372022950841256e+02
2.554883936954020029e+01 2.748629004820681416e+02
2.384571560078981989e+01 2.622985365713588521e+02
2.225291346090440925e+01 2.501457258258205911e+02
2.076354866939693622e+01 2.384046514762233642e+02
1.937114410582163870e+01 2.270743506131525749e+02
1.806960709384945218e+01 2.161528394391528423e+02
1.685321043731357804e+01 2.056369443249115534e+02
1.571657198355738139e+01 1.955223897318244610e+02
1.465463505499274888e+01 1.858039038558436857e+02
1.366264989926350104e+01 1.764753210073962464e+02
1.273615611169120498e+01 1.675296803067251687e+02
1.187096588833643551e+01 1.589593064458694585e+02
1.106314713403544303e+01 1.507557344812412907e+02
1.030900927589764748e+01 1.429098894446150894e+02
9.605090147437437054e+00 1.354123128674865768e+02
8.948142564947213273e+00 1.282532351450595627e+02
