1.069849831849304428e+04 1.066644597632822661e+04
1.079601871909067268e+04 1.076272308635368427e+04
1.088914051538038620e+04 1.085456883163505699e+04
1.097753889660167988e+04 1.094165865452444450e+04
1.106087421350829027e+04 1.102365365293060495e+04
1.113880455971790434e+04 1.110021291516486599e+04
1.121098786929904600e+04 1.117099556770140043e+04
1.127706386571474104e+04 1.123564271762348835e+04
1.133666232276852134e+04 1.129378573859439712e+04
1.138941817410099611e+04 1.134506140564321504e+04
1.143496503212863718e+04 1.138910548769952402e+04
1.147292692980938045e+04 1.142554458002425235e+04
1.150293637040935027e+04 1.145401404568526232e+04
1.152463615992430277e+04 1.147415986458155567e+04
1.153766105489625079e+04 1.148562051178014735e+04
1.154165183641697149e+04 1.148804091631010851e+04
1.153626931765207337e+04 1.148108634576344048e+04
1.152118769497189714e+04 1.146443599041912785e+04
1.149609128123083974e+04 1.143777984596129681e+04
1.146069154578007692e+04 1.140083537791617709e+04
1.141473021921744476e+04 1.135335067977458675e+04
1.135797620899962203e+04 1.129510192500846824e+04
1.129023289773954639e+04 1.122590019574457619e+04
1.121134370079761902e+04 1.114559675881174371e+04
1.112120277590413934e+04 1.105409431760074767e+04
1.101975901254445489e+04 1.095135106150791398e+04
1.090700781047736564e+04 1.083737163845987925e+04
1.078300316069732798e+04 1.071221937135566986e+04
1.064789586899926690e+04 1.057605524353481997e+04
1.050189647305859035e+04 1.042909982364989628e+04
1.034526491222117329e+04 1.027162255341234231e+04
1.017838141179657759e+04 1.010401325288924454e+04
1.000173588634233965e+04 9.926771269749275234e+03
9.815853243937870502e+03 9.740429931864850005e+03
9.621338867098384071e+03 9.545602075778884682e+03
9.418983387839780335e+03 9.343085011540153573e+03
9.209614071565940321e+03 9.133711331760863686e+03
8.994070154907725737e+03 8.918324044099197636e+03
8.773389339482635478e+03 8.697962098685024102e+03
8.548722169401671636e+03 8.473775036143675607e+03
8.321166983846907897e+03 8.246858752846876087e+03
8.091868544552511594e+03 8.018353095489848783e+03
7.862147429017934883e+03 7.789569833659645155e+03
7.633252575400460955e+03 7.561747947830690464e+03
7.406357539509981507e+03 7.336049638631960079e+03
7.182868271069055481e+03 7.113860992167708901e+03
6.964222521810465878e+03 6.896596256837797227e+03
6.751686476453448449e+03 6.685499564443591225e+03
6.546266178014886464e+03 6.481555861712924525e+03
6.348656462972253394e+03 6.285439511243077504e+03
6.159429870622114322e+03 6.097704423868423874e+03
5.979163064570126153e+03 5.918906832565387958e+03
5.808976043585152183e+03 5.750123862857539280e+03
5.650099002433616988e+03 5.592537365459736066e+03
5.503551541759595239e+03 5.447124553119534539e+03
5.369019580006523029e+03 5.313555012627537508e+03
5.245101948168374292e+03 5.190432815726936497e+03
5.130482077506593669e+03 5.076446902060159118e+03
5.023915066942534395e+03 4.970360476237646253e+03
4.924217951816354798e+03 4.871001011390246276e+03
4.830239365894773073e+03 4.777229328635950878e+03
4.740398641431659598e+03 4.687496893761254796e+03
4.652962606536317253e+03 4.600111832067771502e+03
4.566094928906914902e+03 4.513290793864052830e+03
4.477574951800561394e+03 4.424894795750733465e+03
4.385228979496641841e+03 4.332836573523827610e+03
4.286659529994107288e+03 4.234836201605076894e+03
4.179557487316847983e+03 4.128708219570460642e+03
4.062151697935612447e+03 4.012802448436614213e+03
3.933221126270408604e+03 3.886007272721029494e+03
3.792504984845800209e+03 3.748135367268556820e+03
3.640716210327262161e+03 3.599932615856631855e+03
3.479618543106927518e+03 3.443137573383770359e+03
3.311874050667102438e+03 3.280334729743821754e+03
3.140721425159870705e+03 3.114636028092911602e+03
2.969642815156655161e+03 2.949367967670317739e+03
2.802295126227141282e+03 2.788001027188205171e+03
2.642241352341382935e+03 2.633897017429576408e+03
2.493079598157381952e+03 2.490423145110863970e+03
2.357785860661334482e+03 2.360353379232970838e+03
2.238872455773239381e+03 2.245986121109971464e+03
2.137695811353800764e+03 2.148532262429254388e+03
2.054164393184245455e+03 2.067814076258178375e+03
1.986666130418273724e+03 2.002235959829711419e+03
1.932147218413715564e+03 1.948852768348552445e+03
1.886393140740761055e+03 1.903667588867053155e+03
1.844635698931897878e+03 1.862198388176044318e+03
1.801849136180893538e+03 1.819775297775448053e+03
1.753457314560270788e+03 1.772192759100870717e+03
1.695833752026394450e+03 1.716161535957060551e+03
1.627072369909977397e+03 1.650008034530908617e+03
1.547373756301077492e+03 1.573999956951746526e+03
1.458950925145110659e+03 1.490235418127737375e+03
1.365712318935657777e+03 1.402338139935429353e+03
1.272800791125510614e+03 1.315022660894460614e+03
1.185910114305234401e+03 1.233462321796396282e+03
1.110076434521307647e+03 1.162193295276463687e+03
1.048276879225194762e+03 1.103849278282016485e+03
1.000548077051528367e+03 1.058376623789406722e+03
9.643260868420936731e+02 1.023373104731589365e+03
9.355399847816024703e+02 9.951053168937071405e+02
9.092566215163408287e+02 9.691106158657613605e+02
8.801403608616418524e+02 9.406229647455302256e+02
8.439725274714839998e+02 9.059271599282557190e+02
7.996805707060887016e+02 8.641360058057854303e+02
7.496547351162444102e+02 8.174270225872472793e+02
6.982215273789364574e+02 7.696569080505005331e+02
6.501204863773549505e+02 7.250031501876048878e+02
6.092602338283077188e+02 6.868687194450473044e+02
5.772670986657193453e+02 6.566226804148051315e+02
5.527810611642507865e+02 6.330128972510806307e+02
5.323150692618562516e+02 6.129554414387017687e+02
5.115386145163392371e+02 5.926780420636159761e+02
4.871851554252475580e+02 5.693758214219192269e+02
4.589329667807021451e+02 5.428090927363261926e+02
4.290074195586839778e+02 5.149195689987104743e+02
4.006057659743221961e+02 4.884505202706395721e+02
3.764473304723722435e+02 4.657006857045003017e+02
3.570695598911833599e+02 4.470887022510069073e+02
3.406773607753232795e+02 4.310599193733860943e+02
3.246718004580299635e+02 4.154086096577406124e+02
3.072124154562917511e+02 3.985972227885076222e+02
2.884432064156538331e+02 3.807643470854200700e+02
2.701342658484858816e+02 3.633938648616885416e+02
2.539061935359573283e+02 3.478207791657969210e+02
2.400961905142933972e+02 3.343024211265388885e+02
2.276667337555502684e+02 3.219676578341108097e+02
2.152494903537532878e+02 3.096920452461731657e+02
2.024495225280934108e+02 2.971597693093671637e+02
1.899738092083648837e+02 2.849479349805912989e+02
1.786450335815781330e+02 2.737141925004184486e+02
1.685445944565414607e+02 2.635119805120646106e+02
1.590573173600870120e+02 2.538420547299652696e+02
1.496909704355988708e+02 2.443127453719674520e+02
1.405839223097068498e+02 2.350340553920076729e+02
1.321263991659484986e+02 2.263086036912795294e+02
1.243752426119247190e+02 2.181739799825320176e+02
1.170497265553817954e+02 2.104079764018394769e+02
1.099807204290437710e+02 2.028788827169504714e+02
1.032808127529571749e+02 1.956709026740535933e+02
9.705245659890840670e+01 1.888578918464014293e+02
9.120871602312911364e+01 1.823705750938669041e+02
8.564728874240394418e+01 1.761302417121494273e+02
8.039096110299725240e+01 1.701516750998635530e+02
7.546974854687287859e+01 1.644540687173393678e+02
7.083930187661812283e+01 1.590024635933972945e+02
6.646272518304111543e+01 1.537680288974782172e+02
6.234366317343176433e+01 1.487510353315647080e+02
5.847166391138711106e+01 1.439421741697786672e+02
5.483153729361987416e+01 1.393288112107980226e+02
5.140910800274825476e+01 1.348991800006597543e+02
4.819114380001028763e+01 1.306423202430624428e+02
4.516530226329748388e+01 1.265480287867303559e+02
4.232048116850059927e+01 1.226070723267201430e+02
3.964666867288007523e+01 1.188111252827209370e+02
3.713435927433312145e+01 1.151524053779577912e+02
3.477450824958560816e+01 1.116236208701010213e+02
3.255851502225134197e+01 1.082179377965628788e+02
3.047820663885098469e+01 1.049289497177617818e+02
2.852582140355224638e+01 1.017506497481297316e+02
2.669397043508130452e+01 9.867738617843842519e+01
2.497556673420204731e+01 9.570378777687862737e+01
2.336389378225252500e+01 9.282480424483391346e+01
2.185261042260736275e+01 9.003570414224402896e+01
2.043573144918880757e+01 8.733205488364163216e+01
1.910760909119472117e+01 8.470970418143836866e+01
1.786291535994896407e+01 8.216476281482269428e+01
1.669662565761024098e+01 7.969359379673096555e+01
1.560400983904314209e+01 7.729288652924462610e+01
1.458061368941165803e+01 7.495961867496943398e+01
1.362223690178003110e+01 7.269095485208414686e+01
1.272491954813255610e+01 7.048423284657047816e+01
1.188492942795377871e+01 6.833695363753184893e+01
1.109875000023874847e+01 6.624677203262072567e+01
1.036306887761096007e+01 6.421148788049835332e+01
9.674765903756705754e+00 6.222906688089580740e+01
9.030901156816291575e+00 6.029768727259925498e+01
8.428707980076952211e+00 5.841565086247415195e+01
7.865584000466326664e+00 5.658135863676572086e+01
7.339081977046387095e+00 5.479330514265928542e+01
6.846901114584841075e+00 5.305007315376354171e+01
6.386878821827444597e+00 5.135032859958025142e+01
5.956982844663552434e+00 4.969281967469061101e+01
5.555303294217484478e+00 4.807641869821317471e+01
5.180045999290403991e+00 4.650009529914258621e+01
4.829526342489784518e+00 4.496287365028307192e+01
4.502162925225946744e+00 4.346382835230079422e+01
4.196471563554124096e+00 4.200208129429291404e+01
3.911059609350835409e+00 4.057679864865831121e+01
3.644620580503732388e+00 3.918718804501793329e+01
3.395928955459537324e+00 3.783251138913797007e+01
3.163835249480546619e+00 3.651210089462566799e+01
2.947261813730120306e+00 3.522532027879758232e+01
2.745198590811354311e+00 3.397155684541382215e+01
2.556699058474206421e+00 3.275021965984042538e+01
2.380876402954636539e+00 3.156073780593366251e+01
2.216899909964411108e+00 3.040255872260908276e+01
2.063991545653419024e+00 2.927515081897076499e+01
1.921422621112423235e+00 2.817803690273925099e+01
1.788510880332912389e+00 2.711076873175018775e+01
