1.957315599135195589e+04 1.945947393943584757e+04
1.979052820730426538e+04 1.967223707865982942e+04
1.999983908128077383e+04 1.987681895531291593e+04
2.020045008295604202e+04 2.007258201347858267e+04
2.039171756209699379e+04 2.025888425985867070e+04
2.057297158135360951e+04 2.043505926900731356e+04
2.074352819330752027e+04 2.060042804580098164e+04
2.090270648108480236e+04 2.075431540686334120e+04
2.104981178174877641e+04 2.089603321686034178e+04
2.118411989182934849e+04 2.102486463791961432e+04
2.130491352569419905e+04 2.114010064652691653e+04
2.141148504058542312e+04 2.124104286687091735e+04
2.150310814369908985e+04 2.132697583224620757e+04
2.157906223953870358e+04 2.139719104271413744e+04
2.163865229842570989e+04 2.145100659193663523e+04
2.168119040057837265e+04 2.148774922139487171e+04
2.170598993492970840e+04 2.150674876957770903e+04
2.171240158756920937e+04 2.150737346129660727e+04
2.169981566754091182e+04 2.148903239681035120e+04
2.166764466189764426e+04 2.145115916092796033e+04
2.161534762755679913e+04 2.139323523987901353e+04
2.154244455803856545e+04 2.131480390513378370e+04
2.144852047516425591e+04 2.121547541598418684e+04
2.133323036040419902e+04 2.109493190810605302e+04
2.119630514380148088e+04 2.095293189057786367e+04
2.103756701368273934e+04 2.078932591919129845e+04
2.085696277607484080e+04 2.060409139613835214e+04
2.065453480333194966e+04 2.039730141991532946e+04
2.043041922138737573e+04 2.016912227909970170e+04
2.018493297407100545e+04 1.991990194777087163e+04
1.991855393306607584e+04 1.965014936836114794e+04
1.963184426475106739e+04 1.936045595736625182e+04
1.932552393574290909e+04 1.905156935658775910e+04
1.900059741647975898e+04 1.872452062958198076e+04
1.865815905279211802e+04 1.838042777705516346e+04
1.829937578628840129e+04 1.802047793450919198e+04
1.792574974131302588e+04 1.764618935789650641e+04
1.753897137256389396e+04 1.725926418788777664e+04
1.714071458247427290e+04 1.686138365251955474e+04
1.673284410093155384e+04 1.645441327728352553e+04
1.631760921356728795e+04 1.604059422924493629e+04
1.589719728626594406e+04 1.562210111580764533e+04
1.547372759563521686e+04 1.520103569147165945e+04
1.504964792613232748e+04 1.477981641959018634e+04
1.462742370321025737e+04 1.436087312322539037e+04
1.420930259813368139e+04 1.394641625004490197e+04
1.379764432460668104e+04 1.353875575023609599e+04
1.339505772566656196e+04 1.314043370740043065e+04
1.300389060370847255e+04 1.275373280443081785e+04
1.262614416102721589e+04 1.238059271513140084e+04
1.226324462701654738e+04 1.202238144895650112e+04
1.191631074746430568e+04 1.168016386108245388e+04
1.158630997873383421e+04 1.135485718932566851e+04
1.127451445039070495e+04 1.104765849741799502e+04
1.098254264912201506e+04 1.076008451238833732e+04
1.071184680035444580e+04 1.049349335672927191e+04
1.046257059809921520e+04 1.024798137896404114e+04
1.023184592243771112e+04 1.002073751380598515e+04
1.001657312649494270e+04 9.808731281501333797e+03
9.813988887177536526e+03 9.609266160277034942e+03
9.621763825474015903e+03 9.420081425148606286e+03
9.437764235634085708e+03 9.239109459331462858e+03
9.259325909732428045e+03 9.063787967666712575e+03
9.082998976293754822e+03 8.890819292053989557e+03
8.905370319742640277e+03 8.716946721474929291e+03
8.722235519201916759e+03 8.538191507515077319e+03
8.529280633667596703e+03 8.350480399875497824e+03
8.322374641256423274e+03 8.149937629180827571e+03
8.097592708479772227e+03 7.932907438617992739e+03
7.852193804270009423e+03 7.696858207427928392e+03
7.585399765549852418e+03 7.441144890718180250e+03
7.297788708100635631e+03 7.166387839673985582e+03
6.992279770754814308e+03 6.875429438194885734e+03
6.672937928977422416e+03 6.572164324387146735e+03
6.345611288272089951e+03 6.262154902126278103e+03
6.016479274650429943e+03 5.951240623729776416e+03
5.692067451598274602e+03 5.645554495496404343e+03
5.378863713753993579e+03 5.351157437864492749e+03
5.083223966917267717e+03 5.073961424531172270e+03
4.811323507392381543e+03 4.819627203135512900e+03
4.568339525744152525e+03 4.592900572178899893e+03
4.357354545497770232e+03 4.396503180923987202e+03
4.179711902445331361e+03 4.231544587855807549e+03
4.032893440921365709e+03 4.095547809940731895e+03
3.912392377333966579e+03 3.984204895804898115e+03
3.810757113065056728e+03 3.890531235615226706e+03
3.719588020631844302e+03 3.806695284121742588e+03
3.629762940387506205e+03 3.724237137575836186e+03
3.532664952787584753e+03 3.635195686975880562e+03
3.421140617323332208e+03 3.532973093123920989e+03
3.290689987038050276e+03 3.413441813512507451e+03
3.140542358243337731e+03 3.275937394642164691e+03
2.973486337325669410e+03 3.123083105519780020e+03
2.795471879446141429e+03 2.960421263662677575e+03
2.614908315690536256e+03 2.795728987290204259e+03
2.441840496929051824e+03 2.638208233620888223e+03
2.286135637670519827e+03 2.496814838887562928e+03
2.154885892121949382e+03 2.377894477882904084e+03
2.049931104041892468e+03 2.282967484626110945e+03
1.967816701342777833e+03 2.208776602633874973e+03
1.901998326353449784e+03 2.149318341750033142e+03
1.844314689892014712e+03 2.097172870930601221e+03
1.785393506260057165e+03 2.043855654789518212e+03
1.716551133539773218e+03 1.981526066730590856e+03
1.633696391345384882e+03 1.906524343455952703e+03
1.539323480149056650e+03 1.821167345354863301e+03
1.440038389290206624e+03 1.731475915806504190e+03
1.343907425937476091e+03 1.644719167598376998e+03
1.258560706968661634e+03 1.567672177564863887e+03
1.188517846077043032e+03 1.504250426990706501e+03
1.133138513486939019e+03 1.453773053910853378e+03
1.087539156798663498e+03 1.411849189531812726e+03
1.044547552327558833e+03 1.372125372526914134e+03
9.974117241720578022e+02 1.328670174395807180e+03
9.437129239003957082e+02 1.279408114014790726e+03
8.859905495779756848e+02 1.226630882367689082e+03
8.291392928639107822e+02 1.174648254903425368e+03
7.782790320305413161e+02 1.127879315661758937e+03
7.358750079786981360e+02 1.088374613774328736e+03
7.001006072018825535e+02 1.054491824342554992e+03
6.669008541829830392e+02 1.022733663497131374e+03
6.325658295883119990e+02 9.899559416004007062e+02
5.959989456202988549e+02 9.552740764651542804e+02
5.593753384114809251e+02 9.205571464695606210e+02
5.256012104897524750e+02 8.882308690521462040e+02
4.960092269197079986e+02 8.593583060168737120e+02
4.696931591415313392e+02 8.331487268697655963e+02
4.444438274403372020e+02 8.077821128512343876e+02
4.189518830999410284e+02 7.822131829436156067e+02
3.937822596517564193e+02 7.569178580912212055e+02
3.702524164537652496e+02 7.329447378920232268e+02
3.489689249693558395e+02 7.107479062562853187e+02
3.292678843406104079e+02 6.897868133444759451e+02
3.102513850546237109e+02 6.693647161471805020e+02
2.917349065150145861e+02 6.493486910990287697e+02
2.742508945768440185e+02 6.301400812165707066e+02
2.580765840200792809e+02 6.119323013112139051e+02
2.429368674063533717e+02 5.945108435438996821e+02
2.284632084045838383e+02 5.776057648242124287e+02
2.146759814778252746e+02 5.612311071148708379e+02
2.017504166561101613e+02 5.455036773469097398e+02
1.896424884360793612e+02 5.303843581898163393e+02
1.781841447240795446e+02 5.157539419879849447e+02
1.673336996217921069e+02 5.015812767940946060e+02
1.571306448969091605e+02 4.878867604139905438e+02
1.475384280391297409e+02 4.746407433121968893e+02
1.385040210687288607e+02 4.618058347363948428e+02
1.299895271042752825e+02 4.493538875042909808e+02
1.219685208171187867e+02 4.372639333506835442e+02
1.144157423508344351e+02 4.255164515921937891e+02
1.073069034459421829e+02 4.140931797311357059e+02
1.006186805470961048e+02 4.029770386978797205e+02
9.432870453241496023e+01 3.921520636455725821e+02
8.841554668811595263e+01 3.816033394371704048e+02
8.285844294778870278e+01 3.713168099489073484e+02
7.763699578770146559e+01 3.612790508572639965e+02
7.273181720682902096e+01 3.514775223709513625e+02
6.812458329997136275e+01 3.419005707496053219e+02
6.379797924515852259e+01 3.325373806950802873e+02
5.973564693684231486e+01 3.233779308648345250e+02
5.592213514877504821e+01 3.144129522032682189e+02
5.234286057591548769e+01 3.056339333453187805e+02
4.898413978427628024e+01 2.970335135480901272e+02
4.583308745200342571e+01 2.886052042321284716e+02
4.287751585704636881e+01 2.803430401159685630e+02
4.010590058250576107e+01 2.722415474198712673e+02
3.750734843236605798e+01 2.642957180024149579e+02
3.507156659411884903e+01 2.565009845431347912e+02
3.278883296844318807e+01 2.488531974636490247e+02
3.064995664158584887e+01 2.413487705043933431e+02
2.864624128524544489e+01 2.339848370775976605e+02
2.676948518247352382e+01 2.267588638712949773e+02
2.501195860692003592e+01 2.196685780856602719e+02
2.336637855740653080e+01 2.127119501772870649e+02
2.182588470805547232e+01 2.058871769962995870e+02
2.038401652523881324e+01 1.991926652900007184e+02
1.903469171676638894e+01 1.926270707826796240e+02
1.777218721559172465e+01 1.861897417273242752e+02
1.659111809224863521e+01 1.798803961869339219e+02
1.548641768004248931e+01 1.736987894917371591e+02
1.445331995012685589e+01 1.676447016781006880e+02
1.348734278633236272e+01 1.617179287814431348e+02
1.258427210744486935e+01 1.559182744138193186e+02
1.174014679130910288e+01 1.502455441057616667e+02
1.095124321900311770e+01 1.446998755869505260e+02
1.021406098621800673e+01 1.392820064552993529e+02
9.525312582137125617e+00 1.339925794521660691e+02
8.881911394988108555e+00 1.288320548908961598e+02
8.280960048269825791e+00 1.238007140982691681e+02
7.719739368579855210e+00 1.188986632023748626e+02
7.195697954163752463e+00 1.141258372496365752e+02
6.706442259756085988e+00 1.094820647178565451e+02
6.249726905832168278e+00 1.049675016679299944e+02
5.823446226017283678e+00 1.005823001474727079e+02
5.425626200340548877e+00 9.632633496322728206e+01
5.054416580378917168e+00 9.219921676267476585e+01
4.708083457013724882e+00 8.820030745890279888e+01
4.385002249780085570e+00 8.432873565216776512e+01
4.083651093482925098e+00 8.058341299906929578e+01
3.802604398346461245e+00 7.696314634597369775e+01
