1.750765711273055786e+04 1.745700275878122193e+04
1.762819637986992529e+04 1.757571029375798025e+04
1.773890653820022999e+04 1.768455425587167701e+04
1.783925022352085944e+04 1.778299905078377560e+04
1.792866304265952931e+04 1.787048302533836613e+04
1.800658633524406105e+04 1.794645069260546370e+04
1.807247355153705939e+04 1.801035901314135481e+04
1.812576609459201063e+04 1.806165335218673863e+04
1.816590770968904690e+04 1.809978183924230325e+04
1.819236577295421739e+04 1.812421659088772503e+04
1.820461261477475637e+04 1.813443531546323720e+04
1.820210657385618106e+04 1.812990266179936589e+04
1.818433594034348789e+04 1.811011365882601604e+04
1.815082365069857769e+04 1.807459843632205957e+04
1.810109970987067936e+04 1.802289535661851914e+04
1.803472605321723677e+04 1.795457539198587256e+04
1.795131749182921703e+04 1.786926266279342599e+04
1.785052882401757961e+04 1.776662228400232198e+04
1.773205121406500621e+04 1.764635705719372709e+04
1.759564124217713470e+04 1.750823534153681612e+04
1.744112587494420586e+04 1.735209620995146906e+04
1.726840047229418633e+04 1.717784892164855046e+04
1.707743751704831084e+04 1.698548016598572212e+04
1.686829315438554477e+04 1.677505987744863523e+04
1.664113422838616316e+04 1.654676979496236163e+04
1.639624113863313323e+04 1.630090622291366344e+04
1.613398090417061030e+04 1.603785103284967045e+04
1.585483467652606123e+04 1.575809966089550835e+04
1.555947416655773304e+04 1.546233934373462580e+04
1.524866880575114919e+04 1.515135371658826261e+04
1.492326508711426322e+04 1.482600141043933581e+04
1.458433480414382029e+04 1.448736595412260613e+04
1.423312377725481565e+04 1.413670374918031484e+04
1.387090385131357834e+04 1.377529428005117370e+04
1.349908109594457710e+04 1.340454854710937798e+04
1.311937630614257796e+04 1.302618998750832361e+04
1.273351063254990549e+04 1.264193929335409302e+04
1.234317471668547660e+04 1.225348331814609992e+04
1.195038101353741149e+04 1.186282538781545554e+04
1.155724328934727055e+04 1.147206627950630354e+04
1.116570284984382852e+04 1.108313241929624746e+04
1.077776127178971728e+04 1.069800520129785764e+04
1.039567429499058744e+04 1.031891219311173154e+04
1.002147519945301974e+04 9.947858733101405960e+03
9.656986767640577455e+03 9.586639140044500891e+03
9.304223948237375225e+03 9.237226430873983190e+03
8.965088989439514989e+03 8.901479011801755405e+03
8.641167403731064041e+03 8.580944491253199885e+03
8.333749571257609205e+03 8.276872197180524381e+03
8.043862923597497684e+03 7.990242244027775996e+03
7.772325284606517926e+03 7.721832140003193672e+03
7.519782323949558304e+03 7.472250102553777651e+03
7.286743094549374291e+03 7.241951798474392490e+03
7.073615126588565545e+03 7.031292170196184088e+03
6.880615185796739752e+03 6.840444961036003406e+03
6.706160138407451086e+03 6.667823522703610251e+03
6.547513572556168583e+03 6.510712754315619350e+03
6.402179179566770472e+03 6.366634933271862792e+03
6.267951090058713817e+03 6.233405583531656703e+03
6.142859273770139225e+03 6.109077736901540447e+03
6.024919825766256508e+03 5.991695228467674497e+03
5.911134486861196820e+03 5.878333357001226432e+03
5.798237819843432590e+03 5.765815345249223355e+03
5.682695773791787360e+03 5.650722780405400044e+03
5.560311687150921898e+03 5.529027228247748099e+03
5.427184877405205043e+03 5.396994779138247395e+03
5.279866273020323206e+03 5.251367252791760620e+03
5.115550425452796844e+03 5.089512316235141952e+03
4.933143921797493022e+03 4.910465020291091605e+03
4.732921397710494603e+03 4.714575272461463101e+03
4.516968881606710966e+03 4.503920748804597679e+03
4.288770650349785683e+03 4.281906034076167089e+03
4.052475232518929261e+03 4.052548317266093818e+03
3.812608432896707200e+03 3.820204298135455247e+03
3.574490212089890065e+03 3.589956267039007798e+03
3.343548266759302805e+03 3.366972950370388844e+03
3.125436869773018316e+03 3.156608396526479737e+03
2.925327793191278033e+03 2.963733290964951721e+03
2.747994932624616922e+03 2.792799145014091664e+03
2.596416969434875682e+03 2.646567169299187299e+03
2.471633256976129360e+03 2.525904524540980674e+03
2.372563043206456314e+03 2.429691593491359527e+03
2.295776306061016840e+03 2.354573423886568435e+03
2.236291473974864857e+03 2.295763201240438775e+03
2.187937374946625368e+03 2.247380670673157056e+03
2.143711119786806194e+03 2.202825206826134945e+03
2.096582795043684200e+03 2.155523327007173066e+03
2.040071139398164178e+03 2.099476949128376873e+03
1.969584216632101516e+03 2.030498774124214378e+03
1.882931244973436833e+03 1.946653812660750646e+03
1.780793006419878338e+03 1.848675207693512903e+03
1.666561309123697129e+03 1.739786811313886346e+03
1.546231457090074628e+03 1.625574582317754221e+03
1.427807377006562774e+03 1.513433759977903492e+03
1.319875883197993062e+03 1.411245156009339098e+03
1.228782059602218851e+03 1.324772371371997906e+03
1.156932473546271467e+03 1.256137429556847110e+03
1.103246481631119423e+03 1.204249921293030866e+03
1.064344077297823787e+03 1.165923590452703365e+03
1.034953094896985704e+03 1.136278522735783554e+03
1.007737101478920977e+03 1.108615384308214743e+03
9.749552339064258604e+02 1.075943003658361704e+03
9.320548358335714738e+02 1.034213610450544820e+03
8.789432344999653424e+02 9.834218582996114719e+02
8.189201522350263076e+02 9.265974256846320714e+02
7.575585163813199188e+02 8.687692025991509581e+02
7.013556978322983468e+02 8.157409434543795896e+02
6.550409984350307013e+02 7.716875353158430926e+02
6.198643225305659143e+02 7.376524316683563711e+02
5.937787409065180100e+02 7.117479837740529547e+02
5.719497454107962540e+02 6.896497352912494989e+02
5.487653523433024247e+02 6.664018855689631664e+02
5.210330707552030844e+02 6.392265552720140249e+02
4.888311618011453561e+02 6.082344558134316230e+02
4.548160125563242673e+02 5.757779100081030492e+02
4.231908659261843582e+02 5.455212315417782065e+02
3.969097092194653555e+02 5.200006655359242131e+02
3.760155450357634095e+02 4.992110010229383761e+02
3.583350492339170046e+02 4.812438695510922457e+02
3.407524890425488593e+02 4.634119306200981327e+02
3.213788894148977420e+02 4.441109309760276460e+02
3.008174827224036676e+02 4.238745765606605005e+02
2.809996225869773525e+02 4.043503031916089867e+02
2.636238358487916571e+02 3.869632294643622572e+02
2.488869964566605688e+02 3.718568138713755502e+02
2.354891790308479926e+02 3.579236375326097459e+02
2.220462132525443337e+02 3.440051325227788084e+02
2.083226079289553354e+02 3.299118904256758356e+02
1.950805747805442820e+02 3.162778085716345799e+02
1.831277431870394139e+02 3.037613836353609145e+02
1.724250743215693262e+02 2.923190438279850127e+02
1.623335735349437243e+02 2.814225288338776636e+02
1.524215302599718598e+02 2.707211103836391999e+02
1.428743241658468150e+02 2.603647297377589211e+02
1.340377457416510651e+02 2.506269743552738873e+02
1.259193185092293845e+02 2.415075829845598037e+02
1.182426569363311444e+02 2.327833708479610948e+02
1.108808858294511310e+02 2.243529007731710863e+02
1.039411417252926384e+02 2.162979651581798635e+02
9.748833727410834626e+01 2.086653561384205204e+02
9.143394896161339602e+01 2.013833988986334873e+02
8.569713967839470570e+01 1.943880223174115827e+02
8.029604852233235590e+01 1.876908657512154832e+02
7.524047613529614864e+01 1.812967478259833172e+02
7.049481329684761022e+01 1.751765587573715663e+02
6.603259749112240229e+01 1.693090541957583639e+02
6.183781698266149363e+01 1.636800225902463239e+02
5.789624331316391448e+01 1.582767908401603165e+02
5.419422397508097333e+01 1.530874646129556140e+02
5.071867693964684776e+01 1.481008758427711314e+02
4.745708317818397148e+01 1.433065341535473749e+02
4.439747742596642155e+01 1.386945818882319656e+02
4.152841511096605132e+01 1.342557253283267187e+02
3.883868255296474814e+01 1.299808417689947930e+02
3.631745097541497813e+01 1.258610941180866547e+02
3.395451765296504476e+01 1.218882048773871816e+02
3.174027681129278378e+01 1.180544256635331095e+02
2.966568586184090961e+01 1.143525018947746048e+02
2.772223348571309742e+01 1.107756401670336288e+02
2.590190946922682613e+01 1.073174780926135696e+02
2.419719318051017609e+01 1.039721032433003529e+02
2.260106192340446540e+01 1.007341370249537960e+02
2.110690627871869651e+01 9.759856370851120744e+01
1.970849409626561055e+01 9.456067062431479542e+01
1.839995093719237573e+01 9.161602965000332688e+01
1.717574137732152906e+01 8.876047995530394985e+01
1.603065114542422620e+01 8.599011190374193347e+01
1.495976968020427478e+01 8.330125452439050093e+01
1.395846464089267869e+01 8.069052341244498905e+01
1.302236887544377453e+01 7.815480266552091848e+01
1.214737719462712562e+01 7.569115990964411367e+01
1.132963205589272704e+01 7.329683219244077463e+01
1.056550942778988045e+01 7.096921623427878956e+01
9.851605402699428637e+00 6.870585925040609254e+01
9.184723522448406285e+00 6.650445030200189933e+01
8.561863186234869971e+00 6.436282907764139338e+01
7.980209814339624508e+00 6.227904737398485935e+01
7.437122186961406811e+00 6.025129078706402197e+01
6.930121596230344849e+00 5.827784034275438074e+01
6.456882373711875900e+00 5.635706704536150369e+01
6.015222930514720900e+00 5.448742672185086633e+01
5.603097284737899919e+00 5.266745512163169707e+01
5.218587038509868492e+00 5.089576374560781602e+01
4.859893044016280861e+00 4.917106323983300342e+01
4.525328121925109137e+00 4.749216941665866187e+01
4.213311626130935572e+00 4.585795467287996985e+01
3.922363101554921627e+00 4.426734077218470986e+01
3.651096192045463429e+00 4.271929582888324006e+01
3.398212899200142356e+00 4.121283143073343780e+01
3.162498173336545815e+00 3.974699989459077187e+01
2.942814806014591333e+00 3.832089555263186753e+01
2.738098550855278202e+00 3.693367891660562208e+01
2.547353686804247896e+00 3.558455346698860211e+01
2.369648819499010184e+00 3.427274684895655810e+01
2.204112875389685478e+00 3.299750908725848575e+01
2.049931333560198077e+00 3.175811100258260566e+01
1.906342682348731943e+00 3.055384271013097930e+01
1.772635087778654084e+00 2.938401227910297564e+01
1.648143187092357964e+00 2.824796139247376559e+01
1.532245085179641420e+00 2.714508124994598148e+01
