1.702696040124657520e+04 1.689511442640977839e+04
1.726383604942447346e+04 1.712644406371246077e+04
1.749631738383001357e+04 1.735322297547531343e+04
1.772389171524166522e+04 1.757494185786645903e+04
1.794603619943304511e+04 1.779108196724672234e+04
1.816221021220870171e+04 1.800110757321239362e+04
1.837184298982878317e+04 1.820445375720340598e+04
1.857435338288075218e+04 1.840054605256826108e+04
1.876915211999321764e+04 1.858880279747159511e+04
1.895562238118240566e+04 1.876861646348446811e+04
1.913313235921290834e+04 1.893936589843190814e+04
1.930104921166880376e+04 1.910042989671713440e+04
1.945872660809735316e+04 1.925117526442571761e+04
1.960549774270402486e+04 1.939095018295131740e+04
1.974069964577406790e+04 1.951910779012461353e+04
1.986367367537283644e+04 1.963500679161700464e+04
1.997374779318939909e+04 1.973799466574783946e+04
2.007025634834325319e+04 1.982742669214546913e+04
2.015255168814169519e+04 1.990267716267384094e+04
2.021999565235580303e+04 1.996313164479527768e+04
2.027196247721980035e+04 2.000818989010958830e+04
2.030785569239290271e+04 2.003728176993948364e+04
2.032711268306168859e+04 2.004987201728630316e+04
2.032920823382269737e+04 2.004546446539756653e+04
2.031365939996823727e+04 2.002360585409908163e+04
2.028003172631075722e+04 1.998389168528720620e+04
2.022796691928479049e+04 1.992599435739124601e+04
2.015717895614668669e+04 1.984965883198453230e+04
2.006743957164487074e+04 1.975468740280859492e+04
1.995861498688293432e+04 1.964097631152663598e+04
1.983070849303757132e+04 1.950855817333868254e+04
1.968379539507018126e+04 1.935753639247283718e+04
1.951803163136092553e+04 1.918809346335696682e+04
1.933377420410489140e+04 1.900061072124915881e+04
1.913150207380795109e+04 1.879558911988390537e+04
1.891175033653058563e+04 1.857358340103077353e+04
1.867524910352013467e+04 1.833533998680549121e+04
1.842297618283229531e+04 1.808184895679104375e+04
1.815594936152188166e+04 1.781413725029668785e+04
1.787526166977655885e+04 1.753330381026626128e+04
1.758229375467104182e+04 1.724073108214980675e+04
1.727849266532711044e+04 1.693786429950084494e+04
1.696529223208223266e+04 1.662613217363387594e+04
1.664447082801195938e+04 1.630730273220068011e+04
1.631809902731777038e+04 1.598343098183816983e+04
1.598815084847095022e+04 1.565647243114695448e+04
1.565642377896676044e+04 1.532820709221764082e+04
1.532442133445135551e+04 1.500012930497169145e+04
1.499351086286100690e+04 1.467359673123900393e+04
1.466503848960644791e+04 1.434994302710707598e+04
1.434115533043256437e+04 1.403129851918956410e+04
1.402441178300062529e+04 1.372018750831828584e+04
1.371713742741067108e+04 1.341891345805813762e+04
1.342103852305618238e+04 1.312917087112490117e+04
1.313685288162256620e+04 1.285171294331590434e+04
1.286514565242849130e+04 1.258712243134483288e+04
1.260618813553147447e+04 1.233569388707428880e+04
1.235911697441541219e+04 1.209661520887213373e+04
1.212279973657278060e+04 1.186881051865263362e+04
1.189603303467860678e+04 1.165113240727660923e+04
1.167697797187499418e+04 1.144180889616373861e+04
1.146370145054726163e+04 1.123897155212445978e+04
1.125419752978651741e+04 1.104067228975979015e+04
1.104609385697280777e+04 1.084458989296945947e+04
1.083707728115618738e+04 1.064844964098158198e+04
1.062446105323653137e+04 1.044958219440486755e+04
1.040536020161601664e+04 1.024509635365280155e+04
1.017692952206515292e+04 1.003211060682155949e+04
9.936155064680699070e+03 9.807532304746986483e+03
9.680450495010203667e+03 9.568664515509539342e+03
9.408051171589764635e+03 9.313594641274195965e+03
9.117997752451257838e+03 9.041194007230358693e+03
8.811274662644678756e+03 8.752284878520156781e+03
8.489969678342113184e+03 8.448804139094008860e+03
8.158070041181983470e+03 8.134641454279772006e+03
7.820295753070457977e+03 7.814458041582536680e+03
7.482295174264738307e+03 7.493904033402619461e+03
7.149687443649004308e+03 7.178638455884857649e+03
6.828009894444300699e+03 6.874279359265781750e+03
6.522463371262846522e+03 6.586131139024931144e+03
6.237712598600763158e+03 6.318994287754085235e+03
5.977439512513234149e+03 6.076698248576499282e+03
5.744351622269910877e+03 5.862119999096707033e+03
5.538735916933438602e+03 5.675697205953240882e+03
5.359033969021304074e+03 5.515996091757237082e+03
5.200509930034179888e+03 5.378304269233908599e+03
5.056848615224518653e+03 5.256210533965067043e+03
4.920124748016029116e+03 5.141511482818243167e+03
4.782485440108096554e+03 5.025909813117865269e+03
4.636838771841949892e+03 4.901730609803394145e+03
4.477924257303921877e+03 4.763089041148102297e+03
4.303141822523501105e+03 4.606865423258441297e+03
4.112967689936836905e+03 4.433245893867027917e+03
3.911212623330997758e+03 4.246104001873100970e+03
3.704228989983861993e+03 4.052178463573620320e+03
3.499768477444882137e+03 3.859824045082123575e+03
3.305970109314190722e+03 3.677882406782220187e+03
3.130306236320400330e+03 3.514508448408364984e+03
2.977981298362563848e+03 3.375431245750239668e+03
2.849907654608431130e+03 3.261780766124661568e+03
2.742011729321029634e+03 3.169301281312884385e+03
2.646739187255373963e+03 3.089884353275658668e+03
2.555651114019381112e+03 3.014299420538322920e+03
2.461147849270175811e+03 2.934050040161851484e+03
2.357428722016037227e+03 2.842492573508897749e+03
2.242407958233765385e+03 2.737110180733464858e+03
2.119526202853184714e+03 2.621683107614410346e+03
1.996320349091063235e+03 2.504703738861820966e+03
1.880585204378990511e+03 2.394977405694563004e+03
1.777881365823364149e+03 2.298769303943431623e+03
1.690472296841914840e+03 2.218638112913910845e+03
1.616200122401977524e+03 2.152214291791633514e+03
1.549148944112264189e+03 2.092911481149583778e+03
1.482591273980239521e+03 2.033171628711064614e+03
1.411711971861684333e+03 1.967545064965036545e+03
1.335719048210298979e+03 1.895152644182402355e+03
1.258543733691336911e+03 1.820504444900726412e+03
1.185578139596432720e+03 1.749733391218715497e+03
1.120478327117148638e+03 1.686945372850078684e+03
1.063935904191307145e+03 1.632885106960401799e+03
1.013085491617498292e+03 1.584346112943779644e+03
9.635571167434817426e+02 1.536484828567082786e+03
9.127822411870805581e+02 1.486502844305627832e+03
8.611244410869658168e+02 1.434883746265344826e+03
8.112957887242433799e+02 1.384676814280040617e+03
7.658782650830352168e+02 1.338706677088104243e+03
7.250612653865144921e+02 1.297145299015556930e+03
6.870984231438262668e+02 1.258098619821176044e+03
6.499668897651706629e+02 1.219436377383016634e+03
6.131203516795142150e+02 1.180642260374290117e+03
5.776916611765668677e+02 1.142952976233337949e+03
5.448779581164410502e+02 1.107612128638751074e+03
5.146302388089887927e+02 1.074548854989473966e+03
4.859742531207049865e+02 1.042777665443285741e+03
4.582121861533796050e+02 1.011632134180210528e+03
4.315640209642411378e+02 9.813591821585578145e+02
4.065810827397237972e+02 9.524958629833683972e+02
3.832503953287072704e+02 9.250191815649972114e+02
3.611307996207951305e+02 8.985190270345772205e+02
3.399842226520568715e+02 8.727916621072209864e+02
3.199612010881554056e+02 8.479783273473960890e+02
3.011611162988502315e+02 8.241599803917887357e+02
2.834206181393407746e+02 8.011927635558034808e+02
2.665872158021171003e+02 7.789515322044669574e+02
2.506741527323227388e+02 7.574456561084372197e+02
2.356933169355916959e+02 7.366774882250265364e+02
2.215533050679642884e+02 7.165714027399553743e+02
2.082054048579295227e+02 6.970874791917157154e+02
1.956135357249627020e+02 6.781930596657958858e+02
1.837389405201737702e+02 6.598521426488056250e+02
1.725444679756626272e+02 6.420311137324830497e+02
1.619945952286496151e+02 6.246986896626524413e+02
1.520553796281931511e+02 6.078257761506627048e+02
1.426944100665429005e+02 5.913853372533812944e+02
1.338807528811049394e+02 5.753522272450560422e+02
1.255847650017995534e+02 5.597017419674131133e+02
1.177780698639879660e+02 5.444095082771298166e+02
1.104336890273965537e+02 5.294530194060438362e+02
1.035259932250023525e+02 5.148116224883975747e+02
9.703064482851956996e+01 5.004664215952134896e+02
9.092454205964330072e+01 4.864001878949723050e+02
8.518576494672682031e+01 4.725972760631945562e+02
7.979352482496901189e+01 4.590435844271574979e+02
7.472812962923291025e+01 4.457268378538990419e+02
6.997092267964231382e+01 4.326363079762935513e+02
6.550422347598468775e+01 4.197624890466359489e+02
6.131128312704224470e+01 4.070970341892678448e+02
5.737624148263098078e+01 3.946326973794151627e+02
5.368408577642930624e+01 3.823632771064289955e+02
5.022061076156304438e+01 3.702835613501454191e+02
4.697237699636107067e+01 3.583898179813348293e+02
4.392666275544035415e+01 3.466817245508422047e+02
4.107144327275287310e+01 3.351601473607113348e+02
3.839536143152472647e+01 3.238262271593985702e+02
3.588769416701431680e+01 3.126813470120718534e+02
3.353832030354158888e+01 3.017271005350023643e+02
3.133768978467001531e+01 2.909652603060793012e+02
2.927679424741301517e+01 2.803977507882176496e+02
2.734713706135559619e+01 2.700279093574283706e+02
2.554070463523435564e+01 2.598619813414424584e+02
2.384994543659295729e+01 2.499060487575891329e+02
2.226774603335396208e+01 2.401655380582950556e+02
2.078740754535748536e+01 2.306452304481778128e+02
1.940262322338538681e+01 2.213492739834811971e+02
1.810745711180404172e+01 2.122811973359585807e+02
1.689632371006912948e+01 2.034439545413264625e+02
1.576396731852023692e+01 1.948409251866519867e+02
1.470544383289999502e+01 1.864759638344319796e+02
1.371610525730080887e+01 1.783520691901861142e+02
1.279158315758444608e+01 1.704713455555870496e+02
1.192777284431469553e+01 1.628350538044304301e+02
1.112081837602235446e+01 1.554436630021933752e+02
1.036709834573308875e+01 1.482969022990406245e+02
9.663212325569160654e+00 1.413938303468580671e+02
9.005967212972022296e+00 1.347330699413568595e+02
8.392365813333265478e+00 1.283127457948708923e+02
7.819596156960113120e+00 1.221303858216468683e+02
7.285020631794670187e+00 1.161829733159044054e+02
6.786165698485180364e+00 1.104670003106584630e+02
6.320712172452781275e+00 1.049785191755787963e+02
