3.345183753339794202e+04 3.328178662349192746e+04
3.363657740988344449e+04 3.346104352230503719e+04
3.380295371692728077e+04 3.362188427471128671e+04
3.395009596302266436e+04 3.376344968667181820e+04
3.407713815937517211e+04 3.388488647630043852e+04
3.418323826393950731e+04 3.398536605780151876e+04
3.426755060702499759e+04 3.406405750037384132e+04
3.432923536598370993e+04 3.412013690782600315e+04
3.436749085981588723e+04 3.415281920440150861e+04
3.438153302076020918e+04 3.416133831406138779e+04
3.437055316772961669e+04 3.414490628847791959e+04
3.433378439076746145e+04 3.410277786362040933e+04
3.427051570454120520e+04 3.403426436257953901e+04
3.418005398828076432e+04 3.393869771500447678e+04
3.406174839287765644e+04 3.381545384758463479e+04
3.391502609055686480e+04 3.366398681841396319e+04
3.373937364598983550e+04 3.348381182311374141e+04
3.353431774800278072e+04 3.327448759506669739e+04
3.329947688474354800e+04 3.303566454887214786e+04
3.303457183339238691e+04 3.276709521925185618e+04
3.273942135546926511e+04 3.246863390463348696e+04
3.241395352821503911e+04 3.214024490108865211e+04
3.205821577469746990e+04 3.178201000056475823e+04
3.167240032320114187e+04 3.139415731807553311e+04
3.125685656338045010e+04 3.097707489853865627e+04
3.081206132126440934e+04 3.053127520318570532e+04
3.033864291105626035e+04 3.005741973571027847e+04
2.983748973070539068e+04 2.955643320008914816e+04
2.930964795824696557e+04 2.902939525446496918e+04
2.875627737780606185e+04 2.847749356724126847e+04
2.817882605182370753e+04 2.790220319732789358e+04
2.757902530577931248e+04 2.730528124385981937e+04
2.695867210945326951e+04 2.668854311850326121e+04
2.631972621485454511e+04 2.605396078262851734e+04
2.566460786734971407e+04 2.540396434163693266e+04
2.499580672739407964e+04 2.474104612916523911e+04
2.431578804670564568e+04 2.406766569768631598e+04
2.362744007004566447e+04 2.338669731303636945e+04
2.293390820498417452e+04 2.270126480538835312e+04
2.223815377400120633e+04 2.201430138218436696e+04
2.154319468544321717e+04 2.132878740301860671e+04
2.085249648460233220e+04 2.064813687747407312e+04
2.016930195812623788e+04 1.997553811842902360e+04
1.949657004486141523e+04 1.931389326340562548e+04
1.883756758516778427e+04 1.866638890054151489e+04
1.819552746625363216e+04 1.803616968788775921e+04
1.757323804023050616e+04 1.742594541587449930e+04
1.697312284208807978e+04 1.683805674282621476e+04
1.639731849307737139e+04 1.627454189060516910e+04
1.584760541185105649e+04 1.573709638160102077e+04
1.532546921669197945e+04 1.522713008244429329e+04
1.483234642961284226e+04 1.474596790484336088e+04
1.436950152830255502e+04 1.429476229268322822e+04
1.393792698724818911e+04 1.387441714721297831e+04
1.353689777124641660e+04 1.348416658797918899e+04
1.316353987418855650e+04 1.312114395973489081e+04
1.281507685415567175e+04 1.278258178531602789e+04
1.248863153267710004e+04 1.246562707913993108e+04
1.218042134708730919e+04 1.216657316266000998e+04
1.188676170843709951e+04 1.188180984492859170e+04
1.160414779834358524e+04 1.160790808896223280e+04
1.132889465286655286e+04 1.134129494855088706e+04
1.105752873968783388e+04 1.107860073043146440e+04
1.078585988173147234e+04 1.081578812398841364e+04
1.050828281257246999e+04 1.054749504966578388e+04
1.021957682466892948e+04 1.026871593484227014e+04
9.914711758321866000e+03 9.974689678553224439e+03
9.589220380889615626e+03 9.661198125343480569e+03
9.240747184536137866e+03 9.326051414543224382e+03
8.869587122610892038e+03 8.969634542592761136e+03
8.477807509882610248e+03 8.593984912771304153e+03
8.070811881819992777e+03 8.204340977491448939e+03
7.654716262892418854e+03 7.806583564866526103e+03
7.236779872075071580e+03 7.407653671584093900e+03
6.824005951742031357e+03 7.014224766737532264e+03
6.423413939015355027e+03 6.632937694342707800e+03
6.041670254780705363e+03 6.270075477628712179e+03
5.685891862534573193e+03 5.932287997963191629e+03
5.362371274674887900e+03 5.625420367669546067e+03
5.076453959826256323e+03 5.354379800210929716e+03
4.830124566408598184e+03 5.120867829628517029e+03
4.623169353584583405e+03 4.924516431363491392e+03
4.450811570541016408e+03 4.760723975465127296e+03
4.305965117352830930e+03 4.622700580047499898e+03
4.179252401776180704e+03 4.501612074523502088e+03
4.060782055688994205e+03 4.388163311458582029e+03
3.940704781849577103e+03 4.273179340579454220e+03
3.810531904373035104e+03 4.148784874074764048e+03
3.663920651554702090e+03 4.009143952809800794e+03
3.498388163682289360e+03 3.852049586929468660e+03
3.315012341504397227e+03 3.678595837182781452e+03
3.118335058467169347e+03 3.493099472923534904e+03
2.915243045182202877e+03 3.302011047299483835e+03
2.714647669571560073e+03 3.113581668818587332e+03
2.526932906472884497e+03 2.937354046628365268e+03
2.361832684515886740e+03 2.782133989646222290e+03
2.224302312711559807e+03 2.652301029113502409e+03
2.113299179022046246e+03 2.546742838111369565e+03
2.023296662319309007e+03 2.460287423559349008e+03
1.947337504401884416e+03 2.386533695743516546e+03
1.877378094474319141e+03 2.318159875020319760e+03
1.804300539056464686e+03 2.246941485117857155e+03
1.720861510020095011e+03 2.166414379119180467e+03
1.625841153535527155e+03 2.075579470040633169e+03
1.523676422732175979e+03 1.978511779354551663e+03
1.420864879028421456e+03 1.881081167908083671e+03
1.324243196294499512e+03 1.789372115022707931e+03
1.239735013106287397e+03 1.708561827957189735e+03
1.169553509147282057e+03 1.640486397080575671e+03
1.111548078224721849e+03 1.583141127578832766e+03
1.060907134895879835e+03 1.532239903599738454e+03
1.011389324101693433e+03 1.482322883460718685e+03
9.582769684138528419e+02 1.429328597652294320e+03
9.014297603523083353e+02 1.373199408675714494e+03
8.436679093726020255e+02 1.316416506611871455e+03
7.886503606510158306e+02 1.262124657597543546e+03
7.398437118010267568e+02 1.213233770887798073e+03
6.978890267170211246e+02 1.170213539635403095e+03
6.605788275448876448e+02 1.131147013901922719e+03
6.250525948380653745e+02 1.093619993391152775e+03
5.891064691222155716e+02 1.055815220578546814e+03
5.527540325496803462e+02 1.017774797813121950e+03
5.178369251317529915e+02 9.810216168043767766e+02
4.858372499347108828e+02 9.467433475138773247e+02
4.570823816927417056e+02 9.151675723266396290e+02
4.306303099871993254e+02 8.855099193579837902e+02
4.051807676089443930e+02 8.567297157057616914e+02
3.803038508554326427e+02 8.284957223257050600e+02
3.565263522828823852e+02 8.012217513601895007e+02
3.344304825042077027e+02 7.753458502863419426e+02
3.140601230106240678e+02 7.508823570612370304e+02
2.949518608606006183e+02 7.274669038213883141e+02
2.767049293564508616e+02 7.047955858106080314e+02
2.593577083871645641e+02 6.828942856973163771e+02
2.431038324095289056e+02 6.618965249497797458e+02
2.279453297658765507e+02 6.417925905618087654e+02
2.136953066608088818e+02 6.224408984462955914e+02
2.002189405838812206e+02 6.037416378143963129e+02
1.875308351324759997e+02 5.856992183480755330e+02
1.756460054212012949e+02 5.683163629137029602e+02
1.644942068448375778e+02 5.515389691738934062e+02
1.539983179755368212e+02 5.353107153429866685e+02
1.441356327496717427e+02 5.196113511817768540e+02
1.348870212045973460e+02 5.044228286130679066e+02
1.262069584043369161e+02 4.897113802357295071e+02
1.180557707592570580e+02 4.754478258081655895e+02
1.104100960133568492e+02 4.616132329015110258e+02
1.032422305871831725e+02 4.481865134836605762e+02
9.652189674280118936e+01 4.351455361096881802e+02
9.022233986310980924e+01 4.224714342434296555e+02
8.431847559939610903e+01 4.101467499550082039e+02
7.878662193957015347e+01 3.981551618028336179e+02
7.360442750475407081e+01 3.864814183640959300e+02
6.875080304075734716e+01 3.751112762088707768e+02
6.420585599498994611e+01 3.640314419339551364e+02
5.995083441617060060e+01 3.532295944675269652e+02
5.596810913068167537e+01 3.426948727255342533e+02
5.224107740116145493e+01 3.324174321027009000e+02
4.875408186760437701e+01 3.223880672947625499e+02
4.549236184070781519e+01 3.125981742643348298e+02
4.244200688300045954e+01 3.030397165351849367e+02
3.958991240904144604e+01 2.937051932025151473e+02
3.692373712866236701e+01 2.845876101848484723e+02
3.443184720884795524e+01 2.756806752963050258e+02
3.210326809757804511e+01 2.669789582479348837e+02
2.992768065443203440e+01 2.584774191219399881e+02
2.789538822015150643e+01 2.501713297024545000e+02
2.599728128912390446e+01 2.420562542090422937e+02
2.422480402339396832e+01 2.341280307861088659e+02
2.256992252400945631e+01 2.263827537044759595e+02
2.102509540041979008e+01 2.188167889895516680e+02
1.958325028487341513e+01 2.114270355312173137e+02
1.823775265916269106e+01 2.042107259570054794e+02
1.698237677461434458e+01 1.971652178084212039e+02
1.581128190175656201e+01 1.902879806556311451e+02
1.471898988625587279e+01 1.835765859097570001e+02
1.370036390759671363e+01 1.770286970402616475e+02
1.275058837672146517e+01 1.706420608118563678e+02
1.186514819203011761e+01 1.644146505834879690e+02
1.103980923099462252e+01 1.583448242953495821e+02
1.027060563014458872e+01 1.524309710553280297e+02
9.553824136856697180e+00 1.466714543605127972e+02
8.885988727884974736e+00 1.410646097483035817e+02
8.263846110356141139e+00 1.356087427077999905e+02
7.684352058649900563e+00 1.303021268501368013e+02
7.144658506168467760e+00 1.251430348159167636e+02
6.642101065930303250e+00 1.201300694891533567e+02
6.174187886653011326e+00 1.152619658263257207e+02
5.738589199575504729e+00 1.105373277511953631e+02
5.333127183721545705e+00 1.059546305584398596e+02
4.955766429101680970e+00 1.015122279306694821e+02
4.604604969631441946e+00 9.720835897826098915e+01
4.277865853738898494e+00 9.304115549390213857e+01
3.973889127498437812e+00 8.900876555017174496e+01
3.691124277200965142e+00 8.510952222138212164e+01
3.428123502373988440e+00 8.134164760034019537e+01
3.183535181842499728e+00 7.770321009508104737e+01
2.956097694736920189e+00 7.419213795007286194e+01
2.744633622057044420e+00 7.080623241658587119e+01
2.548044306608914678e+00 6.754318054307977093e+01
