2.352209772285987492e+04 2.334653170086910905e+04
2.381651088516620803e+04 2.363367258930715616e+04
2.410238755668784142e+04 2.391207992606865082e+04
2.437891475003327650e+04 2.418094528526675276e+04
2.464526210928108776e+04 2.443944439871653231e+04
2.490059017069683250e+04 2.468674497983513720e+04
2.514401553475258697e+04 2.492197201731249152e+04
2.537461678050651608e+04 2.514421377231698716e+04
2.559147098687199104e+04 2.535255830084755144e+04
2.579364386217682477e+04 2.554608389813387839e+04
2.598016129524881399e+04 2.572383131789567778e+04
2.615005041125876960e+04 2.588484421040924644e+04
2.630235017410048749e+04 2.602817963873479312e+04
2.643607319825021841e+04 2.615287073641088136e+04
2.655022266230019886e+04 2.625794345519902345e+04
2.664383121758243578e+04 2.634245484538364690e+04
2.671594925972485362e+04 2.640548181981289235e+04
2.676562213944051837e+04 2.644609919656991406e+04
2.679193720034212674e+04 2.646342554321562420e+04
2.679403599125806795e+04 2.645663521319471329e+04
2.677109745714775272e+04 2.642494276786888804e+04
2.672235592978939167e+04 2.636762026120576411e+04
2.664712459659859451e+04 2.628401965252570517e+04
2.654480646938273276e+04 2.617358436980256010e+04
2.641490504824768504e+04 2.603586059077841855e+04
2.625702487667701644e+04 2.587049600019106219e+04
2.607088532913977178e+04 2.567725324333710523e+04
2.585638713501742677e+04 2.545607739917985600e+04
2.561357970582123016e+04 2.520706205028139084e+04
2.534263062211162833e+04 2.493041762475529686e+04
2.504392405398992196e+04 2.462656977209590696e+04
2.471812388367758103e+04 2.429622210189879479e+04
2.436601605298086724e+04 2.394019740743125294e+04
2.398853711952171216e+04 2.355946567937832151e+04
2.358703264073427999e+04 2.315540125059724232e+04
2.316304196572252476e+04 2.272956739600659421e+04
2.271816235962273640e+04 2.228358047792010984e+04
2.225435002266712763e+04 2.181940809817894842e+04
2.177400295251208445e+04 2.133945037635556946e+04
2.127950309379411920e+04 2.084608555118930235e+04
2.077328052637023939e+04 2.034173354189269958e+04
2.025826320039922575e+04 1.982930082654245052e+04
1.973740869262401611e+04 1.931171650203099853e+04
1.921350708831772135e+04 1.879173737730488210e+04
1.868981350753309744e+04 1.827256832481456513e+04
1.817005839124962222e+04 1.775787178571430195e+04
1.765765169003339543e+04 1.725098808049785657e+04
1.715555742588992507e+04 1.675481486137918546e+04
1.666603919675225188e+04 1.627156280331515882e+04
1.619099305569743774e+04 1.580307905880957514e+04
1.573214146078235899e+04 1.535103614166176158e+04
1.529242484793462063e+04 1.491828006839859700e+04
1.487577743844138058e+04 1.450861305805791926e+04
1.448571095568273267e+04 1.412542358665278334e+04
1.412387265741708688e+04 1.377028830450848909e+04
1.378866315335717809e+04 1.344163284722520257e+04
1.347823378303768732e+04 1.313764424041577331e+04
1.319067111619744173e+04 1.285645451341347871e+04
1.292373583490572491e+04 1.259589195014626785e+04
1.267527942817346593e+04 1.235387660287100880e+04
1.244242536663177088e+04 1.212763483356225333e+04
1.222145881511343941e+04 1.191359264716232246e+04
1.200864858733298752e+04 1.170816202602705198e+04
1.179926330556937501e+04 1.150679833685675294e+04
1.158839836439480496e+04 1.130478763124148827e+04
1.137050824651401308e+04 1.109679451542701099e+04
1.113946936192898647e+04 1.087691678013285127e+04
1.088958044964743567e+04 1.063964311759140583e+04
1.061560968552165104e+04 1.037989739300208748e+04
1.031360209715704877e+04 1.009381593757812152e+04
9.981703875400547986e+03 9.779561720296096610e+03
9.620078943637494376e+03 9.437233905512217461e+03
9.231948000694066650e+03 9.069904846500014173e+03
8.822426598373371235e+03 8.682479616523422010e+03
8.398678308177733925e+03 8.281867116445879219e+03
7.968940306683144627e+03 7.876018888323953433e+03
7.542084034703880207e+03 7.473506927363110663e+03
7.127818847170156914e+03 7.083681475579140169e+03
6.735126313070853030e+03 6.715202790073619326e+03
6.372980174393821471e+03 6.376644176656441232e+03
6.048839638021378050e+03 6.075152601795179180e+03
5.767696934356869860e+03 5.815434242119647934e+03
5.531641035319487855e+03 5.599461568942281701e+03
5.338467355390226658e+03 5.425084246526519564e+03
5.182464155653121452e+03 5.286841047986556987e+03
5.054658079441519476e+03 5.176142785849090615e+03
4.943586001259744080e+03 5.081990169075238555e+03
4.836766935213186116e+03 4.992311941633030983e+03
4.721519141387249874e+03 4.894714664648793587e+03
4.586835047314753865e+03 4.778291971790597927e+03
4.425074126641611656e+03 4.635329417287541219e+03
4.233396448448670526e+03 4.462799696709209456e+03
4.014601364703815761e+03 4.263308118849030507e+03
3.776619427356155938e+03 4.044624458167878402e+03
3.531598755489415453e+03 3.818736594314753802e+03
3.294355045654932837e+03 3.600231273840120593e+03
3.079741303467499165e+03 3.403617723114168257e+03
2.898768054161186683e+03 3.239516427063763786e+03
2.755406913420707951e+03 3.111665750126227977e+03
2.646396019153283305e+03 3.016856128288789478e+03
2.563224839986702136e+03 2.946871467130355541e+03
2.493795249305145262e+03 2.890011308362667933e+03
2.423530816742471416e+03 2.832030773957419115e+03
2.338629773566559834e+03 2.759259756901444689e+03
2.231656676438275099e+03 2.664219171829992774e+03
2.104601679165617952e+03 2.548838265570099338e+03
1.966796392628444892e+03 2.422431636991970208e+03
1.831162847532502155e+03 2.297825490613184684e+03
1.710606149727251250e+03 2.187633240287111676e+03
1.613473620281127296e+03 2.099829607062099512e+03
1.539879148091917159e+03 2.034373006584960194e+03
1.482742508677012665e+03 1.984358535686208825e+03
1.430331212294212492e+03 1.938432668441514807e+03
1.371017736927119358e+03 1.885316666982776496e+03
1.299556467497243148e+03 1.819950648526012628e+03
1.219008915219185383e+03 1.745425071755787485e+03
1.137804458190079913e+03 1.670007111947889598e+03
1.065521230811060832e+03 1.602874993071308381e+03
1.007296934308763184e+03 1.548768639600471715e+03
9.608150013109797101e+02 1.505354094438132279e+03
9.189242068498514300e+02 1.465843456142101559e+03
8.742482848266743076e+02 1.423343835485813088e+03
8.240963101805127735e+02 1.375445245410392545e+03
7.720760545421809411e+02 1.325626399421884571e+03
7.240728487282103742e+02 1.279337792635665892e+03
6.834620467801677250e+02 1.239562850139202283e+03
6.488613219599325248e+02 1.204942106809548477e+03
6.157694969021879388e+02 1.171416267990092592e+03
5.810771941585923059e+02 1.136286096276562603e+03
5.456358645073687512e+02 1.100387844934768054e+03
5.124888039969129068e+02 1.066386125288429866e+03
4.833774384399253563e+02 1.035710496833518164e+03
4.570615106466698876e+02 1.007251778236046448e+03
4.313040480080358066e+02 9.791505523756130742e+02
4.055220701832655550e+02 9.509754716531280110e+02
3.810316042896307067e+02 9.238085194918804746e+02
3.587952211824476194e+02 8.983806204807991662e+02
3.382318789030348398e+02 8.742058663438134545e+02
3.183289776558228823e+02 8.505160136493561822e+02
2.991067900179126582e+02 8.273428689852281650e+02
2.811732425950871743e+02 8.051218673204251672e+02
2.645430150522473696e+02 7.838407656920378486e+02
2.487384626191986570e+02 7.631602658922621458e+02
2.336514207237462131e+02 7.430089201581303087e+02
2.194939088341221520e+02 7.235179995058299482e+02
2.061773213370521773e+02 7.046205900077773094e+02
1.936308295339275389e+02 6.862625877918245578e+02
1.818115232352621149e+02 6.684099025685181914e+02
1.706788821719206908e+02 6.510308397205606070e+02
1.601945947973997306e+02 6.340959212824692486e+02
1.503224375214284692e+02 6.175777566326217993e+02
1.410281702489046722e+02 6.014509244274000821e+02
1.322798891373765287e+02 5.856918946280640057e+02
1.240479901587145406e+02 5.702789386357782178e+02
1.163043223945607139e+02 5.551919896682691160e+02
1.090220756655906342e+02 5.404125533476610599e+02
1.021757323655869385e+02 5.259236284059420541e+02
9.574101973025348400e+01 5.117096328303556447e+02
8.969486266434438448e+01 4.977563348195853905e+02
8.401529928858565199e+01 4.840508688554714922e+02
7.868130085732479984e+01 4.705819872331675242e+02
7.367289928291548051e+01 4.573396795260700287e+02
6.897120299046436287e+01 4.443149806086723288e+02
6.455834441590731387e+01 4.314999203801652925e+02
6.041742965361275708e+01 4.188874753352752123e+02
5.653249021880210279e+01 4.064715216189255216e+02
5.288843742711477347e+01 3.942468332318962325e+02
4.947103056020792877e+01 3.822100402711178049e+02
4.626683086675905798e+01 3.703594625715375628e+02
4.326314623440630669e+01 3.586939253400103098e+02
4.044799287988174541e+01 3.472126724052046143e+02
3.781005937601332079e+01 3.359153338468215111e+02
3.533867224298585796e+01 3.248018937572722962e+02
3.302376305489980979e+01 3.138726582105838929e+02
3.085583474253601821e+01 3.031288696593260283e+02
2.882592718853732094e+01 2.925740751562962032e+02
2.692559622506132300e+01 2.822121001084306045e+02
2.514688776349015598e+01 2.720465307209416324e+02
2.348231135099182509e+01 2.620807045203260373e+02
2.192481500659744142e+01 2.523177017089840319e+02
2.046776128559309882e+01 2.427603373833784701e+02
1.910490433489669826e+01 2.334112697320240386e+02
1.783036607222633663e+01 2.242743979068514761e+02
1.663861705210356945e+01 2.153541574044270988e+02
1.552445891501423247e+01 2.066543000363283795e+02
1.448300574431240939e+01 1.981778904233916023e+02
1.350966634683983614e+01 1.899273318011959759e+02
1.260012745986462512e+01 1.819043929855806141e+02
1.175033783952542699e+01 1.741102375850440183e+02
1.095649269214347044e+01 1.665457642675329737e+02
1.021501895901757351e+01 1.592119627742899581e+02
9.522563038275990266e+00 1.521092230952535829e+02
8.875978128053839455e+00 1.452372688308210513e+02
8.272312081690758490e+00 1.385952029044642018e+02
7.708795930770639515e+00 1.321815529557167110e+02
7.182833042603972373e+00 1.259943161725359033e+02
6.691988826446869432e+00 1.200310149552287271e+02
6.233980702074796376e+00 1.142888215041666768e+02
5.806669316391554148e+00 1.087645325642753846e+02
5.408050170990852834e+00 1.034545569974542900e+02
