2.482131597498386691e+04 2.465364880959710354e+04
2.507162540460742821e+04 2.489754411838979649e+04
2.531122662104354822e+04 2.513059457047517208e+04
2.553936361914622466e+04 2.535204904990267096e+04
2.575524527982002110e+04 2.556112448527758897e+04
2.595807311688600385e+04 2.575703200230422226e+04
2.614705191650828056e+04 2.593898698582003271e+04
2.632136103351962083e+04 2.610618060587205036e+04
2.648015993315613741e+04 2.625778538859451510e+04
2.662262097388923212e+04 2.639298782665156978e+04
2.674792096469537501e+04 2.651098031628628087e+04
2.685521729684917591e+04 2.661093810462786860e+04
2.694368556308993720e+04 2.669205597154981297e+04
2.701252930392652343e+04 2.675355781799595570e+04
2.706095213841559962e+04 2.679466987184989921e+04
2.708817431296346695e+04 2.681463682787938887e+04
2.709346166640877345e+04 2.681274995121420216e+04
2.707612124383323680e+04 2.678834336036930108e+04
2.703549450435045947e+04 2.674078806706544128e+04
2.697098297439595262e+04 2.666951601273352207e+04
2.688205743895490377e+04 2.657402911700170444e+04
2.676826693555612655e+04 2.645390986272227747e+04
2.662924193546423703e+04 2.630882321877337381e+04
2.646469779374301288e+04 2.613851887725015695e+04
2.627447092552186223e+04 2.594286844101936003e+04
2.605854091458247058e+04 2.572188794182980564e+04
2.581698549859984632e+04 2.547569057930543568e+04
2.555000212013280907e+04 2.520450817548702980e+04
2.525802183090570179e+04 2.490880651452518578e+04
2.494161496772739702e+04 2.458918905272541087e+04
2.460144424821275243e+04 2.424634891114193670e+04
2.423842624354130021e+04 2.388123097716913617e+04
2.385374674184118703e+04 2.349504685483377398e+04
2.344865615123109819e+04 2.308906877012655605e+04
2.302454632328810112e+04 2.266470615430046382e+04
2.258322642308694776e+04 2.222378114324911076e+04
2.212659574264570256e+04 2.176820101633198283e+04
2.165655092016328490e+04 2.129986531406522045e+04
2.117536041267165638e+04 2.082103790352976284e+04
2.068556183335019159e+04 2.033424463475149969e+04
2.018957790888443196e+04 1.984189186896090177e+04
1.968987386386540311e+04 1.934642249729246396e+04
1.918926627918321901e+04 1.885062166204352980e+04
1.869044441104312864e+04 1.835714350131319952e+04
1.819591383379884428e+04 1.786845550346731397e+04
1.770847176549739015e+04 1.738730307450227701e+04
1.723096689363590849e+04 1.691647577152310259e+04
1.676594598561482780e+04 1.645846343655225428e+04
1.631545038911405027e+04 1.601525682473322013e+04
1.588082900608134878e+04 1.558816438346580435e+04
1.546319793954600937e+04 1.517826569457184996e+04
1.506361185095166002e+04 1.478657820328712114e+04
1.468370387068951277e+04 1.441467041916671042e+04
1.432524904808803876e+04 1.406424565112500386e+04
1.398972303435436334e+04 1.373671961125296548e+04
1.367590425140959269e+04 1.343088955504559090e+04
1.338001633557101559e+04 1.314307084841817959e+04
1.309847344154796338e+04 1.286976465348642887e+04
1.282822360499257593e+04 1.260800092815145399e+04
1.256671889282330994e+04 1.235530886712858955e+04
1.231151307958941470e+04 1.210931528363007965e+04
1.205928664939818009e+04 1.186680985634032368e+04
1.180636219790148789e+04 1.162423487131228467e+04
1.154895692374509963e+04 1.137792936173087401e+04
1.128255099269406310e+04 1.112352924762809198e+04
1.100289228573191940e+04 1.085691533981952489e+04
1.070595813778111733e+04 1.057420233802358416e+04
1.038826329143328076e+04 1.027201039733279868e+04
1.004826094195355836e+04 9.948837484536830743e+03
9.686220391202141400e+03 9.604937940847361460e+03
9.304430365497606545e+03 9.242512224495743794e+03
8.907257981343811480e+03 8.865778775859122106e+03
8.500518649338509931e+03 8.480342472605201692e+03
8.091263001978915781e+03 8.093005942005114775e+03
7.686711771271779071e+03 7.710712731372819690e+03
7.293894458175877844e+03 7.340217270282645586e+03
6.919710379758911586e+03 6.988120436163195336e+03
6.570465273650582276e+03 6.660441856712849585e+03
6.252000290118759040e+03 6.362697570580373394e+03
5.968491050262585304e+03 6.098849522476900347e+03
5.721681511731801038e+03 5.870467060404174845e+03
5.510749960451385050e+03 5.676709755093045715e+03
5.330851724787130479e+03 5.512878654017237750e+03
5.174805985904281442e+03 5.372062361848596083e+03
5.033126796478357392e+03 5.245138006840567868e+03
4.895800613127384167e+03 5.122468792883487367e+03
4.753217312987171681e+03 4.994764360547888828e+03
4.597300648225856094e+03 4.854184999647292898e+03
4.422804607117028354e+03 4.695599858883831075e+03
4.227996257316512128e+03 4.517266869020312697e+03
4.015495251987932079e+03 4.321694396426813910e+03
3.791373934953467142e+03 4.114751362844877804e+03
3.564126159914175787e+03 3.904658283241850768e+03
3.343671718470718588e+03 3.700992353668600572e+03
3.140407839789460922e+03 3.513714263694405872e+03
2.962900778259353956e+03 3.350953575905316484e+03
2.815064602187591390e+03 3.216362618080708671e+03
2.694647921632769339e+03 3.107710933623253823e+03
2.594411192331716393e+03 3.018047572108052918e+03
2.505157280127424201e+03 2.938581438146154142e+03
2.417458724918700682e+03 2.860291738125702068e+03
2.322293182334669837e+03 2.774522192374196948e+03
2.213715293227861821e+03 2.675566717328576487e+03
2.092385044862277027e+03 2.564091358998253327e+03
1.965132632210610609e+03 2.446701709783860679e+03
1.840823038835736952e+03 2.331909834882610539e+03
1.727421925293015875e+03 2.227275173931313475e+03
1.630244172771671401e+03 2.137749137973216875e+03
1.550021918523093518e+03 2.063923232886933874e+03
1.482178602997405505e+03 2.001419428293276042e+03
1.419457181537205315e+03 1.943390524515540392e+03
1.354630920974985202e+03 1.883060817553236120e+03
1.283690378601591874e+03 1.816717987828540572e+03
1.208333179157477389e+03 1.746027933025878610e+03
1.133765699034712270e+03 1.675903925432256756e+03
1.065130021372889360e+03 1.611111130198035653e+03
1.005632481468048240e+03 1.554537924552547111e+03
9.544248378813708769e+02 1.505325322099376081e+03
9.073447483158369096e+02 1.459634562349547650e+03
8.603726879797906122e+02 1.413825288676502623e+03
8.117648728088909138e+02 1.366373441289560333e+03
7.630095318827458186e+02 1.318672697862289169e+03
7.172560886134338034e+02 1.273545446919774122e+03
6.762069382341361461e+02 1.232458698602396453e+03
6.392834394825372328e+02 1.194854069049577902e+03
6.044199514143310807e+02 1.158912992025925860e+03
5.699544311555130207e+02 1.123219625844888014e+03
5.360629305524022357e+02 1.087955866801244838e+03
5.040531089606142814e+02 1.054235695550528362e+03
4.746679586577231476e+02 1.022657713866988502e+03
4.474716760608448567e+02 9.928346705226506401e+02
4.215014757443246367e+02 9.639741096074249072e+02
3.964049696515231744e+02 9.358021034253549715e+02
3.725893384583251304e+02 9.086456924638462169e+02
3.504003052857042348e+02 8.827628603799437315e+02
3.296380993254181249e+02 8.579842007336661709e+02
3.099131304102148192e+02 8.340089888443293376e+02
2.911481061290457433e+02 8.107791453218235347e+02
2.734932364499955497e+02 7.883980483224393083e+02
2.569382953801138569e+02 7.668474743095696340e+02
2.413124411552647928e+02 7.459997015714776580e+02
2.265312790782890318e+02 7.257917825326351249e+02
2.126180884564415408e+02 7.062321726061003346e+02
1.995389434437193756e+02 6.872902393933950407e+02
1.872141892187078724e+02 6.689079814354031441e+02
1.756077153255976384e+02 6.510558724212412471e+02
1.646857556527689042e+02 6.337066989719485264e+02
1.544105459854825142e+02 6.168312374455236977e+02
1.447462137335733416e+02 6.004022478728884380e+02
1.356587004195285999e+02 5.843943598767905314e+02
1.271156823410471048e+02 5.687839645491593501e+02
1.190864938375836459e+02 5.535491146073003392e+02
1.115420548798990836e+02 5.386694421292637571e+02
1.044548416736382705e+02 5.241263288587875877e+02
9.779880742007870253e+01 5.099028150304930591e+02
9.154926256589391187e+01 4.959832256767422791e+02
8.568281128636570543e+01 4.823530890003045783e+02
8.017729277823383427e+01 4.689990745643603987e+02
7.501172453650954708e+01 4.559089351675318653e+02
7.016624760062641997e+01 4.430714520115869277e+02
6.562206595195914360e+01 4.304765798814106574e+02
6.136137898984841144e+01 4.181158729726278693e+02
5.736735998869680486e+01 4.059818163254324759e+02
5.362411470677136549e+01 3.940676143412211445e+02
5.011663468324665871e+01 3.823671525833412943e+02
4.683075250825359603e+01 3.708749608219111451e+02
4.375309900957489617e+01 3.595861771685613348e+02
4.087106193624418182e+01 3.484965674404915603e+02
3.817274218197287894e+01 3.376032188273440511e+02
3.564691913299954251e+01 3.269042070179153257e+02
3.328301926582481940e+01 3.163979182112813646e+02
3.107108181594891505e+01 3.060830083863929190e+02
2.900172595057389557e+01 2.959583796794618706e+02
2.706611950077334328e+01 2.860231571330620000e+02
2.525594919018446660e+01 2.762766674533612559e+02
2.356339120287636746e+01 2.667189531230545185e+02
2.198108310834694734e+01 2.573514112169676764e+02
2.050210106948881261e+01 2.481755037760923699e+02
1.911993580341735921e+01 2.391925378274624734e+02
1.782846931427554793e+01 2.304036593807146005e+02
1.662195281556775583e+01 2.218098479915443306e+02
1.549498578978261243e+01 2.134119119080611711e+02
1.444249592820701800e+01 2.052106142165993106e+02
1.345971880530729514e+01 1.972076725092998970e+02
1.254218140940003146e+01 1.894050179140999148e+02
1.168568629929944613e+01 1.818041176678001989e+02
1.088629551735903611e+01 1.744059861846083663e+02
1.014031536579076587e+01 1.672112032861900843e+02
9.444282014394683955e+00 1.602199329580919027e+02
8.794947891666659245e+00 1.534319469470818262e+02
8.189268325343258326e+00 1.468469655405113201e+02
7.624389249303890281e+00 1.404648232808958426e+02
7.097636690755312117e+00 1.342849201569526656e+02
6.606505989980794524e+00 1.283061958886777063e+02
6.148651541003283150e+00 1.225271624041868108e+02
5.721877118822975561e+00 1.169459359270328775e+02
5.324126762305603222e+00 1.115602685378117798e+02
4.953476098754331147e+00 1.063676008867711573e+02
4.608123888743190122e+00 1.013651907707009912e+02
4.286384840160406995e+00 9.655003872846798174e+01
