1.998405297523953413e+04 1.984732875957135548e+04
2.023200223237955652e+04 2.008966883359069107e+04
2.047321926700504628e+04 2.032513000435723370e+04
2.070706874504808002e+04 2.055307848302879211e+04
2.093290644841912217e+04 2.077287231479943148e+04
2.115006018519898498e+04 2.098384379751692177e+04
2.135783453029659722e+04 2.118530409725385834e+04
2.155553057988703222e+04 2.137656182804738273e+04
2.174243366281942144e+04 2.155691082100483254e+04
2.191778992374033987e+04 2.172560687406752913e+04
2.208084234265004125e+04 2.188190366779300894e+04
2.223083725616806987e+04 2.202505935583506653e+04
2.236699765750476581e+04 2.215431062298470715e+04
2.248854038922296604e+04 2.226888958584210195e+04
2.259469860385074935e+04 2.236804580661348518e+04
2.268470506097748148e+04 2.245103010718987571e+04
2.275777946917925874e+04 2.251708235182373392e+04
2.281316714386345848e+04 2.256546923399654770e+04
2.285014272464191890e+04 2.259548805304977941e+04
2.286798757163547270e+04 2.260644518049376347e+04
2.286601535201314255e+04 2.259768077463638474e+04
2.284359011072135036e+04 2.256858626355352317e+04
2.280012442047919103e+04 2.251860334155104647e+04
2.273508333876614779e+04 2.244722800037371780e+04
2.264799884766976174e+04 2.235402364526735255e+04
2.253848155353421680e+04 2.223863293802229236e+04
2.240624314368726118e+04 2.210080126708926764e+04
2.225108312968829341e+04 2.194036195452168613e+04
2.207289085528225405e+04 2.175723764666790521e+04
2.187171169001324233e+04 2.155150729942606995e+04
2.164773630818697711e+04 2.132339484188300776e+04
2.140124634031762616e+04 2.107321353554882080e+04
2.113267987060037194e+04 2.080143142860021544e+04
2.084273691822850742e+04 2.050877683542120576e+04
2.053222061953526281e+04 2.019607841991418536e+04
2.020202978910860111e+04 1.986425735712471578e+04
1.985338800199036996e+04 1.951455582344577124e+04
1.948770637437148616e+04 1.914839939825252804e+04
1.910642051824271402e+04 1.876723400470632623e+04
1.871120636366795588e+04 1.837274014601163799e+04
1.830412565193035698e+04 1.796697692902658309e+04
1.788721881036204286e+04 1.755197743580555471e+04
1.746252370864426484e+04 1.712976743525347410e+04
1.703244176293711280e+04 1.670272846537351870e+04
1.659940126237889854e+04 1.627326381923012559e+04
1.616567437230948781e+04 1.584361734288608022e+04
1.573383852349929111e+04 1.541632656998287348e+04
1.530681899193787467e+04 1.499426449357525235e+04
1.488728649740056608e+04 1.458004903294499491e+04
1.447752143868181338e+04 1.417591164189476876e+04
1.407911836993403085e+04 1.378341090422207708e+04
1.369337116435702774e+04 1.340380866222532859e+04
1.332147377912540651e+04 1.303826604004524597e+04
1.296560668195132530e+04 1.268889713489122369e+04
1.262863686744818187e+04 1.235847893166225185e+04
1.231311952074639885e+04 1.204948501869437678e+04
1.201982831929167151e+04 1.176265617098599978e+04
1.174669461410110125e+04 1.149596834122948349e+04
1.149152853409673844e+04 1.124728170060070988e+04
1.125223437360594653e+04 1.101455422715731765e+04
1.102671888553407007e+04 1.079575547520913278e+04
1.081299926442430842e+04 1.058896366517987735e+04
1.060849572616931982e+04 1.039168395021726610e+04
1.041004885568513237e+04 1.020086325913865039e+04
1.021449087498630433e+04 1.001343846828748974e+04
1.001788819322209929e+04 9.825608462960075485e+03
9.816264719239683473e+03 9.633523692965036389e+03
9.605301855811138012e+03 9.432998167722354992e+03
9.380494377485852965e+03 9.219653640141503274e+03
9.137951786783269199e+03 8.989695700067339203e+03
8.874551292530488354e+03 8.740066536014950543e+03
8.588552018643893462e+03 8.469034484070749386e+03
8.280373231973244401e+03 8.176971145489017545e+03
7.952045296591401893e+03 7.865804584691768468e+03
7.607804163998468539e+03 7.539623014322403833e+03
7.253054882077929506e+03 7.203647517529800098e+03
6.894329082940854278e+03 6.864205383219497890e+03
6.538548209558046437e+03 6.527997860848471646e+03
6.192677505171940538e+03 6.201769148650582792e+03
5.863949126033509856e+03 5.892482043421031449e+03
5.558734923247931874e+03 5.606289765528096723e+03
5.282779038063579719e+03 5.348672932481683347e+03
5.040312264594126646e+03 5.123688654220369244e+03
4.832789158822687568e+03 4.932680935110792234e+03
4.659215070199140428e+03 4.774674114718474812e+03
4.515023076170944478e+03 4.645254773952821779e+03
4.393317143638291782e+03 4.537780052139906729e+03
4.285272714257852385e+03 4.443723258824383265e+03
4.181130283512617098e+03 4.353609943119226045e+03
4.071386687485008224e+03 4.258135617962294418e+03
3.947682697143280166e+03 4.149027578634379097e+03
3.804357690667052339e+03 4.020603702427990356e+03
3.639386803711564426e+03 3.870738792470917815e+03
3.454851430719250402e+03 3.701386291331572920e+03
3.256698568636417349e+03 3.518377463311266183e+03
3.053773654582663312e+03 3.330430462251512836e+03
2.856773842132600748e+03 3.148061250818606823e+03
2.676616488084142020e+03 2.981936702059727395e+03
2.521955698312619006e+03 2.840431490510116419e+03
2.396398616979959115e+03 2.726966218935629513e+03
2.297591614197485796e+03 2.639207951276143831e+03
2.218808949083749212e+03 2.570631108318044426e+03
2.150970867152134360e+03 2.512429147233404365e+03
2.083709270175299480e+03 2.454481686074059780e+03
2.006981389443655871e+03 2.386898082827119197e+03
1.914774033602559257e+03 2.303705504249685418e+03
1.808131053781687115e+03 2.205925726910245430e+03
1.694000738708173685e+03 2.100457181207863414e+03
1.581744908110190408e+03 1.996544661337650496e+03
1.480480989434049206e+03 1.903073238147881284e+03
1.396455297529124437e+03 1.826011841826176124e+03
1.330136781345467398e+03 1.765707656904781970e+03
1.276522103933076551e+03 1.717276385379428348e+03
1.227398292137384487e+03 1.672787547684428091e+03
1.174419354479060075e+03 1.624193499154708888e+03
1.113343352261151040e+03 1.567437252070200884e+03
1.046215947857343281e+03 1.504578538578246025e+03
9.788899028088653722e+02 1.441321179156077505e+03
9.178349258727217830e+02 1.383836931492756776e+03
8.669403270508271362e+02 1.335722062996865816e+03
8.248982328523475189e+02 1.295644728399755877e+03
7.867794147529067459e+02 1.258939480124343163e+03
7.475529452512472517e+02 1.220925327201999607e+03
7.050996505593831216e+02 1.179702796124222687e+03
6.615962911489589260e+02 1.137366956592174802e+03
6.210419360772971231e+02 1.097606510952682584e+03
5.857380660392366281e+02 1.062457036971461775e+03
5.549464963271404940e+02 1.031182396820848908e+03
5.257782190175172445e+02 1.001179919856434253e+03
4.960563551025271067e+02 9.705579439221879738e+02
4.661639050298792313e+02 9.397058807331889057e+02
4.380093811848384462e+02 9.102929683468624944e+02
4.127529131814878269e+02 8.832762720667267331e+02
3.897063502426484547e+02 8.580353647996769269e+02
3.674646393795231916e+02 8.333972061347220688e+02
3.455444307974675553e+02 8.089899955994974334e+02
3.247010260485033086e+02 7.854360203861189120e+02
3.055276320875041733e+02 7.631885625244117364e+02
2.877222126706868721e+02 7.419897489458444397e+02
2.706582350443873111e+02 7.213576840160840220e+02
2.542852231548120301e+02 7.012615564215146833e+02
2.389339941655049984e+02 6.819391378322955006e+02
2.246258344250788923e+02 6.633912518186050420e+02
2.110852593020553059e+02 6.454170180066518014e+02
1.982096525064153525e+02 6.279447092172847533e+02
1.861112967071719879e+02 6.110418325092862233e+02
1.747486829619473099e+02 5.946746654382234283e+02
1.640376742068445708e+02 5.787821883252705675e+02
1.539431672636908104e+02 5.633350605673538212e+02
1.444339483309408365e+02 5.483075585747601508e+02
1.354799817734623844e+02 5.336757085900575248e+02
1.270524032349723740e+02 5.194171837932582321e+02
1.191235085949784320e+02 5.055112093765009149e+02
1.116667390044002133e+02 4.919384745862911359e+02
1.046564173863558409e+02 4.786807731342215106e+02
9.806736233240889078e+01 4.657204445611664596e+02
9.187558380066325014e+01 4.530410411303781189e+02
8.605836717546439729e+01 4.406274119753010154e+02
8.059421150975360604e+01 4.284656360248880560e+02
7.546277036411858319e+01 4.165429593683663256e+02
7.064479515864003645e+01 4.048477365518692750e+02
6.612208802725480439e+01 3.933694413848381259e+02
6.187751015451012648e+01 3.820992108515733321e+02
5.789488403710804931e+01 3.710294355084577091e+02
5.415890114925090160e+01 3.601532885133272543e+02
5.065508022779133768e+01 3.494646800992778708e+02
4.736972771060079168e+01 3.389582189836162343e+02
4.428989968033206992e+01 3.286291749146294023e+02
4.140336515446288956e+01 3.184734490505747999e+02
3.869856061476685483e+01 3.084880999737059142e+02
3.616455234787240158e+01 2.986716324720692910e+02
3.379102376154512655e+01 2.890229700615508932e+02
3.156824534924132308e+01 2.795413225129382795e+02
2.948704398482949429e+01 2.702261610029286771e+02
2.753877362478536384e+01 2.610771935226372875e+02
2.571528736779054114e+01 2.520943405476503756e+02
2.400891062845864354e+01 2.432779892867357603e+02
2.241241496550443557e+01 2.346302007014375874e+02
2.091899488609107749e+01 2.261534496370535123e+02
1.952224523879146290e+01 2.178500028736789602e+02
1.821613927596968807e+01 2.097219131412198294e+02
1.699500779766104586e+01 2.017710145655708800e+02
1.585351933295386040e+01 1.939989188065173096e+02
1.478666123908639385e+01 1.864070491308630153e+02
1.378972003010844283e+01 1.789975458272129458e+02
1.285826490818608647e+01 1.717731472869251661e+02
1.198813392675133116e+01 1.647360975417987845e+02
1.117541868462591204e+01 1.578881119534015340e+02
1.041644971958209887e+01 1.512303993449153836e+02
9.707782680553401988e+00 1.447636848382670678e+02
9.046185241554958623e+00 1.384882332870408845e+02
8.428624499911988366e+00 1.324040477649958234e+02
7.852254861877109526e+00 1.265112442987813353e+02
7.314407709154228776e+00 1.208095324601172109e+02
6.812581068610628066e+00 1.152981197299401828e+02
6.344429688619071861e+00 1.099757481026170751e+02
5.907755669881614935e+00 1.048407302363210647e+02
5.500499622453833837e+00 9.989098497756852169e+01
5.120732275041731896e+00 9.512407810510883621e+01
4.766646129094694651e+00 9.053731902280946997e+01
