1.361280060910591783e+04 1.351516674850246636e+04
1.378940746339046746e+04 1.368777428101368241e+04
1.396296979297722100e+04 1.385722516229770918e+04
1.413314393646659300e+04 1.402317696176349818e+04
1.429956732222928622e+04 1.418526977227430871e+04
1.446187045763660535e+04 1.434313728138336228e+04
1.461967469140273897e+04 1.449640455355118320e+04
1.477258310813450043e+04 1.464467908147539674e+04
1.492019136609170710e+04 1.478756151642958503e+04
1.506209091058024387e+04 1.492464888959357813e+04
1.519785509186341733e+04 1.505552130207739719e+04
1.532704239563043120e+04 1.517974511030210306e+04
1.544921054348837606e+04 1.529688657111530665e+04
1.556391313803060621e+04 1.540650873342748673e+04
1.567069086249745123e+04 1.550816315549482715e+04
1.576908569355742293e+04 1.560140351248815205e+04
1.585864445822634661e+04 1.568578906765046850e+04
1.593890730368153345e+04 1.576087389694268859e+04
1.600941421184751562e+04 1.582621313977711907e+04
1.606971694942480462e+04 1.588137436324702321e+04
1.611937809808015663e+04 1.592593696062054551e+04
1.615796875089334026e+04 1.595949036986185274e+04
1.618507805051154901e+04 1.598164269987380248e+04
1.620031734305991267e+04 1.599202476140976250e+04
1.620332623250081997e+04 1.599029686086157380e+04
1.619377341072605850e+04 1.597614910492300987e+04
1.617135719942857941e+04 1.594930132440094167e+04
1.613582146676161574e+04 1.590951926667272892e+04
1.608696946467639827e+04 1.585662862310621131e+04
1.602464311446781903e+04 1.579049346628367130e+04
1.594873047957977178e+04 1.571102355498191173e+04
1.585921960438817950e+04 1.561822839184931581e+04
1.575616424584114793e+04 1.551218246484460724e+04
1.563965845181135774e+04 1.539299945523199676e+04
1.550989796390248557e+04 1.526089353241482422e+04
1.536720846257564881e+04 1.511620738165909279e+04
1.521195601418202932e+04 1.495932238858691198e+04
1.504456868357903295e+04 1.479068008331812780e+04
1.486567593432879403e+04 1.461092112345806891e+04
1.467598438670590076e+04 1.442076103500923273e+04
1.447621461137317601e+04 1.422092707295216314e+04
1.426721454395553155e+04 1.401227188043182650e+04
1.404997266736489109e+04 1.379578658797427670e+04
1.382546819986909577e+04 1.357245066860218503e+04
1.359473586905865523e+04 1.334329680010490847e+04
1.335912124624822172e+04 1.310966620807734580e+04
1.312000306760792228e+04 1.287293098123935488e+04
1.287868165803464763e+04 1.263438305678499637e+04
1.263622714641106904e+04 1.239508913500857852e+04
1.239349440181536193e+04 1.215590529761306971e+04
1.215127989407309360e+04 1.191762743409137329e+04
1.191054137339591398e+04 1.168121055276103652e+04
1.167290101716925346e+04 1.144827142385169100e+04
1.144001262923110698e+04 1.122045727398872805e+04
1.121335391301196614e+04 1.099924013230822311e+04
1.099361056564044156e+04 1.078531769965874264e+04
1.078087831940088290e+04 1.057881052562533660e+04
1.057521755690226746e+04 1.037980256218089562e+04
1.037628539031834589e+04 1.018798048948484393e+04
1.018307940434862576e+04 1.000238182147671432e+04
9.994593261603198698e+03 9.822037232663346003e+03
9.809678319670847486e+03 9.645832402423797248e+03
9.626890301493785955e+03 9.472354982913968342e+03
9.444842332247750164e+03 9.300242851422290187e+03
9.262081331158693501e+03 9.128056695962541198e+03
9.077106124559442833e+03 8.954296793720861388e+03
8.888471735972158058e+03 8.777506604413561945e+03
8.694541769250550715e+03 8.596016409655452662e+03
8.493756336367667245e+03 8.408215773511154111e+03
8.284616492739600289e+03 8.212531298232825065e+03
8.065738884009168942e+03 8.007482066957349161e+03
7.836300937344826707e+03 7.792134875234736683e+03
7.596202028941875142e+03 7.566270225436284818e+03
7.346144903516688828e+03 7.330478722461523830e+03
7.088106943546446018e+03 7.086653859976542662e+03
6.824744009742243179e+03 6.837394902342040041e+03
6.559676412131745565e+03 6.586314561579906695e+03
6.296678308617552830e+03 6.337211097967913702e+03
6.039611857612121639e+03 6.094007246810953802e+03
5.791971469059284573e+03 5.860278488013826973e+03
5.556801953358066385e+03 5.639169413426200663e+03
5.336599578341801134e+03 5.433284757876390358e+03
5.133266956659626885e+03 5.244650540155092131e+03
4.947684971964379656e+03 5.074258849150227434e+03
4.779820411260270703e+03 4.922177985688199442e+03
4.627715201303642061e+03 4.786477997090257304e+03
4.488205776345590493e+03 4.663947065743152962e+03
4.356480304759480532e+03 4.549586322088629458e+03
4.227357543481502034e+03 4.437912683584930164e+03
4.095756703916111292e+03 4.323438524485472954e+03
3.957757959641003708e+03 4.201811220332062476e+03
3.810991835802756668e+03 4.070272923086217361e+03
3.654985420917620104e+03 3.928089230295027392e+03
3.491426986180664244e+03 3.776902325114161613e+03
3.323785824896142458e+03 3.620352532991060798e+03
3.156770684416837412e+03 3.463511501272695568e+03
2.995469490130848953e+03 3.311931242123972879e+03
2.844489924757326662e+03 3.170685532038005022e+03
2.707440320101110956e+03 3.043793731551218571e+03
2.586284788471857155e+03 2.933508425781550613e+03
2.480475393617554346e+03 2.839344203424626357e+03
2.386403223046671883e+03 2.757424098455393960e+03
2.298369107014651490e+03 2.681477007110403520e+03
2.210789527450040623e+03 2.605240883767421565e+03
2.119790244389783311e+03 2.524268975985467932e+03
2.023496201762687178e+03 2.436328012194928760e+03
1.922247708982210497e+03 2.341717632156206037e+03
1.819190505230123335e+03 2.243987087218057695e+03
1.719474956860274460e+03 2.149021005357795275e+03
1.627636749121300909e+03 2.062022687558350754e+03
1.545732428263733709e+03 1.985374243334187440e+03
1.473401364342167881e+03 1.918710331532678538e+03
1.408140505442705717e+03 1.859220516902777945e+03
1.345929231275673601e+03 1.802332123167398095e+03
1.283165680714146902e+03 1.743915173097680508e+03
1.218344101380598659e+03 1.682240547810421504e+03
1.152376923736362869e+03 1.618384975133269336e+03
1.088244608828411174e+03 1.555818316353350156e+03
1.028862288845808280e+03 1.497914693965929018e+03
9.752974876552380010e+02 1.445906987413720572e+03
9.266544888028925016e+02 1.398778131297631262e+03
8.808002472094048017e+02 1.354109762469611951e+03
8.355207258581903034e+02 1.309409659374913645e+03
7.902585675410756494e+02 1.264089474440745789e+03
7.460530875936844950e+02 1.219374599555160557e+03
7.044233586254943020e+02 1.177005317207509961e+03
6.661868910565792703e+02 1.137900243098567444e+03
6.307218583211770238e+02 1.101365385795681959e+03
5.968246647537747549e+02 1.066083958186013206e+03
5.638154186148331064e+02 1.031342534271209161e+03
5.318888990707336006e+02 9.973910704757316807e+02
5.017310381181795265e+02 9.649917103480503329e+02
4.736239858757198249e+02 9.344482804469931807e+02
4.471759025536462104e+02 9.053480271892709652e+02
4.218961826536221338e+02 8.771925355890431319e+02
3.976652754269580896e+02 8.498800848666423917e+02
3.747095415697800149e+02 8.236551118902059443e+02
3.531357973249786255e+02 7.986272926914041363e+02
3.327728220598030475e+02 7.746291700954037651e+02
3.134133368429851316e+02 7.514671545911980957e+02
2.950367001144184655e+02 7.291296379927064208e+02
2.776946958826455329e+02 7.076671417701689961e+02
2.613384489231690964e+02 6.870338768490234997e+02
2.458605988566574467e+02 6.671343685487022412e+02
2.312158449146981241e+02 6.479297255639841069e+02
2.173967441175812496e+02 6.294114221512389804e+02
2.043609816690273249e+02 6.115406719940648372e+02
1.920507843873439242e+02 5.942674715304107167e+02
1.804352844088141694e+02 5.775632011095048028e+02
1.694813764427062495e+02 5.613984329287794708e+02
1.591539188640416000e+02 5.457412671643724025e+02
1.494199461012173060e+02 5.305608505099934291e+02
1.402480320083632535e+02 5.158284361632364607e+02
1.316082200614166311e+02 5.015172771693995628e+02
1.234719684453790336e+02 4.876025009817958562e+02
1.158120962232558071e+02 4.740609937942562624e+02
1.086027493122141152e+02 4.608707641319533650e+02
1.018193770026809801e+02 4.480099219322046338e+02
9.543862673387910434e+01 4.354579997786779018e+02
8.943828653208363733e+01 4.231961550328259136e+02
8.379723978395031736e+01 4.112070793758462059e+02
7.849542101331380195e+01 3.994749152808859094e+02
7.351377270448634249e+01 3.879851786199199069e+02
6.883420277029485135e+01 3.767246890316952204e+02
6.443952926943767068e+01 3.656815829102054067e+02
6.031344170267493610e+01 3.548452588005599182e+02
5.644048266062581831e+01 3.442062112049072766e+02
5.280601038246464896e+01 3.337559680140622049e+02
4.939616127694016967e+01 3.234870374913351156e+02
4.619781375242182264e+01 3.133928573535248461e+02
4.319855334182886253e+01 3.034677455806213402e+02
4.038663810223826545e+01 2.937070357507143399e+02
3.775095849473522236e+01 2.841085320671604109e+02
3.528101292664769773e+01 2.746714528586785491e+02
3.296688337811623626e+01 2.653953563862509668e+02
3.079920620877746629e+01 2.562801004880471964e+02
2.876914413217117428e+01 2.473258136107939720e+02
2.686835938703602622e+01 2.385328660398358238e+02
2.508898807069973458e+01 2.299018413608876585e+02
2.342361472342670581e+01 2.214342158108198362e+02
2.186524697410449392e+01 2.131340282377463780e+02
2.040729628325031086e+01 2.050055193164359935e+02
1.904355723264740163e+01 1.970524866353552511e+02
1.776818697164240746e+01 1.892782888860982382e+02
1.657568563703289755e+01 1.816858512714856317e+02
1.546087770999278277e+01 1.742776720794193182e+02
1.441889424780793760e+01 1.670558448828822407e+02
1.344515458248661588e+01 1.600228767211519312e+02
1.253535002804169096e+01 1.531819520319619699e+02
1.168543107047114660e+01 1.465356194536020666e+02
1.089159294748781015e+01 1.400857112893487511e+02
1.015026175987200041e+01 1.338333828997691057e+02
9.458081302879637775e+00 1.277791527118780408e+02
8.811900585414305098e+00 1.219229425557155224e+02
8.208761943850705123e+00 1.162641374261584701e+02
7.645889189605641789e+00 1.108018374747916113e+02
7.120677470341485460e+00 1.055347726756937732e+02
6.630683793561168216e+00 1.004611656942633715e+02
6.173617495316394255e+00 9.557877388200998325e+01
5.747331220788201023e+00 9.088493359793410775e+01
