1.987319110872916644e+04 1.972619873384068705e+04
2.013779347521373347e+04 1.998464565431730080e+04
2.039649161488006939e+04 2.023701562847370224e+04
2.064867962118148716e+04 2.048270417701642509e+04
2.089371026636569877e+04 2.072106823938552043e+04
2.113092253976617576e+04 2.095145211655711682e+04
2.135964550358983251e+04 2.117319106858332816e+04
2.157917723432965795e+04 2.138559033901839939e+04
2.178879769196350753e+04 2.158793805994183640e+04
2.198778442084355993e+04 2.177952096951090789e+04
2.217539294466800493e+04 2.195960533613117877e+04
2.235084214886311020e+04 2.212742278781974528e+04
2.251335185711830491e+04 2.228220716404507402e+04
2.266214437092750086e+04 2.242319613070115520e+04
2.279641761477657201e+04 2.254960514426507143e+04
2.291537066365800274e+04 2.266065243858028407e+04
2.301822083388292958e+04 2.275557576711609363e+04
2.310417993215332535e+04 2.283360949717935364e+04
2.317245169241130861e+04 2.289398226890006117e+04
2.322227021579992288e+04 2.293595436243386212e+04
2.325290025170080480e+04 2.295881819665778676e+04
2.326361928501957664e+04 2.296188152461943901e+04
2.325374562420545044e+04 2.294449428212898420e+04
2.322265171966767230e+04 2.290606142211801853e+04
2.316976115019675854e+04 2.284604098646865168e+04
2.309455547573100193e+04 2.276395061480586082e+04
2.299658785114663988e+04 2.265937980459638493e+04
2.287549890370900903e+04 2.253200606459212213e+04
2.273104064113388449e+04 2.238161956980690957e+04
2.256305625261774185e+04 2.220810129205421254e+04
2.237148609887581915e+04 2.201142848965854864e+04
2.215644687801552573e+04 2.179175449483174452e+04
2.191819975094880647e+04 2.154937595478507501e+04
2.165709831729904545e+04 2.128467976656687824e+04
2.137367833148634236e+04 2.099823260537749593e+04
2.106874208670320513e+04 2.069086493512694506e+04
2.074318560466757481e+04 2.036349747111932447e+04
2.039801279145060471e+04 2.001715494863085769e+04
2.003458647771681353e+04 1.965321606412990150e+04
1.965443208100998527e+04 1.927321714475761473e+04
1.925909310790873133e+04 1.887870790614343787e+04
1.885039790471702509e+04 1.847151623096797994e+04
1.843053937537622551e+04 1.805382682049945652e+04
1.800166192865575795e+04 1.762777090004632919e+04
1.756591900214642737e+04 1.719548361655143526e+04
1.712584392687095169e+04 1.675947230631857383e+04
1.668395109405125913e+04 1.632222050975859020e+04
1.624258873072328788e+04 1.588604218988196226e+04
1.580444323743399582e+04 1.545357865992413826e+04
1.537248198639855036e+04 1.502774242863168365e+04
1.494939217993850616e+04 1.461116567270896667e+04
1.453743198432313693e+04 1.420605720152018694e+04
1.413814756944602777e+04 1.381393041953896136e+04
1.375279788192240630e+04 1.343601552730877847e+04
1.338255889097362160e+04 1.307345878439971784e+04
1.302960178441984135e+04 1.272837367082642959e+04
1.269666824081919003e+04 1.240342834865485565e+04
1.238618405600278129e+04 1.210098408658468179e+04
1.209851145713081860e+04 1.182139721629199266e+04
1.183110605122044944e+04 1.156219928131474990e+04
1.158138457389843825e+04 1.132088534059312951e+04
1.134694507463686750e+04 1.109513344135601983e+04
1.112552409639169309e+04 1.088276568289547140e+04
1.091497877278264605e+04 1.068172080678998464e+04
1.071249283820503842e+04 1.048928472414781027e+04
1.051470827897576055e+04 1.030221453807513353e+04
1.031822682423556216e+04 1.011721902211458473e+04
1.011882428415496906e+04 9.930190902386160815e+03
9.912279649911202796e+03 9.737006698635364955e+03
9.694035606462171927e+03 9.533188964570499593e+03
9.459465157039672704e+03 9.314159411419819662e+03
9.204867738648576051e+03 9.076216646322011002e+03
8.927687896527362682e+03 8.816752986433881233e+03
8.626931302249482542e+03 8.534672954066250895e+03
8.303805003897259667e+03 8.231046897050933694e+03
7.961262324334739787e+03 7.908664352993326247e+03
7.604471860792612461e+03 7.572528387488066073e+03
7.239596844034295827e+03 7.228637369213039165e+03
6.873594772073679451e+03 6.883802895761707987e+03
6.513702460826561946e+03 6.545123245465354557e+03
6.167052726107475792e+03 6.219609064871257033e+03
5.840962677982477544e+03 5.914420639256682080e+03
5.541705642267676922e+03 5.635735690520354183e+03
5.274591382830852126e+03 5.388730033332622952e+03
5.043098506446745887e+03 5.176845191426793463e+03
4.847448372602065319e+03 5.000315215337344853e+03
4.685209565875421504e+03 4.856823754136401476e+03
4.550409737623074761e+03 4.740581667228972947e+03
4.434927004018177286e+03 4.643664687496209808e+03
4.329135862913826713e+03 4.556583619599742633e+03
4.222899667146329193e+03 4.469213430974024959e+03
4.106848408932798520e+03 4.372036171808127619e+03
3.973347299394022684e+03 4.257128163582047819e+03
3.818131359512957715e+03 4.119902960415854977e+03
3.640998515590491024e+03 3.959910597158786913e+03
3.445873111360258918e+03 3.780988767982933496e+03
3.240228198831275677e+03 3.590711530229243181e+03
3.034096173657224426e+03 3.399313844305381281e+03
2.838846813742949507e+03 3.218359665953586500e+03
2.665093883893399379e+03 3.058576672212557241e+03
2.519847125453526132e+03 2.926989565498567572e+03
2.404146764559674921e+03 2.824614444557418210e+03
2.313294035854933099e+03 2.746762548352689919e+03
2.239145925446431647e+03 2.685307231942026192e+03
2.171806425363741255e+03 2.630282514938419808e+03
2.100501956981137482e+03 2.570675637620458929e+03
2.016121721716981256e+03 2.497024784476717286e+03
1.915401803443097151e+03 2.405855935998921268e+03
1.802413331146103019e+03 2.301359211194898307e+03
1.685711300153300726e+03 2.192422907881188621e+03
1.574954007878791799e+03 2.089006882274306008e+03
1.478590657571484599e+03 1.999682961977611285e+03
1.400668535327252812e+03 1.928453331292763096e+03
1.339138625004204641e+03 1.873172056217282261e+03
1.287264313043019456e+03 1.827024467171102060e+03
1.236232506632823743e+03 1.781107554111672926e+03
1.178794159819111883e+03 1.728086616686049865e+03
1.113390714646833203e+03 1.666441202429223949e+03
1.044158995341333139e+03 1.600468226194884664e+03
9.775375120117173537e+02 1.536720560944659610e+03
9.193646526128821961e+02 1.480986895793348822e+03
8.714919603594541968e+02 1.434990922573273792e+03
8.306754828458068687e+02 1.395453844148762983e+03
7.915738378863773050e+02 1.357124795501473727e+03
7.500703013578897753e+02 1.316035558950791483e+03
7.058604428919720704e+02 1.271995050003666165e+03
6.623363652582315808e+02 1.228358376242204940e+03
6.230420195161725587e+02 1.188500402438581887e+03
5.890248314532447012e+02 1.153333149054567002e+03
5.584442573661051483e+02 1.121075229388619391e+03
5.284019628177754839e+02 1.089051828507929258e+03
4.977476549403734793e+02 1.056273275842641624e+03
4.677298976280838474e+02 1.023926886976610149e+03
4.401097607033506165e+02 9.935805690403567496e+02
4.152878239640409674e+02 9.655395811788431502e+02
3.920811978957187875e+02 9.387541338666524098e+02
3.693778385089569269e+02 9.122967013928509914e+02
3.472786063068797375e+02 8.862839656555374859e+02
3.266020875628988165e+02 8.613895816861577259e+02
3.075628552923615189e+02 8.377616446644982489e+02
2.896278330739247053e+02 8.149673935780197098e+02
2.723729766887620372e+02 7.926893134357324016e+02
2.559723344524775825e+02 7.710642165911931443e+02
2.406645012367205254e+02 7.502559268357606470e+02
2.263045499405864689e+02 7.301490494968802523e+02
2.126593424963342898e+02 7.105802841016262619e+02
1.997433248802009587e+02 6.915574898531669987e+02
1.876212903252868784e+02 6.731135852746718911e+02
1.762292165202966601e+02 6.552009736344773501e+02
1.654774699571143515e+02 6.377596309602522524e+02
1.553358261971147272e+02 6.207633686849394508e+02
1.457758258056500438e+02 6.041883764214489929e+02
1.367696796187315726e+02 5.880124817631253791e+02
1.282903266385990264e+02 5.722150598382215776e+02
1.203114817724193841e+02 5.567769492592706229e+02
1.128076662469488269e+02 5.416803653813041137e+02
1.057534393285527869e+02 5.269079438751197131e+02
9.912300530559548406e+01 5.124420291692168803e+02
9.289183319371731784e+01 4.982662444659950438e+02
8.703676810724626023e+01 4.843656132540245949e+02
8.153595573928620865e+01 4.707264892743420432e+02
7.636877094973402791e+01 4.573364906252704145e+02
7.151575023642395479e+01 4.441844374764328904e+02
6.695856496540240244e+01 4.312604300351670190e+02
6.268014881114805092e+01 4.185565373068571944e+02
5.866443838018776091e+01 4.060660983479671700e+02
5.489621593227818863e+01 3.937832718900818918e+02
5.136107085614025891e+01 3.817029909180361642e+02
4.804536272952496745e+01 3.698209194893290146e+02
4.493618561198047701e+01 3.581334103604320376e+02
4.202133271878577148e+01 3.466374913723232112e+02
3.928923256342908843e+01 3.353318790801047271e+02
3.672891786871927167e+01 3.242170889032786363e+02
3.433004000524106658e+01 3.132939240132295140e+02
3.208283966379904939e+01 3.025633461075056516e+02
2.997811579942445448e+01 2.920264503286193758e+02
2.800719603208473885e+01 2.816844404988889323e+02
2.616190844853635866e+01 2.715386047185157281e+02
2.443455581575269164e+01 2.615908142182312872e+02
2.281789313074519043e+01 2.518451538363188718e+02
2.130509887862975660e+01 2.423059137082636596e+02
1.988975066467839525e+01 2.329768887428365645e+02
1.856580348304272832e+01 2.238613851877738909e+02
1.732756904803002129e+01 2.149622284573685818e+02
1.616969614479047479e+01 2.062817721267471427e+02
1.508715180598837158e+01 1.978219610588384114e+02
1.407520092507391851e+01 1.895853035585560065e+02
1.312939056121071957e+01 1.815745959724164322e+02
1.224553686086069249e+01 1.737919178105241826e+02
1.141970978511801249e+01 1.662386312451943979e+02
1.064821853651612393e+01 1.589154202776516343e+02
9.927597761307010771e+00 1.518223303803401336e+02
9.254594490268880591e+00 1.449588084456470085e+02
8.626155580298231484e+00 1.383238566544001458e+02
8.039415717911737147e+00 1.319162638666877001e+02
7.491686984246135772e+00 1.257343166964380003e+02
6.980448503022064877e+00 1.197757761110702717e+02
6.503336537723206412e+00 1.140379234533932333e+02
6.058135139922839585e+00 1.085176052872595704e+02
5.642767320728443003e+00 1.032112768950588162e+02
