1.579109225134709777e+04 1.567426924076305841e+04
1.602449397030954970e+04 1.590260007474382473e+04
1.625434349027182179e+04 1.612722409521574991e+04
1.648018022622072385e+04 1.634768019986774380e+04
1.670151398509684077e+04 1.656347950962069081e+04
1.691782769201813426e+04 1.677410803391558147e+04
1.712859418508175440e+04 1.697904242146580509e+04
1.733327031327842997e+04 1.717774407921787497e+04
1.753128408734552795e+04 1.736964641447716349e+04
1.772205339017813822e+04 1.755417353217189520e+04
1.790498878473321747e+04 1.773074312496453422e+04
1.807946930774717111e+04 1.789874295450779027e+04
1.824485469886929423e+04 1.805754288176836417e+04
1.840050447385321604e+04 1.820651355054686792e+04
1.854576680610779295e+04 1.834501565992812903e+04
1.867996764703204462e+04 1.847238948969423654e+04
1.880243729721386626e+04 1.858798084128801565e+04
1.891251232476071891e+04 1.869114300535062648e+04
1.900951198005072729e+04 1.878121405607648194e+04
1.909275922978787639e+04 1.885753731699074342e+04
1.916159759475223473e+04 1.891947773968515685e+04
1.921537958788585092e+04 1.896641098108621736e+04
1.925346488986042823e+04 1.899772180180708165e+04
1.927524517598497187e+04 1.901282791363490105e+04
1.928014848392709973e+04 1.901118440522165838e+04
1.926763692825278849e+04 1.899228222877806911e+04
1.923721763045002081e+04 1.895565818714019770e+04
1.918845060865682171e+04 1.890090235115777250e+04
1.912096630710125464e+04 1.882767604887581911e+04
1.903446935263669002e+04 1.873571536963422113e+04
1.892872960388593492e+04 1.862482133965139656e+04
1.880360695532122554e+04 1.849488458084247395e+04
1.865910169137238336e+04 1.834593561335350023e+04
1.849529907835912309e+04 1.817808881973729876e+04
1.831236603493767689e+04 1.799153875747387792e+04
1.811066394527160810e+04 1.778667229915739517e+04
1.789070545971125466e+04 1.756402515263600435e+04
1.765306697568884556e+04 1.732419436475161274e+04
1.739848580065992428e+04 1.706793465570805347e+04
1.712797250272556994e+04 1.679626963542911108e+04
1.684259807511775216e+04 1.651027994833723642e+04
1.654349747699400177e+04 1.621110663503756041e+04
1.623215619992171742e+04 1.590023520701381312e+04
1.591020312065388680e+04 1.557928966781591589e+04
1.557922965898211987e+04 1.524985310221600776e+04
1.524098790016494058e+04 1.491366482962308874e+04
1.489747740378871822e+04 1.457270654986748559e+04
1.455061175857022499e+04 1.422887083624786464e+04
1.420229229709067840e+04 1.388403443005453300e+04
1.385487628676060922e+04 1.354052215609106497e+04
1.351072304586442988e+04 1.320065727663100370e+04
1.317196861141917543e+04 1.286653919667515038e+04
1.284028514299010203e+04 1.253981355254564187e+04
1.251689248518886598e+04 1.222168458246419141e+04
1.220286255618657924e+04 1.191320833220736677e+04
1.189947827196473736e+04 1.161564661744488330e+04
1.160910268071476457e+04 1.133132395978436034e+04
1.133413119241530512e+04 1.106259583452282823e+04
1.107647271402281149e+04 1.081134150201444027e+04
1.083557988122431561e+04 1.057704650475493145e+04
1.060970666481433364e+04 1.035802858969942827e+04
1.039721144698898388e+04 1.015270794148165623e+04
1.019638287330036655e+04 9.959443212755506465e+03
1.000552521817032539e+04 9.776610770651481289e+03
9.822883263064275525e+03 9.602526738440192275e+03
9.645987097858078414e+03 9.434806183181914093e+03
9.472279379254932792e+03 9.270972547818199018e+03
9.298892268771782255e+03 9.108230872772417570e+03
9.122503463579525487e+03 8.943321172543057401e+03
8.939820609844813589e+03 8.772991130125144991e+03
8.747094192551288870e+03 8.593499563254221357e+03
8.540792479775158426e+03 8.401288522164144524e+03
8.317948019159755859e+03 8.193317625801852046e+03
8.076256119948737251e+03 7.967168666501273947e+03
7.815119220981938270e+03 7.722102813647085895e+03
7.535278846777498075e+03 7.458702301286435613e+03
7.239418314648620253e+03 7.179505408945813542e+03
6.931455418787460076e+03 6.888303656410432268e+03
6.616646015688296757e+03 6.590266123857777529e+03
6.300674577653825509e+03 6.291023069023520293e+03
5.989619836669926372e+03 5.996635488092220839e+03
5.689525888605883665e+03 5.713146319176267752e+03
5.406337732830711502e+03 5.446522404199574339e+03
5.145233307787954800e+03 5.201979011052489113e+03
4.910784060333921843e+03 4.984137130038671785e+03
4.705578172578674639e+03 4.795668618773230264e+03
4.530289436547661353e+03 4.637347522711769670e+03
4.382508057970471782e+03 4.506890305926669498e+03
4.257667812252126168e+03 4.399836320510896257e+03
4.148679988747225252e+03 4.309139242861824641e+03
4.047521661962124199e+03 4.226693240613827584e+03
3.945646470254428550e+03 4.143701297884583255e+03
3.835203331872319723e+03 4.051893923132377495e+03
3.709978769505321907e+03 3.944539011062463487e+03
3.566408154774021568e+03 3.817572946246777065e+03
3.404557580083957873e+03 3.670763473053583311e+03
3.227973950405732467e+03 3.507637823523930820e+03
3.043137871213870312e+03 3.334946660005563444e+03
2.858576476634290884e+03 3.161699868409574719e+03
2.683844344520501636e+03 2.998009158895476048e+03
2.527806924447610527e+03 2.853229931961259808e+03
2.396275201056017522e+03 2.733497065231658780e+03
2.290124869476028380e+03 2.639797587319924787e+03
2.205231234415877225e+03 2.567915024732746133e+03
2.134264044645534341e+03 2.510249606146211136e+03
2.068515545130047030e+03 2.457626350623586859e+03
1.998918048895643551e+03 2.400285611337580121e+03
1.917974735517211684e+03 2.329974774310144312e+03
1.823088962402091965e+03 2.243705311295054344e+03
1.718000076058308423e+03 2.145480483692129383e+03
1.610428506495105239e+03 2.043734052572861401e+03
1.508837469421842343e+03 1.947684434889643626e+03
1.420279169523523706e+03 1.864925885924562181e+03
1.348051671132100864e+03 1.798956381677929357e+03
1.290107969568336557e+03 1.747572711183697720e+03
1.240175133040697574e+03 1.704077602631551827e+03
1.190509955133216408e+03 1.660152917283751322e+03
1.135023775631335866e+03 1.609213660251024521e+03
1.072620687708773175e+03 1.550103218390192296e+03
1.007297447992847310e+03 1.487227132747866790e+03
9.449355224953320658e+02 1.426974614330308668e+03
8.904831575573405189e+02 1.374606414174351357e+03
8.452940502567475960e+02 1.331479617693732962e+03
8.062129017501601993e+02 1.294211378567084239e+03
7.683327306973361601e+02 1.257635648874668732e+03
7.281732024038210511e+02 1.218149027225847021e+03
6.857547863643269466e+02 1.175868905112097309e+03
6.442980763102034416e+02 1.134219019423321924e+03
6.069865289509170907e+02 1.096469541986665718e+03
5.745258963082982291e+02 1.063274730846071861e+03
5.450493520768902727e+02 1.032705186258115873e+03
5.159214080721285427e+02 1.002142223195933866e+03
4.862605089253651727e+02 9.707800098818427159e+02
4.573644304344458646e+02 9.399476918404219532e+02
4.308479628865372320e+02 9.112030949620418596e+02
4.069356650497221040e+02 8.847184841906172323e+02
3.844403161460730871e+02 8.593619735129406081e+02
3.623803487462038788e+02 8.342530608436605917e+02
3.409503461484680997e+02 8.096042043516857802e+02
3.209428982329076234e+02 7.861244019556218063e+02
3.024861759681124340e+02 7.639032878861657991e+02
2.850340353750202098e+02 7.424653143160820719e+02
2.682209178428020095e+02 7.215178813520878975e+02
2.522566073106079045e+02 7.012402214107586360e+02
2.373546056199516556e+02 6.817919178935915170e+02
2.233446679269373476e+02 6.630310461706554861e+02
2.100111939775756014e+02 6.447959008908583201e+02
1.973879044625665529e+02 6.271106182921581649e+02
1.855457534319388913e+02 6.100153978293670889e+02
1.743867366082732815e+02 5.934394597000181193e+02
1.638482174571898895e+02 5.773334368469094215e+02
1.539020506352051711e+02 5.616710575807742316e+02
1.445207090184427443e+02 5.464278202009614915e+02
1.356773424146913669e+02 5.315808883009232204e+02
1.273458266215886852e+02 5.171089940051226677e+02
1.195008035460777336e+02 5.029923484038764059e+02
1.121175308367439527e+02 4.892122421637755565e+02
1.051707609444921161e+02 4.757488494121164422e+02
9.863584590418307130e+01 4.625827414157679414e+02
9.248946186139640702e+01 4.496960807316245905e+02
8.670954545200834218e+01 4.370725450748685148e+02
8.127522875703144223e+01 4.246972492174225522e+02
7.616677747284886379e+01 4.125566722141237506e+02
7.136553530201967988e+01 4.006385984191779812e+02
6.685399191641968741e+01 3.889324264659179562e+02
6.261573256646793340e+01 3.774291858310380121e+02
5.863519944925185001e+01 3.661209497016665750e+02
5.489764086565750034e+01 3.550007446333248140e+02
5.138907562546786778e+01 3.440625014689009049e+02
4.809625854932029654e+01 3.333010076522382406e+02
4.500664707213655902e+01 3.227118606526020699e+02
4.210835805801531961e+01 3.122918824991572819e+02
3.939010842206825913e+01 3.020403841617272747e+02
3.684122724882243460e+01 2.919575033172851022e+02
3.445163736944788724e+01 2.820436561131823510e+02
3.221182517146813495e+01 2.722995080160033012e+02
3.011281173851558890e+01 2.627259448149950458e+02
2.814612527622984217e+01 2.533240438119260034e+02
2.630377490544423225e+01 2.440951875881299316e+02
2.457822712284532329e+01 2.350429308968793123e+02
2.296238088249542031e+01 2.261721328676186147e+02
2.144954324972384896e+01 2.174872206848547762e+02
2.003340769762292695e+01 2.089921484887253769e+02
1.870803346144479562e+01 2.006904019224027422e+02
1.746782587274165621e+01 1.925850039823124291e+02
1.630751762717867237e+01 1.846785257039105943e+02
1.522214941915837016e+01 1.769737561345697827e+02
1.420705178753622100e+01 1.694743270575376073e+02
1.325783257146540706e+01 1.621832735086603350e+02
1.237036189695473354e+01 1.551028630720697947e+02
1.154075744119106517e+01 1.482346357185513170e+02
1.076537045607197207e+01 1.415794444736152968e+02
1.004077251682987360e+01 1.351374966141943617e+02
9.363742846859718583e+00 1.289084442888588740e+02
8.731255805648862278e+00 1.228916973586459136e+02
8.140470276468496635e+00 1.170862081093832785e+02
7.588719344515332033e+00 1.114903582426525759e+02
7.073500153859508366e+00 1.061020069547761864e+02
6.592464313564565082e+00 1.009185385107036979e+02
6.143408827476475764e+00 9.593690850226262512e+01
