1.588973838442337728e+04 1.580557743312901039e+04
1.607227886200538705e+04 1.598469697670883943e+04
1.624894298056906155e+04 1.615784720382683008e+04
1.641926227192457372e+04 1.632456021292613696e+04
1.658273695465682249e+04 1.648433817614601139e+04
1.673885928485529075e+04 1.663667596439487897e+04
1.688711943442381016e+04 1.678106685050000669e+04
1.702699008897996464e+04 1.691698704468742653e+04
1.715793271679694226e+04 1.704390202015760588e+04
1.727941260269997656e+04 1.716128163768939703e+04
1.739088886601665945e+04 1.726859033332119725e+04
1.749179756310594166e+04 1.736527048274033950e+04
1.758158037312099987e+04 1.745077081121432275e+04
1.765968983088255482e+04 1.752455161965798834e+04
1.772556992781238296e+04 1.758606575648834769e+04
1.777866905881290222e+04 1.763477142983596423e+04
1.781845745134008394e+04 1.767014941270410054e+04
1.784441612730415727e+04 1.769169235950562143e+04
1.785602584459249920e+04 1.769889411632996416e+04
1.785279660500826139e+04 1.769127857237868739e+04
1.783427312737969260e+04 1.766840513553105484e+04
1.780002622543149118e+04 1.762986092982145783e+04
1.774966442126774200e+04 1.757527182519685448e+04
1.768284458298622849e+04 1.750431254769003135e+04
1.759927745197614422e+04 1.741671289209700990e+04
1.749873221055440445e+04 1.731226262407464674e+04
1.738103728318498179e+04 1.719081099460806945e+04
1.724609009312643684e+04 1.705227652471277906e+04
1.709389383469535824e+04 1.689668497168137037e+04
1.692453222620804081e+04 1.672414277547512393e+04
1.673815708753255603e+04 1.653482385143902502e+04
1.653505200702637376e+04 1.632903407690859785e+04
1.631564618342128597e+04 1.610722505650133280e+04
1.608043332055618703e+04 1.586991146128280889e+04
1.583000409751465304e+04 1.561770344099405156e+04
1.556518414571976791e+04 1.535144508259802751e+04
1.528688809380878592e+04 1.507206731982428755e+04
1.499606699834847677e+04 1.478053489150318092e+04
1.469389332249213658e+04 1.447803076938726736e+04
1.438174023097908321e+04 1.416593511975448928e+04
1.406096555411698137e+04 1.384560959062681104e+04
1.373299935167215335e+04 1.351848390063157058e+04
1.339959566763317343e+04 1.318630481696238712e+04
1.306249917705063308e+04 1.285080600989804043e+04
1.272336603114541322e+04 1.251362976681778127e+04
1.238403960214137624e+04 1.217659774538679449e+04
1.204645765572339224e+04 1.184161985759196250e+04
1.171238987602106317e+04 1.151043703082767388e+04
1.138356458268965798e+04 1.118474367811639240e+04
1.106189509051822643e+04 1.086640616300906368e+04
1.074914167832361454e+04 1.055713768134702332e+04
1.044683636595474854e+04 1.025842582439790385e+04
1.015611074545365591e+04 9.971359379058605555e+03
9.877809039445663075e+03 9.696742267037883721e+03
9.612652188482181373e+03 9.435258582340306020e+03
9.361352249319661496e+03 9.187577681258939265e+03
9.124735561134080854e+03 8.954466851243538258e+03
8.903552556094809916e+03 8.736620375646549292e+03
8.698042590769260642e+03 8.534240544601780130e+03
8.506140227310181217e+03 8.345302917835937478e+03
8.325193701306758157e+03 8.167218795623673032e+03
8.152812747182045314e+03 7.997657050272605375e+03
7.987058982551342524e+03 7.834737337514168757e+03
7.826231671358203130e+03 7.676813799471425227e+03
7.668439608103607497e+03 7.522063825148753494e+03
7.511048711952555095e+03 7.367966320908382841e+03
7.351451034848357267e+03 7.212027253686303993e+03
7.186648612816923560e+03 7.051398975761874681e+03
7.013411966509167542e+03 6.883024926616885750e+03
6.828858991639181113e+03 6.704187065290755527e+03
6.630490886455324471e+03 6.512557880251149072e+03
6.416578139065572941e+03 6.306535265555760816e+03
6.187260671862308300e+03 6.086315487807764839e+03
5.943656975235950995e+03 5.853011720675734068e+03
5.688608601507246931e+03 5.609372308659690134e+03
5.425714346901035242e+03 5.358846951094663382e+03
5.159677369613744304e+03 5.105911826050284617e+03
4.895323953274466476e+03 4.855141625488414320e+03
4.637549889002992131e+03 4.611144078836802692e+03
4.390979384926392413e+03 4.378252538295515478e+03
4.160180355102487738e+03 4.160721118811142333e+03
3.949209064881285940e+03 3.962281821796374516e+03
3.761495790074137403e+03 3.786067405345800125e+03
3.598582461366602729e+03 3.633429854431550211e+03
3.460447541036151051e+03 3.504236376088476391e+03
3.344369861342418972e+03 3.395860641758039037e+03
3.245880717125161937e+03 3.304047484732087014e+03
3.158788182885515198e+03 3.222982460985416765e+03
3.076423099612657552e+03 3.146422204869386860e+03
2.992057844074101467e+03 3.068103899034775623e+03
2.899885067084955153e+03 2.982638026150157202e+03
2.795560284785932254e+03 2.886004332671263001e+03
2.677268186153721217e+03 2.776553766905375596e+03
2.545908844288283944e+03 2.655159645301270757e+03
2.404878201214388810e+03 2.525012076797413101e+03
2.259483792490091673e+03 2.391061823407673728e+03
2.116309699174435991e+03 2.259399735344215514e+03
1.982516209237294561e+03 2.136594092171074863e+03
1.864579481760523549e+03 2.028530982540012928e+03
1.766248961354552875e+03 1.938542256698584879e+03
1.686936941788388140e+03 1.865988841211287991e+03
1.622540570074623702e+03 1.807053182929996638e+03
1.567330580272613588e+03 1.756471496138773318e+03
1.515040299075266148e+03 1.708523458918427423e+03
1.459224072325405132e+03 1.657350139974234480e+03
1.394880158418655355e+03 1.598428520887468494e+03
1.321139667568130335e+03 1.531013125530426123e+03
1.241700120166029819e+03 1.458506073584467686e+03
1.162181994568511527e+03 1.386022086481010319e+03
1.088117373785738891e+03 1.318534441941746763e+03
1.023938772035562124e+03 1.259964024323631975e+03
9.711730622231067400e+02 1.211594765081297737e+03
9.276935736293206674e+02 1.171462633857411902e+03
8.890820991309301462e+02 1.135605137566952180e+03
8.502900103416673119e+02 1.099542505259687687e+03
8.077092568031756628e+02 1.060107675524737488e+03
7.614338059372252019e+02 1.017426985549976848e+03
7.144159381305033776e+02 9.741321912323534207e+02
6.701483496841640317e+02 9.332832776766300640e+02
6.313871397907347500e+02 8.972408926020675608e+02
5.984525791948741471e+02 8.662266738292988748e+02
5.690465616976289311e+02 8.382211904119775454e+02
5.403678935863269999e+02 8.108128717719204133e+02
5.106684597680189768e+02 7.825279190131493579e+02
4.802922854381167781e+02 7.536867150861495475e+02
4.511936709544427231e+02 7.259497366955436064e+02
4.248711110849413330e+02 7.005544702943881248e+02
4.014165574647581707e+02 6.775450124402855181e+02
3.797010949318897701e+02 6.559663690231822102e+02
3.584208985792365070e+02 6.347483521055793290e+02
3.373127770914328494e+02 6.136888331290849692e+02
3.171037543894019564e+02 5.933797989152578793e+02
2.984546327940188348e+02 5.743386659999155199e+02
2.813298176463432014e+02 5.565191059884051583e+02
2.651307136268176237e+02 5.394415571931226623e+02
2.494773857942893187e+02 5.228115509753758943e+02
2.345055996192089651e+02 5.067342071521617299e+02
2.205067713332133508e+02 4.914238266926599863e+02
2.074579216169367442e+02 4.768526480700173238e+02
1.951149631080102438e+02 4.628335943206889169e+02
1.833528318442016598e+02 4.492729496649462249e+02
1.722479257743687242e+02 4.362216318467293377e+02
1.618391977346386454e+02 4.237003377246794571e+02
1.520363984609342367e+02 4.116400961727957224e+02
1.427609001363856294e+02 3.999829354975435649e+02
1.340157982622392012e+02 3.887265612309120684e+02
1.257963949223897657e+02 3.778621528715375462e+02
1.180559762673298394e+02 3.673552337201231239e+02
1.107578775811295202e+02 3.571775904705186804e+02
1.038901887932138948e+02 3.473176271071769747e+02
9.743024485338423801e+01 3.377574827278407952e+02
9.135481550070703349e+01 3.284793274507200636e+02
8.564194709394496385e+01 3.194665514751988553e+02
8.027089430556564764e+01 3.107036889549591478e+02
7.522205542371898446e+01 3.021763480189518987e+02
7.047691107085898921e+01 2.938711463612668240e+02
6.601798920481557786e+01 2.857756931726237326e+02
6.182900799101008005e+01 2.778789103537450274e+02
5.789466708854074994e+01 2.701707586348052246e+02
5.420045013890207031e+01 2.626419241461512115e+02
5.073258945521335761e+01 2.552837753994083414e+02
4.747803367129992580e+01 2.480883264480353603e+02
4.442441629374508949e+01 2.410482023829400759e+02
4.156002496322210504e+01 2.341566083730303944e+02
3.887374508845810794e+01 2.274074904014761103e+02
3.635501440298744313e+01 2.207956675290055841e+02
3.399385247412290312e+01 2.143164288590026274e+02
3.178083805768953596e+01 2.079654618281703620e+02
2.970708035423062654e+01 2.017388306651724292e+02
2.776419155721788812e+01 1.956329557096904637e+02
2.594426064838889801e+01 1.896445935004146861e+02
2.423982881936126432e+01 1.837708733334806084e+02
2.264386821249713933e+01 1.780096418561566054e+02
2.114975665120724102e+01 1.723591607168625899e+02
1.975125439752925516e+01 1.668178724340389749e+02
1.844248371095494932e+01 1.613843860167799562e+02
1.721790938647784230e+01 1.560574641720149600e+02
1.607232022470124022e+01 1.508360107940655723e+02
1.500081137586401603e+01 1.457190629837181177e+02
1.399876626724712736e+01 1.407060411716529416e+02
1.306184036109478086e+01 1.357968442602673065e+02
1.218594827949130099e+01 1.309914064109190122e+02
1.136724947843634048e+01 1.262896503918056936e+02
1.060213445005885724e+01 1.216914819975301043e+02
9.887211637197811598e+00 1.171967847198856276e+02
9.219295028352272325e+00 1.128054146803865763e+02
8.595392217485334996e+00 1.085172880882296624e+02
8.012692466397693281e+00 1.043328043722124363e+02
7.468557109292073726e+00 1.002524163215460788e+02
6.960509974067172756e+00 9.627641110404256608e+01
6.486227874284451467e+00 9.240491441808688933e+01
6.043531619462178206e+00 8.863789527990054751e+01
5.630377518859856600e+00 8.497517106008797327e+01
5.244849343319671675e+00 8.141641999682634889e+01
4.885150379520128539e+00 7.796143639836793682e+01
4.549596304187663698e+00 7.461014846773696263e+01
4.236608953271349343e+00 7.136227760881293136e+01
3.944709943674915120e+00 6.821732916565872529e+01
3.672514625233017860e+00 6.517460638207823820e+01
3.418726379560353745e+00 6.223322427341260266e+01
