8.763144318070335430e+03 8.756300326161021076e+03
8.795914031851754771e+03 8.788913405703857279e+03
8.823912359451596785e+03 8.816759867937771560e+03
8.846906793764377653e+03 8.839608152608965611e+03
8.864670868491031797e+03 8.857232747960350025e+03
8.876973586675005208e+03 8.869403669515364527e+03
8.883576895488837181e+03 8.875883947836806328e+03
8.884251742753265717e+03 8.876445609775844787e+03
8.878776636603923180e+03 8.870868254769564373e+03
8.866925540498505143e+03 8.858927041791126612e+03
8.848482220461113684e+03 8.840406935183449605e+03
8.823245793416548622e+03 8.815108212600502156e+03
8.791013453534565997e+03 8.782829276869915702e+03
8.751584172506127288e+03 8.743370336231271722e+03
8.704778467886122598e+03 8.696553070559246407e+03
8.650434935747944110e+03 8.642217190368421143e+03
8.588400409945710635e+03 8.580210665612126832e+03
8.518546971653913715e+03 8.510406615585654436e+03
8.440776066180402267e+03 8.432707396834610336e+03
8.355008054393530983e+03 8.347034236120598507e+03
8.261189316965435864e+03 8.253334278752712635e+03
8.159302710809155542e+03 8.151590962744747230e+03
8.049368684569318248e+03 8.041825173014687607e+03
7.931446041360637537e+03 7.924096042880720233e+03
7.805633911938095480e+03 7.798502816113447807e+03
7.672075536053004726e+03 7.665188623251847275e+03
7.530976723865540407e+03 7.524359047081887184e+03
7.382592357834937502e+03 7.376268538656763667e+03
7.227216635816013877e+03 7.221210599731331058e+03
7.065216543376888694e+03 7.059551380916616836e+03
6.897040681854856302e+03 6.891738556378902103e+03
6.723167365969587081e+03 6.718249251277453368e+03
6.544121092361508090e+03 6.539606583432420848e+03
6.360552993967326074e+03 6.356460420386240912e+03
6.173148162812022747e+03 6.169494437194270176e+03
5.982591447919190614e+03 5.979391835812190948e+03
5.789681865313399612e+03 5.786950181621659794e+03
5.595307484455644953e+03 5.593056285143501555e+03
5.400310276945691840e+03 5.398550660844697632e+03
5.205549906604421267e+03 5.204291552855329428e+03
5.012045655811542019e+03 5.011297381687300003e+03
4.820757509057440984e+03 4.820527276150528451e+03
4.632552427794570576e+03 4.632847281101393492e+03
4.448396265701107950e+03 4.449222763140580355e+03
4.269255909549872740e+03 4.270620486602335404e+03
4.095947492546787089e+03 4.097856565260552998e+03
3.929242908270384305e+03 3.931702995647852276e+03
3.769977461087558822e+03 3.772995434551156450e+03
3.618847891081793023e+03 3.622431452046931554e+03
3.476394371381238670e+03 3.480552485181916381e+03
3.342974734322466247e+03 3.347717367885450585e+03
3.218823726947656269e+03 3.224162160912375839e+03
3.104102205461627818e+03 3.110049807197449354e+03
2.998916418037650601e+03 3.005488996084272003e+03
2.903335773195996808e+03 2.910551806362089337e+03
2.817408111844549239e+03 2.825289718934199755e+03
2.740841695286540016e+03 2.749415075634312871e+03
2.672226962937098506e+03 2.681520545698606384e+03
2.610053700504696280e+03 2.620096849815523001e+03
2.553024190073331738e+03 2.563846680185507012e+03
2.500193481822424474e+03 2.511826314383631598e+03
2.450745743848630809e+03 2.463220742058195356e+03
2.403586920322273272e+03 2.416934357416858802e+03
2.357065562588289595e+03 2.371309540109666614e+03
2.309550327087822097e+03 2.324705555291053315e+03
2.259189001517753695e+03 2.275254892969981483e+03
2.204101359950424467e+03 2.221056720002874499e+03
2.142704802092560385e+03 2.160504939023433053e+03
2.073797162043528715e+03 2.092372060642382166e+03
1.996697531598329761e+03 2.015953061591965934e+03
1.911683662799299327e+03 1.931510914176608821e+03
1.819551950154676888e+03 1.839832548276419402e+03
1.721968760716051293e+03 1.742589217550678313e+03
1.620837669611184765e+03 1.641695348489884964e+03
1.518264027143248086e+03 1.539275375981132356e+03
1.416433544184375251e+03 1.437537373658838987e+03
1.317847606435299440e+03 1.339011498660028792e+03
1.224935668266514995e+03 1.246156260136288211e+03
1.140037090513680141e+03 1.161340666081264317e+03
1.065111494223486943e+03 1.086545921317258944e+03
1.001619118274978973e+03 1.023254033239613591e+03
9.498720895891071905e+02 9.717893663922420728e+02
9.094988382414893522e+02 9.317872390204763633e+02
8.789480107778756519e+02 9.016974171946519618e+02
8.561536265357625552e+02 8.794472966841682364e+02
8.383757403436732147e+02 8.622803822113708065e+02
8.226715840470396870e+02 8.472230889325185217e+02
8.059197920253629945e+02 8.311051709437540467e+02
7.853352689028027953e+02 8.110794632001899345e+02
7.587825737975202856e+02 7.849448194496674205e+02
7.252697805137628393e+02 7.516594676451189798e+02
6.849880868874231510e+02 7.113946156305045179e+02
6.392829271166831404e+02 6.655120275622290364e+02
5.906007369837518581e+02 6.165141512795961489e+02
5.424014961175262215e+02 5.679476094763954279e+02
4.983381742194425215e+02 5.235542341393187371e+02
4.612075600631442853e+02 4.861978081807871490e+02
4.321667160370821534e+02 4.570638111505680854e+02
4.108190955588777911e+02 4.357558505834212497e+02
3.958122158797936549e+02 4.209078140131059627e+02
3.850474262324547681e+02 4.103910027589802212e+02
3.755231501914601608e+02 4.011388411954926028e+02
3.639810556509175967e+02 3.897959208171068326e+02
3.483330154924778412e+02 3.741892973379107161e+02
3.283640618871672814e+02 3.540749224091226210e+02
3.053051761320526793e+02 3.307148100258638124e+02
2.813647480065816922e+02 3.063939722632522944e+02
2.592231336623511879e+02 2.838887580190006474e+02
2.409289058979698268e+02 2.653198078795608126e+02
2.271385184781288729e+02 2.513700230893594778e+02
2.171721191925588244e+02 2.413468150789232425e+02
2.091833948192350476e+02 2.333506070233895855e+02
2.008733247532184407e+02 2.249992820467687125e+02
1.908237988994072225e+02 2.148103193291881610e+02
1.789253707936788373e+02 2.026604640547056420e+02
1.661077153038709753e+02 1.895162522079606902e+02
1.540177408568318072e+02 1.770976727994894304e+02
1.439311246283834862e+02 1.667383037810551514e+02
1.359896562753049238e+02 1.585904515305780933e+02
1.294372705698757215e+02 1.518704576438960601e+02
1.230663973885667417e+02 1.453182577132741926e+02
1.160406824070629597e+02 1.380554447251406600e+02
1.084891627232174898e+02 1.302150531490426886e+02
1.011156476899348320e+02 1.225366530549661945e+02
9.460590922484361442e+01 1.157427852858696582e+02
8.912138651704958647e+01 1.100058733481675262e+02
8.421960303204367904e+01 1.048630482889836628e+02
7.935275883486551152e+01 9.973814365986257258e+01
7.437281777932552984e+01 9.447482037439812075e+01
6.952588428414220800e+01 8.933349085498218756e+01
6.513186764142258767e+01 8.465361433370004818e+01
6.121561673691439154e+01 8.046312547049737418e+01
5.756203694301684948e+01 7.653569575032675232e+01
5.398691265148141127e+01 7.267683317213960947e+01
5.053340657141202286e+01 6.893299342660394302e+01
4.732705678386479775e+01 6.543843601570605983e+01
4.439009044741485610e+01 6.221788025289764335e+01
4.162921808011014946e+01 5.917307057510576129e+01
3.898728984281394361e+01 5.624393442569012080e+01
3.649392703019869089e+01 5.346279135491988654e+01
3.417661731865994312e+01 5.085977083485541783e+01
3.201002996101560427e+01 4.840863872522637479e+01
2.996214652465787864e+01 4.607591957704720897e+01
2.803445375059943956e+01 4.386388027807227274e+01
2.623282434237505001e+01 4.177947287083314620e+01
2.454342081554370480e+01 3.980853201518130646e+01
2.295713255184204726e+01 3.794196010747999281e+01
2.146922373069711298e+01 3.617528904135354395e+01
2.007399266673206739e+01 3.450288640857974087e+01
1.876599548289920705e+01 3.291939936754930329e+01
1.754008074344010026e+01 3.141979279591446783e+01
1.639137594330597381e+01 2.999932992791961084e+01
1.531527444664448012e+01 2.865355419005432935e+01
1.430742287398787127e+01 2.737827216060395585e+01
1.336370525778207963e+01 2.616951466364484347e+01
1.248021805495552350e+01 2.502343440650350814e+01
1.165327593611951684e+01 2.393639001830952751e+01
1.087940691370139135e+01 2.290497146920052884e+01
1.015534090148607582e+01 2.192598425311815546e+01
9.477998818290336303e+00 2.099643470512883070e+01
8.844482217875587082e+00 2.011351638556920207e+01
8.252063431234599733e+00 1.927459697313457809e+01
7.698176622592832530e+00 1.847717638554106401e+01
7.180408980731078472e+00 1.771886404650676639e+01
6.696491474780384756e+00 1.699741934902756668e+01
6.244290786117714376e+00 1.631074560277027530e+01
5.821801717473197968e+00 1.565687990604195790e+01
5.427139987011266875e+00 1.503398378897725429e+01
5.058535390799721476e+00 1.444033456507987623e+01
4.714325176281217722e+00 1.387431421475238302e+01
4.392946820560743149e+00 1.333437706320791172e+01
4.092933146195957939e+00 1.281906063331344825e+01
3.812907555333049370e+00 1.232699611109624094e+01
3.551578726819845322e+00 1.185690189889152002e+01
3.307735595254744254e+00 1.140757749862957660e+01
3.080242606089647950e+00 1.097789786381660981e+01
2.868035233209888624e+00 1.056680817473609402e+01
2.670115847273030418e+00 1.017331474500665678e+01
2.485549847665344814e+00 9.796474233180447300e+00
2.313461604868737975e+00 9.435400514418441631e+00
2.153030865302541397e+00 9.089262724503004875e+00
2.003489409922238895e+00 8.757281484424121132e+00
1.864117902093607615e+00 8.438725408184238219e+00
1.734242914950306691e+00 8.132907870687899887e+00
1.613234113694020255e+00 7.839183892994671332e+00
1.500501356727805158e+00 7.556945209370839578e+00
1.395492325771327646e+00 7.285618300898197397e+00
1.297690460752997765e+00 7.024664217080659689e+00
1.206612739384628652e+00 6.773576385885633933e+00
1.121807578687786577e+00 6.531878504361086080e+00
1.042852861775662499e+00 6.299122579588561699e+00
9.693540828681077581e-01 6.074887108114999990e+00
9.009425919538012195e-01 5.858775712110275258e+00
8.372739189843081409e-01 5.650416704541038726e+00
7.780262876378414294e-01 5.449460330712641465e+00
7.228991857265070209e-01 5.255576926199280408e+00
6.716120046885762918e-01 5.068455668838210748e+00
6.239027626721194153e-01 4.887803413973020206e+00
5.795269063382915142e-01 4.713343606614480485e+00
5.382561864149680853e-01 4.544815295910122011e+00
