2.499771285294489280e+04 2.484738611419024164e+04
2.523918929666033728e+04 2.508315803111066998e+04
2.546962953586489675e+04 2.530777386841893167e+04
2.568826669541317824e+04 2.552047063063100359e+04
2.589431477592038209e+04 2.572046805734681402e+04
2.608695721556771605e+04 2.590695804520233287e+04
2.626538005409842663e+04 2.607913616844870194e+04
2.642876974190160763e+04 2.623619938465648374e+04
2.657627275851410377e+04 2.637730597803968340e+04
2.670703169962585525e+04 2.650161146981671845e+04
2.682020764048167985e+04 2.660829088316000343e+04
2.691495288131854613e+04 2.669651229598952705e+04
2.699040890072347611e+04 2.676543498650167021e+04
2.704574803543024245e+04 2.681425017130019114e+04
2.708016800052128383e+04 2.684217583557767648e+04
2.709285708791637808e+04 2.684842316123607088e+04
2.708303983088077075e+04 2.683224091202071213e+04
2.704999494289845461e+04 2.679293296019425179e+04
2.699303218112359900e+04 2.672983674033856005e+04
2.691150330457441669e+04 2.664233383766197221e+04
2.680483449727561310e+04 2.652988076133088180e+04
2.667252973062285309e+04 2.639201312618305019e+04
2.651417010249296436e+04 2.622834664880536729e+04
2.632942876165616326e+04 2.603858935530959207e+04
2.611808142555398445e+04 2.582255161639985090e+04
2.588004196490805043e+04 2.558018435005604260e+04
2.561535235497234680e+04 2.531156726134153359e+04
2.532416544187241016e+04 2.501688926983076817e+04
2.500680547189116623e+04 2.469651054212489908e+04
2.466382167718067649e+04 2.435101730816752388e+04
2.429588142214235268e+04 2.398111111705136500e+04
2.390378811559185488e+04 2.358762643715408558e+04
2.348867763491078586e+04 2.317172955447390268e+04
2.305186383146200023e+04 2.273476136038776167e+04
2.259472957220398166e+04 2.227812656481090016e+04
2.211894979096985844e+04 2.180351767353737523e+04
2.162655002648085792e+04 2.131297342333504639e+04
2.111956608976907228e+04 2.080853661269664372e+04
2.060012739311335827e+04 2.029233681358724789e+04
2.007088634670967440e+04 1.976701755986365970e+04
1.953454342769146751e+04 1.923526368555881345e+04
1.899366728536236769e+04 1.869962262683619701e+04
1.845110306188395043e+04 1.816290818293143093e+04
1.790990566283179214e+04 1.762813496559665873e+04
1.737287460684902908e+04 1.709805970991378854e+04
1.684278498679479526e+04 1.657540576938343656e+04
1.632292335805289258e+04 1.606338361284699567e+04
1.581635092914861525e+04 1.556497780746252283e+04
1.532571342867827479e+04 1.508276327351873988e+04
1.485294463915148481e+04 1.461860813811102889e+04
1.439944517552566685e+04 1.417385337023934153e+04
1.396638683633886831e+04 1.374961818178426256e+04
1.355527439932185371e+04 1.334733371230942066e+04
1.316858291534053023e+04 1.296934846498277329e+04
1.280862298739744620e+04 1.261785605135155492e+04
1.247675161404608116e+04 1.229413162324746008e+04
1.217050245155986886e+04 1.199573552784760432e+04
1.188638326952400712e+04 1.171923280046836408e+04
1.162122990309792840e+04 1.146151246031816117e+04
1.137223938360496686e+04 1.121983033579013500e+04
1.113686810948332277e+04 1.099169949162146622e+04
1.091231898243824435e+04 1.077439564326954314e+04
1.069470987239875285e+04 1.056416457696659381e+04
1.048016724557854286e+04 1.035726002587517723e+04
1.026411110970535810e+04 1.014927802180420986e+04
1.004145452136333734e+04 9.935339343258718145e+03
9.807230641690930497e+03 9.710685339551655488e+03
9.556213464249323806e+03 9.470338523335463833e+03
9.283972525332588702e+03 9.210072109878625270e+03
8.987893218102612082e+03 8.927434665521970601e+03
8.666737283174090408e+03 8.621275365023791892e+03
8.321964410339438473e+03 8.293048385597116066e+03
7.956658173736479512e+03 7.945742619617213677e+03
7.576431741331665762e+03 7.584766407994883593e+03
7.187855076540584378e+03 7.216421578489056628e+03
6.798482802752379030e+03 6.847924297449913865e+03
6.415895924375357026e+03 6.486491793986471748e+03
6.047881490933096757e+03 6.139510745482920356e+03
5.702136874384919793e+03 5.814209104385280625e+03
5.385812578453236711e+03 5.517288905935410185e+03
5.104370537542861712e+03 5.253799100112470114e+03
4.861729718239913382e+03 5.027299924473001738e+03
4.658065104656039694e+03 4.837826821027605547e+03
4.490897947306873903e+03 4.682901666631372791e+03
4.353834706978072973e+03 4.556418522124395167e+03
4.238633467522001411e+03 4.450543367120487346e+03
4.135087181644727025e+03 4.355647441228622483e+03
4.032689552692959751e+03 4.261834032100914555e+03
3.921328603675357499e+03 4.159582343539881549e+03
3.792765138607110202e+03 4.041147234700717945e+03
3.642066018341276958e+03 3.901903179924923279e+03
3.468391446142820314e+03 3.741092106087462071e+03
3.275366901430386406e+03 3.562194334472092123e+03
3.070289870715950201e+03 3.372143367038253018e+03
2.863350704950301406e+03 3.180545492436042423e+03
2.666434737182045865e+03 2.998516995462645355e+03
2.490994296942955316e+03 2.836647443857178132e+03
2.344563734337927599e+03 2.701770719904591715e+03
2.228479475773085142e+03 2.594956171577186979e+03
2.138527682453037414e+03 2.512177977939725679e+03
2.067055687619809305e+03 2.446300871430864845e+03
2.004287724194796965e+03 2.388289205557081004e+03
1.939008118491765799e+03 2.327811831788891141e+03
1.861359629502890357e+03 2.255812864192572306e+03
1.767356397929817831e+03 2.168682884099712737e+03
1.660315729247833588e+03 2.069573363363447243e+03
1.548227220526707242e+03 1.965912226408121796e+03
1.440586520183318271e+03 1.866411250649280191e+03
1.346292113169369486e+03 1.779090541758202789e+03
1.270128378380580443e+03 1.708129952331805953e+03
1.210810497944644112e+03 1.652224395203973245e+03
1.162266313418820801e+03 1.605834653932705578e+03
1.115830138412214637e+03 1.561179320452912179e+03
1.063855690963364850e+03 1.511462793558963767e+03
1.004089061368125726e+03 1.454759799667015159e+03
9.397784981401956657e+02 1.394053140960039627e+03
8.769282981528382379e+02 1.334696241277344598e+03
8.216225385931563778e+02 1.281984952017454361e+03
7.762778553894336255e+02 1.237913091559717486e+03
7.383659683940106788e+02 1.200191825596973558e+03
7.029432323686562540e+02 1.164525306460148613e+03
6.656516537422126021e+02 1.127207656024178505e+03
6.255936855451179781e+02 1.087542485110959660e+03
5.856262993153084153e+02 1.047999262278482092e+03
5.491993145888087611e+02 1.011460103428238540e+03
5.177678756001852207e+02 9.790702796103547598e+02
4.899654762949271571e+02 9.496433250462436035e+02
4.630542503308356004e+02 9.209295095687081130e+02
4.356172807114708121e+02 8.918111407244730344e+02
4.085224597908214150e+02 8.630143388202684491e+02
3.834283244017392462e+02 8.358478888604481654e+02
3.609635434178314881e+02 8.107671545230774655e+02
3.402055957155533292e+02 7.870288194369646817e+02
3.200307925442419332e+02 7.637739088639719967e+02
3.003451174318128665e+02 7.409443640226468233e+02
2.818502303397972923e+02 7.190596938117380432e+02
2.648651956066674416e+02 6.983337249447764634e+02
2.489828283268315090e+02 6.784567415980890246e+02
2.337564636496555011e+02 6.591099852223935613e+02
2.192645382630554138e+02 6.403479185309147397e+02
2.057422218293666560e+02 6.223220451708529026e+02
1.931115798274473434e+02 6.049682023858329103e+02
1.811516218590063261e+02 5.881352154530744656e+02
1.698363608433535035e+02 5.718023890855999980e+02
1.592306715993887849e+02 5.560031537722703661e+02
1.492849462080994556e+02 5.406989998723319104e+02
1.399258296812035383e+02 5.258408253441368743e+02
1.311162777780846227e+02 5.114008012816743758e+02
1.228287731315700455e+02 4.973570848299029308e+02
1.150366782089062383e+02 4.836892639311365087e+02
1.077142601035527889e+02 4.703782737564071681e+02
1.008367080479917206e+02 4.574063191415000915e+02
9.438014432689014654e+01 4.447568024942617058e+02
8.832156085191962802e+01 4.324142344637189126e+02
8.263799618919802015e+01 4.203638893458690404e+02
7.730703898804011942e+01 4.085918659862915661e+02
7.230756063987098514e+01 3.970852723921741472e+02
6.761965992199446873e+01 3.858321768226048789e+02
6.322459344298489725e+01 3.748215565018675761e+02
5.910470996785099373e+01 3.640432493472272881e+02
5.524338859231302479e+01 3.534879092743645401e+02
5.162504968461806243e+01 3.431473027897830548e+02
4.823517626320604990e+01 3.330147229425998034e+02
4.506008058936698291e+01 3.230841428982968182e+02
4.208683406570133911e+01 3.133500440003097083e+02
3.930323000182920623e+01 3.038073871205002661e+02
3.669774782350049236e+01 2.944515850108439281e+02
3.425951869985689058e+01 2.852784755613727725e+02
3.197828918366027651e+01 2.762843483384920660e+02
2.984436114031749199e+01 2.674663875433039948e+02
2.784858469636649403e+01 2.588223547376327360e+02
2.598235042115291549e+01 2.503502305523049927e+02
2.423755972936298519e+01 2.420481926311538530e+02
2.260659649321258513e+01 2.339145983607371306e+02
2.108230009129560756e+01 2.259479680135568174e+02
1.965793984535773120e+01 2.181469711710765580e+02
1.832719244984784623e+01 2.105107750156775239e+02
1.708411996498291785e+01 2.030393150450543658e+02
1.592314439521212499e+01 1.957325555719420436e+02
1.483902678681051412e+01 1.885903910823259650e+02
1.382684785120446946e+01 1.816126410384190137e+02
1.288198960222910117e+01 1.747990450734567958e+02
1.200011796123802732e+01 1.681492585881780997e+02
1.117716592617672866e+01 1.616629513588906377e+02
1.040931582852146242e+01 1.553404541299097161e+02
9.692986751979779214e+00 1.491822123880497202e+02
9.024821893919506621e+00 1.431883922674826977e+02
8.401675210444238928e+00 1.373588888495744413e+02
7.820598799882310104e+00 1.316933370367860334e+02
7.278830994856157588e+00 1.261911226966789741e+02
6.773785122944659953e+00 1.208513986934988225e+02
6.303038697569951943e+00 1.156733737819049281e+02
5.864323382476463564e+00 1.106564202542820681e+02
5.455515939882036314e+00 1.057996228996382513e+02
5.074629361145752249e+00 1.011017582465765656e+02
4.719804479747783610e+00 9.656131669321477773e+01
4.389302073531349713e+00 9.217652432444386079e+01
4.081495429698476229e+00 8.794536433624932670e+01
3.794863285881471704e+00 8.386562275081892892e+01
3.527982984431945468e+00 7.993502008229398825e+01
