2.071750543081186697e+04 2.055303449200885007e+04
2.100692370380300417e+04 2.083545833411001513e+04
2.129039482415026214e+04 2.111173539784922104e+04
2.156724031905249285e+04 2.138118911316827143e+04
2.183674007051936132e+04 2.164310429788694091e+04
2.209815717127626704e+04 2.189675034836193663e+04
2.235074154967733921e+04 2.214138456943734491e+04
2.259369884922292476e+04 2.237622130621461838e+04
2.282620499080145964e+04 2.260044651051004257e+04
2.304743069317737900e+04 2.281324218039189145e+04
2.325652701943400461e+04 2.301377241352347119e+04
2.345260855179337159e+04 2.320116717481533487e+04
2.363478889042290393e+04 2.337455699804031974e+04
2.380218376004560923e+04 2.353307611895663285e+04
2.395387591729007909e+04 2.367582839302218053e+04
2.408894190676833023e+04 2.380191352893450312e+04
2.420647787316782706e+04 2.391045236149341144e+04
2.430558298872470914e+04 2.400057100550148607e+04
2.438535129424342813e+04 2.407139315582086419e+04
2.444490987530681741e+04 2.412207707941837725e+04
2.448342389511004149e+04 2.415182067995698162e+04
2.450008118676087179e+04 2.415984721283274484e+04
2.449411532609405913e+04 2.414542729569997755e+04
2.446482200222605024e+04 2.410789458228021977e+04
2.441156858382575228e+04 2.404665597896685722e+04
2.433380131490874919e+04 2.396119880081915107e+04
2.423104814572265605e+04 2.385109230190221206e+04
2.410293840274678223e+04 2.371600718712150410e+04
2.394925527126683664e+04 2.355576840284424179e+04
2.376989468824314827e+04 2.337031298929642799e+04
2.356485715410863122e+04 2.315968130252453921e+04
2.333435712431943466e+04 2.292412591324029927e+04
2.307881531405305941e+04 2.266410337176119720e+04
2.279875203973424868e+04 2.238016724665819493e+04
2.249486327480419641e+04 2.207304341068224312e+04
2.216819989832735519e+04 2.174380772706228890e+04
2.181993462349377660e+04 2.139365371101156779e+04
2.145132315493884744e+04 2.102385360152036446e+04
2.106403435234724748e+04 2.063608536626312707e+04
2.066001817583702723e+04 2.023230101850874053e+04
2.024121207028767822e+04 1.981443528337407042e+04
1.980971784539548389e+04 1.938458121425599893e+04
1.936805929945885509e+04 1.894524551484293988e+04
1.891871855276995484e+04 1.849888814001183709e+04
1.846412288827203884e+04 1.804790924585334869e+04
1.800731162350075829e+04 1.759530782484426891e+04
1.755152407394821421e+04 1.714427434946384165e+04
1.709972660383857146e+04 1.669772434727957443e+04
1.665447312255696306e+04 1.625816693644458064e+04
1.621780640963729093e+04 1.582761269538545639e+04
1.579152619689839958e+04 1.540782944407932882e+04
1.537745578983455744e+04 1.500060373424394857e+04
1.497881155298220983e+04 1.460908480768750087e+04
1.459915044189523178e+04 1.423675238322473888e+04
1.424156134022259539e+04 1.388662580180305304e+04
1.390696545947590857e+04 1.355961455234049026e+04
1.359439080278203073e+04 1.325478755877123876e+04
1.330284217904309844e+04 1.297119226266582518e+04
1.303090616494375536e+04 1.270747777882565606e+04
1.277678369932960049e+04 1.246192615286210457e+04
1.253867867661128003e+04 1.223282332625768140e+04
1.231385748522864014e+04 1.201754833284681445e+04
1.209919082859502487e+04 1.181309553819141183e+04
1.189134026762109534e+04 1.161624971849959184e+04
1.168616135398506776e+04 1.142300008301781781e+04
1.147949088057292829e+04 1.122930240351775319e+04
1.126633554444187212e+04 1.103026841033410710e+04
1.104153827317883224e+04 1.082081709800861427e+04
1.080002563874728185e+04 1.059590239730834946e+04
1.053697640942593353e+04 1.035067520975568732e+04
1.024887611842812476e+04 1.008153204955963338e+04
9.933703661804098374e+03 9.786303225452393235e+03
9.591603885154247109e+03 9.464950435393502630e+03
9.224918839700572789e+03 9.119614064534212957e+03
8.838225176482479583e+03 8.754682089225383606e+03
8.437695554722109591e+03 8.376163759748906159e+03
8.030859861682152768e+03 7.991467481215381667e+03
7.625808995806762141e+03 7.608592940221962635e+03
7.231315345464832717e+03 7.236249269130897119e+03
6.855539168082260403e+03 6.882559257226776936e+03
6.506782034296953498e+03 6.555781022966627461e+03
6.191786877150841974e+03 6.262661074433503927e+03
5.915655740884378247e+03 6.008310188126299181e+03
5.680362088516431868e+03 5.794794013894597811e+03
5.484735160722917499e+03 5.621078158917323890e+03
5.323580094293807633e+03 5.482168640522460009e+03
5.189057157320964507e+03 5.370404680909642593e+03
5.070614600410139246e+03 5.275327121701100623e+03
4.956724755482593537e+03 5.185308300807623709e+03
4.835742183345933881e+03 5.088362323568411739e+03
4.697363731372388429e+03 4.973613342191218180e+03
4.534417824935030694e+03 4.833229398558272806e+03
4.344079602517896092e+03 4.663822273827122444e+03
4.128672700570831694e+03 4.467456757502981418e+03
3.895420716301250650e+03 4.251501597612543264e+03
3.655385696276160616e+03 4.027492336360672198e+03
3.422060971272302595e+03 3.809564256496657890e+03
3.209113889292864769e+03 3.611994583877393325e+03
3.027176257400151371e+03 3.445828940600785245e+03
2.880718573115589152e+03 3.315717900971221297e+03
2.767109368599277786e+03 3.219039444788910259e+03
2.678270296186063206e+03 3.147590666050796244e+03
2.602752621984934649e+03 3.089585579890832378e+03
2.527122403921227487e+03 3.030904403915177681e+03
2.438495485292754893e+03 2.957680483502781044e+03
2.329368274566009859e+03 2.861601198048165315e+03
2.201108389447219906e+03 2.743955845830933868e+03
2.062541814165207143e+03 2.614248984600550102e+03
1.925948735648981028e+03 2.485742464011410448e+03
1.803507198239590480e+03 2.371440889695226360e+03
1.703340304892933773e+03 2.279871673218542583e+03
1.626049623291176658e+03 2.211595821874849207e+03
1.564897819165703140e+03 2.159521937958193121e+03
1.508852128329201832e+03 2.112014881895982398e+03
1.446574529345107976e+03 2.057001908746271511e+03
1.372657258071570823e+03 1.988695714341486337e+03
1.289922159734259139e+03 1.910202158293703633e+03
1.206566516578468281e+03 1.830381523442421440e+03
1.131765772244717709e+03 1.758945265630877884e+03
1.070757081080382250e+03 1.701260140787702085e+03
1.021508218277130595e+03 1.655086032845322961e+03
9.769881372760083877e+02 1.613086064473091028e+03
9.299689369650493518e+02 1.567805503133886077e+03
8.776336189361417155e+02 1.516447683209001298e+03
8.233904935158769831e+02 1.462667593668695645e+03
7.731537918079001201e+02 1.412542602742518284e+03
7.303272787137112800e+02 1.369415062030786885e+03
6.936259535475003304e+02 1.331890386927615509e+03
6.585836404418321308e+02 1.295526144992419404e+03
6.219985702603058826e+02 1.257260593963225119e+03
5.846540382033903143e+02 1.217970227937365053e+03
5.496439772639840839e+02 1.180661852954082860e+03
5.187688146540139087e+02 1.146974375782796415e+03
4.908118373332832221e+02 1.115710338147831862e+03
4.634782525830169675e+02 1.084778683131373782e+03
4.361201536180444691e+02 1.053662247828846830e+03
4.100972907887583006e+02 1.023600703080914741e+03
3.864210671272967943e+02 9.954413531899912186e+02
3.645093261173982455e+02 9.686536723023228888e+02
3.432969128215170826e+02 9.423630769168847792e+02
3.227899689203383673e+02 9.166030674385923476e+02
3.036345640385823685e+02 8.918819368535089325e+02
2.858584054007162649e+02 8.681976192975761251e+02
2.689554435495094253e+02 8.451661889283116125e+02
2.527952238236280209e+02 8.227007251187548036e+02
2.376257940490324359e+02 8.009680165025714587e+02
2.234186579119856333e+02 7.799385673345871055e+02
2.099975400573942750e+02 7.594912339629710232e+02
1.973129312212863624e+02 7.395834826159738213e+02
1.853347550740861323e+02 7.201870746440658877e+02
1.740329870452907528e+02 7.012756136821474229e+02
1.633778109803451173e+02 6.828244428462413680e+02
1.533397570343619236e+02 6.648105492056253070e+02
1.438898218482260063e+02 6.472124748799724330e+02
1.349988366635865873e+02 6.300092157571086773e+02
1.266355476605887844e+02 6.131770683143381575e+02
1.187695867994703605e+02 5.966931222415959155e+02
1.113723065373993819e+02 5.805363655366732019e+02
1.044166819332469487e+02 5.646875895735785207e+02
9.787721845507221019e+01 5.491293008238280891e+02
9.172986515064273760e+01 5.338456383996723389e+02
8.595193429838725763e+01 5.188223003135600493e+02
8.052221559152761188e+01 5.040469756954872196e+02
7.542102882216494208e+01 4.895097118875389697e+02
7.062974408510910962e+01 4.752018465960102844e+02
6.613068577701847062e+01 4.611158185199880108e+02
6.190709181042349485e+01 4.472451123791375380e+02
5.794307393112882210e+01 4.335842051905608514e+02
5.422357916341492512e+01 4.201285135014456955e+02
5.073435005457816516e+01 4.068744176771185153e+02
4.746183767105569729e+01 3.938209322021504022e+02
4.439318205269756135e+01 3.809694198265100340e+02
4.151623923088673251e+01 3.683215810328679822e+02
3.881954721058960445e+01 3.558793302496570163e+02
3.629229069103466543e+01 3.436447643226305786e+02
3.392426739631419252e+01 3.316201311778798413e+02
3.170585595761932751e+01 3.198077987419383703e+02
2.962798588211190776e+01 3.082105630740330184e+02
2.768211259592547080e+01 2.968341638809524170e+02
2.586018583889416789e+01 2.856853748413474818e+02
2.415462033668228159e+01 2.747702903460846073e+02
2.255827088457997931e+01 2.640943199323388626e+02
2.106440864566370763e+01 2.536621997857159272e+02
1.966669858994716691e+01 2.434780060078570614e+02
1.835917802952125655e+01 2.335451695311182618e+02
1.713623530722544430e+01 2.238668967726501933e+02
1.599258811115730872e+01 2.144472945211031742e+02
1.492326852062308085e+01 2.052899299850214447e+02
1.392360634496219696e+01 1.963974228878439590e+02
1.298921230555368744e+01 1.877714959312904170e+02
1.211596209184085815e+01 1.794130261353032552e+02
1.129998125148550869e+01 1.713220966870930511e+02
1.053763087010796973e+01 1.634980500924011722e+02
9.825493315499915781e+00 1.559396740480295591e+02
9.160359010925731127e+00 1.486453450391078093e+02
8.539215763108199297e+00 1.416128086462264548e+02
7.959237365728346170e+00 1.348392026292568744e+02
7.417772653490217749e+00 1.283211125046822190e+02
6.912335160284090563e+00 1.220546255397846238e+02
6.440593351039620273e+00 1.160353829645386980e+02
