1.881500551528474170e+04 1.869311819038847898e+04
1.904725308830558060e+04 1.892037647164058944e+04
1.927325088246486484e+04 1.914124991087326271e+04
1.949240713214815332e+04 1.935514971401292496e+04
1.970411803444753605e+04 1.956147593761308235e+04
1.990777173637314627e+04 1.975962126990544857e+04
2.010272888812830570e+04 1.994895161070620816e+04
2.028833410865243422e+04 2.012881758557805733e+04
2.046393087430470041e+04 2.029856947294544807e+04
2.062884363501926782e+04 2.045753970407093584e+04
2.078236384154606276e+04 2.060502922856321675e+04
2.092378485883683607e+04 2.074034190628090801e+04
2.105240352327845903e+04 2.086278612547493685e+04
2.116749534491611121e+04 2.097165062692813081e+04
2.126833800412970595e+04 2.106622759990037957e+04
2.135422714903271844e+04 2.114582822197745918e+04
2.142445501965838412e+04 2.120976196789391179e+04
2.147830850580366678e+04 2.125733484226972359e+04
2.151510365918215030e+04 2.128788304185524248e+04
2.153418510873025298e+04 2.130077259596851945e+04
2.153490812137459579e+04 2.129538242295471719e+04
2.151666609767057889e+04 2.127113072679770994e+04
2.147890311211032895e+04 2.122748714471174026e+04
2.142111219055752008e+04 2.116397211130541473e+04
2.134284157747243808e+04 2.108016278312768554e+04
2.124370587977604373e+04 2.097570294008604105e+04
2.112340032771907136e+04 2.085031768658353030e+04
2.098172094928886509e+04 2.070383452932860746e+04
2.081854700262432016e+04 2.053616400061859531e+04
2.063384756808274688e+04 2.034730584183866813e+04
2.042775414487316448e+04 2.013742273485244004e+04
2.020052773747612082e+04 1.990680630354671666e+04
1.995251360744132762e+04 1.965583061217294744e+04
1.968422718965695094e+04 1.938503839576933387e+04
1.939642142430406602e+04 1.909520843399270234e+04
1.908993155426967496e+04 1.878719889570024679e+04
1.876569519853954989e+04 1.846196709724152970e+04
1.842497889890959414e+04 1.812079586316621135e+04
1.806918556773436285e+04 1.776510040782193755e+04
1.769973497931156817e+04 1.739630860841299000e+04
1.731831962287093484e+04 1.701611523951428535e+04
1.692694376529608417e+04 1.662652038756008551e+04
1.652756077590589484e+04 1.622946884016028525e+04
1.612214428450478590e+04 1.582692078352630051e+04
1.571301135318992601e+04 1.542117221066916863e+04
1.530244207235970134e+04 1.501447785295121321e+04
1.489257114226652448e+04 1.460894386408129503e+04
1.448587114233535249e+04 1.420700131013981263e+04
1.408503357872794913e+04 1.381128993220174743e+04
1.369248671170774105e+04 1.342418690230592802e+04
1.331024718354571087e+04 1.304766267548539508e+04
1.293969055851017401e+04 1.268305763341058264e+04
1.258194588545193801e+04 1.233146899021590798e+04
1.223809211062415670e+04 1.199394225898677905e+04
1.191018664632624132e+04 1.167246447480499410e+04
1.160072771839237612e+04 1.136944646339835708e+04
1.131189612816983390e+04 1.108699227097659241e+04
1.104383704331970512e+04 1.082522746095818366e+04
1.079424232890114581e+04 1.058189218917333710e+04
1.056082728784923893e+04 1.035475153663650417e+04
1.034145575218113845e+04 1.014172220463507256e+04
1.013410470058431929e+04 9.940839301233589140e+03
9.936845849676892612e+03 9.750231006975649507e+03
9.747089094380657116e+03 9.567391919329167649e+03
9.561817698158163694e+03 9.389406434387163245e+03
9.377952211527046529e+03 9.213297796966164242e+03
9.191695299207573044e+03 9.035402479477137604e+03
8.999291585569535528e+03 8.852090161974221701e+03
8.796634716565718918e+03 8.659393931324168079e+03
8.579606150133491610e+03 8.453325496842113353e+03
8.344919573602470336e+03 8.230696902200666955e+03
8.090250064198547989e+03 7.989246248843258400e+03
7.814740282146808568e+03 7.728122810452515296e+03
7.519415078438631099e+03 7.448303736423842565e+03
7.206954824373950032e+03 7.152360811357953025e+03
6.881937284424109748e+03 6.844713481011533077e+03
6.549903039174771038e+03 6.530704220834539228e+03
6.217062461815544339e+03 6.216326424202266026e+03
5.889909681182223721e+03 5.907835445788374273e+03
5.574826160601565789e+03 5.611370340534465868e+03
5.278352936957195197e+03 5.333177503764514768e+03
5.006056535618595262e+03 5.078589845339811291e+03
4.762704676162653413e+03 4.852101584441377781e+03
4.551353716305156922e+03 4.656605591201234347e+03
4.372254351639352535e+03 4.492270297259815379e+03
4.223212101928842458e+03 4.356961636779962646e+03
4.098952267586249945e+03 4.245597733102963502e+03
3.992212845035016926e+03 4.151208683049670981e+03
3.894426105893845033e+03 4.065549568664885101e+03
3.796538918820820072e+03 3.979878102462558672e+03
3.690190621629971247e+03 3.886062734799372720e+03
3.568556454786004906e+03 3.777403167154467155e+03
3.427795675394481805e+03 3.650078566050404788e+03
3.267684689606413031e+03 3.503794275747885877e+03
3.091674489888877360e+03 3.341871796162915871e+03
2.906392321226517652e+03 3.170773222588961744e+03
2.720740663612214576e+03 2.999172442867806240e+03
2.544801907028636379e+03 2.836835139142971457e+03
2.387998420103881926e+03 2.692816780068180833e+03
2.256597019206012646e+03 2.573066042203036432e+03
2.151600192611607326e+03 2.478456556559588535e+03
2.068888515378015200e+03 2.404993428610325282e+03
2.001232927934420559e+03 2.345740783100820863e+03
1.939837420153934090e+03 2.292254477055230382e+03
1.875148690053375731e+03 2.235313547533547990e+03
1.799065178661112668e+03 2.167050319848421168e+03
1.708600353466084471e+03 2.084554923000593590e+03
1.607269473779792406e+03 1.991270332565476338e+03
1.502636031695827342e+03 1.894577345304031724e+03
1.403269690931564810e+03 1.802758497733644617e+03
1.316671741895094783e+03 1.722948414487728542e+03
1.246495385485697625e+03 1.658526445768336998e+03
1.190974380847036173e+03 1.607724073336269839e+03
1.144167245420503377e+03 1.564867205582171664e+03
1.098266704555822344e+03 1.522551148987685110e+03
1.046815421711392901e+03 1.474673437635053915e+03
9.883396271449098549e+02 1.419896994829651476e+03
9.264603180608550019e+02 1.361727964586264989e+03
8.668833573259825016e+02 1.305578188176549929e+03
8.147940445841728661e+02 1.256250132884845925e+03
7.718902149844261658e+02 1.215226055912674383e+03
7.353377423772136581e+02 1.179817517450839432e+03
7.003968932414395567e+02 1.145652913036260998e+03
6.633866286234888321e+02 1.109400122001930868e+03
6.239890703895500792e+02 1.070841746248923300e+03
5.851816441684130723e+02 1.032723485888701816e+03
5.501294464686495758e+02 9.978701953019024131e+02
5.197914863293428880e+02 9.670727330160059410e+02
4.925560458965205726e+02 9.388625554963751938e+02
4.658419185296783667e+02 9.109861559467414054e+02
4.385971565524214384e+02 8.825733796025305082e+02
4.119108472535458532e+02 8.545925932093001620e+02
3.873566113316624637e+02 8.283693650994816835e+02
3.653091131545078838e+02 8.041801351489563103e+02
3.447226738702394755e+02 7.811390879094950606e+02
3.245963761731983368e+02 7.584401988274966016e+02
3.050047680004076938e+02 7.361623534466901901e+02
2.866790145500598896e+02 7.148820046477489996e+02
2.698192565268627163e+02 6.947348997166011486e+02
2.539527088342534284e+02 6.753474000870926375e+02
2.386937239894504899e+02 6.564334548473274253e+02
2.241932270579948749e+02 6.381063412665779424e+02
2.106677796534330867e+02 6.205127949792442905e+02
1.979904788284569861e+02 6.035527536533813873e+02
1.859503419795264278e+02 5.870775599603779256e+02
1.745569936672678466e+02 5.710909687098015866e+02
1.638740692452459768e+02 5.556272186288288140e+02
1.538226281289290398e+02 5.406308311677405527e+02
1.443489492742177163e+02 5.260615839006343322e+02
1.354238782316015204e+02 5.118956181594763848e+02
1.270195030977724997e+02 4.981107796758656150e+02
1.191089613026892238e+02 4.846863998103575568e+02
1.116664354950495834e+02 4.716032092344378270e+02
1.046671453797211910e+02 4.588432580245849408e+02
9.808731807777169820e+01 4.463898255000734707e+02
9.190371043765873083e+01 4.342269162712960338e+02
8.609368495973060931e+01 4.223392009271888128e+02
8.063578824226419783e+01 4.107124801209562861e+02
7.550972422614084678e+01 3.993336521364389569e+02
7.069629660798574378e+01 3.881906554900207880e+02
6.617735381263500472e+01 3.772724151489458677e+02
6.193573643027756503e+01 3.665687919712982534e+02
5.795525169457473424e+01 3.560707068497583805e+02
5.422068144528672207e+01 3.457705321270186687e+02
5.071764716701559195e+01 3.356614912551070802e+02
4.743254665814676940e+01 3.257374614474638292e+02
4.435251706446365461e+01 3.159929390235269580e+02
4.146539929850994355e+01 3.064230059470626770e+02
3.875970382168179640e+01 2.970232974042809246e+02
3.622457650403622154e+01 2.877900125151075486e+02
3.384975009775016730e+01 2.787204804071900526e+02
3.162552351880158952e+01 2.698129003703297712e+02
2.954274906575450288e+01 2.610657684342766629e+02
2.759280375427636045e+01 2.524778400346524165e+02
2.576756153388735981e+01 2.440481081736037936e+02
2.405936680628653335e+01 2.357757819045401959e+02
2.246100919717412481e+01 2.276602663287990822e+02
2.096569976961710680e+01 2.197016190980860415e+02
1.956704842145722978e+01 2.119011565303917166e+02
1.825904151024653288e+01 2.042602711872218890e+02
1.703602109724685931e+01 1.967802213461727945e+02
1.589266531941567884e+01 1.894621252872678951e+02
1.482396973884770475e+01 1.823069560920680487e+02
1.382522962878763728e+01 1.753155369718443808e+02
1.289202288058234025e+01 1.684886496637890332e+02
1.202019192561704664e+01 1.618279381846680280e+02
1.120583044039146436e+01 1.553352578776865300e+02
1.044527049022630472e+01 1.490120449904965767e+02
9.735068777946882079e+00 1.428593260367795779e+02
9.071993612148794739e+00 1.368777345486882098e+02
8.453012577062969157e+00 1.310675283328865248e+02
7.875280866398028046e+00 1.254286105712930066e+02
7.336129954698043854e+00 1.199608249479311866e+02
6.833057065019044529e+00 1.146641137813040672e+02
6.363715896986636089e+00 1.095380308793021698e+02
5.925907348825115939e+00 1.045817171768855047e+02
5.517570700204092127e+00 9.979393050782356056e+01
5.136775291614694261e+00 9.517307500385534524e+01
4.781712674659733153e+00 9.071722999026509626e+01
4.450689133911798656e+00 8.642419486832777409e+01
