1.922937849041377194e+04 1.911380893314449713e+04
1.944907765117200324e+04 1.932895418169241020e+04
1.966216247146835667e+04 1.953737372525808314e+04
1.986807047360929209e+04 1.973850808688965481e+04
2.006621228640845220e+04 1.993177257592325986e+04
2.025599372307993690e+04 2.011657834787472166e+04
2.043680921220915116e+04 2.029232586616303888e+04
2.060802611617434741e+04 2.045838934669360970e+04
2.076900798949510136e+04 2.061413992729582606e+04
2.091911844145402938e+04 2.075894958577056241e+04
2.105769091716781622e+04 2.089216164748627489e+04
2.118404403681717304e+04 2.101310588529168672e+04
2.129750620126194190e+04 2.112112266444359557e+04
2.139740256696329743e+04 2.121555035776050499e+04
2.148304203686625624e+04 2.129571279275037159e+04
2.155374963045879122e+04 2.136095082616118452e+04
2.160886867824169531e+04 2.141062458675198286e+04
2.164773113151325379e+04 2.144408490799878928e+04
2.166968398524238364e+04 2.146069896489746316e+04
2.167411019786793986e+04 2.145987057263968745e+04
2.166041512017541390e+04 2.144102756515282090e+04
2.162802456346945837e+04 2.140362016131156997e+04
2.157641352032326176e+04 2.134714822220711358e+04
2.150511069695511833e+04 2.127116599371390475e+04
2.141369517214756706e+04 2.117528027327816744e+04
2.130180877814954147e+04 2.105916107051213112e+04
2.116916467585758801e+04 2.092254943897697012e+04
2.101556947099815079e+04 2.076528110197799469e+04
2.084092563152900038e+04 2.058728846799902021e+04
2.064521723818297687e+04 2.038858440603263443e+04
2.042853919454399875e+04 2.016929196771600618e+04
2.019115460231829638e+04 1.992970316521120185e+04
1.993342452477652114e+04 1.967020617057435811e+04
1.965580361718958375e+04 1.939128031429639668e+04
1.935897607455096659e+04 1.909363356623748041e+04
1.904379379256867105e+04 1.877813949465337646e+04
1.871116995445893554e+04 1.844572921488444263e+04
1.836219758087352966e+04 1.809751046362890338e+04
1.799826978588782731e+04 1.773488827796443002e+04
1.762082335005664208e+04 1.735930690408518785e+04
1.723134827697575747e+04 1.697225904510277542e+04
1.683172141217684111e+04 1.657561865855616998e+04
1.642394207831642052e+04 1.617137709775947042e+04
1.600992955141259517e+04 1.576144128894780260e+04
1.559176464398284770e+04 1.534787416391621628e+04
1.517176552012415777e+04 1.493297026599279889e+04
1.475210451100282080e+04 1.451887536600505882e+04
1.433490772364928125e+04 1.410768404947869749e+04
1.392276506914055608e+04 1.370193943490279889e+04
1.351820016179975755e+04 1.330411527491820743e+04
1.312344187680560026e+04 1.291639332472044771e+04
1.274016896203558099e+04 1.254041200556725198e+04
1.236956060312399677e+04 1.217731697110339337e+04
1.201261740387735153e+04 1.182807860838614033e+04
1.167057127310787837e+04 1.149388784807727461e+04
1.134573109990836929e+04 1.117697180410453257e+04
1.104037212517618536e+04 1.087952686100478059e+04
1.075617680361964813e+04 1.060317691607126653e+04
1.049200174521339250e+04 1.034678809607687981e+04
1.024550036524640382e+04 1.010805199521628128e+04
1.001451253479401748e+04 9.884844428412712659e+03
9.796989434084922323e+03 9.675158274553787123e+03
9.591011544888719072e+03 9.477116018697388427e+03
9.394582755779025319e+03 9.288767429921455914e+03
9.204909022250312773e+03 9.107394197185971279e+03
9.019141748890910094e+03 8.930221921479122102e+03
8.834068306071987536e+03 8.754127208774390965e+03
8.646015855131186981e+03 8.575542551104595987e+03
8.451374656516105460e+03 8.390954072399443248e+03
8.246106913236893888e+03 8.196440227069952016e+03
8.026531971605498256e+03 7.988409269028856215e+03
7.789901924174297164e+03 7.764185111025010883e+03
7.534341435762669789e+03 7.521923788189141305e+03
7.259828162687785152e+03 7.261591148897032326e+03
6.967707537795621647e+03 6.984474798341631868e+03
6.661382841421095691e+03 6.693868957737795427e+03
6.345390879663998930e+03 6.394168091982368423e+03
6.025371524731636782e+03 6.090833891502946244e+03
5.707189175252565292e+03 5.789543366624241571e+03
5.396982742655045513e+03 5.496230414090503473e+03
5.100808402539495546e+03 5.216717918749428463e+03
4.824534389582172480e+03 4.956634686482171674e+03
4.573068438020688518e+03 4.720665542683638705e+03
4.350503393175868041e+03 4.512677420026988329e+03
4.158603136906476720e+03 4.334311258262860974e+03
3.997056511908663651e+03 4.185196607820654208e+03
3.862440269873252873e+03 4.062011453767870535e+03
3.749390584445500735e+03 3.959566151479216842e+03
3.650400033953708771e+03 3.870638079416867640e+03
3.557331277656806378e+03 3.787379260220373453e+03
3.461833269085996562e+03 3.701713723218053474e+03
3.356485275477669802e+03 3.606435949232624807e+03
3.235794314873111944e+03 3.496178146348896462e+03
3.097141998122579025e+03 3.368355785101290166e+03
2.941544190852480824e+03 3.223943415653970533e+03
2.773254684933244334e+03 3.067083596475933064e+03
2.599146535773797495e+03 2.904474352622928109e+03
2.427888430833267648e+03 2.744533820586791535e+03
2.268869943730165687e+03 2.596299742232988592e+03
2.130080835107874464e+03 2.467373843777779712e+03
2.015711637054890389e+03 2.361670588820998091e+03
1.924993016222130564e+03 2.278364281848196242e+03
1.853017683574225885e+03 2.212719183013758084e+03
1.792574011555583638e+03 2.157841410571987581e+03
1.735257374052338719e+03 2.105705253997435648e+03
1.672405315495054083e+03 2.048021595768705538e+03
1.597772022647686981e+03 1.978811350424189868e+03
1.510617445955455196e+03 1.897403986149559842e+03
1.415669245764627703e+03 1.808399634353171678e+03
1.320338681212950860e+03 1.718936160538308741e+03
1.232313279456503096e+03 1.636316502403061577e+03
1.157622383492573817e+03 1.566157206198336780e+03
1.097948738529389857e+03 1.509924871333190595e+03
1.050290162812082599e+03 1.464719558626087064e+03
1.008444543020714946e+03 1.424707892512586113e+03
9.653378769447397190e+02 1.383291178914767670e+03
9.162973252500707986e+02 1.336158004525027309e+03
8.616663788438900156e+02 1.283708698167467901e+03
8.055873570709491105e+02 1.229858258470293549e+03
7.533196520830172176e+02 1.179464710730328989e+03
7.088250066855243858e+02 1.136085189068607860e+03
6.722232269823031174e+02 1.099732766675206449e+03
6.400906626151022465e+02 1.067257394654127211e+03
6.082043175411306493e+02 1.034863393399337383e+03
5.740271462129279598e+02 1.000332375434954542e+03
5.383942859390813283e+02 9.644730536284873779e+02
5.043604132812492367e+02 9.300056307368877242e+02
4.742641125444008594e+02 8.989376357687855261e+02
4.481952783607023889e+02 8.712850745309433478e+02
4.241842689877439625e+02 8.453248766315085732e+02
4.001552809666424650e+02 8.193068580904873670e+02
3.758283875693169875e+02 7.930333049586241714e+02
3.525165187341069100e+02 7.676148042489204499e+02
3.313998286590158386e+02 7.439999556525692697e+02
3.123354167133180681e+02 7.220380785338072656e+02
2.942505356972548043e+02 7.008573679407875261e+02
2.764922158768267195e+02 6.799546950609283158e+02
2.594348886661239248e+02 6.596318080446545764e+02
2.436516854600599800e+02 6.403170097369443283e+02
2.290970618378621282e+02 6.219567222435174472e+02
2.152847158829254397e+02 6.041839257886018686e+02
2.020237480012927733e+02 5.868629105301605478e+02
1.895286552306220074e+02 5.701435380961063402e+02
1.779039898284364654e+02 5.540875700320059423e+02
1.669704184529981035e+02 5.385643157023799859e+02
1.565880069355028184e+02 5.234778034770801014e+02
1.468151059444379882e+02 5.088610092022182698e+02
1.376559854156194831e+02 4.947102914981975346e+02
1.290394642707757953e+02 4.809754633263339656e+02
1.209324230089953147e+02 4.676305799728226020e+02
1.133076641780862701e+02 4.546542740437757288e+02
1.061391793666906125e+02 4.420266290086216259e+02
9.940212032199777070e+01 4.297290930942431828e+02
9.307276857020059424e+01 4.177443995969495631e+02
8.712850381120513532e+01 4.060564930173977132e+02
8.154772551875254294e+01 3.946504562778237073e+02
7.630956016884965720e+01 3.835124214355839172e+02
7.139409128369540269e+01 3.726295306001864560e+02
6.678247775607715653e+01 3.619898946995347160e+02
6.245690230438903967e+01 3.515825411899260189e+02
5.840052129518688417e+01 3.413973648802355569e+02
5.459741664187439625e+01 3.314250816094047423e+02
5.103255011911990380e+01 3.216571931284984771e+02
4.769173652196411695e+01 3.120863367615920652e+02
4.456160256550489862e+01 3.027063482943539725e+02
4.162951914781057638e+01 2.935116490010770463e+02
3.888356227147726685e+01 2.844971694627866441e+02
3.631247767030908591e+01 2.756583203487166998e+02
3.390564690903975276e+01 2.669909641710235633e+02
3.165305491765794699e+01 2.584913879119420130e+02
2.954525638673012011e+01 2.501564223281689863e+02
2.757333771521609833e+01 2.419839401686126621e+02
2.572889985490628462e+01 2.339722545565387577e+02
2.400403475099795614e+01 2.261198694875013757e+02
2.239129878460695267e+01 2.184254623017127130e+02
2.088368749120350287e+01 2.108878665976735363e+02
1.947461150631418647e+01 2.035060555323489382e+02
1.815787366823774462e+01 1.962791553550015919e+02
1.692764683808992032e+01 1.892070550438758119e+02
1.577845339714797568e+01 1.822902693689145224e+02
1.470514613607771359e+01 1.755292272087823449e+02
1.370288961465196920e+01 1.689242373910972503e+02
1.276714245647057666e+01 1.624754856650428394e+02
1.189364055971042511e+01 1.561830321074438075e+02
1.107838118301145869e+01 1.500468090405009605e+02
1.031760719768151979e+01 1.440668928296507261e+02
9.607791622239881590e+00 1.382440430319402651e+02
8.945626286750034240e+00 1.325788734941323526e+02
8.328009412090231933e+00 1.270716688122838320e+02
7.752033383960723611e+00 1.217223989829342656e+02
7.214973201744341758e+00 1.165307343510010298e+02
6.714275568646707271e+00 1.114960607820994198e+02
6.247548556347599202e+00 1.066175252190667493e+02
5.812551505310005417e+00 1.018943938144143289e+02
5.407186112969885272e+00 9.732587559127121324e+01
5.029488106391100999e+00 9.291084894453688037e+01
4.677619057859271123e+00 8.864788090670633380e+01
4.349858665571895600e+00 8.453525204804095949e+01
4.044597481446154497e+00 8.057098086938704284e+01
3.760330061331781160e+00 7.675284780887858460e+01
