1.983684834523254176e+04 1.969900841311654949e+04
2.008847889973875499e+04 1.994493623149260748e+04
2.033331680745433187e+04 2.018391647557386386e+04
2.057069274350677006e+04 2.041528364159810371e+04
2.079992707082884954e+04 2.063836279349861798e+04
2.102032542116901095e+04 2.085246510314892657e+04
2.123115017431096203e+04 2.105685943860324187e+04
2.143164841585095564e+04 2.125080033333801839e+04
2.162106475473492901e+04 2.143354083822323082e+04
2.179861908384606795e+04 2.160431080427535562e+04
2.196350822024049558e+04 2.176231860794824024e+04
2.211493456936620714e+04 2.190677936114617478e+04
2.225209925902307441e+04 2.203690826851046586e+04
2.237417532583113280e+04 2.215189445268652344e+04
2.248034427668269564e+04 2.225093690539627278e+04
2.256980827926431812e+04 2.233325653443227566e+04
2.264176788868229050e+04 2.239807469234491873e+04
2.269543284186095116e+04 2.244462379268584846e+04
2.273004971429168290e+04 2.247217424792540260e+04
2.274490043851282462e+04 2.248003336252658846e+04
2.273929509596803837e+04 2.246753883053245590e+04
2.271259503807896544e+04 2.243408070951671471e+04
2.266422291719854911e+04 2.237911122073770457e+04
2.259367566097800955e+04 2.230215866440646278e+04
2.250052685055919937e+04 2.220282911829992008e+04
2.238442737490185391e+04 2.208080615051593486e+04
2.224513919968269693e+04 2.193588491623393929e+04
2.208256834496181909e+04 2.176800539097644651e+04
2.189671539782714899e+04 2.157720153741648755e+04
2.168768906849487030e+04 2.136361453101741063e+04
2.145582811694423071e+04 2.112761486842119484e+04
2.120162164866835155e+04 2.086972184421848215e+04
2.092564383434374395e+04 2.059053766691484270e+04
2.062869241408491507e+04 2.029088547520603242e+04
2.031185281432348711e+04 1.997187282574199708e+04
1.997627922539427891e+04 1.963467269245417992e+04
1.962324041084994678e+04 1.928056867582433188e+04
1.925443981914335018e+04 1.891127255733056882e+04
1.887171189009248701e+04 1.852862205000009999e+04
1.847686927122021734e+04 1.813442897126932803e+04
1.807198209316083739e+04 1.773075632054678135e+04
1.765939252614824363e+04 1.731993232336783694e+04
1.724134210392240129e+04 1.690418067561985299e+04
1.682012460776843000e+04 1.648577093348273411e+04
1.639863731348301735e+04 1.606756032602772029e+04
1.597973752976025389e+04 1.565236092137806736e+04
1.556601435839498299e+04 1.524271608110405941e+04
1.515956703105469751e+04 1.484068693339972742e+04
1.476206250813664883e+04 1.444790932169102052e+04
1.437497845532825886e+04 1.406582989609317156e+04
1.400011198129184049e+04 1.369620129910668766e+04
1.364056509457919492e+04 1.334204008532395710e+04
1.329938938229169071e+04 1.300630981244406212e+04
1.297900320317162732e+04 1.269135539991456790e+04
1.267923188960989137e+04 1.239699611799705963e+04
1.239881217683600698e+04 1.212199251579239353e+04
1.213651157608260837e+04 1.186513762640286404e+04
1.189069720544812662e+04 1.162484189806937866e+04
1.165962322497960486e+04 1.139940966268473312e+04
1.144140692692627636e+04 1.118701604847692215e+04
1.123324988573054543e+04 1.098495746327800589e+04
1.103226855262749996e+04 1.079044905580345585e+04
1.083515320123343918e+04 1.060029720060589716e+04
1.063809270249762812e+04 1.041082517013023971e+04
1.043720644479885414e+04 1.021828486640753363e+04
1.022788288722978541e+04 1.001821964097946147e+04
1.000566083098206400e+04 9.806306615048850290e+03
9.766255451997523778e+03 9.578389034047435416e+03
9.505931920828617876e+03 9.330825778713555337e+03
9.222543602460063994e+03 9.061513283825932376e+03
8.915289925431794472e+03 8.769639343511780680e+03
8.585738972268030921e+03 8.456697055636250298e+03
8.237054042762225436e+03 8.125722858013318728e+03
7.874485119591803596e+03 7.781790278110536747e+03
7.504194830557985370e+03 7.430858558065395300e+03
7.133296372710608011e+03 7.079816816448528698e+03
6.769247768767140769e+03 6.735872469543236548e+03
6.419568349246581420e+03 6.406291906131926225e+03
6.091318116406926492e+03 6.097871719351441243e+03
5.791153547786658237e+03 5.817006974298242312e+03
5.523953415397593744e+03 5.568361918886507738e+03
5.292878023713018592e+03 5.354943075960427450e+03
5.097605452754923135e+03 5.176412898538787886e+03
4.935269452900316537e+03 5.029997604826057795e+03
4.799380034427495957e+03 4.909450701218508584e+03
4.681520502281665358e+03 4.806654551804338553e+03
4.571700138629432331e+03 4.711929992201366076e+03
4.459552841469733721e+03 4.615163955900504334e+03
4.335591024338366879e+03 4.507006729395922775e+03
4.192344548425894573e+03 4.379995246999198571e+03
4.025944793574326923e+03 4.230167866292628787e+03
3.836889816519659234e+03 4.057877488163094768e+03
3.629996107684045910e+03 3.867787541454169514e+03
3.413729042184178979e+03 3.668221875609590825e+03
3.199122736547763907e+03 3.470050554226780605e+03
2.998229700213160413e+03 3.285091610946873061e+03
2.821620062323115690e+03 3.123634060399105692e+03
2.675458729329326161e+03 2.991622526363426005e+03
2.559739742490073695e+03 2.889003861254239382e+03
2.468852488801233449e+03 2.810319826711765018e+03
2.393638079910814668e+03 2.746679147338811163e+03
2.323012069039153175e+03 2.687256400482894151e+03
2.245418285265250233e+03 2.620648924428410282e+03
2.152130394275980507e+03 2.538149047643768881e+03
2.041278202015355873e+03 2.437837294910714718e+03
1.918472444466505294e+03 2.325284752739349187e+03
1.793613387193875269e+03 2.210338876886405160e+03
1.677443361436173063e+03 2.103594234763994336e+03
1.578573291689784583e+03 2.013417623116356026e+03
1.500135818788124197e+03 1.942761204203207853e+03
1.438507766962023197e+03 1.888037411899838844e+03
1.385292328023231221e+03 1.841067222661536789e+03
1.330386126436364975e+03 1.792006745087242052e+03
1.266789965435864815e+03 1.734030345941861924e+03
1.194320562715628967e+03 1.667016595140812569e+03
1.118696645437687266e+03 1.596628759725040709e+03
1.047724807419438775e+03 1.530468875967995700e+03
9.875259583288125214e+02 1.474366144468892571e+03
9.387818985981610922e+02 1.428865543674394530e+03
8.966991689993612908e+02 1.389335187677931799e+03
8.548158852840101645e+02 1.349630702660084125e+03
8.090172163055615329e+02 1.305905471842394036e+03
7.602591525240345618e+02 1.259154770940734807e+03
7.132190564109557727e+02 1.213823519348142781e+03
6.718463089865387019e+02 1.173552443029736423e+03
6.365578389471593255e+02 1.138644946323183831e+03
6.043291718427520891e+02 1.106284778853331090e+03
5.717030390578004244e+02 1.073349539220144152e+03
5.380296818663675822e+02 1.039317435743541864e+03
5.054528907347402082e+02 1.006146943190020693e+03
4.761067445111935399e+02 9.757017269529681016e+02
4.499135653605851530e+02 9.478629354263583764e+02
4.250410002088580086e+02 9.210320917238669836e+02
4.002832682876801869e+02 8.942089993993162125e+02
3.762561372230221650e+02 8.679407273760367616e+02
3.540788684435383971e+02 8.431461580595740770e+02
3.337579380829301954e+02 8.198018110007795940e+02
3.144084950771108424e+02 7.971898467235073440e+02
2.956459741607530418e+02 7.750205205350792994e+02
2.779023229143950857e+02 7.536316272747948233e+02
2.614444870066425892e+02 7.332107397787223135e+02
2.459494920235882489e+02 7.135071270752210921e+02
2.311406871509673522e+02 6.943213257158095075e+02
2.171491131963525163e+02 6.757442449503771513e+02
2.040547493922062188e+02 6.578204737400135400e+02
1.917282561848576847e+02 6.404575574929342565e+02
1.800821006144706189e+02 6.235929233780888126e+02
1.690858656592508851e+02 6.071990457438984095e+02
1.587132567286960523e+02 5.912526032301960868e+02
1.489378399703936680e+02 5.757316954957950657e+02
1.397332169702178533e+02 5.606157625279860213e+02
1.310729884231516849e+02 5.458853258151641512e+02
1.229283088380130522e+02 5.315192985348215871e+02
1.152694083706203543e+02 5.174958486645587072e+02
1.080681562348918447e+02 5.037946830944485441e+02
1.012980323763184742e+02 4.903970263450102038e+02
9.493403415534146461e+01 4.772855399554416067e+02
8.895258861750514257e+01 4.644442478091709177e+02
8.333147127362377660e+01 4.518584688944857248e+02
7.804992889774166542e+01 4.395151024960586028e+02
7.308875399523438432e+01 4.274029023615930214e+02
6.842976887578087997e+01 4.155117050560715484e+02
6.405572352206539222e+01 4.038322814806265910e+02
5.995025655458880465e+01 3.923562912163512806e+02
5.609785717415063289e+01 3.810762388806079457e+02
5.248382811531808301e+01 3.699854322185321962e+02
4.909423639446364973e+01 3.590780609770307024e+02
4.591581695888878301e+01 3.483497537049520361e+02
4.293600823955573276e+01 3.377969971830149802e+02
4.014295139936074719e+01 3.274167951784685897e+02
3.752545432542091675e+01 3.172066365911272783e+02
3.507295716604751590e+01 3.071644646955386406e+02
3.277549943302385316e+01 2.972886467396841113e+02
3.062368883915224416e+01 2.875779891547705915e+02
2.860867636204231701e+01 2.780327536515669067e+02
2.672212621401757104e+01 2.686544932911134538e+02
2.495618257997060496e+01 2.594448173785308427e+02
2.330344386128387413e+01 2.504053183449462949e+02
2.175693841044172672e+01 2.415375570358404502e+02
2.031010141301432625e+01 2.328430484169820716e+02
1.895675287178894663e+01 2.243232483853165888e+02
1.769107495108184125e+01 2.159801177557387462e+02
1.650758966608369249e+01 2.078170306470196067e+02
1.540114486342620914e+01 1.998372069214244107e+02
1.436689689640229162e+01 1.920434070373907502e+02
1.340029324942740274e+01 1.844379428562426426e+02
1.249705605964156163e+01 1.770226894071897448e+02
1.165316649527605541e+01 1.697990975301979120e+02
1.086484983755205391e+01 1.627683049915677884e+02
1.012856066215134199e+01 1.559318624990697799e+02
9.440970293154965276e+00 1.492911948593348370e+02
8.798954762248431649e+00 1.428471481906167355e+02
8.199582856448950352e+00 1.366000186237079959e+02
7.640104812006196511e+00 1.305495853050213100e+02
7.117941627363407520e+00 1.246951434720716207e+02
6.630674957415848780e+00 1.190355404842948133e+02
6.176037287777341511e+00 1.135693351283988051e+02
5.751902923229406106e+00 1.082948466302841410e+02
5.356279926522543811e+00 1.032099971849327460e+02
4.987302095153951953e+00 9.831233392351043676e+01
