2.306923054976962158e+04 2.297161662629835337e+04
2.322989194155313817e+04 2.312862406416904923e+04
2.337732748578424435e+04 2.327232721971823048e+04
2.351083346704620635e+04 2.340202454141608541e+04
2.362969169851186598e+04 2.351700144673296018e+04
2.373317428579295301e+04 2.361653509799435415e+04
2.382057294732127048e+04 2.369992298577783004e+04
2.389118588525464656e+04 2.376646983853248457e+04
2.394428562352633890e+04 2.381545559755332943e+04
2.397916717538938246e+04 2.384618350101228862e+04
2.399515922272749958e+04 2.385799131271644001e+04
2.399159134414832079e+04 2.385021926421518219e+04
2.396781407457778914e+04 2.382222985662131032e+04
2.392322991924410599e+04 2.377343838688286269e+04
2.385727592734206701e+04 2.370329617732710540e+04
2.376940670065164522e+04 2.361127423711433221e+04
2.365914121108701875e+04 2.349690881872721002e+04
2.352607099627357820e+04 2.335980967862918260e+04
2.336984862109220921e+04 2.319965024398201422e+04
2.319020478042851755e+04 2.301618335790447600e+04
2.298696202516361518e+04 2.280925400723564962e+04
2.276004557106903667e+04 2.257881191024080545e+04
2.250948909001776337e+04 2.232491768406775736e+04
2.223542978267915896e+04 2.204773514537328811e+04
2.193812912494393822e+04 2.174755241483411737e+04
2.161803773583667135e+04 2.142484911679480865e+04
2.127573113702947740e+04 2.108022912705834824e+04
2.091189176560770647e+04 2.071440147425836039e+04
2.052743627000022389e+04 2.032831049817819803e+04
2.012348801268620809e+04 1.992310732403357906e+04
1.970124438082286360e+04 1.950001372149507370e+04
1.926207494512778794e+04 1.906042038500412673e+04
1.880770577098818467e+04 1.860607168281882332e+04
1.833992476404511399e+04 1.813876942424255321e+04
1.786054952273554591e+04 1.766034031791727830e+04
1.737178981173730790e+04 1.717299746845095797e+04
1.687602681936546651e+04 1.667911987156063697e+04
1.637552807620523345e+04 1.618096813493234549e+04
1.587272051613631447e+04 1.568095375043484637e+04
1.537039831681687247e+04 1.518184391734002384e+04
1.487116742781076573e+04 1.468621436414258278e+04
1.437747241988817223e+04 1.419647506898322172e+04
1.389211760207180669e+04 1.371537680506486868e+04
1.341781636329837238e+04 1.324557421361041270e+04
1.295692647188684896e+04 1.278936959204941013e+04
1.251168014847779523e+04 1.234892868583280870e+04
1.208423745663707268e+04 1.192633237413323332e+04
1.167642768895520203e+04 1.152333852678644143e+04
1.128980222484228943e+04 1.114142806678695342e+04
1.092578192982803921e+04 1.078192760849514889e+04
1.058557413487469785e+04 1.044595375292340577e+04
1.027012250317398320e+04 1.013437140872282180e+04
9.979242221402215364e+03 9.846935093791720647e+03
9.711892699061560052e+03 9.582557664483072585e+03
9.467090666536401841e+03 9.340213945297080500e+03
9.243060157349795190e+03 9.118120632534555625e+03
9.036481428023154876e+03 8.913011583051875277e+03
8.844134498895691650e+03 8.721722515786657823e+03
8.663009212195191139e+03 8.541306640303017048e+03
8.490213725078960124e+03 8.368955399801958265e+03
8.323016659268698277e+03 8.202021766710828160e+03
8.157684320539980945e+03 8.036931306503738597e+03
7.989467947500485934e+03 7.869171593252721323e+03
7.813766682759443938e+03 7.694389567656365216e+03
7.625436518004616119e+03 7.507787586269805615e+03
7.419651145049145271e+03 7.304887792203485333e+03
7.193050157224871327e+03 7.082644492522612381e+03
6.943734282676011389e+03 6.839421070428981693e+03
6.671769446511393653e+03 6.575424179896425812e+03
6.379879787209039932e+03 6.293368777794493326e+03
6.072059804934514432e+03 5.997118342905637292e+03
5.754123984679190471e+03 5.692212624601650532e+03
5.432065357732129087e+03 5.384310642706072031e+03
5.112070077358769595e+03 5.079211349872532082e+03
4.800610216309687530e+03 4.782927919131276212e+03
4.504664175210562462e+03 4.501907474169327543e+03
4.231015761652457513e+03 4.242361157831272976e+03
3.985718371139404098e+03 4.009797720392132760e+03
3.772970539717781321e+03 3.807915791353481382e+03
3.595156149350268151e+03 3.638759691374623799e+03
3.450565005125421521e+03 3.500554642474264256e+03
3.335640221409876631e+03 3.389824516402623885e+03
3.243530184550415015e+03 3.300125784091106652e+03
3.166412068219530738e+03 3.224169671411191757e+03
3.095263102031464314e+03 3.153674156595609020e+03
3.021177489278504254e+03 3.080558235904983576e+03
2.935951832069173633e+03 2.997466559873539609e+03
2.833761771918190334e+03 2.899281414193360888e+03
2.711874565990873634e+03 2.783698818993779696e+03
2.571119203684008426e+03 2.651619696462348656e+03
2.415513587754468517e+03 2.506776857974961786e+03
2.251980116538509719e+03 2.355433436278375211e+03
2.089897684046859467e+03 2.205973597780526234e+03
1.940110912498876587e+03 2.067998785677088563e+03
1.811375450206784535e+03 1.949153822310197711e+03
1.707472994031505550e+03 1.852636623115631664e+03
1.627100687899994682e+03 1.777124908020500015e+03
1.565750734162671279e+03 1.718492570260295224e+03
1.517195154384213538e+03 1.671160189746638935e+03
1.472768404079814218e+03 1.627501587329013546e+03
1.422864767834472786e+03 1.579179418811252617e+03
1.361052767035621855e+03 1.520705676024206923e+03
1.286897904497136778e+03 1.451818374417441191e+03
1.204476069414640278e+03 1.376124915685322549e+03
1.120194378561068561e+03 1.299178770465348862e+03
1.041671564966892447e+03 1.227490249979629880e+03
9.750295769190479405e+02 1.166208274935241661e+03
9.221574700856556319e+02 1.116827070048937230e+03
8.808902380112905348e+02 1.077402143029145691e+03
8.458984325184819681e+02 1.043363496382137100e+03
8.103376908137855708e+02 1.008944240628586726e+03
7.699131376184271858e+02 9.705876515890101928e+02
7.246574966814451955e+02 9.283784750590075419e+02
6.773547246940939885e+02 8.846715140405864304e+02
6.325628452868169234e+02 8.432375437376076661e+02
5.940657770703221559e+02 8.071462951694810499e+02
5.621822154663315132e+02 7.765930030607072467e+02
5.345817426104583774e+02 7.496246882038993817e+02
5.078816064575652831e+02 7.234777820231323631e+02
4.796530662494005810e+02 6.962059719733533711e+02
4.503130834858575327e+02 6.681685943933246108e+02
4.219483470475958597e+02 6.410401504015225100e+02
3.963809212926383339e+02 6.162490240422158649e+02
3.740187350297935041e+02 5.940832731018416553e+02
3.535953179974525256e+02 5.735222098934162887e+02
3.335692116543808083e+02 5.533567506823577560e+02
3.135663696191392660e+02 5.333027770941268955e+02
2.942747074209777338e+02 5.138919591694218525e+02
2.765391520681891961e+02 4.957591806000972383e+02
2.603660387856748457e+02 4.788916318662978711e+02
2.451847471972389485e+02 4.628469120464367847e+02
2.304808569222019514e+02 4.472369788501961807e+02
2.163922641702072553e+02 4.321623358619397095e+02
2.032204996522202975e+02 4.178379216951788067e+02
1.909987809628974560e+02 4.042778939938892790e+02
1.794726327398977901e+02 3.912908597387026930e+02
1.684929503355923543e+02 3.787659753463014454e+02
1.581274334123511949e+02 3.667467078744246010e+02
1.484257512849083867e+02 3.552615955420050113e+02
1.393132116722412377e+02 3.442527753517747442e+02
1.307007285155942213e+02 3.336546300273064389e+02
1.225842160843172337e+02 3.234601194772005783e+02
1.149688116949289451e+02 3.136676998852815359e+02
1.078047470470448275e+02 3.042402486105557955e+02
1.010582518144147599e+02 2.951516364443482416e+02
9.471562490287814740e+01 2.863889231098351615e+02
8.875678341475666855e+01 2.779358161667903460e+02
8.315918445687496785e+01 2.697747681244800901e+02
7.790157437013583319e+01 2.618893722275922187e+02
7.296392697134960770e+01 2.542642941085313737e+02
6.832737289138508174e+01 2.468852006810228090e+02
6.397413303625351233e+01 2.397386946445461149e+02
5.988745707856161005e+01 2.328122558686963259e+02
5.605169346301407529e+01 2.260943905075627924e+02
5.245230685054335140e+01 2.195747387132592792e+02
4.907555839557849708e+01 2.132436374794036169e+02
4.590843842631256422e+01 2.070920328533451027e+02
4.293863335337747600e+01 2.011114437394138292e+02
4.015449363126948867e+01 1.952939282015061053e+02
3.754500277678644693e+01 1.896320520551522861e+02
3.509974202649726749e+01 1.841188804178649718e+02
3.280881262855523772e+01 1.787481496459240873e+02
3.066284583152594223e+01 1.735141268880136352e+02
2.865301377972186359e+01 1.684114402927962715e+02
2.677100076821578511e+01 1.634350568996583775e+02
2.500897536303329716e+01 1.585802638465591770e+02
2.335956390994462240e+01 1.538426506313979303e+02
2.181582537438224634e+01 1.492180924392666554e+02
2.037122982317904984e+01 1.447028212930296149e+02
1.901963906536323634e+01 1.402935540521660016e+02
1.775527826920447794e+01 1.359872496508417328e+02
1.657271458715366919e+01 1.317810513444181311e+02
1.546683816154791558e+01 1.276722761911519370e+02
1.443284409205958774e+01 1.236584049921231809e+02
1.346621532298981094e+01 1.197370726587787004e+02
1.256270636761210469e+01 1.159060647597047335e+02
1.171832723251155528e+01 1.121634066220889565e+02
1.092932915017790130e+01 1.085073263454596315e+02
1.019219147172416484e+01 1.049361490731176616e+02
9.503608539318969761e+00 1.014482872137792810e+02
8.860477236248907928e+00 9.804223432572524644e+01
8.259885206950368541e+00 9.471655923171746849e+01
7.699099714717840826e+00 9.146990035656372697e+01
7.175556671827078681e+00 8.830098864852841700e+01
6.686849505467399091e+00 8.520872688582116439e+01
6.230721497372764262e+00 8.219208153200227684e+01
5.805057345625244558e+00 7.925004476270301268e+01
5.407874667117710921e+00 7.638163131625003643e+01
5.037315983450234569e+00 7.358587549643874581e+01
4.691641164747118786e+00 7.086182832625088679e+01
4.369220304352618101e+00 6.820855782606336959e+01
4.068526917154276390e+00 6.562524783579510768e+01
3.788131624883846360e+00 6.311120222822567882e+01
3.526696328604900010e+00 6.066570444812356300e+01
3.282968599272016341e+00 5.828800877474370878e+01
3.055776389338687782e+00 5.597734084689280820e+01
2.844023055946673040e+00 5.373289826864964880e+01
2.646682678441242054e+00 5.155385129295601843e+01
2.462795620028612742e+00 4.943936994089605008e+01
2.291464225529402654e+00 4.738875743678700303e+01
