2.404617137463534164e+04 2.392017407113075387e+04
2.426373301087029904e+04 2.413283760828465893e+04
2.446954020270709589e+04 2.433363137668697527e+04
2.466282189671517699e+04 2.452178619670073749e+04
2.484281066552152697e+04 2.469653722538401416e+04
2.500871645972594706e+04 2.485709881561535803e+04
2.515972703405806533e+04 2.500266511678335883e+04
2.529504215698816188e+04 2.513244323668237848e+04
2.541386456738271590e+04 2.524564420449553654e+04
2.551536265256827755e+04 2.534144579643815086e+04
2.559871666541694140e+04 2.541903870447930967e+04
2.566313428322179607e+04 2.547764212841747576e+04
2.570781362160801291e+04 2.551646759696766821e+04
2.573195447939198857e+04 2.553473014369317025e+04
2.573480090619569455e+04 2.553169018615806999e+04
2.571562913108467910e+04 2.550664196352387444e+04
2.567371570933525800e+04 2.545888277491484405e+04
2.560839066675527647e+04 2.538776474366059847e+04
2.551905192613045801e+04 2.529270903128155260e+04
2.540514023983383595e+04 2.517318271461799304e+04
2.526615682629426738e+04 2.502871560674325519e+04
2.510169323500739847e+04 2.485892846428578923e+04
2.491143456536325903e+04 2.466353750769014732e+04
2.469516078607826785e+04 2.444235750622334672e+04
2.445275910489657690e+04 2.419531075655365930e+04
2.418423486180081454e+04 2.392243763013806165e+04
2.388975713553957394e+04 2.362394564897106829e+04
2.356963830140616847e+04 2.330018651256617159e+04
2.322430998118781645e+04 2.295162926733400309e+04
2.285439721709569130e+04 2.257893655581610801e+04
2.246077513567839560e+04 2.218302268547302083e+04
2.204443539306604725e+04 2.176491514946040843e+04
2.160650510722212493e+04 2.132577320543843962e+04
2.114847441364301267e+04 2.086711825794347897e+04
2.067200927891859101e+04 2.039064351331420039e+04
2.017881868591030798e+04 1.989807908304305238e+04
1.967090581483491042e+04 1.939144329148705219e+04
1.915065061562785922e+04 1.887312488563858278e+04
1.862039793691703744e+04 1.834547055463441575e+04
1.808252665997022632e+04 1.781085302636117558e+04
1.753993759892480375e+04 1.727215356542825612e+04
1.699554901814406185e+04 1.673226298569577921e+04
1.645206531362459282e+04 1.619385330895325751e+04
1.591242508808696221e+04 1.565981547623023471e+04
1.537981256988329369e+04 1.513327096560015343e+04
1.485707608523991257e+04 1.461700555768424238e+04
1.434686812457517772e+04 1.411360314644734899e+04
1.385216066853656775e+04 1.362593702056038092e+04
1.337567191526095667e+04 1.315662690492036018e+04
1.291969551913378746e+04 1.270787768234187570e+04
1.248607937787538685e+04 1.228144023909103635e+04
1.207628437961491181e+04 1.187867352489806035e+04
1.169149884395658046e+04 1.150067718244409843e+04
1.133271329494126076e+04 1.114835174086174084e+04
1.100082426576449507e+04 1.082247052848574822e+04
1.069659814284981985e+04 1.052368282852508855e+04
1.042033833736547240e+04 1.025220086997274484e+04
1.016933444290103216e+04 1.000533723369913059e+04
9.939670598025017171e+03 9.779247544607782402e+03
9.727800474597677749e+03 9.570451051556448874e+03
9.530634452743688598e+03 9.375930474170614616e+03
9.345409630297461263e+03 9.192995796489522036e+03
9.169175557055034005e+03 9.018790581913664937e+03
8.997506358783481119e+03 8.849089722498238189e+03
8.825821855897997011e+03 8.679533049461149858e+03
8.648937661258227308e+03 8.505232380839493999e+03
8.460928520897568887e+03 8.320647400407329769e+03
8.256367547956549970e+03 8.120727034971702778e+03
8.030449522729802993e+03 7.901077740746930431e+03
7.779409016082428934e+03 7.658282378747537223e+03
7.502125367260833627e+03 7.391452451357716200e+03
7.199248332337784632e+03 7.101343037501124854e+03
6.874340374091113517e+03 6.791425354500406684e+03
6.532605233636238154e+03 6.466672259220425985e+03
6.180328805582801579e+03 6.133027916712798287e+03
5.824238038447107101e+03 5.796803715673981060e+03
5.472217657914365191e+03 5.465325566767315649e+03
5.132108363413774896e+03 5.145843230186555047e+03
4.811979938871586455e+03 4.845759517498676360e+03
4.519231583432842854e+03 4.571781332456097516e+03
4.260522379511772670e+03 4.329877994183892042e+03
4.039683642600598887e+03 4.123412435188428390e+03
3.857969741199157397e+03 3.953291006032084169e+03
3.713033929404244645e+03 3.817169682253156225e+03
3.599517823723134370e+03 3.709932097687804799e+03
3.509484888996299560e+03 3.624196234545514017e+03
3.433582110456196006e+03 3.551338005313315080e+03
3.361329672175483211e+03 3.481817323839175970e+03
3.282532997366065956e+03 3.406424774470413013e+03
3.188118920290739425e+03 3.317036766408709354e+03
3.072131174491446473e+03 3.208407073096559088e+03
2.932378044089491141e+03 3.078698703915453279e+03
2.770866229138237031e+03 2.929857285954154577e+03
2.593495508509991396e+03 2.767309160411978155e+03
2.409747336328742676e+03 2.599614790747683855e+03
2.231602400308763663e+03 2.437471809790344651e+03
2.071304017440367716e+03 2.291698458762356040e+03
1.937412444845371283e+03 2.169707388586315574e+03
1.832382883047461291e+03 2.073466277415703189e+03
1.753568110377610992e+03 2.000446825827630391e+03
1.695076206347462630e+03 1.945317570779624702e+03
1.648402212288307055e+03 1.900536294132947432e+03
1.602409421564080503e+03 1.856351001876452301e+03
1.546190872766850816e+03 1.803298910547874812e+03
1.474265143819190143e+03 1.736708076716666938e+03
1.387941554309755702e+03 1.657836476880927421e+03
1.293230490698734002e+03 1.571995889894104266e+03
1.198909362103428066e+03 1.486804670544528108e+03
1.114348989966939598e+03 1.410262222409364995e+03
1.045608147828846313e+03 1.347416507243489377e+03
9.933158238613497133e+02 1.298644132048579195e+03
9.533172877051619025e+02 1.260300856155866313e+03
9.178204647176072513e+02 1.225756130492226248e+03
8.787891781281206249e+02 1.188267416073141931e+03
8.325486643157015578e+02 1.144820928933661662e+03
7.803873874999674172e+02 1.096577707459972771e+03
7.270108715330962923e+02 1.047504918067001881e+03
6.786346858756493248e+02 1.002720726776969400e+03
6.388294147589735985e+02 9.650708530375566170e+02
6.066704649177506781e+02 9.337042296331842408e+02
5.783301262728609800e+02 9.054575475807595240e+02
5.492730905535213424e+02 8.766714395576865400e+02
5.174578812198594733e+02 8.457502112221743573e+02
4.845304549643905148e+02 8.140511667996935330e+02
4.535419611164003868e+02 7.839951099271742123e+02
4.266181641782567340e+02 7.572107190095509850e+02
4.034271654079749396e+02 7.333848815829683190e+02
3.817487622203165643e+02 7.107732000773875143e+02
3.597859360229726917e+02 6.880055808927942280e+02
3.376439554282502513e+02 6.651830846311910364e+02
3.166461853805035389e+02 6.433062127280884397e+02
2.977714091987391498e+02 6.230825636380797050e+02
2.806555045280928766e+02 6.042157854483043593e+02
2.642833873353794161e+02 5.859539620313134947e+02
2.482293946817833046e+02 5.679941250769350063e+02
2.329184539789879409e+02 5.506408580662342729e+02
2.187953683584885596e+02 5.341962071734734536e+02
2.057206824287727613e+02 5.185482978650065888e+02
1.932745433480448298e+02 5.034022255988141410e+02
1.813670655482778500e+02 4.886957306857985941e+02
1.701855999430054283e+02 4.745485215799429852e+02
1.597662643136083886e+02 4.609752617964513774e+02
1.499460126265901465e+02 4.478639211344547562e+02
1.406396484288382283e+02 4.351568166937384490e+02
1.318908908424975550e+02 4.228754318601949649e+02
1.236888879031783546e+02 4.110079172357959578e+02
1.159741750111900700e+02 3.995131557519546845e+02
1.087149349331662194e+02 3.883681895167090943e+02
1.018866599033059117e+02 3.775542661827958000e+02
9.546633200249767981e+01 3.670540505776058922e+02
8.943191775337352567e+01 3.568513214824920396e+02
8.376234876371097471e+01 3.469309046542014130e+02
7.843750040792939160e+01 3.372786107333868699e+02
7.343816884251270949e+01 3.278811776162372666e+02
6.874599131950608921e+01 3.187262235997988569e+02
6.434306706682833976e+01 3.098022433143979129e+02
6.021226693984966971e+01 3.010985273968424849e+02
5.633742949383088217e+01 2.926050915810932338e+02
5.270331057205735448e+01 2.843126365060134617e+02
4.929553391236594706e+01 2.762125102233121083e+02
4.610054425121693100e+01 2.682966729913626978e+02
4.310556301045809136e+01 2.605576656210614033e+02
4.029857779366125925e+01 2.529888193926000497e+02
3.766832533661949611e+01 2.455844547533503999e+02
3.520418239525909598e+01 2.383393582322661644e+02
3.289612394015610874e+01 2.312486912518061501e+02
3.073469259993515124e+01 2.243079694526191759e+02
2.871096942756110337e+01 2.175130428946300469e+02
2.681654595035131550e+01 2.108600770606012418e+02
2.504349594305956117e+01 2.043455588448055380e+02
2.338433541285656858e+01 1.979665235682974753e+02
2.183200913266700383e+01 1.917204012865838081e+02
2.037987901105002564e+01 1.856048141230250224e+02
1.902170106921008141e+01 1.796175603412031592e+02
1.775160340413762583e+01 1.737566018855708876e+02
1.656406528504140141e+01 1.680200522959096929e+02
1.545389733303873392e+01 1.624061651206382066e+02
1.441622368739687587e+01 1.569134390843304345e+02
1.344646550820908715e+01 1.515407927396765615e+02
1.254032136622090121e+01 1.462872459683905788e+02
1.169375089830696623e+01 1.411518514647605684e+02
1.090295983821602022e+01 1.361336883616947944e+02
1.016438583975008392e+01 1.312318561110094493e+02
9.474685055296871994e+00 1.264454686221347117e+02
8.830719326013825921e+00 1.217736687179333046e+02
8.229542579292013826e+00 1.172159302964809910e+02
7.668390304271290425e+00 1.127719398801633730e+02
7.144670403775884360e+00 1.084412950190210125e+02
6.655952956918977925e+00 1.042234965451152391e+02
6.199960508686414684e+00 1.001179503265454969e+02
5.774558908261558265e+00 9.612396921616381462e+01
5.377748667478722489e+00 9.224077518809670551e+01
5.007656745418964661e+00 8.846760495922485745e+01
4.662528715002000723e+00 8.480396934796792152e+01
4.340721769464857438e+00 8.124930269564083574e+01
4.040697954071395870e+00 7.780287101217911072e+01
3.761017726136256289e+00 7.446378195791508858e+01
3.500333891484926685e+00 7.123099479259117572e+01
3.257385896763438815e+00 6.810333025744434110e+01
3.030994449786603262e+00 6.507948510572306589e+01
