2.758130154432834752e+04 2.741656069504248080e+04
2.782070331442627867e+04 2.764982872798120297e+04
2.804674342541421720e+04 2.786961369051710062e+04
2.825858351651038902e+04 2.807508189862401559e+04
2.845536972036455336e+04 2.826538618324643903e+04
2.863622132296690324e+04 2.843965542915540209e+04
2.880026654243437588e+04 2.859702862111292779e+04
2.894664023611368611e+04 2.873665244602801977e+04
2.907443869306286797e+04 2.885763644425531675e+04
2.918275997437451588e+04 2.895909315297614012e+04
2.927072978883118049e+04 2.904016386210769269e+04
2.933747364346634640e+04 2.909999163839488756e+04
2.938211318307061447e+04 2.913771792057847051e+04
2.940381175935788997e+04 2.915252700869269029e+04
2.940176995204540435e+04 2.914364190327060714e+04
2.937518590931978542e+04 2.911028614747820393e+04
2.932330438001411312e+04 2.905173137387417228e+04
2.924543871297136138e+04 2.896731873129304222e+04
2.914095372683598544e+04 2.885644355042520692e+04
2.900927351580786490e+04 2.871856291921493903e+04
2.884991135453739116e+04 2.855322351759636149e+04
2.866247643313890148e+04 2.836006917009045719e+04
2.844667847217144663e+04 2.813884774156869389e+04
2.820233489446145541e+04 2.788941502673349896e+04
2.792937995462928302e+04 2.761174306478625658e+04
2.762791715687761098e+04 2.730597562665763326e+04
2.729820673794703907e+04 2.697241415846454402e+04
2.694062907753200852e+04 2.661147804032579006e+04
2.655575086101290799e+04 2.622377215611347128e+04
2.614441638963984224e+04 2.581018026865870706e+04
2.570759871003599983e+04 2.537171150001707792e+04
2.524639874796659569e+04 2.490949874262324738e+04
2.476228558038858318e+04 2.442504164869949091e+04
2.425694675107660078e+04 2.392005452560614140e+04
2.373211708137893220e+04 2.339629276543939341e+04
2.318980156223821177e+04 2.285577608735025569e+04
2.263243920172621802e+04 2.230095237282683593e+04
2.206246144771036052e+04 2.173425496850903437e+04
2.148231914564951512e+04 2.115812904198667093e+04
2.089499652905749826e+04 2.057554141998219347e+04
2.030356693629489746e+04 1.998953992818342886e+04
1.971089990940992720e+04 1.940296338248608299e+04
1.912005505252771763e+04 1.881882849458562123e+04
1.853438830446351494e+04 1.824043464142506491e+04
1.795695512887603036e+04 1.767077949904371053e+04
1.739060988637771152e+04 1.711265456502524103e+04
1.683856098127912992e+04 1.656917856618449514e+04
1.630382047006750508e+04 1.604327171792400441e+04
1.578897870094543759e+04 1.553744095513542925e+04
1.529604329033481372e+04 1.505361018689645789e+04
1.482648937161880349e+04 1.459317107168235998e+04
1.438153158611716026e+04 1.415726545425376207e+04
1.396227872264103280e+04 1.374692679291205604e+04
1.357005107063443211e+04 1.336336239498084797e+04
1.320606504885399954e+04 1.300768026523902699e+04
1.287102230565091668e+04 1.268049996663198181e+04
1.256217210825340590e+04 1.237910598569388821e+04
1.227515240371395885e+04 1.209922646997188349e+04
1.200599438190756518e+04 1.183697463376198357e+04
1.175134218423298444e+04 1.158907816333492156e+04
1.150826821293840658e+04 1.135269030503972681e+04
1.127373689284693137e+04 1.112486719771691060e+04
1.104333815279362534e+04 1.090137218121117985e+04
1.081250959241854434e+04 1.067782528444834315e+04
1.057619659827925170e+04 1.044940124025405566e+04
1.032861069601855161e+04 1.021060382274842959e+04
1.006444682944875422e+04 9.956398522306215455e+03
9.778885130277936696e+03 9.682264877836809319e+03
9.468117697472660439e+03 9.384632099422589818e+03
9.131192434614080412e+03 9.062683076768882529e+03
8.769026504238277994e+03 8.717366221769429103e+03
8.385148308492756769e+03 8.352111846086412697e+03
7.984759590056384695e+03 7.971922606207542231e+03
7.574907353277358197e+03 7.583522246641296988e+03
7.163347327419483008e+03 7.194284943581410516e+03
6.758209888814504666e+03 6.811884990282720537e+03
6.367320128683274561e+03 6.443685299439722257e+03
5.998744334475705728e+03 6.097223856022573273e+03
5.659844545635196482e+03 5.779317548895141044e+03
5.357266902385364119e+03 5.496051739039869972e+03
5.094965727339784280e+03 5.251005746646995249e+03
4.874179908140173211e+03 5.045132017052678748e+03
4.692451879845048097e+03 4.875992442509163084e+03
4.543778651683049247e+03 4.737827997966003750e+03
4.419446116297785920e+03 4.622429052258379670e+03
4.309143399644306555e+03 4.520124818875671735e+03
4.201765709084310402e+03 4.420572111422499802e+03
4.086809870177864923e+03 4.314007572207935482e+03
3.955289769767639882e+03 4.192105052884532597e+03
3.801669907191800576e+03 4.049778778973106000e+03
3.624474507484701462e+03 3.885720127151678753e+03
3.426759156558820905e+03 3.702853223567933583e+03
3.215368527517519851e+03 3.507614964942745701e+03
3.000151352248775765e+03 3.309170132600767829e+03
2.792986516662923805e+03 3.118481558464628506e+03
2.606073351815961360e+03 2.946685773352068281e+03
2.448178907566461021e+03 2.801639122711316304e+03
2.321701326538588546e+03 2.685346101911665755e+03
2.222985862279883349e+03 2.594312768034315923e+03
2.144632592633525292e+03 2.521701994570955321e+03
2.077274432854691895e+03 2.458963251614440196e+03
2.009878430769608940e+03 2.396090011189439792e+03
1.931804817406638676e+03 2.323477768418289088e+03
1.837677859699520695e+03 2.236333960912128987e+03
1.729817671496992716e+03 2.136860682325602738e+03
1.615454723906427716e+03 2.031676306708242919e+03
1.503840943301742072e+03 1.929131256153931872e+03
1.404007995731048595e+03 1.837240863426516171e+03
1.321651879551966431e+03 1.760932335011391842e+03
1.256593537843555168e+03 1.699891543960152831e+03
1.203703477522673211e+03 1.649484795502945417e+03
1.154900282737583439e+03 1.602567440222973346e+03
1.102166977486759833e+03 1.552135561593210241e+03
1.042187276653723757e+03 1.495364114045057704e+03
9.773230087798400518e+02 1.434402064381640002e+03
9.128114616411310180e+02 1.373843943299146758e+03
8.545689451453483798e+02 1.318760659777678711e+03
8.058163743447933030e+02 1.271809991210850285e+03
7.649439358335941961e+02 1.231522142305284206e+03
7.276209378563796690e+02 1.194185498652411070e+03
6.895396961939036373e+02 1.156189364367626922e+03
6.490492493973636101e+02 1.116208449262276645e+03
6.082422570033863849e+02 1.076029692144418277e+03
5.703091763785035937e+02 1.038279739077412387e+03
5.369610937645026070e+02 1.004304717831430480e+03
5.074902081156490112e+02 9.734729462803850311e+02
4.795459382620284714e+02 9.438743509092988688e+02
4.515106019213395143e+02 9.142384775009060149e+02
4.237764192122069176e+02 8.848992427756056713e+02
3.977154875024828016e+02 8.569259906877980484e+02
3.741167394076727533e+02 8.308978019657889718e+02
3.523958478470945010e+02 8.063402973614315670e+02
3.315778666935635215e+02 7.825118254097436647e+02
3.113413129296020543e+02 7.591804619363260827e+02
2.921927627993117085e+02 7.367167127868499392e+02
2.744732704094300857e+02 7.153515332887963041e+02
2.579530384927195428e+02 6.949050237201126947e+02
2.422252685674495467e+02 6.750861367948824636e+02
2.272561668966670823e+02 6.558695385646776685e+02
2.132209672815332340e+02 6.373661673786878055e+02
2.001003114068608681e+02 6.195521746892683268e+02
1.877221050196093017e+02 6.023078403305720485e+02
1.760176292879954190e+02 5.855842930895248628e+02
1.650181072741170567e+02 5.693944899301211535e+02
1.547137115537269665e+02 5.537241384891855205e+02
1.449958361597844885e+02 5.385022616130754614e+02
1.358581894703773969e+02 5.237191808521492931e+02
1.272730857396242214e+02 5.093538349688425910e+02
1.192084981129281971e+02 4.953830801235282593e+02
1.116341790625008059e+02 4.817853417247335415e+02
1.045215654860579946e+02 4.685405216532010400e+02
9.784368868470478731e+01 4.556299124540869911e+02
9.157508897633877609e+01 4.430361178501449331e+02
8.569175188726117653e+01 4.307430352695577653e+02
8.017122183817190262e+01 4.187364469457013456e+02
7.499240331498728551e+01 4.070036493033413194e+02
7.013532715375114890e+01 3.955328562018616481e+02
6.558109527876828793e+01 3.843131392023580020e+02
6.131183079389644774e+01 3.733343819974454618e+02
5.731062981346904195e+01 3.625872373653349428e+02
5.356151498636355512e+01 3.520630867801614841e+02
5.004937181468504548e+01 3.417542273056949398e+02
4.675988165941265606e+01 3.316541745423288035e+02
4.367953262360989442e+01 3.217570615722266893e+02
4.079558654462748990e+01 3.120575023061259117e+02
3.809603814205186723e+01 3.025505641894896485e+02
3.556957607005772815e+01 2.932317418617267322e+02
3.320554580365556774e+01 2.840969316830958178e+02
3.099391424273265727e+01 2.751424462318934729e+02
2.892523554345256187e+01 2.663654454240145242e+02
2.699061944492652998e+01 2.577636904981218322e+02
2.518170125869804110e+01 2.493351463554076872e+02
2.349061288331919428e+01 2.410779572639714559e+02
2.190995525436623836e+01 2.329904308482961142e+02
2.043277217893918873e+01 2.250710224861792312e+02
1.905252549476637824e+01 2.173183205475980628e+02
1.776307100246869908e+01 2.097312879254745894e+02
1.655863548918514994e+01 2.023096223113793144e+02
1.543379690029995643e+01 1.950530879630944412e+02
1.438346441752346472e+01 1.879613865068303369e+02
1.340285934747019780e+01 1.810341520411035390e+02
1.248749702809839057e+01 1.742709466116679664e+02
1.163316970508490833e+01 1.676712560658231439e+02
1.083593020766280723e+01 1.612345370126016064e+02
1.009207526659550425e+01 1.549607947060897857e+02
9.398131966497045298e+00 1.488502724704617322e+02
8.750845234562351749e+00 1.429029631180451361e+02
8.147164822376952387e+00 1.371186085506567167e+02
7.584232995797805188e+00 1.314967098086832777e+02
7.059372920848539401e+00 1.260365373601871823e+02
6.570077709173872904e+00 1.207371419002010384e+02
6.113999890471879972e+00 1.155975430668501502e+02
5.688941432182738289e+00 1.106169903443903166e+02
5.292845115592992755e+00 1.057945100262192284e+02
4.923785959060720252e+00 1.011288389541490176e+02
4.579963045860099058e+00 9.661844515109268627e+01
4.259691831997409750e+00 9.226154816360215705e+01
3.961396907684405111e+00 8.805613904225059230e+01
3.683605163628299373e+00 8.400000958508380222e+01
3.424939126505806897e+00 8.009088085839262305e+01
