2.897307049630194160e+04 2.882802970761405595e+04
2.918706869470281526e+04 2.903664112859880697e+04
2.938508153939172189e+04 2.922915594232821604e+04
2.956621284596726400e+04 2.940468201714503084e+04
2.972951727423719058e+04 2.956228075627460930e+04
2.987404751574985130e+04 2.970101310973855288e+04
2.999887705032643862e+04 2.981996180209203521e+04
3.010306588106318668e+04 2.991819725280371495e+04
3.018566218510545514e+04 2.999477929352958745e+04
3.024574936952240387e+04 3.004880408478727622e+04
3.028243228915608051e+04 3.007939073414936502e+04
3.029478163871177094e+04 3.008562685787427108e+04
3.028190416003555583e+04 3.006663764672039906e+04
3.024296664436351421e+04 3.002160956762385104e+04
3.017715325536712044e+04 2.994974927570094951e+04
3.008368110111487840e+04 2.985029889750483926e+04
2.996185202094898705e+04 2.972258629826489050e+04
2.981104218943440355e+04 2.956601571726222028e+04
2.963067238008125423e+04 2.938004020631336243e+04
2.942026367561225197e+04 2.916421424166792349e+04
2.917945435922626712e+04 2.891821008688220172e+04
2.890799275105711058e+04 2.864181429287870196e+04
2.860574927528319677e+04 2.833493794590860125e+04
2.827273302794007031e+04 2.799762998826937837e+04
2.790911955116985700e+04 2.763010725035882206e+04
2.751528214021667736e+04 2.723278857925860211e+04
2.709174749673389670e+04 2.680624443790833175e+04
2.663920641902920033e+04 2.635120697738687522e+04
2.615864871453271917e+04 2.586871020492482057e+04
2.565127749793122348e+04 2.536000009119971583e+04
2.511842012284719749e+04 2.482644135828656363e+04
2.456169107932504267e+04 2.426968297622400496e+04
2.398309914094721535e+04 2.369176675565727055e+04
2.338473627694142488e+04 2.309481036199453956e+04
2.276880895257541852e+04 2.248103813688850278e+04
2.213806198813398805e+04 2.185320638128045903e+04
2.149539627350410228e+04 2.121421934076623438e+04
2.084362375258775864e+04 2.056688344687186327e+04
2.018590431307962353e+04 1.991434028691642015e+04
1.952584897369404644e+04 1.926016888903547442e+04
1.886683172750279118e+04 1.860770478374167578e+04
1.821209863453134676e+04 1.796014665255100772e+04
1.756543376197906400e+04 1.732120724708253692e+04
1.693045080232480541e+04 1.669442316682358796e+04
1.631031654776934192e+04 1.608288601449795533e+04
1.570835228441230902e+04 1.548981611752005483e+04
1.512802859057611931e+04 1.491856006411911949e+04
1.457228352714021275e+04 1.437194544192813737e+04
1.404352759342052195e+04 1.385227816614074618e+04
1.354367209876546985e+04 1.336134424708012011e+04
1.307423224497722003e+04 1.290054461088114840e+04
1.263641098519133084e+04 1.247098440121514614e+04
1.223131915647112692e+04 1.207364375612245021e+04
1.185999504647545473e+04 1.170940707409959214e+04
1.152329532211927108e+04 1.137899757798651262e+04
1.122018225312224422e+04 1.108131804681099493e+04
1.094626371928737899e+04 1.081203343389804832e+04
1.069719720886200412e+04 1.056686189724762698e+04
1.046911390896106786e+04 1.034199478388287753e+04
1.025860621364165672e+04 1.013409397497503414e+04
1.006251249681377885e+04 9.940065050732897362e+03
9.876523551080261313e+03 9.755749556154629317e+03
9.695118470147530388e+03 9.575864970581505986e+03
9.512759112339041167e+03 9.395131991623897193e+03
9.322526998175095287e+03 9.207041635557376139e+03
9.117482503749615717e+03 9.005089621818719024e+03
8.891246999203141968e+03 8.783370041039885109e+03
8.638170522899687057e+03 8.536714666983098141e+03
8.354642075073710657e+03 8.261892724735487718e+03
8.039889343504154567e+03 7.958386182509421815e+03
7.695453427660219859e+03 7.627810456030966634e+03
7.326327360245149976e+03 7.275012458191556107e+03
6.938693807692935479e+03 6.905892820816859057e+03
6.539968252360438782e+03 6.527469625806837030e+03
6.138491892614501012e+03 6.147548135097820705e+03
5.743635062771316370e+03 5.774845486618042742e+03
5.364995206562335625e+03 5.418217815000108203e+03
5.011815512312719875e+03 5.086157904215157942e+03
4.693066373788718010e+03 4.786750557006189410e+03
4.415657653280543855e+03 4.526241714066572968e+03
4.183021019223720941e+03 4.307523775970367751e+03
3.995930853624177871e+03 4.131072212635368487e+03
3.850141609544171388e+03 3.992739567221163725e+03
3.739159447521556558e+03 3.886345330395662586e+03
3.653279609468004764e+03 3.802859508588511744e+03
3.581427298760881513e+03 3.732091382768297990e+03
3.511472061619389478e+03 3.662999125286161416e+03
3.431488856333162403e+03 3.584850851208361746e+03
3.331516460562017073e+03 3.488777916058903884e+03
3.205075804482162312e+03 3.369114421157718880e+03
3.050520724512899051e+03 3.224584362240550945e+03
2.870910350261081021e+03 3.058117637011424449e+03
2.673928384457939956e+03 2.876737833060316916e+03
2.471707172390304549e+03 2.691370443265161612e+03
2.279153685586743904e+03 2.515258836587761834e+03
2.109709513257688741e+03 2.360208056144468628e+03
1.971522335608193089e+03 2.233236078711017853e+03
1.866006923586875473e+03 2.135346377225810102e+03
1.789520085344693143e+03 2.063104133641095814e+03
1.735047430949715590e+03 2.010180642108192160e+03
1.691860526921012934e+03 1.967099274663248480e+03
1.646195760754663524e+03 1.921865156481182339e+03
1.586549091626106474e+03 1.864570134823336730e+03
1.508350381521765485e+03 1.791396842581689270e+03
1.414091517497789482e+03 1.704653504728873259e+03
1.311276326215949439e+03 1.610925308171389588e+03
1.210789785328106746e+03 1.519587802012439170e+03
1.123232108839871898e+03 1.439618159199785623e+03
1.054348117982726535e+03 1.375738018412973361e+03
1.003820282753465676e+03 1.327495773180159858e+03
9.658694500454270155e+02 1.289883109349817687e+03
9.308238876457623974e+02 1.254730583228938485e+03
8.902212911980466288e+02 1.214998223814055791e+03
8.409719010008942632e+02 1.168202112390241155e+03
7.851653952563207213e+02 1.116176520910635645e+03
7.290831259070916985e+02 1.064158049270157790e+03
6.798260242161572933e+02 1.017936666745493085e+03
6.404235896931882053e+02 9.798766397278014892e+02
6.091230153758853021e+02 9.484501282139782461e+02
5.810311873366835016e+02 9.196571588900299048e+02
5.510648558186212540e+02 8.894352970781447993e+02
5.177907248463218366e+02 8.566960526088004144e+02
4.836128275791921851e+02 8.233891625356091026e+02
4.521087004957307158e+02 7.923233172227168097e+02
4.253900494321197243e+02 7.650929117788277836e+02
4.024764483502021903e+02 7.408796610371479119e+02
3.806380861121089083e+02 7.175625281440958361e+02
3.581468468179953675e+02 6.938385624300634618e+02
3.354705984934960270e+02 6.700843068553944022e+02
3.143058804275369198e+02 6.475691038277630014e+02
2.955134909310499438e+02 6.269033382724620651e+02
2.784698325119267110e+02 6.076000772151518277e+02
2.619498885344863766e+02 5.887609837904154801e+02
2.457044702639852005e+02 5.702131299624122676e+02
2.303224844206393414e+02 5.523748704629957729e+02
2.162551450959949761e+02 5.355490172028739835e+02
2.032132853064529172e+02 5.195194795775375951e+02
1.907328910745049768e+02 5.039627554235522098e+02
1.788038232604702955e+02 4.888706977546425492e+02
1.676575559671605902e+02 4.743913118128198221e+02
1.572928448045036021e+02 4.605140136634320811e+02
1.475025764216657080e+02 4.470984357024495921e+02
1.382271829223625161e+02 4.341029459843367704e+02
1.295325959156411102e+02 4.215630375976793403e+02
1.213906708693621255e+02 4.094554044521975698e+02
1.137381530966049610e+02 3.977373259346826444e+02
1.065400474048745991e+02 3.863830763547334755e+02
9.977284853805804232e+01 3.753741490451106984e+02
9.341397276113542603e+01 3.646932357362861694e+02
8.744168359055639428e+01 3.543241084078337053e+02
8.183509480550404191e+01 3.442515541630485245e+02
7.657416896460176758e+01 3.344613147222887051e+02
7.163971059378674511e+01 3.249400298063046648e+02
6.701302434911035277e+01 3.156750953928860213e+02
6.267559000255555901e+01 3.066545103713834237e+02
5.860985993179656361e+01 2.978670297690327970e+02
5.479932378183860919e+01 2.893021517757428569e+02
5.122844835009657771e+01 2.809500757541862299e+02
4.788262091555549915e+01 2.728016629252937264e+02
4.474809581506227119e+01 2.648483994946697067e+02
4.181195197809439179e+01 2.570823992335573962e+02
3.906213990151947257e+01 2.494968406388614710e+02
3.648737760245691675e+01 2.420857322202899127e+02
3.407702325369073293e+01 2.348434834767415680e+02
3.182104055891883476e+01 2.277648737764364455e+02
2.970996760392847236e+01 2.208450317604275313e+02
2.773488705157725676e+01 2.140794156812204108e+02
2.588739764211701910e+01 2.074637946113045359e+02
2.415957852524532612e+01 2.009943139342205995e+02
2.254394652411748368e+01 1.946676657965637958e+02
2.103346016597233614e+01 1.884808149113231650e+02
1.962150156439145832e+01 1.824309181486314912e+02
1.830185229655157286e+01 1.765153120190047957e+02
1.706867055602030092e+01 1.707315005991555097e+02
1.591646952061233655e+01 1.650771438785565408e+02
1.484009700248504871e+01 1.595500537735187265e+02
1.383471889769424301e+01 1.541483542931125044e+02
1.289580001612185889e+01 1.488704505459861025e+02
1.201908327870340187e+01 1.437148199018286618e+02
1.120057342072212414e+01 1.386799954208751728e+02
1.043652173582532861e+01 1.337645593184185486e+02
9.723411644762384398e+00 1.289671366945698878e+02
9.057945049049807906e+00 1.242863895289395799e+02
8.437028946119331962e+00 1.197210709229081260e+02
7.857761488635535585e+00 1.152702535432153610e+02
7.317422747786428872e+00 1.109330717673838222e+02
6.813464629246817950e+00 1.067086106022037910e+02
6.343500462928381545e+00 1.025959053387003195e+02
5.905295189519129906e+00 9.859394144601968435e+01
5.496756112506909986e+00 9.470165464210198536e+01
5.115924184082747850e+00 9.091793469734729172e+01
4.760965731401070045e+00 8.724181413324305367e+01
4.430164720007415902e+00 8.367252429726659102e+01
4.121915592569913578e+00 8.020919515024216651e+01
3.834716424373365573e+00 7.685083592569981192e+01
3.567162474280023421e+00 7.359634212939354825e+01
3.317940118684019168e+00 7.044450252423422398e+01
3.085821147086158067e+00 6.739400608061947651e+01
2.869657358424782867e+00 6.444347296169486583e+01
2.668375268851449711e+00 6.159161798207035332e+01
