2.522026199104280022e+04 2.512174063055710212e+04
2.536587150815630957e+04 2.526407868137676269e+04
2.549719924570294825e+04 2.539209706240191372e+04
2.561355576288923839e+04 2.550511131417768411e+04
2.571423066021512204e+04 2.560241800226823761e+04
2.579852632000594167e+04 2.568332725671130538e+04
2.586576592753355362e+04 2.574717051914369222e+04
2.591525565586410448e+04 2.579326316907341243e+04
2.594630018928983191e+04 2.582091992821931490e+04
2.595823911463568220e+04 2.582949088968225624e+04
2.595043356822022179e+04 2.581834864499228206e+04
2.592224224617674190e+04 2.578686506881035530e+04
2.587306635757496770e+04 2.573445512131313808e+04
2.580235791509873889e+04 2.566058503146710063e+04
2.570958527496275929e+04 2.556473930814331106e+04
2.559425628632686858e+04 2.544644312473752507e+04
2.545594961182921907e+04 2.530529253214291748e+04
2.529430953007500648e+04 2.514095034288429088e+04
2.510903998728701845e+04 2.495314129458837851e+04
2.489992910444958397e+04 2.474167416794646124e+04
2.466685747065537726e+04 2.450645001151879114e+04
2.440981002107143649e+04 2.424747673568544997e+04
2.412887445042370018e+04 2.396486547712656829e+04
2.382424004904474350e+04 2.365882758159286459e+04
2.349624018367371536e+04 2.332971911663709034e+04
2.314537764848257211e+04 2.297806731466735437e+04
2.277225972434569849e+04 2.260450171827812301e+04
2.237761703554144697e+04 2.220977313076334394e+04
2.196244096151521444e+04 2.179489447458405630e+04
2.152786497674315979e+04 2.136101878667510755e+04
2.107509373482146839e+04 2.090936629855554929e+04
2.060557833398006551e+04 2.044140177139687148e+04
2.012105418702496536e+04 1.995887272090503029e+04
1.962327796674508863e+04 1.946354315969683012e+04
1.911408989322912021e+04 1.895725583981961245e+04
1.859575513803091962e+04 1.844227427118036576e+04
1.807059182089780734e+04 1.792091030213568592e+04
1.754081990557588142e+04 1.739537297910974667e+04
1.700893313947756178e+04 1.686813740559553116e+04
1.647767633946645583e+04 1.634192270104768795e+04
1.594957842356750916e+04 1.581922992960645570e+04
1.542708324505538258e+04 1.530246999049869737e+04
1.491298867522202090e+04 1.479439278925103463e+04
1.440990817229031381e+04 1.429756309055571728e+04
1.392012931059301627e+04 1.381422290776789123e+04
1.344590017433793582e+04 1.334656155554238831e+04
1.298938200887378844e+04 1.289667335869546696e+04
1.255240199753265915e+04 1.246632802041429750e+04
1.213648175163577798e+04 1.205699057748944506e+04
1.174288134652799818e+04 1.166984718441626501e+04
1.137262705097295839e+04 1.130585784995520771e+04
1.102649624942415721e+04 1.096574566143069569e+04
1.070439425359180677e+04 1.064936643672011996e+04
1.040566224787354986e+04 1.035601609887002451e+04
1.012964904483522150e+04 1.008500554194079450e+04
9.874565947991221037e+03 9.834546024058234252e+03
9.636878030854401004e+03 9.601153761085077349e+03
9.413197831468847653e+03 9.381489432941803898e+03
9.200478878360752788e+03 9.172557004363421584e+03
8.996007417230252031e+03 8.971702100342337872e+03
8.797240166723195216e+03 8.776437799042683764e+03
8.600669293933402514e+03 8.583366350772206715e+03
8.402024661605459187e+03 8.388368711261449789e+03
8.197167054092875333e+03 8.187459374465565816e+03
7.981388087167119011e+03 7.976152727987581784e+03
7.750345381034224374e+03 7.750315102340529847e+03
7.500985703789851868e+03 7.507087523114300893e+03
7.231457708359108437e+03 7.244779044824787889e+03
6.941897531719584549e+03 6.963600287133002894e+03
6.634820160883654353e+03 6.666053202208551738e+03
6.314075152293004066e+03 6.355885182011034885e+03
5.985281983429438696e+03 6.038523827566111322e+03
5.654213121967134612e+03 5.719510557576794781e+03
5.326772993251901426e+03 5.404488423689185765e+03
5.009034665097166908e+03 5.099221692513892776e+03
4.707254104530740733e+03 4.809627049835646176e+03
4.427507974704313710e+03 4.541406813645596230e+03
4.175129398753731948e+03 4.299547316204660092e+03
3.953983195596689256e+03 4.087563818346140124e+03
3.766219429998059695e+03 3.907389872762416871e+03
3.610236654015176100e+03 3.757376730516972202e+03
3.482667696152017015e+03 3.634218222992462870e+03
3.376880449896936170e+03 3.531581086161849726e+03
3.285364285060938073e+03 3.442331795835278626e+03
3.199582734940895989e+03 3.358441990263032494e+03
3.111290134223758287e+03 3.272210579617379608e+03
3.013069950608659383e+03 3.176757435385106874e+03
2.899750384231682801e+03 3.067352057385306580e+03
2.769110916150320463e+03 2.942024001133043839e+03
2.622282974276207824e+03 2.801924849062806516e+03
2.463357735803606374e+03 2.650938887940400491e+03
2.298761050809162043e+03 2.495067357882238866e+03
2.136777975302209143e+03 2.341981492197886382e+03
1.986887634382914484e+03 2.200384622644622141e+03
1.857017974073686446e+03 2.077467632322797272e+03
1.750755131478357498e+03 1.976405937470864501e+03
1.666763522983340408e+03 1.895847350359918437e+03
1.600301137362731652e+03 1.831349683824026215e+03
1.545201687765759516e+03 1.777222059450589541e+03
1.493984064829120371e+03 1.726636202926555825e+03
1.438170051435147570e+03 1.671928290286942911e+03
1.371939858705937922e+03 1.607901264107764291e+03
1.294980954808429942e+03 1.534357251187370139e+03
1.211450813574191670e+03 1.455108936432751534e+03
1.127357111185281838e+03 1.375584596483478435e+03
1.049272007465872093e+03 1.301650551206915225e+03
9.824919653931355015e+02 1.237966158222462809e+03
9.285412032078376114e+02 1.185794643588265899e+03
8.851028580747301930e+02 1.142998291194378680e+03
8.473297198515399486e+02 1.105244705698572943e+03
8.092393032514441984e+02 1.067262006312973881e+03
7.669478032679205626e+02 1.025676711612508598e+03
7.207397841989799190e+02 9.807862257726493453e+02
6.734136447044272700e+02 9.350633313371189388e+02
6.288428074606209748e+02 8.918694884893368453e+02
5.902519217264303961e+02 8.539514806501134672e+02
5.578145961893319509e+02 8.214032842175298583e+02
5.292238278355181365e+02 7.922073962322403986e+02
5.015367597496253893e+02 7.638418650874218656e+02
4.727276712738602100e+02 7.346022758350387676e+02
4.432179151326796500e+02 7.048665614801163883e+02
4.149524642622152442e+02 6.762756132744575552e+02
3.894387918309296879e+02 6.500721421229733323e+02
3.669008603435285067e+02 6.264133029586006387e+02
3.461789348045678025e+02 6.043192409267136327e+02
3.259397517181106423e+02 5.826906980395259552e+02
3.059024560387198903e+02 5.613046818195980450e+02
2.867226660533910945e+02 5.406948954522638360e+02
2.690794680180707701e+02 5.213985545094391227e+02
2.529331030199449515e+02 5.033687943740387709e+02
2.377539948320219594e+02 4.861749605596506285e+02
2.231179416945023206e+02 4.694805255256943610e+02
2.091632663243484558e+02 4.533923881746042071e+02
1.961374100893612251e+02 4.380964680832158820e+02
1.840381545878088048e+02 4.235824429510394680e+02
1.726360192336713055e+02 4.096692317862574555e+02
1.618077843453539799e+02 3.962604845380050733e+02
1.516107537251351971e+02 3.833951691195070453e+02
1.420765201469844499e+02 3.710911682818247641e+02
1.331285427809566499e+02 3.592872915445522608e+02
1.246884383601269235e+02 3.479229707265235447e+02
1.167532774081296765e+02 3.369923490193488078e+02
1.093125420159363017e+02 3.264837173611880985e+02
1.023293474715211318e+02 3.163675047052620926e+02
9.576425077410343079e+01 3.066130614722470114e+02
8.960074864188831612e+01 2.972053097113739000e+02
8.382014640425812502e+01 2.881286137015234772e+02
7.839939188026954753e+01 2.793647243806678944e+02
7.331669437331599681e+01 2.708965121650820151e+02
6.855156290234762650e+01 2.627079705484853207e+02
6.408472860539022520e+01 2.547841419023014282e+02
5.989807185807795520e+01 2.471110490245138749e+02
5.597455388421727207e+01 2.396756320556704623e+02
5.229824561564715424e+01 2.324658554329625133e+02
4.885440939605229715e+01 2.254709474025665656e+02
4.562916253762220720e+01 2.186809009414018021e+02
4.260938125465604287e+01 2.120863360788306977e+02
3.978266498264543571e+01 2.056784624362268232e+02
3.713730189991120767e+01 1.994490442727002630e+02
3.466223565190524880e+01 1.933903678301645925e+02
3.234703011776552017e+01 1.874952241219984614e+02
3.018179351052189929e+01 1.817570804953528238e+02
2.815717297293697285e+01 1.761699843359083388e+02
2.626437058142219882e+01 1.707283513786123592e+02
2.449511364546833292e+01 1.654269394354678866e+02
2.284162521222041065e+01 1.602608289194895406e+02
2.129659609320088975e+01 1.552254044298948941e+02
1.985315834434760518e+01 1.503163373258012427e+02
1.850486208881560657e+01 1.455296483143668240e+02
1.724565552121949352e+01 1.408618672782530155e+02
1.606985568957136223e+01 1.363097752965102814e+02
1.497212589248405656e+01 1.318703305983613632e+02
1.394745584678718586e+01 1.275406580321741217e+02
1.299114289508758802e+01 1.233180390016726449e+02
1.209877420591425867e+01 1.191999018422159793e+02
1.126620986564575411e+01 1.151838184245191172e+02
1.048956594128355491e+01 1.112676045148020165e+02
9.765199812013332092e+00 1.074492847866213765e+02
9.089696994307182365e+00 1.037269700692326495e+02
8.459857605439278672e+00 1.000988470325073649e+02
7.872683536342679034e+00 9.656317264012125179e+01
7.325366340501457962e+00 9.311826884302013241e+01
6.815275802719225950e+00 8.976251750623573855e+01
6.339948816956313848e+00 8.649438761890745297e+01
5.897078387512998177e+00 8.331251782702720732e+01
5.484505333136161731e+00 8.021559991332271977e+01
5.100209544667547057e+00 7.720234171462568895e+01
4.742301384970091682e+00 7.427146493556062978e+01
4.409013593301398970e+00 7.142170310863588156e+01
4.098693666598842711e+00 6.865179969878553834e+01
3.809796684172215286e+00 6.596051062392625397e+01
3.540878397501528774e+00 6.334670473137818902e+01
3.290588941033793180e+00 6.080934816592291980e+01
3.057667081404610965e+00 5.834738171991262590e+01
2.840934609490742613e+00 5.595971622707086368e+01
2.639291062213761752e+00 5.364523408476917865e+01
2.451708765411694468e+00 5.140279081718367848e+01
2.277228179348015136e+00 4.923121667497052556e+01
2.114953492998234541e+00 4.712935190126116680e+01
1.964048412574201707e+00 4.509615900083593942e+01
