2.411987454949291714e+04 2.392948738770351338e+04
2.440704492333927556e+04 2.420916575148179254e+04
2.468624190837247443e+04 2.448070279080249384e+04
2.495674924743740121e+04 2.474338745882429066e+04
2.521783698124301372e+04 2.499649643042035314e+04
2.546873707735720018e+04 2.523927234738802872e+04
2.570866599506444254e+04 2.547094446892103588e+04
2.593683670465208343e+04 2.569073971761414941e+04
2.615243273054050951e+04 2.589785726226469706e+04
2.635460496923342362e+04 2.609146548453879223e+04
2.654250686100778330e+04 2.627073657144944445e+04
2.671529013375187060e+04 2.643484263885540349e+04
2.687207578257461137e+04 2.658292815992446776e+04
2.701198813012293249e+04 2.671414268523508144e+04
2.713416894044866422e+04 2.682765446817797419e+04
2.723774990100469950e+04 2.692262430350086652e+04
2.732185785341013252e+04 2.699821069020659343e+04
2.738565104011798030e+04 2.705360460304830849e+04
2.742831550975787832e+04 2.708802635986665700e+04
2.744904480096899351e+04 2.710070681442815112e+04
2.744707394545334682e+04 2.709091941294329445e+04
2.742169268828694840e+04 2.705799281722048909e+04
2.737224194316016292e+04 2.700130882801120970e+04
2.729812177344031807e+04 2.692030975789067452e+04
2.719880532144323297e+04 2.681451064890196722e+04
2.707385469712283884e+04 2.668351551668179309e+04
2.692294424734910717e+04 2.652704154247660699e+04
2.674584179535636213e+04 2.634489826885722505e+04
2.654241479283732770e+04 2.613699314470935860e+04
2.631270965105947107e+04 2.590341161525652933e+04
2.605692419376734324e+04 2.564438865465925119e+04
2.577535381723208775e+04 2.536025369901210797e+04
2.546847514038814916e+04 2.505151420585452070e+04
2.513704988081221381e+04 2.471895939860213548e+04
2.478194722743334205e+04 2.436348166017081167e+04
2.440414329019346405e+04 2.398607566927014705e+04
2.400497826910583535e+04 2.358809534739826995e+04
2.358599691274134966e+04 2.317109389058485249e+04
2.314877195644990934e+04 2.273664708639085438e+04
2.269513201218114773e+04 2.228658090855241971e+04
2.222734105175828518e+04 2.182315057646848800e+04
2.174765049445956902e+04 2.134859329256266210e+04
2.125829981204528303e+04 2.086512943652590548e+04
2.076191726112873221e+04 2.037536446773968783e+04
2.026119853330076876e+04 1.988196728130106931e+04
1.975867156062879440e+04 1.938743518413926722e+04
1.925712512002603398e+04 1.889452172754574349e+04
1.875979650031315032e+04 1.840642445520383262e+04
1.826968219140361543e+04 1.792609901480258850e+04
1.778939474451487695e+04 1.745612038000665052e+04
1.732075761778906235e+04 1.699829307429808250e+04
1.686520107929820006e+04 1.655403471008595079e+04
1.642400883453870483e+04 1.612461604955168877e+04
1.599930729638830235e+04 1.571214091702980841e+04
1.559425051020488536e+04 1.531973199628244583e+04
1.521172527357107174e+04 1.495025272121745002e+04
1.485314464648268040e+04 1.460512331507819181e+04
1.451638673005360579e+04 1.428229279982968364e+04
1.419888773767659040e+04 1.397927400748023138e+04
1.389822693401032120e+04 1.369371989360333464e+04
1.361198701872284983e+04 1.342328997891373365e+04
1.333788819128784780e+04 1.316577472058974854e+04
1.307321698799711885e+04 1.291852859087707839e+04
1.281450871042132712e+04 1.267815147840464488e+04
1.255836236062130411e+04 1.244128767427314051e+04
1.230070220832376071e+04 1.220388210919923586e+04
1.203731357074461448e+04 1.196170792640128093e+04
1.176382276780987559e+04 1.171033613418584719e+04
1.147556591502177980e+04 1.144499431928721606e+04
1.116852095437954267e+04 1.116150257606214836e+04
1.083958849555252527e+04 1.085655907183295130e+04
1.048693602146022931e+04 1.052809663606699905e+04
1.011124604500587338e+04 1.017658115368660219e+04
9.714769857922678057e+03 9.804060709396337188e+03
9.302361409842240391e+03 9.415265764043120726e+03
8.879979283363722061e+03 9.016079580136371078e+03
8.454946378458664185e+03 8.613830012333506602e+03
8.034792916572110698e+03 8.216096606347380657e+03
7.627086541597647738e+03 7.830544319689746771e+03
7.239376734677867717e+03 7.464818698543947903e+03
6.878416181090963619e+03 7.125816653421570663e+03
6.550005323119044988e+03 6.819449184969005728e+03
6.258570167555688386e+03 6.550295835150494895e+03
6.005406798791716938e+03 6.319769255613898167e+03
5.789370220866933778e+03 6.126850499409426448e+03
5.605140183150316261e+03 5.966279875130834625e+03
5.445075679141002183e+03 5.830391551374939809e+03
5.299229970188855077e+03 5.709059577420755886e+03
5.157004613286103449e+03 5.591321600291616051e+03
5.008249242500046421e+03 5.466478585179324000e+03
4.844386274888412117e+03 5.325281814255054087e+03
4.659928030823479276e+03 5.161618489521069932e+03
4.453320232988123280e+03 4.973509758451263224e+03
4.227480509846561290e+03 4.763812518212555005e+03
3.989338079748114069e+03 4.539791917770448890e+03
3.748555710264258778e+03 4.311721650563178628e+03
3.516329813634007678e+03 4.091538493019150337e+03
3.303845171555671641e+03 3.891134157613391380e+03
3.119921797720812265e+03 3.719836495432715765e+03
2.968048608671447255e+03 3.581338278003327105e+03
2.845174166547349614e+03 3.472496111926302547e+03
2.743303865803259214e+03 3.384980865475655264e+03
2.652173472672347543e+03 3.307998177400404984e+03
2.560940768986723469e+03 3.229983766014701814e+03
2.459661809433022427e+03 3.140164082418343696e+03
2.342602155582652358e+03 3.032229481037946698e+03
2.211446621101487381e+03 2.907965613480770116e+03
2.074244455612009006e+03 2.776148335919706369e+03
1.941179464131175109e+03 2.647842333624982530e+03
1.821384456590687250e+03 2.532844365566891156e+03
1.720636579813196704e+03 2.437234636498139480e+03
1.638835806348734195e+03 2.360825332043759772e+03
1.570137780122324784e+03 2.297394027889102745e+03
1.505550321269681717e+03 2.237415432274565319e+03
1.436841194934721443e+03 2.172168988810877181e+03
1.360141235343689686e+03 2.097610765307166275e+03
1.278247143407393878e+03 2.016843728179168920e+03
1.197701300822709072e+03 1.936896878479132283e+03
1.124866257109509434e+03 1.864443471047291268e+03
1.063142025919480375e+03 1.802914650022191381e+03
1.010667049415515862e+03 1.750277011448954909e+03
9.620049101029281928e+02 1.700908707137803503e+03
9.122276226526286109e+02 1.649819666002380018e+03
8.597020667062880648e+02 1.595468895085269878e+03
8.069852564671747359e+02 1.540559186945651845e+03
7.581797760985775767e+02 1.489217138365195297e+03
7.152251149001399426e+02 1.443285100478400864e+03
6.769508417988525935e+02 1.401536447179042852e+03
6.403748744350992865e+02 1.361077069247841791e+03
6.035333631050059466e+02 1.320095715017153680e+03
5.670837035323430655e+02 1.279292560428173601e+03
5.329705755834984302e+02 1.240493615485238934e+03
5.021014932243323869e+02 1.204482022915730568e+03
4.736039231474734947e+02 1.170429575342036969e+03
4.460974611033535098e+02 1.137124744157361647e+03
4.192720148791472639e+02 1.104337612875941204e+03
3.939135308068483710e+02 1.072749880966000092e+03
3.704935825143164720e+02 1.042728991610828871e+03
3.486087240854535025e+02 1.013922959669383886e+03
3.276749028138692097e+02 9.858712898719763871e+02
3.077039230690324416e+02 9.585923643664302745e+02
2.889947428452851454e+02 9.323016123325879789e+02
2.715010480244147288e+02 9.069470885584410098e+02
2.549449828368531712e+02 8.823241432155584789e+02
2.392524907544851658e+02 8.583791166694744561e+02
2.245113433403063254e+02 8.351594955305365602e+02
2.106710310696653607e+02 8.126196465020207143e+02
1.976360766214656337e+02 7.906929447361159191e+02
1.853532312877979962e+02 7.693367619250029747e+02
1.737858025249530556e+02 7.485187334531990473e+02
1.628982576953550279e+02 7.282088339448043826e+02
1.526561892019378490e+02 7.083792075036246843e+02
1.430263464780411482e+02 6.890040478082155460e+02
1.339766542794299937e+02 6.700594824774281051e+02
1.254755381311493494e+02 6.515227663896182548e+02
1.174914301075688741e+02 6.333715198193956439e+02
1.099943007926803773e+02 6.155850704673764540e+02
1.029557798333686236e+02 5.981445563714169111e+02
9.634906915179169573e+01 5.810328345705952415e+02
9.014886043482367484e+01 5.642343951124659043e+02
8.433125670302575827e+01 5.477352796999696238e+02
7.887372851284790443e+01 5.315232188783877518e+02
7.375519861106248243e+01 5.155887237425700960e+02
6.895580627162196663e+01 4.999240033385128754e+02
6.445675782512402918e+01 4.845222720463727910e+02
6.024027666492433042e+01 4.693776914447821014e+02
5.628955527230117184e+01 4.544853152834025423e+02
5.258870895491385511e+01 4.398410353833384647e+02
4.912273027986268659e+01 4.254415843896090905e+02
4.587741784205019968e+01 4.112861360930860428e+02
4.283933979308123696e+01 3.973762625890697677e+02
3.999583247894302929e+01 3.837137743206957907e+02
3.733496210992306175e+01 3.703005668755216107e+02
3.484548600452673384e+01 3.571385931200407526e+02
3.251681564765002008e+01 3.442298358681807713e+02
3.033898149589630222e+01 3.315762812222553180e+02
2.830260002529524854e+01 3.191807446771861123e+02
2.639884295406337955e+01 3.070487329872072451e+02
2.461940496997194572e+01 2.951857170961325778e+02
2.295647450481609653e+01 2.835964430950640462e+02
2.140270641742349511e+01 2.722849481344188121e+02
1.995119603430196520e+01 2.612545779768149714e+02
1.859545449190986233e+01 2.505080060592373172e+02
1.732938504862526585e+01 2.400473671672002922e+02
1.614725806124968344e+01 2.298754725542135589e+02
1.504369195123615377e+01 2.199951295189046618e+02
1.401363554419618218e+01 2.104082008079284378e+02
1.305234894969571258e+01 2.011156410842031619e+02
1.215538542282825318e+01 1.921175517213565911e+02
1.131857420362065092e+01 1.834132358062711319e+02
1.053800428277466672e+01 1.750012545483650968e+02
9.810008592527442062e+00 1.668796382240030027e+02
9.131149280684518033e+00 1.590460361832765841e+02
8.498204959480935017e+00 1.514974641553411061e+02
7.908157817889173380e+00 1.442303278406081404e+02
7.358181351971243345e+00 1.372404811691875466e+02
6.845628789231942513e+00 1.305232827192731975e+02
6.368022171125793385e+00 1.240736501094875592e+02
5.923041957294236326e+00 1.178861069303084150e+02
5.508516889184920551e+00 1.119548091892584551e+02
