2.608445799118196737e+04 2.601785744002347565e+04
2.619913697255211446e+04 2.613052302502626480e+04
2.629751429303812256e+04 2.622688195720845761e+04
2.637883414267319313e+04 2.630618374412299090e+04
2.644231999286231076e+04 2.636765834080868444e+04
2.648722312971598512e+04 2.641056382029333690e+04
2.651280961929765544e+04 2.643417349238922543e+04
2.651832447545121613e+04 2.643774049015686614e+04
2.650304510621717782e+04 2.642055068026475419e+04
2.646629294485084029e+04 2.638193421763994411e+04
2.640737134070452885e+04 2.632120447082735336e+04
2.632559270858048694e+04 2.623768480340766837e+04
2.622033651561988518e+04 2.613076568333514297e+04
2.609102725816304883e+04 2.599988330006330580e+04
2.593709874838702672e+04 2.584448482625693941e+04
2.575806386122874756e+04 2.566409651654207119e+04
2.555352610492575695e+04 2.545833512969065850e+04
2.532313027658659121e+04 2.522686061397085723e+04
2.506659751595661146e+04 2.496940993792904919e+04
2.478376804703801827e+04 2.468583828443997481e+04
2.447458999750236762e+04 2.437610938970774805e+04
2.413910907764990770e+04 2.404028656686607428e+04
2.377750505184510257e+04 2.367856587070128080e+04
2.339010258686326051e+04 2.329128691838636951e+04
2.297739301762776813e+04 2.287895822852717902e+04
2.254002216028109615e+04 2.244224210746130484e+04
2.207878071195906523e+04 2.198194273291699938e+04
2.159467215541865880e+04 2.149907690244338664e+04
2.108894119232120647e+04 2.099490365856622157e+04
2.056295918376275949e+04 2.047080472285507130e+04
2.001825373308878625e+04 1.992831448489328614e+04
1.945671953155461597e+04 1.936933540803933647e+04
1.888040241678739403e+04 1.879591772680097711e+04
1.829138652482566613e+04 1.821014443819222288e+04
1.769207710749870967e+04 1.761441714791419508e+04
1.708521420526157453e+04 1.701147033454966004e+04
1.647345326179205949e+04 1.640394844186900082e+04
1.585948031093206737e+04 1.579452129173914363e+04
1.524651760860889954e+04 1.518639052021927637e+04
1.463770078954418386e+04 1.458266768047577170e+04
1.403587440748487461e+04 1.398617032027889218e+04
1.344416766549152635e+04 1.339999275709917129e+04
1.286588618023012896e+04 1.282740060292083945e+04
1.230385612065309215e+04 1.227118296249594459e+04
1.176067501507165252e+04 1.173389714662523693e+04
1.123932978893893596e+04 1.121847165507645695e+04
1.074239693186430304e+04 1.072743142210795486e+04
1.027189180130216118e+04 1.026275162204547451e+04
9.829479931506231878e+03 9.826045123131949367e+03
9.416496917480008051e+03 9.418591056829323861e+03
9.033893182188663559e+03 9.041300537715947939e+03
8.682387149330825196e+03 8.694852723039510238e+03
8.362667663685559091e+03 8.379870094367655838e+03
8.075266726413939068e+03 8.096829943207892939e+03
7.820188253694902414e+03 7.845701778597336670e+03
7.594601632238195634e+03 7.623660914148946176e+03
7.394842387875642999e+03 7.427058193943859806e+03
7.217659479805834962e+03 7.252653271619607949e+03
7.060046646429042084e+03 7.097459438696208053e+03
6.919256047257204955e+03 6.958748070868834475e+03
6.792298743174775154e+03 6.833557908887240956e+03
6.674638297864799824e+03 6.717426039257128650e+03
6.561616080249453262e+03 6.605769803090924142e+03
6.447738019712437563e+03 6.493210043856706761e+03
6.326658800292266278e+03 6.373554598701412033e+03
6.192373868492682050e+03 6.240951156727460329e+03
6.039171568874045079e+03 6.089867346058102157e+03
5.862293352665087696e+03 5.915696867818467581e+03
5.659259700392188279e+03 5.716090428214694839e+03
5.429294252954510739e+03 5.490347704864454499e+03
5.174548631322428264e+03 5.240631946805592634e+03
4.898875775486568273e+03 4.970746352994559857e+03
4.607367462927132692e+03 4.685700201663842563e+03
4.305909839978944547e+03 4.391249157236760766e+03
4.002118417213527209e+03 4.094812946035918230e+03
3.703910101236318496e+03 3.804083855365416184e+03
3.419667625482101812e+03 3.527191543851652114e+03
3.157502253293439935e+03 3.271941885892762912e+03
2.924794941456737433e+03 3.045432009114214907e+03
2.726302669245611014e+03 2.852202256279515950e+03
2.564743976438663594e+03 2.694778395895811173e+03
2.439376550356572807e+03 2.572372708741741008e+03
2.347190491176706018e+03 2.481975644589318563e+03
2.282511005547990408e+03 2.418053901594332274e+03
2.238305454854472828e+03 2.373764843777345050e+03
2.205651698362027219e+03 2.340499679516043670e+03
2.174942538811760642e+03 2.309018082362875248e+03
2.136351573346894384e+03 2.269908903834657394e+03
2.081597594310480417e+03 2.215277787201595856e+03
2.005021640951757263e+03 2.139767650028589742e+03
1.904494901267049272e+03 2.041410344251922425e+03
1.781994217776922824e+03 1.922180252527567063e+03
1.644149952050470347e+03 1.788483405418461416e+03
1.501602221219206513e+03 1.650506700371223587e+03
1.366728775150194906e+03 1.520050998400736489e+03
1.249887167734152172e+03 1.406919779748659039e+03
1.156673703671797739e+03 1.316344177843749094e+03
1.088431623890651053e+03 1.249504527471013262e+03
1.043218303020982603e+03 1.204471947954441021e+03
1.015764223866932412e+03 1.176194481559491351e+03
9.970433150078932840e+02 1.156113793278937919e+03
9.760982310154748802e+02 1.133900855774598540e+03
9.442690428430839802e+02 1.101432518077748682e+03
8.976595091221661278e+02 1.055096321333953028e+03
8.372575893463725833e+02 9.958862745736630586e+02
7.688755910432511200e+02 9.293138128105082387e+02
7.016100877503722586e+02 8.639197407619318483e+02
6.438195906622264602e+02 8.074865245417569213e+02
6.001832047074034335e+02 7.643084396806439145e+02
5.708635098839395141e+02 7.344602819942755332e+02
5.512016676656145364e+02 7.135649940049565885e+02
5.337133984145699515e+02 6.946718026285520864e+02
5.120494762143827074e+02 6.719227535889954197e+02
4.831236783051637076e+02 6.425046517063281044e+02
4.481440009949631644e+02 6.075756826783630231e+02
4.124006341554820665e+02 5.720262551938918705e+02
3.814277338022288859e+02 5.409190459293665754e+02
3.577981239076697193e+02 5.165632514789547258e+02
3.405144822628346333e+02 4.980061553251686632e+02
3.256191609859562845e+02 4.816292302060350039e+02
3.090833270316862809e+02 4.637849600801362726e+02
2.896227210832511787e+02 4.433343635598236006e+02
2.688525654278885781e+02 4.217565547579803251e+02
2.497732028653106795e+02 4.017506677011455736e+02
2.342251666767053848e+02 3.849450615985837771e+02
2.215381656940206199e+02 3.707180489047376568e+02
2.095750863112224636e+02 3.571598451814638224e+02
1.968489105987970902e+02 3.429591987517204643e+02
1.836099924055739052e+02 3.283488202631275499e+02
1.712510278312102230e+02 3.145558936255551430e+02
1.605962915550905166e+02 3.022921642186929603e+02
1.511770949021235424e+02 2.911379059365181092e+02
1.420124128832691497e+02 2.802391154787097776e+02
1.328107993551445816e+02 2.693481020785488909e+02
1.240615192807774747e+02 2.588873924729542182e+02
1.161928344281959937e+02 2.492187812935754039e+02
1.090037747288543528e+02 2.401656723236120001e+02
1.020965081021244600e+02 2.313900232173289169e+02
9.544304722550874942e+01 2.228691188351772325e+02
8.925596951019312542e+01 2.147794292448746205e+02
8.356212895316275535e+01 2.071400600190941645e+02
7.819252330149394936e+01 1.998094580799190965e+02
7.309634931693811666e+01 1.927456690316531649e+02
6.833312394526083722e+01 1.859948562328638104e+02
6.389803700025206723e+01 1.795530540059406519e+02
5.973561121154618547e+01 1.733738160880702424e+02
5.582850247109584529e+01 1.674412254739033870e+02
5.216341301276852249e+01 1.617431060042705440e+02
4.872746920032179219e+01 1.562679767078636246e+02
4.550823897498152348e+01 1.510050081292220341e+02
4.249374470386320013e+01 1.459439816635163538e+02
3.967247187192294433e+01 1.410752516738733391e+02
3.703332122828415152e+01 1.363896469474064475e+02
3.456512092962743310e+01 1.318778192332050878e+02
3.225700010365674331e+01 1.275305716069528899e+02
3.009876924591549141e+01 1.233392911054547341e+02
2.808088276703015396e+01 1.192959162002529894e+02
2.619439805282199529e+01 1.153928999812785605e+02
2.443093717661252384e+01 1.116231761099297159e+02
2.278265109395831090e+01 1.079801273230633143e+02
2.124221666443278522e+01 1.044576307050888460e+02
1.980286071227257594e+01 1.010501849120979330e+02
1.845823039813563682e+01 9.775266387480546371e+01
1.720234809053641811e+01 9.456024274442864908e+01
1.602959120299556517e+01 9.146837957700176958e+01
1.493467295270614059e+01 8.847279822181748443e+01
1.391262401173977992e+01 8.556947232154148253e+01
1.295877453458282424e+01 8.275461210332038320e+01
1.206872490047949853e+01 8.002469811105032704e+01
1.123833274747267552e+01 7.737646627585451142e+01
1.046371438277433796e+01 7.480683714125848383e+01
9.741230156670866336e+00 7.231290205039904606e+01
9.067469784561398072e+00 6.989191320626110837e+01
8.439238503668848423e+00 6.754127430679834276e+01
7.853544020412340565e+00 6.525853171452394008e+01
7.307584671162875800e+00 6.304138018047798653e+01
6.798740043415686607e+00 6.088772725868003022e+01
6.324557524158416655e+00 5.879561967969390679e+01
5.882740828469470884e+00 5.676319860993909572e+01
5.471140489108590188e+00 5.478869415728267711e+01
5.087744892231802929e+00 5.287042025209430562e+01
4.730671827532638929e+00 5.100676978820177965e+01
4.398160521405078072e+00 4.919621018099928023e+01
4.088563526737989839e+00 4.743730377295967315e+01
3.800339270909956380e+00 4.572872465269848874e+01
3.532046749471063229e+00 4.406920407944588902e+01
3.282339356323930701e+00 4.245752074279928223e+01
3.049958915922529545e+00 4.089249797618668225e+01
2.833730076166910639e+00 3.937300110873116665e+01
2.632555041440216126e+00 3.789793494961467957e+01
2.445408625732409025e+00 3.646624368575309916e+01
2.271333601770227251e+00 3.507693670564081856e+01
2.109436346222140379e+00 3.372907274362756169e+01
1.958882754725206121e+00 3.242173362124661651e+01
1.818894402930912646e+00 3.115402237656347140e+01
1.688744945286070998e+00 2.992506203425248756e+01
1.567756737701269110e+00 2.873399444940077885e+01
1.455297670878886729e+00 2.757997922260720358e+01
1.350778169091871650e+00 2.646220187026663595e+01
1.253648330908004427e+00 2.537989679151718292e+01
