2.944842525282892166e+04 2.930294632011247813e+04
2.967401185848555906e+04 2.952334687381719777e+04
2.988406877302652720e+04 2.972813097079343061e+04
3.007764233311383214e+04 2.991635332154584103e+04
3.025378907106711995e+04 3.008707965333056563e+04
3.041154049884869892e+04 3.023935176683852478e+04
3.054988554653734900e+04 3.037217016254866394e+04
3.066783124784428583e+04 3.048455437456746222e+04
3.076440025740196870e+04 3.057554072223681214e+04
3.083858115071691645e+04 3.064413377835852589e+04
3.088938029876825021e+04 3.068935729553330748e+04
3.091584822869328491e+04 3.071028012860604576e+04
3.091703249737873193e+04 3.070597048035748594e+04
3.089198305544275354e+04 3.067550128985761694e+04
3.083981543608808352e+04 3.061801189111649001e+04
3.075970080103451983e+04 3.053269880026194369e+04
3.065082655650686502e+04 3.041877835874080120e+04
3.051245941873018091e+04 3.027554720343486770e+04
3.034396531288128608e+04 3.010240160813779949e+04
3.014478467340446514e+04 2.989881588781671235e+04
2.991445215067584286e+04 2.966436069848574334e+04
2.965262937793393940e+04 2.939873301388795517e+04
2.935911587861492444e+04 2.910176912443745096e+04
2.903385907880510786e+04 2.877345704780728920e+04
2.867695383311561091e+04 2.841393080807357546e+04
2.828865808616469803e+04 2.802348580452557508e+04
2.786947517083237472e+04 2.760266624606290134e+04
2.742010118459983642e+04 2.715220815311663682e+04
2.694138317972128425e+04 2.667299400181510646e+04
2.643445453467121479e+04 2.616619176933776180e+04
2.590078031439063852e+04 2.563330121657856944e+04
2.534195051770408099e+04 2.507594062241020583e+04
2.475974102519706503e+04 2.449590819739662402e+04
2.415642255779620973e+04 2.389549543355039350e+04
2.353441820748841201e+04 2.327713941064259416e+04
2.289617533565150734e+04 2.264329268854398833e+04
2.224461976279146620e+04 2.199687776368371124e+04
2.158306171208569867e+04 2.134119310708073681e+04
2.091466911731409346e+04 2.067938682595053251e+04
2.024267505325926322e+04 2.001466285017306654e+04
1.957083440874840744e+04 1.935073463383490162e+04
1.890271281075801380e+04 1.869112096084862424e+04
1.824161154983276356e+04 1.803907088340484188e+04
1.759150803632133830e+04 1.739847848278694801e+04
1.695654614413734453e+04 1.677339008093182929e+04
1.634030362095251439e+04 1.616729482136207662e+04
1.574566503500663566e+04 1.558299316339955840e+04
1.517473644262489142e+04 1.502250695169483697e+04
1.462920065176374555e+04 1.448744612238819718e+04
1.411069097145861997e+04 1.397936859234953226e+04
1.362256612627202230e+04 1.350146590129284778e+04
1.316851013503824106e+04 1.305724078786747668e+04
1.275150047550604177e+04 1.264952675715688747e+04
1.237122701133337250e+04 1.227794717358970593e+04
1.202462794562406089e+04 1.193943245508937071e+04
1.170883832256190908e+04 1.163111295043268728e+04
1.142105360934721648e+04 1.135018826211909072e+04
1.115851571949623030e+04 1.109391131604196562e+04
1.091856770203252927e+04 1.085963978747486362e+04
1.069733052002091790e+04 1.064356950646792393e+04
1.049044439250511641e+04 1.044143986531393966e+04
1.029324094259882258e+04 1.024871040568845092e+04
1.009981555335290068e+04 1.005969123287421644e+04
9.904271128267533641e+03 9.868707652344615781e+03
9.699704802142963672e+03 9.669176197636914367e+03
9.479131626223941566e+03 9.454451308210807838e+03
9.236374955536801281e+03 9.218707536852600242e+03
8.966230294137640158e+03 8.957075846715692023e+03
8.665557447735420283e+03 8.666678451788935490e+03
8.333497918720067901e+03 8.346830772513640113e+03
7.971965731724621037e+03 7.999479479284598710e+03
7.585514196740932675e+03 7.629074772609249521e+03
7.180766876260636309e+03 7.241999618664999616e+03
6.765655184650024239e+03 6.845845974772249065e+03
6.349283967663237490e+03 6.449277814490619676e+03
5.941195867755597646e+03 6.061317939659903459e+03
5.551784329185918978e+03 5.691720357147663890e+03
5.190247135944321599e+03 5.349095246434403634e+03
4.865534555079822894e+03 5.041689815730128430e+03
4.583884586696520273e+03 4.775232259656754650e+03
4.348687774271877061e+03 4.552665361646600104e+03
4.159460876719924272e+03 4.373352781792882524e+03
4.012254512063316270e+03 4.233381078159949539e+03
3.899508533191739843e+03 4.125543910675913139e+03
3.811522996361707101e+03 4.040671826754780795e+03
3.736375473441367376e+03 3.967625755092930831e+03
3.661404959919245812e+03 3.894653998945922467e+03
3.574225540802479372e+03 3.810333165210891821e+03
3.464598592101601298e+03 3.705296278447303848e+03
3.326341155167257057e+03 3.573976659591721727e+03
3.158271718693374169e+03 3.415443262750402937e+03
2.964636808965085947e+03 3.233770076939435057e+03
2.754939912863556401e+03 3.037837993052436559e+03
2.543004937203409099e+03 2.840390737930537853e+03
2.344332990916732342e+03 2.655563627437750711e+03
2.172146878541097067e+03 2.495277127614386245e+03
2.033911519433249623e+03 2.366101424231610054e+03
1.930408910806285576e+03 2.268503250629820741e+03
1.857166096526838373e+03 2.198232453376155263e+03
1.805496413970900221e+03 2.147319001260407276e+03
1.762614298875372924e+03 2.104210759250870524e+03
1.713795766259041557e+03 2.055725371367518619e+03
1.647680537546155847e+03 1.991788270749758112e+03
1.560547584794916020e+03 1.909221887503072367e+03
1.456403465820073961e+03 1.811762329833298509e+03
1.344980660221768858e+03 1.708182862684337351e+03
1.239084746775520216e+03 1.609832136140597413e+03
1.149943141410222552e+03 1.526486449635795680e+03
1.082668269025200971e+03 1.462427449436883990e+03
1.035302623746498057e+03 1.415749652480370742e+03
9.997201176483685003e+02 1.379266802460823783e+03
9.644751135136792755e+02 1.343040355913107305e+03
9.206474680662555556e+02 1.299433308380281005e+03
8.658133620781001127e+02 1.246480173543043520e+03
8.040906294866236976e+02 1.187833024054292537e+03
7.441187771214018767e+02 1.130903650838625254e+03
6.938442227905178470e+02 1.082349067419881294e+03
6.556233362285394151e+02 1.044010284515999729e+03
6.259839771330737221e+02 1.012860582301760815e+03
5.980657589558779819e+02 9.831493128441478575e+02
5.661247208085377451e+02 9.501632149164989869e+02
5.296590370768713001e+02 9.135738215510505142e+02
4.927165217539587161e+02 8.767481254689259913e+02
4.601491342728863287e+02 8.436003974026911010e+02
4.338444651628474844e+02 8.155665333053375434e+02
4.114685364505872940e+02 7.907109200266066864e+02
3.891347721649477194e+02 7.659422873607097699e+02
3.651137837064973723e+02 7.399391398747216044e+02
3.408789685836158014e+02 7.138862183376729718e+02
3.190350003563202108e+02 6.897834528254084034e+02
3.003173946829880947e+02 6.681460302292807683e+02
2.832378265185040505e+02 6.478142038463748804e+02
2.660936047451796753e+02 6.275171149205117445e+02
2.489847480367719470e+02 6.073471094551543956e+02
2.331015505974296502e+02 5.881727109822280681e+02
2.189230323422225695e+02 5.703155855539362165e+02
2.057103204376525696e+02 5.532308084885816015e+02
1.928070180174793506e+02 5.364574365189561149e+02
1.804620339680598988e+02 5.201708770356419791e+02
1.691102478845620283e+02 5.046585135773206048e+02
1.586027073042122026e+02 4.898070619084225541e+02
1.485745969606495009e+02 4.753705792932875056e+02
1.390696912002438239e+02 4.613756983784919044e+02
1.301738408783767227e+02 4.478705759576071728e+02
1.218423298321874597e+02 4.348199574131741088e+02
1.140359181506161974e+02 4.221956199695995906e+02
1.067186704558453556e+02 4.099716376509053930e+02
9.985750312094168635e+01 3.981239053998575059e+02
9.342192973393984801e+01 3.866300190017673231e+02
8.738383094526899697e+01 3.754691650165358396e+02
8.171730748962245627e+01 3.646220804371598661e+02
7.639994821129307923e+01 3.540724692855859530e+02
7.141228247272582053e+01 3.438068191345997207e+02
6.673579829851135514e+01 3.338125605431968097e+02
6.235282901554225532e+01 3.240779273434544052e+02
5.824653351153056491e+01 3.145919110277355344e+02
5.440087495329262879e+01 3.053442179876755063e+02
5.080059823344407732e+01 2.963252293657334917e+02
4.743111590090684615e+01 2.875260007168214429e+02
4.427822757262466524e+01 2.789383438724509006e+02
4.132846570297270716e+01 2.705546575561551776e+02
3.856917105381464950e+01 2.623678495161234991e+02
3.598844597569984671e+01 2.543713080505280857e+02
3.357511028035028033e+01 2.465588749683118408e+02
3.131865956954687036e+01 2.389248198660406501e+02
2.920922741606520390e+01 2.314638294758082964e+02
2.723758424594042538e+01 2.241713267066874096e+02
2.539509243976406339e+01 2.170434201911347429e+02
2.367362804296945100e+01 2.100764799992393534e+02
2.206555050272127261e+01 2.032671017768295769e+02
2.056367610557924408e+01 1.966120921076391141e+02
1.916125270318434914e+01 1.901084544134367889e+02
1.785193567675497306e+01 1.837533753648754384e+02
1.662976258407627483e+01 1.775442802218566953e+02
1.548912442371009668e+01 1.714790318929649970e+02
1.442475534858123076e+01 1.655556662842876392e+02
1.343171586500719528e+01 1.597722962507806983e+02
1.250537366732094213e+01 1.541271036953702946e+02
1.164138551789215015e+01 1.486183319872587560e+02
1.083568012152052340e+01 1.432442786949997924e+02
1.008444193136569034e+01 1.380032977533836345e+02
9.384095543466777656e+00 1.328940157268399389e+02
8.731291360331205453e+00 1.279153000218295659e+02
8.122892378384170442e+00 1.230659872166538236e+02
7.555961327622005896e+00 1.183448686483031338e+02
7.027748523545543691e+00 1.137506897510618415e+02
6.535680414338426836e+00 1.092821495992824481e+02
6.077348786777413636e+00 1.049379006518788771e+02
5.650500443014887963e+00 1.007166347785495475e+02
5.253027195504301083e+00 9.661734414648756797e+01
4.882957478077956104e+00 9.263899676600911448e+01
4.538448019925038324e+00 8.878043223845040188e+01
4.217775814641346876e+00 8.504036897472498424e+01
3.919330567503084062e+00 8.141741141680577698e+01
3.641607594342180398e+00 7.791005723935884930e+01
3.383201140935679252e+00 7.451671126769861075e+01
3.142797975213652339e+00 7.123585561498356356e+01
2.919171534385975875e+00 6.806603164935970085e+01
2.711176559884302950e+00 6.500565004642113820e+01
2.517743894925374537e+00 6.205299314151189805e+01
