2.390130319102582507e+04 2.369696397159349726e+04
2.419901120463685220e+04 2.398658524680839037e+04
2.448960935171729579e+04 2.426890918930086627e+04
2.477240214723319878e+04 2.454324938830817700e+04
2.504667758494503141e+04 2.480890466745264348e+04
2.531171343379425525e+04 2.506516478050886144e+04
2.556675356620112871e+04 2.531128739954932098e+04
2.581101720657399346e+04 2.554650722791983935e+04
2.604371986920183917e+04 2.577005649482572335e+04
2.626405927623684329e+04 2.598115173580890769e+04
2.647119727420906202e+04 2.617897679329249877e+04
2.666429461580365023e+04 2.636271598682340482e+04
2.684251440240174998e+04 2.653155753191527765e+04
2.700499272564998319e+04 2.668466593461859520e+04
2.715086182404318242e+04 2.682120406931638718e+04
2.727927107088543198e+04 2.694035317704133558e+04
2.738936904714955017e+04 2.704129628302723359e+04
2.748029779556235007e+04 2.712321302883337921e+04
2.755122781628791563e+04 2.718531258420549057e+04
2.760135974705654371e+04 2.722683551876765705e+04
2.762990652370362659e+04 2.724703783626178847e+04
2.763611914022023484e+04 2.724521471934867077e+04
2.761930092893429173e+04 2.722071384890554327e+04
2.757881098119249509e+04 2.717294017081576749e+04
2.751406983790024969e+04 2.710136120212533206e+04
2.742456715097031338e+04 2.700551276653427703e+04
2.730987940981286010e+04 2.688501685439065841e+04
2.716969989625461676e+04 2.673961231032395153e+04
2.700381204210398573e+04 2.656912637451319824e+04
2.681209428366793509e+04 2.637347887684730813e+04
2.659460945241007357e+04 2.615277179446818991e+04
2.635157023747274798e+04 2.590725398810218758e+04
2.608327968091553703e+04 2.563726090029238912e+04
2.579022402600228816e+04 2.534330700091295512e+04
2.547315819987239956e+04 2.502617078430071342e+04
2.513293147255969234e+04 2.468672018770932118e+04
2.477050938125183529e+04 2.432593426359914520e+04
2.438724901013021372e+04 2.394517774672734595e+04
2.398467988410298858e+04 2.354598204544122564e+04
2.356435498546586678e+04 2.312989655614189542e+04
2.312808092593127003e+04 2.269871972595058833e+04
2.267796247771099661e+04 2.225454379542400784e+04
2.221607102796897379e+04 2.179942244428413323e+04
2.174458316129788727e+04 2.133551018083481540e+04
2.126631834753906151e+04 2.086560193107804662e+04
2.078412753094032087e+04 2.039252054251980007e+04
2.030066337296599522e+04 1.991888795976856636e+04
1.981822282384652863e+04 1.944698044416429912e+04
1.933878406152683965e+04 1.897876339891444877e+04
1.886415868274808236e+04 1.851603281366862575e+04
1.839652356972574853e+04 1.806094930707942331e+04
1.793927234438592131e+04 1.761689419735408228e+04
1.749569814353677066e+04 1.718715052252215173e+04
1.706865281422372209e+04 1.677456632222279222e+04
1.665967732393266488e+04 1.638071287420922090e+04
1.626955201837734967e+04 1.600641937897557364e+04
1.589892290733964001e+04 1.565238207470272937e+04
1.554742973983214142e+04 1.531830776557884928e+04
1.521354840036767200e+04 1.500275644697019925e+04
1.489577186341550077e+04 1.470430116280243419e+04
1.459209340069643076e+04 1.442101266991416924e+04
1.429985550024271834e+04 1.415030517695631352e+04
1.401649488516979000e+04 1.388967305777128604e+04
1.373901468445286264e+04 1.363614921912174214e+04
1.346419583455827342e+04 1.338651449385066371e+04
1.318877002191102656e+04 1.313746324082461979e+04
1.290877263942360514e+04 1.288492175059748843e+04
1.262034370117310027e+04 1.262487116932307799e+04
1.231937134814314231e+04 1.235295171773604488e+04
1.200184123919498234e+04 1.206482589166900834e+04
1.166460372946370626e+04 1.175697229982359022e+04
1.130547104774633772e+04 1.142679181562563281e+04
1.092402309635181882e+04 1.107348720987718480e+04
1.052204608057923178e+04 1.069855260400016778e+04
1.010313224407656708e+04 1.030540194131282806e+04
9.672872603038314992e+03 9.899612898993815179e+03
9.237907504746763152e+03 9.487942826477654307e+03
8.805552259281745137e+03 9.077953128425526302e+03
8.383195655561579770e+03 8.677362835503610768e+03
7.977865304860967626e+03 8.293587052238144679e+03
7.596353057365064160e+03 7.933839362089453061e+03
7.244340839423725811e+03 7.604250861394406456e+03
6.926417577216210702e+03 7.309826345214528374e+03
6.645222494200625079e+03 7.053604309725250459e+03
6.400319537544758532e+03 6.835392954728680706e+03
6.188307142662993101e+03 6.651880634077932882e+03
6.002427202808683433e+03 6.496115345614634862e+03
5.833611108310866257e+03 6.358522657210281977e+03
5.671707783280104195e+03 6.228124696893400142e+03
5.506603870441453182e+03 6.093690258645388894e+03
5.329682417552711740e+03 5.945353431457324405e+03
5.134712142135539580e+03 5.775679696819239325e+03
4.919170200445475530e+03 5.581321790224117649e+03
4.684783562725343472e+03 5.363798581157648186e+03
4.437174973812901044e+03 5.129209690739453436e+03
4.184967167463339138e+03 4.887261543624398655e+03
3.938399565406729835e+03 4.649621478938818655e+03
3.708040505758251129e+03 4.428367731369234207e+03
3.503053412874956848e+03 4.233989929415542974e+03
3.328789813270793275e+03 4.072684572709016265e+03
3.184617676700400807e+03 3.943924235432406022e+03
3.063930639341070219e+03 3.840432229441541949e+03
2.956817347281281855e+03 3.751075311146880722e+03
2.852893219875410523e+03 3.663956800743770145e+03
2.742664178811239708e+03 3.567952309151308327e+03
2.619286962621787552e+03 3.454864892065515505e+03
2.481789616789579213e+03 3.323408665853049115e+03
2.336271520806778881e+03 3.180762801104790015e+03
2.192552798613356117e+03 3.038558534626034998e+03
2.059822291921068881e+03 2.907614189897212327e+03
1.944436529414747156e+03 2.795324241091550903e+03
1.848137176043941508e+03 2.703681434735980019e+03
1.766812608573045054e+03 2.627936357284890164e+03
1.692521080573028939e+03 2.558925943234924034e+03
1.616967416940447492e+03 2.487044691439236885e+03
1.534919583390029857e+03 2.406250753619701754e+03
1.447046250769673406e+03 2.317449395045724032e+03
1.359057573242912213e+03 2.227419700277924676e+03
1.277305590932100131e+03 2.143548326848825582e+03
1.205813802545735825e+03 2.070380190012735056e+03
1.144442709624518102e+03 2.007657325843904800e+03
1.088730720250842523e+03 1.950297762128345539e+03
1.033512986233800575e+03 1.892542120446696799e+03
9.762920875728203782e+02 1.831723404742002458e+03
9.183053686190502276e+02 1.769371724802592098e+03
8.632994019920807887e+02 1.709687487950908462e+03
8.139117234575201110e+02 1.655495433352919008e+03
7.697537826566972399e+02 1.606295080851676630e+03
7.283779977333666693e+02 1.559463377519692358e+03
6.874611634230799382e+02 1.512628128325558919e+03
6.468834175165677607e+02 1.465768739481533885e+03
6.082918745252279678e+02 1.420616509508243098e+03
5.729094200802081787e+02 1.378368342688382199e+03
5.403603619280908106e+02 1.338607317329721354e+03
5.093345887742353852e+02 1.300071076013680567e+03
4.792197934940340360e+02 1.262226111631983485e+03
4.504747229620448365e+02 1.225529105155536399e+03
4.237242778476644958e+02 1.190530512707722210e+03
3.987787483404548539e+02 1.157037004673609772e+03
3.750757044141311667e+02 1.124565577556018525e+03
3.524401394704933637e+02 1.092984299577668480e+03
3.311126223459236257e+02 1.062484762965208120e+03
3.111490164660390860e+02 1.033092322318384049e+03
2.923109389224936194e+02 1.004615434650425414e+03
2.744565118131370127e+02 9.769472018882238444e+02
2.576338620231178425e+02 9.501114580610470739e+02
2.418287057436215548e+02 9.240827375398671393e+02
2.269389732715744685e+02 8.987825262651922458e+02
2.129098189107179451e+02 8.741659056729015447e+02
1.996964866585151697e+02 8.501912900016292269e+02
1.872567406143676862e+02 8.268198341452311979e+02
1.755500552359529536e+02 8.040155937814770368e+02
1.645375890420681912e+02 7.817453603710586094e+02
1.541821543213789312e+02 7.599785089423456839e+02
1.444481474419552285e+02 7.386867817279544397e+02
1.353009715631263816e+02 7.178429636691951146e+02
1.267072650747229119e+02 6.974211304736228385e+02
1.186354063262963621e+02 6.773976694839107040e+02
1.110554486321347412e+02 6.577511968880586437e+02
1.039390405988585258e+02 6.384624459361350546e+02
9.725934963396652222e+01 6.195141615178664551e+02
9.099098874460379704e+01 6.008910042572192651e+02
8.510998736212590643e+01 5.825803516957994361e+02
7.959375945735240521e+01 5.645731713439307669e+02
7.442094127539547799e+01 5.468619745778482866e+02
6.957132025590108526e+01 5.294404476395390020e+02
6.502578071082459132e+01 5.123033823736586783e+02
6.076625147907571289e+01 4.954466078858118294e+02
5.677565553184457059e+01 4.788669228935735873e+02
5.303785712595389157e+01 4.625626496046565990e+02
4.953759301095769274e+01 4.465369307844246123e+02
4.626045181195090805e+01 4.307946546823736753e+02
4.319284336333252128e+01 4.153405555293870748e+02
4.032195596795678938e+01 4.001791820599112270e+02
3.763571554441492850e+01 3.853148729389630489e+02
3.512274664040330663e+01 3.707517332515415092e+02
3.277233519888043389e+01 3.564937069486571772e+02
3.057439189421312165e+01 3.425470149449962491e+02
2.851941864882421740e+01 3.289199077296499922e+02
2.659847803415003753e+01 3.156196158419502922e+02
2.480316263233111584e+01 3.026522245629380450e+02
2.312556581672046008e+01 2.900227138385024546e+02
2.155825397660343867e+01 2.777350005120565584e+02
2.009424012646286428e+01 2.657919827985870711e+02
1.872695772055765318e+01 2.541960476447847839e+02
1.745023509042009735e+01 2.429499239543744125e+02
1.625827632964423586e+01 2.320553907919839105e+02
1.514564041883457257e+01 2.215130618403618428e+02
1.410722073847228408e+01 2.113224639789903279e+02
1.313822567046172551e+01 2.014821155935633783e+02
1.223416023749276249e+01 1.919896041422306894e+02
1.139080860805672302e+01 1.828416746681031952e+02
1.060421672679970229e+01 1.740344005087596599e+02
9.870677607632153183e+00 1.655631829948588916e+02
9.186717315017014940e+00 1.574227553293714834e+02
8.549081025202609041e+00 1.496072535786797175e+02
7.954719860612693871e+00 1.421102856012228131e+02
7.400778465261617534e+00 1.349249969994510536e+02
6.884583274913556039e+00 1.280441327227900388e+02
6.403631070395308100e+00 1.214600377957365254e+02
