2.462804710592756965e+04 2.442333268456433507e+04
2.495567359680803929e+04 2.474243926574225407e+04
2.527546113315085677e+04 2.505347802488201341e+04
2.558656958745058364e+04 2.535561513740113151e+04
2.588813676173028944e+04 2.564799654634338003e+04
2.617928673156429068e+04 2.592975574648284964e+04
2.645909490323645150e+04 2.619997918573542120e+04
2.672659627661981722e+04 2.645771457495061622e+04
2.698081960036165401e+04 2.670200486169470969e+04
2.722077451631666918e+04 2.693187589528932585e+04
2.744542408865068501e+04 2.714630990345172177e+04
2.765372785492279945e+04 2.734428750472270622e+04
2.784465012740703241e+04 2.752479590888548046e+04
2.801711852986994199e+04 2.768678871676879862e+04
2.817004743757266988e+04 2.782920891159687380e+04
2.830237461886178426e+04 2.795102464708222033e+04
2.841304402528613718e+04 2.805121281677199295e+04
2.850098677020613104e+04 2.812874090720433742e+04
2.856517117156321910e+04 2.818261544082582259e+04
2.860461179292160523e+04 2.821189090206566107e+04
2.861834681976150023e+04 2.821564859502482432e+04
2.860546431621652300e+04 2.819302175016055844e+04
2.856512645025629536e+04 2.814321866781230347e+04
2.849657622021325733e+04 2.806553019238138586e+04
2.839914461630943333e+04 2.795933712161687436e+04
2.827226042677550140e+04 2.782411820998643816e+04
2.811546860721127086e+04 2.765946826405855245e+04
2.792848618757657459e+04 2.746515464045197950e+04
2.771116743641386347e+04 2.724108108106642248e+04
2.746349106962532096e+04 2.698727405015060867e+04
2.718567046018420660e+04 2.670399255678267946e+04
2.687816897633872213e+04 2.639174285749808041e+04
2.654157522100789356e+04 2.605115308538743557e+04
2.617666973894999319e+04 2.568303921648989490e+04
2.578464613656822257e+04 2.528862455969224175e+04
2.536686163514976943e+04 2.486929075861807360e+04
2.492476979020253566e+04 2.442651046567205776e+04
2.446028041068367384e+04 2.396220416275362004e+04
2.397567003496184043e+04 2.347865048378493884e+04
2.347321219206866226e+04 2.297811900424996202e+04
2.295535021366085857e+04 2.246304203402347775e+04
2.242505128091395090e+04 2.193636601829155916e+04
2.188525961999323044e+04 2.140100805463943107e+04
2.133883783973179379e+04 2.085979773701120575e+04
2.078934229265615795e+04 2.031624372998153194e+04
2.024062942218725584e+04 1.977414427642960800e+04
1.969623084995319005e+04 1.923697028219799176e+04
1.915925103325010423e+04 1.870777071042739044e+04
1.863227632995993554e+04 1.818908970886087627e+04
1.811758668240721818e+04 1.768316568226713935e+04
1.761741411165956015e+04 1.719218472357813152e+04
1.713552077375250155e+04 1.671983012107606555e+04
1.667612127414236238e+04 1.627022560665961828e+04
1.624288451224108940e+04 1.584695856693421047e+04
1.583730616027726319e+04 1.545149989603154972e+04
1.545876962600432671e+04 1.508326574144181723e+04
1.510657107597112554e+04 1.474158883448289635e+04
1.477942493584191652e+04 1.442524499175419623e+04
1.447543197677685748e+04 1.413242259193894824e+04
1.419269937049013060e+04 1.386131825508217116e+04
1.392825555564152819e+04 1.360908545224067893e+04
1.367858284645302592e+04 1.337234752630087132e+04
1.343995869907958513e+04 1.314752245011853847e+04
1.320765378100673297e+04 1.293003608543284463e+04
1.297688943867010676e+04 1.271524912059322014e+04
1.274187906378501975e+04 1.249749824991708010e+04
1.249651020916079506e+04 1.227076123110527260e+04
1.223459511236613434e+04 1.202888320855345592e+04
1.194999901872348164e+04 1.176569486750134092e+04
1.163780687607404798e+04 1.147617226868248872e+04
1.129460302268239138e+04 1.115671519578354128e+04
1.091927838079325920e+04 1.080598525657359460e+04
1.051329301601366024e+04 1.042518923858995004e+04
1.008077045784733127e+04 1.001821583535651189e+04
9.627998473097228270e+03 9.591154766363943054e+03
9.163147142546400573e+03 9.152040082736531986e+03
8.695352661030010495e+03 8.709919498243361886e+03
8.234883469448073811e+03 8.275021228370971585e+03
7.791507910943367278e+03 7.857102659837485589e+03
7.375489786022079898e+03 7.466411419913336431e+03
6.995577220665039931e+03 7.111718958317933357e+03
6.659085642437005845e+03 6.800347575393814623e+03
6.370012711463096821e+03 6.536378046488671316e+03
6.128993940121483320e+03 6.320567966228594742e+03
5.931941890999477437e+03 6.149037615966077283e+03
5.771468478265692283e+03 6.014613211594592940e+03
5.636497053839621003e+03 5.906380081092234832e+03
5.514119733086480664e+03 5.811405973584203821e+03
5.390496595019173583e+03 5.715554380924832003e+03
5.252316102471520935e+03 5.604899212583635745e+03
5.088891615901200566e+03 5.467934988245332534e+03
4.893880282542610075e+03 5.297506561545538716e+03
4.666703459631349688e+03 5.092506808107627876e+03
4.412924898443368875e+03 4.858471970600982786e+03
4.143449308290873887e+03 4.606776556763464214e+03
3.873190581721843955e+03 4.353136161731595166e+03
3.618802254897646435e+03 4.115068438540033640e+03
3.395170759860428916e+03 3.908120787284767630e+03
3.211391627399135359e+03 3.741717095723755392e+03
3.068466063195642164e+03 3.616922512606721739e+03
2.960073594527870682e+03 3.527331480821479545e+03
2.874787973178233642e+03 3.461263189443515785e+03
2.797636112041353954e+03 3.403142593563722585e+03
2.712176737696020155e+03 3.335466576955359869e+03
2.605485478223987684e+03 3.244128912336832400e+03
2.473750803461710348e+03 3.124748932424284703e+03
2.323272307698054192e+03 2.984058125281395860e+03
2.166915147981797418e+03 2.836028452818970436e+03
2.019890600503799305e+03 2.697038026829028240e+03
1.895135442354326642e+03 2.580754996721151656e+03
1.798168074504653987e+03 2.492837434908454725e+03
1.725188823291160588e+03 2.429211829857856628e+03
1.665227177161289546e+03 2.378361910457584145e+03
1.603916373243423095e+03 2.325120510182639009e+03
1.530510001476850675e+03 2.258047759658839368e+03
1.443399334433476270e+03 2.175500958812948284e+03
1.349596315595898432e+03 2.085125446916242254e+03
1.260335446167742703e+03 1.998898587779032368e+03
1.185234681242913666e+03 1.926773936033980817e+03
1.126341857996983663e+03 1.870658580702276367e+03
1.077657593143783743e+03 1.824245855335823535e+03
1.029796724938597208e+03 1.777891298421406191e+03
9.759132389047587139e+02 1.724681104966022986e+03
9.164934183007696902e+02 1.665311270055735349e+03
8.580249666982815597e+02 1.606500742398476405e+03
8.068711698525346492e+02 1.554568722183452337e+03
7.645404341755572659e+02 1.510832432925858257e+03
7.269492323914374765e+02 1.471190514600554252e+03
6.886483144455067986e+02 1.430405248002916096e+03
6.480058608269097249e+02 1.387058756701787615e+03
6.079515885215140543e+02 1.344041421548956578e+03
5.720991210624999894e+02 1.304689992718930398e+03
5.408423135292974848e+02 1.269252101301822449e+03
5.114960460813181840e+02 1.235263383118008278e+03
4.818469962511337030e+02 1.200827116925785958e+03
4.526033262555926058e+02 1.166638860354060398e+03
4.256680864591209001e+02 1.134313585945329805e+03
4.013631148639063326e+02 1.104055975757075203e+03
3.783118897010830324e+02 1.074726575356117792e+03
3.557118734150794808e+02 1.045724679488634820e+03
3.342162324154652424e+02 1.017574001729299880e+03
3.144219084000545763e+02 9.906945694014408446e+02
2.958874555474847057e+02 9.647404580185309442e+02
2.780792040590331453e+02 9.393423397324229427e+02
2.611948377306349016e+02 9.146374758304935995e+02
2.454676931109847828e+02 8.907600964832832915e+02
2.306587062837543556e+02 8.675522176529257194e+02
2.166512982466928747e+02 8.449284332094168803e+02
2.034201212849846172e+02 8.228620494399419840e+02
1.909388142726629383e+02 8.013284297688674087e+02
1.791796826379440688e+02 7.803044469120305848e+02
1.681136249550806951e+02 7.597679573760601670e+02
1.577051937638150605e+02 7.396921655066631729e+02
1.479161379071917963e+02 7.200479227782211638e+02
1.387103519821687883e+02 7.008083156007093066e+02
1.300538504031156037e+02 6.819486538298128835e+02
1.219146383369086664e+02 6.634463601377550503e+02
1.142625909348184052e+02 6.452808672185379919e+02
1.070693426113520417e+02 6.274335253264667926e+02
1.003085145072595594e+02 6.098880338119249700e+02
9.395584694690161598e+01 5.926308298080550685e+02
8.798837676856489054e+01 5.756499579459880351e+02
8.238429165581101188e+01 5.589348577065770769e+02
7.712288394107893907e+01 5.424762963773828233e+02
7.218450532373429951e+01 5.262663039736600012e+02
6.755052257061767307e+01 5.102981097109488928e+02
6.320325312010466945e+01 4.945664388870622474e+02
5.912581854964313521e+01 4.790693516454550718e+02
5.530221771661177854e+01 4.638064924659295798e+02
5.171734340815841335e+01 4.487780201833743376e+02
4.835693647377602389e+01 4.339845617923942314e+02
4.520754187892665499e+01 4.194271691672993825e+02
4.225646677919081640e+01 4.051072758269907013e+02
3.949174097057780131e+01 3.910267374844195842e+02
3.690209055403043692e+01 3.771901642557848504e+02
3.447689945254003874e+01 3.636048172228401540e+02
3.220615918044026671e+01 3.502775608244467094e+02
3.008043606816820059e+01 3.372146860488528546e+02
2.809084086866296559e+01 3.244219082205466407e+02
2.622899977491898582e+01 3.119043664809542520e+02
2.448702679740058841e+01 2.996666250237033182e+02
2.285749495923278829e+01 2.877133823543245512e+02
2.133340641169526464e+01 2.760509827183240645e+02
1.990817701249305927e+01 2.646851962981750148e+02
1.857561523638374723e+01 2.536207001212579542e+02
1.732990016184558968e+01 2.428611253738396272e+02
1.616556058871092105e+01 2.324091064489644509e+02
1.507745523615819394e+01 2.222663313446896609e+02
1.406075393320007372e+01 2.124336417088341875e+02
1.311091944780219798e+01 2.029115827535041490e+02
1.222369092293111059e+01 1.937001490636603478e+02
1.139506823739200136e+01 1.847984389246005605e+02
1.062129688141221351e+01 1.762047140205126254e+02
9.898853642537284614e+00 1.679164653525202198e+02
9.224433068146575820e+00 1.599304779994745616e+02
8.594934659477418748e+00 1.522428945572630425e+02
8.007450095083981978e+00 1.448492899844961244e+02
7.459251490589771549e+00 1.377447388156694501e+02
6.947781967367916423e+00 1.309238469952787796e+02
6.470645530490135577e+00 1.243808048474408849e+02
