2.444712245758354402e+04 2.433240970788402410e+04
2.463256678542470399e+04 2.451367878883770754e+04
2.480540472234786648e+04 2.468225987366551635e+04
2.496490770890187559e+04 2.483742941579394392e+04
2.511035231684028258e+04 2.497846976321058901e+04
2.524102163630353607e+04 2.510467043523881148e+04
2.535617501337257636e+04 2.521529795744882358e+04
2.545507502562414447e+04 2.530962281594432716e+04
2.553700571310077066e+04 2.538693768125275164e+04
2.560124266477061974e+04 2.544652807060505802e+04
2.564704889158975493e+04 2.548766838762903717e+04
2.567371941845778565e+04 2.550966584850569780e+04
2.568057651425072254e+04 2.551185596051902758e+04
2.566693755755130042e+04 2.549357132717783315e+04
2.563215696647016011e+04 2.545418261967509898e+04
2.557564162469275470e+04 2.539311372752180614e+04
2.549681939073880494e+04 2.530981172371284993e+04
2.539515173120246982e+04 2.520375915119765705e+04
2.527017110970607973e+04 2.507451001119504508e+04
2.512147878588559979e+04 2.492168847239109164e+04
2.494873653913464659e+04 2.474498214212835228e+04
2.475169124133306104e+04 2.454416408079761823e+04
2.453018455773716414e+04 2.431910222496591086e+04
2.428416736454065540e+04 2.406977669783489910e+04
2.401369806782555315e+04 2.379627618640501896e+04
2.371893985656086807e+04 2.349879298188979737e+04
2.340020333096636386e+04 2.317766772511241652e+04
2.305797396548708275e+04 2.283341808581383884e+04
2.269284612626947637e+04 2.246666846371728025e+04
2.230554542652470627e+04 2.207817242387214719e+04
2.189707066448401747e+04 2.166895811816022251e+04
2.146856444714108875e+04 2.124019512362518435e+04
2.102124680510148028e+04 2.079312604280622327e+04
2.055661137059432076e+04 2.032926478827503524e+04
2.007642564255231264e+04 1.985039655858336118e+04
1.958247538076269120e+04 1.935831919251339423e+04
1.907666754922156179e+04 1.885494593681985862e+04
1.856134524062637502e+04 1.834262022712059479e+04
1.803886675324170210e+04 1.782369484440010638e+04
1.751150915688077293e+04 1.730043547889103138e+04
1.698190615476473613e+04 1.677545364052753939e+04
1.645286306876116214e+04 1.625152413849122604e+04
1.592695096598758391e+04 1.573118468899542859e+04
1.540675176182794894e+04 1.521697466565465402e+04
1.489517382247681235e+04 1.471174259997142326e+04
1.439486187145059557e+04 1.421807387547157668e+04
1.390815809412700764e+04 1.373825241040496621e+04
1.343744822167344682e+04 1.327458555374818570e+04
1.298494968936085752e+04 1.282920864590402925e+04
1.255253078703972824e+04 1.240391823506798210e+04
1.214175526418353547e+04 1.200019971416527733e+04
1.175392545355432958e+04 1.161926258353089725e+04
1.139010785066690369e+04 1.126209253324763813e+04
1.105102254420411191e+04 1.092934039883015794e+04
1.073644845686596273e+04 1.062071920830500494e+04
1.044588130368859311e+04 1.033566559880361820e+04
1.017871719353995650e+04 1.007352867978142422e+04
9.932503782965670325e+03 9.831879715351211416e+03
9.703573048292522799e+03 9.607120243673860386e+03
9.488550481441563534e+03 9.395939249774424752e+03
9.284411690306738819e+03 9.195384833503330810e+03
9.088427903615403920e+03 9.002805980432764045e+03
8.897859287972358288e+03 8.815547777260400835e+03
8.708611661730295964e+03 8.629692442492223563e+03
8.516265461130005860e+03 8.441021387620634414e+03
8.316263656259730851e+03 8.245212987906756098e+03
8.103508809292202386e+03 8.037481538200534487e+03
7.873548833135977475e+03 7.813655899894091817e+03
7.623322927446928588e+03 7.570944322536193795e+03
7.350903371073515700e+03 7.307623322320820989e+03
7.056992066514177168e+03 7.024475560798300648e+03
6.744159662529682464e+03 6.724042295061339246e+03
6.416893621677138071e+03 6.410644528435780558e+03
6.081016970454975308e+03 6.089841002857125204e+03
5.742660795219769170e+03 5.767437903233771067e+03
5.407961016277912677e+03 5.449217584639908637e+03
5.083671699715608156e+03 5.141483235060271909e+03
4.776410876706117051e+03 4.850393868184230087e+03
4.492824628418675275e+03 4.582070013345625739e+03
4.238409182872501333e+03 4.341532581645867140e+03
4.017335505800794181e+03 4.132486742904039602e+03
3.831253556149613814e+03 3.956338432262803963e+03
3.678388395933002812e+03 3.811245513447379381e+03
3.554641650373535413e+03 3.693258826622086417e+03
3.452986626686758427e+03 3.595750025400588129e+03
3.365248463337000885e+03 3.511094827458514374e+03
3.282439191062605005e+03 3.430981097697916994e+03
3.195691153667089566e+03 3.347290985251879647e+03
3.097283320564341921e+03 3.253007928480908959e+03
2.981774640398183237e+03 3.143258374871575597e+03
2.847211697930782520e+03 3.016381865287590244e+03
2.695011615667768638e+03 2.873783803648066623e+03
2.529755703703995096e+03 2.719738156202893151e+03
2.358698178376268515e+03 2.560895843027617502e+03
2.191247282189680845e+03 2.405776206104452740e+03
2.037627157326619681e+03 2.263563733183223576e+03
1.906105678998992062e+03 2.141570022396261720e+03
1.799778228580227960e+03 2.042411500156137436e+03
1.716687459933568562e+03 1.964180038569781118e+03
1.651738367921549752e+03 1.902194834391808627e+03
1.598199238648710889e+03 1.850380156944809187e+03
1.547593684964739168e+03 1.801184703704021331e+03
1.490669462352436085e+03 1.746450097198042613e+03
1.421756126031146096e+03 1.681250255791183463e+03
1.341216849354896567e+03 1.606005877262367903e+03
1.253809425490294416e+03 1.524981808872492365e+03
1.166199214703548023e+03 1.444054027901089285e+03
1.085712398851236458e+03 1.369585636840857433e+03
1.017838655006408089e+03 1.306254917248835682e+03
9.637357054621560337e+02 1.254944403054254963e+03
9.205685892914996202e+02 1.213107680593089526e+03
8.827176913853967335e+02 1.175863953172757647e+03
8.435824635970906229e+02 1.137570066470359507e+03
7.994557151369614303e+02 1.095114720491853859e+03
7.510212190896470474e+02 1.049139748319477576e+03
7.015052806454665415e+02 1.002414445543040074e+03
6.553886284215550404e+02 9.587004202711970038e+02
6.159888305151800978e+02 9.207168499038969003e+02
5.830738617677021693e+02 8.881984559219365565e+02
5.539681446010002901e+02 8.588819371724813436e+02
5.253512238201554965e+02 8.300255221788826248e+02
4.952035866472292582e+02 7.999999945403956190e+02
4.643289220502425678e+02 7.694891881505581068e+02
4.349270780850757205e+02 7.402769612494843159e+02
4.086089366374445717e+02 7.136313544307020038e+02
3.854548657220354926e+02 6.895778956000318658e+02
3.640341781022052601e+02 6.669589286186920845e+02
3.429187588462936560e+02 6.446513597817522623e+02
3.219573646433870522e+02 6.225476212490431180e+02
3.019468912483213217e+02 6.012658631028625678e+02
2.836338909792736445e+02 5.813638956201023120e+02
2.668736219075811960e+02 5.627120559542414640e+02
2.510458527151269266e+02 5.448323906167537416e+02
2.357246994405887222e+02 5.274066091710160435e+02
2.211247626721546453e+02 5.105918224936264664e+02
2.075249477065753467e+02 4.945833084583612163e+02
1.948893425427513932e+02 4.793440502393062843e+02
1.829473595026533701e+02 4.646740417369514944e+02
1.715882556341453551e+02 4.504918225899573940e+02
1.608965029281423824e+02 4.368512719976515086e+02
1.508989247524598625e+02 4.237637549951447227e+02
1.415026455848321518e+02 4.111602586966556601e+02
1.326288579025700187e+02 3.989838849191899044e+02
1.242812447442288430e+02 3.872323742467144143e+02
1.164548846847204260e+02 3.758972843633037542e+02
1.090964075210367525e+02 3.649402091002759221e+02
1.021738418320490069e+02 3.543369801755706590e+02
9.567177686921770885e+01 3.440735461442562269e+02
8.956881362751516917e+01 3.341332992866163067e+02
8.384114967085075421e+01 3.244986662069894692e+02
7.846636331040126322e+01 3.151532214890222576e+02
7.342335021435117426e+01 3.060816258644090908e+02
6.869224606066045169e+01 2.972695588316112776e+02
6.425435380570898758e+01 2.887036563245084153e+02
6.009207678259525665e+01 2.803714561945671448e+02
5.618899590826401891e+01 2.722616607399505142e+02
5.252987670537774534e+01 2.643643049425943445e+02
4.910033030270916043e+01 2.566701314377681342e+02
4.588674352476110840e+01 2.491704862588586877e+02
4.287624304873392589e+01 2.418572848486048201e+02
4.005666073360147550e+01 2.347229801445722899e+02
3.741650012409645143e+01 2.277605325619025791e+02
3.494489709471846339e+01 2.209634196120934746e+02
3.263153897877590737e+01 2.143258948322034882e+02
3.046667967557461409e+01 2.078427622289921430e+02
2.844114420099114682e+01 2.015091687228288890e+02
2.654629760869521249e+01 1.953205833377639351e+02
2.477401517112934926e+01 1.892727789124622007e+02
2.311665406595248484e+01 1.833618146340413091e+02
2.156702651877006360e+01 1.775840201491526500e+02
2.011837698153996357e+01 1.719361141145248553e+02
1.876435986974705372e+01 1.664153145019974147e+02
1.749901060050619250e+01 1.610190446230720340e+02
1.631672339043700859e+01 1.557448829547529101e+02
1.521223098943512220e+01 1.505905525922341042e+02
1.418058546022195721e+01 1.455539110800828553e+02
1.321713995701609967e+01 1.406329406056206039e+02
1.231753134651372861e+01 1.358257577724229179e+02
1.147766289063633138e+01 1.311307792665622571e+02
1.069368953856926296e+01 1.265466032393320290e+02
9.962003990740946335e+00 1.220718737596758956e+02
9.279222761029819466e+00 1.177052736308849319e+02
8.642172989640615199e+00 1.134455191821488427e+02
8.047879979830751651e+00 1.092913552952257419e+02
7.493555420844364434e+00 1.052415510082462475e+02
6.976585688018452913e+00 1.012950043987361397e+02
6.494520762143259240e+00 9.745086997798095751e+01
6.045065794087927991e+00 9.370829520493977327e+01
5.626071903014280728e+00 9.006637742614270792e+01
5.235527272325087189e+00 8.652416435919096216e+01
4.871548759903315151e+00 8.308065472164524579e+01
4.532373995081793616e+00 7.973479900167309609e+01
4.216353917412320129e+00 7.648552022166902020e+01
3.921945572899812493e+00 7.333193346541769131e+01
3.647705659128255729e+00 7.027322453439060723e+01
3.392284485832000485e+00 6.730847151432801923e+01
3.154420123194622505e+00 6.443664800581058216e+01
2.932932896300985082e+00 6.165662987118600569e+01
2.726720209560674846e+00 5.896720192733930332e+01
2.534751682387738736e+00 5.636706463926965682e+01
