1.703840249637578745e+04 1.691629117210346521e+04
1.727677528587745837e+04 1.714943535639962283e+04
1.751039323570838678e+04 1.737767230876019312e+04
1.773871143840027798e+04 1.760045735435563620e+04
1.796117249384935349e+04 1.781723405258504863e+04
1.817718892612383934e+04 1.802741803540231194e+04
1.838615443918428718e+04 1.823040762329425343e+04
1.858745572988982167e+04 1.842559493961121916e+04
1.878045678736153786e+04 1.861235030148216174e+04
1.896448732280929835e+04 1.879001075427570322e+04
1.913887188533758308e+04 1.895790913957198427e+04
1.930293109626723162e+04 1.911537544854040607e+04
1.945595939363945581e+04 1.926171519435854498e+04
1.959724442741881649e+04 1.939622846413056686e+04
1.972608164394417327e+04 1.951822425060067326e+04
1.984175694452312018e+04 1.962700359784789180e+04
1.994354094200031250e+04 1.972185410300767762e+04
2.003072044600542358e+04 1.980208077067635895e+04
2.010259975849991679e+04 1.986700741533513428e+04
2.015848192832380664e+04 1.991595871893661024e+04
2.019769199461692187e+04 1.994828278270590818e+04
2.021959103525415776e+04 1.996336479285991300e+04
2.022357380879048651e+04 1.996062527250425774e+04
2.020907241410693678e+04 1.993952377366292421e+04
2.017556970519997776e+04 1.989957137156766839e+04
2.012260883381039821e+04 1.984034025504347301e+04
2.004981148944825691e+04 1.976148259310973663e+04
1.995686939816016820e+04 1.966272105059224123e+04
1.984354602648664513e+04 1.954385002350539071e+04
1.970972934813259781e+04 1.940478865076651346e+04
1.955543219560489888e+04 1.924558081624043552e+04
1.938074527861104434e+04 1.906634740592909657e+04
1.918587991841967596e+04 1.886732874488973175e+04
1.897127421078093175e+04 1.864899030935637347e+04
1.873746800548160536e+04 1.841189737603153117e+04
1.848507904653224978e+04 1.815669089396084746e+04
1.821498492114467808e+04 1.788426825070606719e+04
1.792826825604507758e+04 1.759572819242823971e+04
1.762604724691542651e+04 1.729220190763535356e+04
1.730959877487242557e+04 1.697497492305622291e+04
1.698058401658958610e+04 1.664571029134889613e+04
1.664069922629867142e+04 1.630610193746632831e+04
1.629162417714777621e+04 1.595782359483696564e+04
1.593532920270658178e+04 1.560283317554417408e+04
1.557391888208623095e+04 1.524321744662243873e+04
1.520937982349586673e+04 1.488094213463811866e+04
1.484383769984326682e+04 1.451810525883539412e+04
1.447986982267196072e+04 1.415724464797969085e+04
1.411991775828436948e+04 1.380075967188141112e+04
1.376616063951568867e+04 1.345078794481835575e+04
1.342021352568881230e+04 1.310891532450474733e+04
1.308333217671585226e+04 1.277637479844998052e+04
1.275663717719774650e+04 1.245426372349102894e+04
1.244175494101109143e+04 1.214417005370417792e+04
1.214132069046556353e+04 1.184866320873482800e+04
1.185782741257324051e+04 1.157017114283938645e+04
1.159291726855603338e+04 1.131029265933851457e+04
1.134538568360283170e+04 1.106785981872240518e+04
1.111337091827935546e+04 1.084106726652909674e+04
1.089511361894453876e+04 1.062821222101362036e+04
1.068878743608287368e+04 1.042753630840820551e+04
1.049263868211901536e+04 1.023735407527854113e+04
1.030466467800086866e+04 1.005574004089854679e+04
1.012212479325205277e+04 9.880056069049231155e+03
9.942287555318815066e+03 9.707669992705035838e+03
9.761904259364033351e+03 9.535443601839542680e+03
9.577441120890880484e+03 9.359954296462461571e+03
9.385268303713197383e+03 9.177673006197654104e+03
9.181336628257718985e+03 8.984644923383835703e+03
8.961977452318837095e+03 8.777265393466548630e+03
8.724152251595978669e+03 8.552524409930103502e+03
8.465677564065708793e+03 8.308223508899864100e+03
8.186371290343584405e+03 8.044115069381350622e+03
7.887353215689360695e+03 7.761212982981378445e+03
7.571982783808502973e+03 7.462739730385843359e+03
7.244694011450947983e+03 7.152974445333185031e+03
6.911334057711347668e+03 6.837602716029153271e+03
6.578077928250460900e+03 6.522641195168822378e+03
6.251395760967344359e+03 6.214411045072314664e+03
5.937840195402248355e+03 5.919303131419087549e+03
5.643566278862486797e+03 5.643336981911630573e+03
5.374035682212468600e+03 5.391835833421762800e+03
5.133825191616383563e+03 5.169276847507970160e+03
4.925107881518830254e+03 4.977793519180895601e+03
4.748106057015854276e+03 4.817639090631204454e+03
4.599448454357228911e+03 4.685576195964155886e+03
4.473684211574658548e+03 4.576330769747545673e+03
4.362885174031376664e+03 4.482172446481976294e+03
4.258218153974697998e+03 4.394400260948227697e+03
4.150650937132802937e+03 4.304002478697649167e+03
4.032005097351018776e+03 4.202683537057740978e+03
3.896235315207212352e+03 4.084175612183561043e+03
3.740329959647115174e+03 3.945202650130267557e+03
3.565194013787032418e+03 3.786468623554604164e+03
3.375484651002709597e+03 3.612553159585611866e+03
3.178764233426324608e+03 3.431056253232728068e+03
2.984545964753161115e+03 3.251598382295800548e+03
2.803097734768999089e+03 3.084553531953157744e+03
2.643493708091305962e+03 2.939041854777583012e+03
2.510870098449992383e+03 2.820206759061657522e+03
2.404772152147854740e+03 2.727616912074364791e+03
2.319780987498966624e+03 2.655898990955382487e+03
2.247600210245409926e+03 2.596771783689081985e+03
2.178690298629087010e+03 2.540597399515452707e+03
2.103397535361485552e+03 2.477462895229944024e+03
2.014561370498176757e+03 2.399883408281165885e+03
1.911014975102964854e+03 2.306538562028622891e+03
1.798107059782892293e+03 2.202918721689884478e+03
1.684568455406709745e+03 2.098053850274473007e+03
1.579347301366648480e+03 2.001143484744248099e+03
1.489368955809379258e+03 1.919219373147681608e+03
1.416876080023672102e+03 1.854507847301410948e+03
1.358460797244521927e+03 1.803531408888569331e+03
1.306670568523772317e+03 1.758727052355452088e+03
1.253298186293102617e+03 1.711727243616770011e+03
1.192739844176105635e+03 1.656794081743476681e+03
1.125289174947283982e+03 1.594265910832338932e+03
1.056052635911275956e+03 1.529434623578709989e+03
9.913620246507695128e+02 1.468772086977067374e+03
9.359318003782851747e+02 1.416993912680437234e+03
8.900136957796757997e+02 1.374278222717154677e+03
8.494247689385559852e+02 1.336398129353697186e+03
8.089806806596808428e+02 1.298183944106697481e+03
7.656504214749049879e+02 1.256667672153606190e+03
7.204347485488353868e+02 1.212926002977938879e+03
6.771566236063042652e+02 1.170779677588861432e+03
6.387571401748854214e+02 1.133078868598391409e+03
6.052982748548189420e+02 1.099822455836069821e+03
5.743265158963497470e+02 1.068619783119926979e+03
5.432403725159716714e+02 1.037013198377778735e+03
5.117089938207271871e+02 1.004750217550526372e+03
4.814372066356515916e+02 9.734677258456916888e+02
4.539273938308221545e+02 9.445416816919833991e+02
4.289916057361023718e+02 9.177628388463716647e+02
4.052319783528092785e+02 8.918609676516591662e+02
3.818421409122396426e+02 8.661455484268317377e+02
3.593141545819674434e+02 8.410751712586203439e+02
3.384168971172994702e+02 8.173088464768654831e+02
3.190767634883504229e+02 7.947640315568226015e+02
3.006573109959717272e+02 7.729073603809540600e+02
2.829188027121386426e+02 7.515557091940670489e+02
2.661608468203201596e+02 7.309527123443608616e+02
2.505244829846637629e+02 7.111983827394817581e+02
2.357674847868304653e+02 6.921005451836809925e+02
2.217111681657455335e+02 6.735276473328916609e+02
2.084371267874604428e+02 6.555372282797058006e+02
1.959752395809527741e+02 6.381422494347417569e+02
1.842258503148644593e+02 6.212715202219137609e+02
1.731276135891321246e+02 6.048780053172847602e+02
1.626508489872826431e+02 5.889356055318736480e+02
1.527670045743836624e+02 5.734202268514366096e+02
1.434481813661155343e+02 5.583093361310135379e+02
1.346671915088600997e+02 5.435818716024689365e+02
1.263976065248594409e+02 5.292181598941448328e+02
1.186134616240153434e+02 5.151993553135802131e+02
1.112880753535679190e+02 5.015054622748064617e+02
1.043955983502660274e+02 4.881171996169965723e+02
9.791157402486341255e+01 4.750167711118226066e+02
9.181286687452764284e+01 4.621877881999467945e+02
8.607759408502633391e+01 4.496151979195697663e+02
8.068506054665148497e+01 4.372852158131000238e+02
7.561570597076398315e+01 4.251852775303217413e+02
7.085120750781719323e+01 4.133042528720233122e+02
6.637436087265106721e+01 4.016323338998631698e+02
6.216884886385230402e+01 3.901606987709452028e+02
5.821919607692301923e+01 3.788814530918215269e+02
5.451073197105229440e+01 3.677875844832054781e+02
5.102955505674631809e+01 3.568729187751211498e+02
4.776249818171670825e+01 3.461320782019852800e+02
4.469707738100296979e+01 3.355608450512166883e+02
4.182143673630792335e+01 3.251567347125657079e+02
3.912436574860384297e+01 3.149179280845372091e+02
3.659527562233223108e+01 3.048430427322495575e+02
3.422416775488002827e+01 2.949311020130930956e+02
3.200160361022026478e+01 2.851815043835686652e+02
2.991867593110007562e+01 2.755939928596698678e+02
2.796698151896951501e+01 2.661688397430501709e+02
2.613859696175469693e+01 2.569084493891904799e+02
2.442605182761558780e+01 2.478161479157171527e+02
2.282230344621054385e+01 2.388950741544813638e+02
2.132071427499029426e+01 2.301481606126797885e+02
1.991503033674373668e+01 2.215781250326045608e+02
1.859936067593980624e+01 2.131874626971598730e+02
1.736815775313112198e+01 2.049784584010128867e+02
1.621619673487030155e+01 1.969541493900226499e+02
1.513855749626388203e+01 1.891185945909723785e+02
1.413061123777294092e+01 1.814753385250326687e+02
1.318800454941450617e+01 1.740273018547491120e+02
1.230664400090036281e+01 1.667768045982205649e+02
1.148268152210766146e+01 1.597255904421994330e+02
1.071250053856774542e+01 1.528748519743795953e+02
9.992702612471839885e+00 1.462254019030397956e+02
9.320094340437105274e+00 1.397781645635014343e+02
8.691676467258002248e+00 1.335336292125651028e+02
8.104632974744825802e+00 1.274916832037950911e+02
7.556320450374257369e+00 1.216516529899999739e+02
7.044258030770280676e+00 1.160123448946513349e+02
6.566117892024450953e+00 1.105720854133017212e+02
6.119716228247662038e+00 1.053287646970445053e+02
5.703004282297772676e+00 1.002799345184926523e+02
