1.697722848452669859e+04 1.683663267606267254e+04
1.722347741099320774e+04 1.707688907971741355e+04
1.746588285066622120e+04 1.731312750507801684e+04
1.770396053148637293e+04 1.754486675623847987e+04
1.793721556549474917e+04 1.777161576685720865e+04
1.816513760887907847e+04 1.799286882613148191e+04
1.838718820491200313e+04 1.820809314238557272e+04
1.860281722578016706e+04 1.841674512967817282e+04
1.881146654021733775e+04 1.861827411929692244e+04
1.901255341307153139e+04 1.881210658098612112e+04
1.920547734290926019e+04 1.899765277955384590e+04
1.938963490543410808e+04 1.917432107601426833e+04
1.956441099106895126e+04 1.934150963510724250e+04
1.972916609368415811e+04 1.949859437223091663e+04
1.988326007337952615e+04 1.964495182123799896e+04
2.002605571511813469e+04 1.977996267153822919e+04
2.015690071202592662e+04 1.990299488746808129e+04
2.027514111480844440e+04 2.001341656647728814e+04
2.038013632560490441e+04 2.011061023569807730e+04
2.047125138559009429e+04 2.019396587529625685e+04
2.054785210141324205e+04 2.026287658813946837e+04
2.060932598909391891e+04 2.031675821336013905e+04
2.065508629001932059e+04 2.035505333157788482e+04
2.068456671657867264e+04 2.037722719138224056e+04
2.069723189259785067e+04 2.038277707639131040e+04
2.069258577780190899e+04 2.037123997597613197e+04
2.067018436794348963e+04 2.034220589365593332e+04
2.062964217360614566e+04 2.029532434466666018e+04
2.057062493906807140e+04 2.023029583794489008e+04
2.049286318914153890e+04 2.014688529032427323e+04
2.039619448609462415e+04 2.004496463851820226e+04
2.028052951522296280e+04 1.992447801685578088e+04
2.014584316411171676e+04 1.978543233180349489e+04
1.999225413193268105e+04 1.962797658388546188e+04
1.982002205019745088e+04 1.945239860484878955e+04
1.962946805531087739e+04 1.925904534354087082e+04
1.942102438150881062e+04 1.904837203981860876e+04
1.919535714922663465e+04 1.882106421957377461e+04
1.895321280047423352e+04 1.857788436389268099e+04
1.869539167055046346e+04 1.831964544347541960e+04
1.842296739600488581e+04 1.804742933158767119e+04
1.813720551904183594e+04 1.776250536521951290e+04
1.783937117036641939e+04 1.746613869134337801e+04
1.753082390094900984e+04 1.715968563288279256e+04
1.721315866712975912e+04 1.684473521412388436e+04
1.688795766011257001e+04 1.652286013218138032e+04
1.655679732923417032e+04 1.619562399257238030e+04
1.622172690154486190e+04 1.586506066663558158e+04
1.588497863636095826e+04 1.553338424122069955e+04
1.554863382439240377e+04 1.520265523141687117e+04
1.521429605076472217e+04 1.487446462336463810e+04
1.488285095038712825e+04 1.454970199999827855e+04
1.455505184001890666e+04 1.422912350668831459e+04
1.423183953809476407e+04 1.391366939068713327e+04
1.391578265565933543e+04 1.360590190427263224e+04
1.360993626524236242e+04 1.330886792414983211e+04
1.331704816494245279e+04 1.302530938647968287e+04
1.303811012952929741e+04 1.275624612652316137e+04
1.277192838562379984e+04 1.250055466989155320e+04
1.251723597661715030e+04 1.225703659785511627e+04
1.227272127190207902e+04 1.202444699946181754e+04
1.203674246148771090e+04 1.180121525965949149e+04
1.180768769985803374e+04 1.158579503397022927e+04
1.158389699867756462e+04 1.137658292675261146e+04
1.136330013594314005e+04 1.117155371188578647e+04
1.114386659849021635e+04 1.096870818661546946e+04
1.092347127352642019e+04 1.076592737092681455e+04
1.069973432472101013e+04 1.056080220410060247e+04
1.047037548470146248e+04 1.035099684791520667e+04
1.023266052266079896e+04 1.013366021085189823e+04
9.983799464301066109e+03 9.905837742383026125e+03
9.721457551718871400e+03 9.664985927583124067e+03
9.443824623252228776e+03 9.409036743534712514e+03
9.150012038129952998e+03 9.136837045102203774e+03
8.840911249211059840e+03 8.849045203776966446e+03
8.518411612783240344e+03 8.547355176023684180e+03
8.186546064080873293e+03 8.235725647402739924e+03
7.849921857373838975e+03 7.918757973812977070e+03
7.513997592527660345e+03 7.602015232288546940e+03
7.184047353958962958e+03 7.290928802657836968e+03
6.865144744922698010e+03 6.990786579632528628e+03
6.561872509195670318e+03 6.706418707082055334e+03
6.278346306959509093e+03 6.442224157660793026e+03
6.017932179262490536e+03 6.201865426532978745e+03
5.783176868651036784e+03 5.988208762923344693e+03
5.574371928599656712e+03 5.801786557728921252e+03
5.390216177320147835e+03 5.641468696073407045e+03
5.226191298946851930e+03 5.502671306666437886e+03
5.076289263040222977e+03 5.379115794841030038e+03
4.932917147693137849e+03 5.262632511898907069e+03
4.788738832450333575e+03 5.145108187028902648e+03
4.637285395867273110e+03 5.019143369571848780e+03
4.474048028174332103e+03 4.879336494078996111e+03
4.296836025589877863e+03 4.722783391850981388e+03
4.106475480346242875e+03 4.550009126257816206e+03
3.906707997478158632e+03 4.364960326599424661e+03
3.703300782035107204e+03 4.174042719469040094e+03
3.503109299330979411e+03 3.985052066580860355e+03
3.313104606507799417e+03 3.806006716532322116e+03
3.139704844814968965e+03 3.644355915080535851e+03
2.987546205989964164e+03 3.505574496428941075e+03
2.857745418278152101e+03 3.391156466724497022e+03
2.746603115631284709e+03 3.297068029647545245e+03
2.646982031572942105e+03 3.215208288015374819e+03
2.551307497266324845e+03 3.136768598751732043e+03
2.453296285935191008e+03 3.054240406841924596e+03
2.348272720203958670e+03 2.961867215066297376e+03
2.234322079586263044e+03 2.857158498045747365e+03
2.114192796110218751e+03 2.743314975269055594e+03
1.994474057404446285e+03 2.628282352433833239e+03
1.881852989863450375e+03 2.520171963505491931e+03
1.780682769834647161e+03 2.424274130430683272e+03
1.692644350134565912e+03 2.342663273007412954e+03
1.616106754347213609e+03 2.273449624869751460e+03
1.546111605898046037e+03 2.210726687867978853e+03
1.477327450688510453e+03 2.148080445464692275e+03
1.405966927202009856e+03 2.080922677493540505e+03
1.331284399933633495e+03 2.008380576885747132e+03
1.256298914825627435e+03 1.934194520866459925e+03
1.185305466123661063e+03 1.863631225123627246e+03
1.120904988367485430e+03 1.799846171665521524e+03
1.063553056342312857e+03 1.743378369499345126e+03
1.011238388369801442e+03 1.691823936529867524e+03
9.606557036080648686e+02 1.641272921186384792e+03
9.099417369805515818e+02 1.589577585403661942e+03
8.593284082881021959e+02 1.537103296454987003e+03
8.106115675717504701e+02 1.486035124019254681e+03
7.656178901712313518e+02 1.438521872113532936e+03
7.244357532765063752e+02 1.394651433188414785e+03
6.858483459119934196e+02 1.353031242872202711e+03
6.485496607813723813e+02 1.312219060661659341e+03
6.121228265595672156e+02 1.271812255320670829e+03
5.772364653337614300e+02 1.232604262862910900e+03
5.446182756020751867e+02 1.195404431579224138e+03
5.141956459720382782e+02 1.160129853256695242e+03
4.853826576714117778e+02 1.126169088407706113e+03
4.577362021136403314e+02 1.093091489438386361e+03
4.313537947908167212e+02 1.061027107941955137e+03
4.064939566348822382e+02 1.030245675720062991e+03
3.831300544124941325e+02 1.000720417999941105e+03
3.610004438998068395e+02 9.722067097514787974e+02
3.399573523266179222e+02 9.445794030223898972e+02
3.200404013407704156e+02 9.178819735577402525e+02
3.012694924189098629e+02 8.921308060069278554e+02
2.835411041102579475e+02 8.672355582646069934e+02
2.667588359462995413e+02 8.431169648361703821e+02
2.509002125933694742e+02 8.197551975944730884e+02
2.359436164364762476e+02 7.971278412313787385e+02
2.218263574904181326e+02 7.751820612549539646e+02
2.084998144521924814e+02 7.538761920600303483e+02
1.959275757943848930e+02 7.331787896321172866e+02
1.840733423127340984e+02 7.130570901602469576e+02
1.728989277896424994e+02 6.934753010570417473e+02
1.623678659739619548e+02 6.744000284466023913e+02
1.524454820327912898e+02 6.558003600370186632e+02
1.430988149862683088e+02 6.376477211976883837e+02
1.342965428548668854e+02 6.199157425186118644e+02
1.260089106242430006e+02 6.025801363537325415e+02
1.182077448096842289e+02 5.856178798418875431e+02
1.108664919309288877e+02 5.690060690369213035e+02
1.039599262477662620e+02 5.527235604478314599e+02
9.746405746778711432e+01 5.367511922315225092e+02
9.135608156326642870e+01 5.210716847299332812e+02
8.561433267752745735e+01 5.056695471950163210e+02
8.021823616982554483e+01 4.905309897829589545e+02
7.514825427295527049e+01 4.756440177712002537e+02
7.038578675711391952e+01 4.609995588795025583e+02
6.591317948873133048e+01 4.465904696974737931e+02
6.171371692243150164e+01 4.324107232453768574e+02
5.777157787066213501e+01 4.184553418399980842e+02
5.407179274300924021e+01 4.047203357748555277e+02
5.060020246382470077e+01 3.912026426045669041e+02
4.734341907965551854e+01 3.779001366885333368e+02
4.428878968605418009e+01 3.648140943688258631e+02
4.142436005480600869e+01 3.519494164723813014e+02
3.873883727476466987e+01 3.393110704236884771e+02
3.622155643358875921e+01 3.269038277394067791e+02
3.386244888929654451e+01 3.147322430857408335e+02
3.165201190951053434e+01 3.028006342991463953e+02
2.958127963668440330e+01 2.911130634858936901e+02
2.764179350518542932e+01 2.796742652806092906e+02
2.582557184316061694e+01 2.684918241499594274e+02
2.412509101559925639e+01 2.575730556729859018e+02
2.253326260830715455e+01 2.469242005625914089e+02
2.104341005720300473e+01 2.365504620717496493e+02
1.964924639973239806e+01 2.264560458395614262e+02
1.834485310417445092e+01 2.166442018072420979e+02
1.712465978513777642e+01 2.071173483813761891e+02
1.598342362579960074e+01 1.978779231106964005e+02
1.491621225360975167e+01 1.889279238106255150e+02
1.391838761296665972e+01 1.802683187676576608e+02
1.298558946812875448e+01 1.718991059778211081e+02
1.211371973496007826e+01 1.638193830754543967e+02
1.129892762391566485e+01 1.560274166951737982e+02
1.053759554777058405e+01 1.485207111615333133e+02
9.826325064927852182e+00 1.412960983580070149e+02
9.161924004983369230e+00 1.343498130722686312e+02
8.541395834826001732e+00 1.276775151494309029e+02
7.961928386467977070e+00 1.212743476866167498e+02
7.420883065828181024e+00 1.151349970761383474e+02
