2.378545403520402397e+04 2.360994012353185462e+04
2.408229428982571335e+04 2.389950452790947747e+04
2.437045997574556895e+04 2.418019643901061499e+04
2.464913399244508037e+04 2.445120232069817939e+04
2.491746761715372850e+04 2.471167937964414887e+04
2.517460413012911522e+04 2.496077796487808155e+04
2.541966398515012042e+04 2.519762677851560147e+04
2.565171239156107913e+04 2.542130059826883371e+04
2.586980479950995868e+04 2.563086576893223901e+04
2.607299677371080543e+04 2.582539016536918643e+04
2.626030962683468897e+04 2.600390959287258011e+04
2.643074734809621077e+04 2.616544455965109955e+04
2.658332863336020455e+04 2.630903183629741034e+04
2.671706803218889036e+04 2.643370608689861911e+04
2.683094860261432405e+04 2.653847321286725128e+04
2.692397626906233927e+04 2.662236379170188229e+04
2.699518934418294521e+04 2.668444256213868721e+04
2.704362368869915372e+04 2.672377483669960930e+04
2.706834041430724392e+04 2.673945354659673831e+04
2.706845822731515000e+04 2.673063073158384941e+04
2.704314577181869026e+04 2.669651070311654257e+04
2.699161592726478557e+04 2.663634503941831281e+04
2.691315956251017269e+04 2.654946457908382945e+04
2.680715719873380294e+04 2.643529096841559294e+04
2.667309134726594857e+04 2.629335059742602971e+04
2.651055030923578670e+04 2.612327686594294573e+04
2.631923304794677460e+04 2.592481379817744892e+04
2.609899912836529984e+04 2.569786683527938294e+04
2.584989462361695769e+04 2.544252884617058226e+04
2.557209208914392730e+04 2.515901788174434478e+04
2.526592082814672540e+04 2.484770711441630920e+04
2.493202175877545233e+04 2.450928026821741150e+04
2.457121483870019438e+04 2.414459740613751637e+04
2.418443322652264033e+04 2.375462815360054447e+04
2.377293120808617459e+04 2.334065908583059354e+04
2.333830956155317836e+04 2.290431827704336683e+04
2.288223876431458848e+04 2.244729814920066929e+04
2.240655603198778044e+04 2.197145140272666322e+04
2.191367165622857283e+04 2.147919361741243847e+04
2.140610744467835320e+04 2.097304443212693513e+04
2.088633480598099777e+04 2.045546686360933381e+04
2.035718746341269434e+04 1.992927592355777233e+04
1.982179484080708426e+04 1.939757214277531602e+04
1.928310285736022706e+04 1.886326734920635499e+04
1.874413759429783386e+04 1.832934300852312663e+04
1.820869872711147400e+04 1.779952866222910598e+04
1.768043929496623969e+04 1.727740137395888814e+04
1.716260561462544865e+04 1.676613260847581478e+04
1.665778059508844672e+04 1.626824100410547544e+04
1.616799692418401355e+04 1.578570396957563025e+04
1.569501439243049936e+04 1.532022802829050670e+04
1.524105576414212192e+04 1.487395984619889896e+04
1.481001469028299653e+04 1.445065153559574537e+04
1.440564190868126025e+04 1.405391237622066910e+04
1.403076518581539494e+04 1.368645570634615615e+04
1.368462210301819141e+04 1.334751166755080158e+04
1.336513142178495764e+04 1.303503424006595924e+04
1.307033055375104050e+04 1.274709825652475047e+04
1.279796801879085433e+04 1.248151228112478748e+04
1.254578270699952191e+04 1.223608269256796302e+04
1.231130374232389477e+04 1.200842032307297086e+04
1.209084290837649496e+04 1.179497690619927198e+04
1.188062475504282520e+04 1.159212318883636362e+04
1.167619168197474573e+04 1.139558323465876856e+04
1.147237792656327292e+04 1.120040642167916303e+04
1.126385873723338773e+04 1.100148543455007348e+04
1.104427232289406675e+04 1.079271611700649373e+04
1.080750430960610174e+04 1.056821612153083697e+04
1.054790854745673278e+04 1.032254771170589993e+04
1.026070165722028833e+04 1.005107846024875471e+04
9.943240911688348206e+03 9.751236516019047485e+03
9.594682904449515263e+03 9.422162262121046297e+03
9.217370012232417139e+03 9.066081728375662351e+03
8.815661045000701051e+03 8.687157699704299375e+03
8.396374938659526379e+03 8.291945526741701542e+03
7.967382839438588235e+03 7.888012411872788107e+03
7.537687265841473163e+03 7.484026977982707649e+03
7.116885926103690508e+03 7.089196513291984047e+03
6.714669174458499583e+03 6.712815689402929820e+03
6.340200282231787241e+03 6.363615194598273774e+03
6.002045902487910098e+03 6.049734579607812520e+03
5.706184215106432930e+03 5.776800574222654177e+03
5.456215527175043462e+03 5.548167100547277187e+03
5.251152517187095327e+03 5.362832825102207607e+03
5.086918039540463724e+03 5.216878388755767446e+03
4.955177749270014829e+03 5.102367811621657893e+03
4.845338768429698575e+03 5.009202530024103908e+03
4.744946955443202569e+03 4.925456415862935501e+03
4.640893402783173769e+03 4.838470784717812421e+03
4.521082196659021065e+03 4.736429439045869913e+03
4.375944960641076250e+03 4.609839845281083399e+03
4.200516248767262368e+03 4.453643501262818063e+03
3.995332684593212434e+03 4.268195436927817354e+03
3.766396865191945835e+03 4.059288078397169102e+03
3.524520396780674218e+03 3.837509737515369579e+03
3.284169649301652953e+03 3.617025122028559963e+03
3.061129250101091657e+03 3.413159185353688372e+03
2.868574822715590471e+03 3.238551326810285445e+03
2.713424571649818972e+03 3.099721034169074755e+03
2.595102056993237511e+03 2.996005383959857227e+03
2.506948038781939886e+03 2.920995822890453837e+03
2.438097123044653017e+03 2.864302133819830487e+03
2.374415748782399078e+03 2.812321011986804933e+03
2.300762725104257697e+03 2.750304604109216598e+03
2.206364985994174276e+03 2.667620558456968865e+03
2.089485538928794995e+03 2.562494508775651866e+03
1.957001126632604837e+03 2.441713663720423938e+03
1.820944035088928104e+03 2.317139563570438440e+03
1.695076258589491999e+03 2.202157243156719687e+03
1.590385193588260563e+03 2.107227721241200015e+03
1.510427475686924936e+03 2.035571264115048052e+03
1.450723899341282049e+03 1.982794526772366680e+03
1.400841876477325286e+03 1.938920406314604179e+03
1.348095415503250706e+03 1.891825694155487781e+03
1.283970938943067040e+03 1.833372931407508077e+03
1.208373312745729208e+03 1.763567492169647267e+03
1.128035663233773221e+03 1.688986624177912518e+03
1.052915059926149070e+03 1.619126839011693392e+03
9.907458326267382063e+02 1.561150453871145828e+03
9.421340008447552918e+02 1.515448501619368017e+03
9.013315538128033495e+02 1.476586427044305083e+03
8.603223712507779055e+02 1.437146090856331512e+03
8.139155500009784419e+02 1.392423252683972578e+03
7.634460630471094191e+02 1.343777645972972323e+03
7.145943695964365361e+02 1.296457301383715730e+03
6.722742274226078507e+02 1.254831527355296657e+03
6.371178414189040495e+02 1.219339156412608872e+03
6.053460818115407847e+02 1.186573756979180871e+03
5.727135347406198207e+02 1.152849182178226556e+03
5.384339276100292864e+02 1.117573957925845207e+03
5.051065084683122564e+02 1.083034286546715066e+03
4.754340631989045960e+02 1.051480287084913016e+03
4.493211999399357524e+02 1.022757968356072865e+03
4.245625980655005378e+02 9.950300301311012845e+02
3.996336855457677757e+02 9.671002717117049770e+02
3.753198003498930575e+02 9.396336743242661669e+02
3.529996519056053899e+02 9.136958436349764270e+02
3.327185182387677855e+02 8.892808412378122966e+02
3.133910554137602844e+02 8.655602704460833365e+02
2.945501993300304662e+02 8.422078764332103447e+02
2.767319037705448181e+02 8.196148177790158798e+02
2.602804566787688714e+02 7.980033945295073181e+02
2.448167486288418502e+02 7.770986517870874195e+02
2.300020459685454171e+02 7.566762956469258370e+02
2.160164518838005279e+02 7.368500423024479460e+02
2.029271218094148708e+02 7.176536042947126361e+02
1.905899566795878854e+02 6.989893431819070884e+02
1.789571411911238101e+02 6.808202913834720675e+02
1.679934037970768088e+02 6.631187283270651278e+02
1.576647723486586585e+02 6.458587922535958796e+02
1.479385700500841097e+02 6.290163754937518661e+02
1.387834064395473774e+02 6.125690275528570510e+02
1.301690862203825532e+02 5.964957613762913979e+02
1.220659488913962463e+02 5.807760574718455473e+02
1.144453656816678375e+02 5.653903393254167895e+02
1.072801860650363892e+02 5.503205324331960355e+02
1.005446751246770845e+02 5.355499957862160727e+02
9.421444745210473570e+01 5.210634505726270618e+02
8.826640361237535615e+01 5.068469133781647997e+02
8.267866942822610099e+01 4.928876364747584944e+02
7.743056627137696069e+01 4.791743434811440920e+02
7.250256830217128368e+01 4.656973720059129391e+02
6.787619171045997746e+01 4.524480851426136496e+02
6.353393971004228291e+01 4.394187624555063962e+02
5.945925585446759953e+01 4.266025543486856577e+02
5.563647911622391717e+01 4.139934378405544066e+02
5.205080069607240745e+01 4.015861735147154263e+02
4.868821958721777321e+01 3.893764525327328556e+02
4.553548845802822598e+01 3.773618412910436177e+02
4.258009120348318532e+01 3.655408596613117993e+02
3.981021396376578991e+01 3.539124230911685345e+02
3.721470902728508889e+01 3.424758107089722330e+02
3.478306033024335164e+01 3.312306350430886823e+02
3.250535051983547419e+01 3.201768119575039009e+02
3.037222950127463150e+01 3.093145658470729131e+02
2.837488361454904506e+01 2.986456335032516449e+02
2.650500712169305473e+01 2.881733561179675576e+02
2.475477621566242803e+01 2.779009604331859009e+02
2.311682309977026861e+01 2.678314360532343130e+02
2.158421124037319672e+01 2.579675278049795111e+02
2.015041182711537715e+01 2.483117288917492829e+02
1.880928139168876712e+01 2.388662748646034686e+02
1.755503968782783630e+01 2.296335428150948417e+02
1.638224711712472725e+01 2.206172671497810995e+02
1.528578899884927011e+01 2.118210226735818935e+02
1.426085828200831962e+01 2.032477313651632755e+02
1.330293806829876857e+01 1.948996862681685514e+02
1.240778505207292781e+01 1.867785764672937887e+02
1.157141383473162399e+01 1.788855129687750320e+02
1.079008202992022802e+01 1.712210835551555874e+02
1.006027549494650586e+01 1.637858666917361177e+02
9.378695355115834076e+00 1.565802966299774823e+02
8.742246181096206215e+00 1.496041859111529959e+02
8.148024057707344170e+00 1.428567493282782266e+02
7.593305283177296694e+00 1.363366460487151244e+02
7.075535694236935846e+00 1.300420213034646792e+02
6.592320585259594523e+00 1.239705474791513353e+02
6.141415048561666978e+00 1.181195025240459131e+02
5.720714786085015824e+00 1.124858698588222268e+02
5.328248058075895521e+00 1.070662689612695431e+02
