3.145343439194608072e+04 3.135192883434858959e+04
3.160056567637804255e+04 3.149577370416643316e+04
3.172783797956011767e+04 3.161972874381935981e+04
3.183427260672776174e+04 3.172282278571401548e+04
3.191890605291054089e+04 3.180410071128521668e+04
3.198080552534791786e+04 3.186263869388392777e+04
3.201901345007548662e+04 3.189748927531837762e+04
3.203257328559957750e+04 3.190770700059422234e+04
3.202058149109698934e+04 3.189239993892399798e+04
3.198215148605315699e+04 3.185069435345406600e+04
3.191636175921251925e+04 3.178168380968704150e+04
3.182235289762135289e+04 3.168452463341618932e+04
3.169934127341782005e+04 3.155844951681668317e+04
3.154654900993703268e+04 3.140269953568976780e+04
3.136325393711917422e+04 3.121657289770766874e+04
3.114884613464544964e+04 3.099948006001513204e+04
3.090279051332962626e+04 3.075090811103226224e+04
3.062459874721015876e+04 3.047039410194085940e+04
3.031391670844572218e+04 3.015760895542779690e+04
2.997053392505032753e+04 2.981236706335331110e+04
2.959434402625416988e+04 2.943459098823233217e+04
2.918538664040739241e+04 2.902434975035049865e+04
2.874387819655234125e+04 2.858188705861237395e+04
2.827022371173854117e+04 2.810763695880972227e+04
2.776502268550374720e+04 2.760223081512837234e+04
2.722906163511639534e+04 2.706648345607604278e+04
2.666333865344142396e+04 2.650141853900419301e+04
2.606916297975459020e+04 2.590837453220281532e+04
2.544805188664095840e+04 2.528889456245430119e+04
2.480168676609345493e+04 2.464467937965805322e+04
2.413210990064013095e+04 2.397778982135123806e+04
2.344170886290640192e+04 2.329063083648933025e+04
2.273295358051385119e+04 2.258568122205518375e+04
2.200851065765299427e+04 2.186560940673012374e+04
2.127161749291398155e+04 2.113365267731856875e+04
2.052556594978544672e+04 2.039309493300401300e+04
1.977356732528448629e+04 1.964713029702944914e+04
1.901934572282426961e+04 1.889945724190048713e+04
1.826692110258731191e+04 1.815406283370117308e+04
1.751997173534282047e+04 1.741458648722265571e+04
1.678216223319150595e+04 1.668464482472750387e+04
1.605775746743447598e+04 1.596843976692211254e+04
1.535060831437870729e+04 1.526975928388752072e+04
1.466403970355812999e+04 1.459186689800883505e+04
1.400177904267354461e+04 1.393840242451335507e+04
1.336748940109959949e+04 1.331293439124993711e+04
1.276407799949420587e+04 1.271829395986786767e+04
1.219394613059816766e+04 1.215680343527274272e+04
1.165926814965017365e+04 1.163053234162790977e+04
1.116168019656813340e+04 1.114103397132771534e+04
1.070236383457387819e+04 1.068942568685057086e+04
1.028244528497401552e+04 1.027672716706075880e+04
9.902892288288712734e+03 9.903795134150823287e+03
9.564362879238897222e+03 9.571205675058950874e+03
9.265258161697049218e+03 9.277325552643229457e+03
9.001723664557859593e+03 9.018301843063962224e+03
8.770249467168818228e+03 8.790622452823359708e+03
8.567308614604171453e+03 8.590771926807685304e+03
8.389234444694044214e+03 8.415110328480839598e+03
8.232581914455837250e+03 8.260215439594760028e+03
8.092593797347297368e+03 8.121413351359603439e+03
7.963792613748740223e+03 7.993343294146719927e+03
7.840335196637412992e+03 7.870306669140641134e+03
7.714559156549720683e+03 7.744895185163962196e+03
7.578807878183414687e+03 7.609719288400630830e+03
7.425287345388508584e+03 7.457319480095842664e+03
7.246600370691867283e+03 7.280645454580121623e+03
7.037247912189768613e+03 7.074516149337365277e+03
6.793884620383344554e+03 6.835851764775685297e+03
6.516045495271102482e+03 6.564337924650912100e+03
6.206554703700199752e+03 6.262824036770950443e+03
5.870007651383384655e+03 5.935831254594216261e+03
5.512617784567395574e+03 5.589411795854703996e+03
5.142661293041521276e+03 5.231542339472450294e+03
4.769715523723505612e+03 4.871414780068563232e+03
4.404296345126706910e+03 4.519075071483462125e+03
4.056841064551491854e+03 4.184452859422182883e+03
3.738373297577591529e+03 3.877939289498685866e+03
3.457288317358823861e+03 3.607484985444600170e+03
3.219816884771552395e+03 3.378820680435002032e+03
3.028820579332093075e+03 3.194563207938135292e+03
2.883060870997158418e+03 3.053341360675621218e+03
2.778533358055788540e+03 2.951209142690573572e+03
2.708274516018766462e+03 2.881414638639526856e+03
2.663006546042298851e+03 2.835080607326647169e+03
2.631738721986241217e+03 2.801765317485067044e+03
2.601859429808042478e+03 2.769598839428173960e+03
2.561032000455413709e+03 2.727055749487868979e+03
2.498480296498186817e+03 2.664148705885943855e+03
2.407054944524780240e+03 2.574345069778533798e+03
2.284165378434170179e+03 2.455397542167029314e+03
2.132759198298283991e+03 2.310202582076158706e+03
1.961894807995399105e+03 2.147312074110132016e+03
1.786072682391774151e+03 1.980254513353006359e+03
1.621160722959744817e+03 1.823706775372107813e+03
1.479734415377661207e+03 1.689221980249732724e+03
1.368590145116860185e+03 1.582943014822042414e+03
1.289275249206586523e+03 1.506128437528409449e+03
1.239344235082973228e+03 1.456359898801667441e+03
1.211455928279700629e+03 1.426762512813953208e+03
1.193403413440224767e+03 1.406087118748557259e+03
1.171165432430806277e+03 1.381536554073652496e+03
1.133990942730499000e+03 1.343393905677042085e+03
1.077025673711302488e+03 1.287366035183913709e+03
1.001859347130676042e+03 1.215025694917741930e+03
9.167597173702689588e+02 1.133955815131029340e+03
8.339364576140110330e+02 1.055205116944343672e+03
7.640663272287669088e+02 9.883262349563339058e+02
7.129193322098922181e+02 9.383784785489772275e+02
6.801837382235009954e+02 9.049470591787866169e+02
6.591814018576999388e+02 8.819746192998595689e+02
6.400809486629245839e+02 8.606850119300904680e+02
6.146985256144666891e+02 8.338523407238059235e+02
5.791136430829515120e+02 7.980863731970268873e+02
5.355888611341813430e+02 7.554667991507982379e+02
4.915632794017560627e+02 7.125720982959837784e+02
4.542256948687369800e+02 6.756662644184093551e+02
4.267425702587985938e+02 6.474322762365246717e+02
4.073453040307775836e+02 6.262544080232432862e+02
3.904365890628063198e+02 6.072539122185588667e+02
3.707729170020268725e+02 5.859266322356818364e+02
3.469037339970705602e+02 5.610728122428270126e+02
3.213356490305490638e+02 5.348745491906013285e+02
2.982923160110487970e+02 5.109242215980155493e+02
2.800548737523851059e+02 4.911130266009923844e+02
2.654210083058423493e+02 4.743851927252508176e+02
2.513816350786655391e+02 4.582038765163293306e+02
2.359884430691776913e+02 4.409592550605579504e+02
2.198443102106558058e+02 4.231728830274149686e+02
2.049521410731385345e+02 4.064983769349831277e+02
1.923907130018244516e+02 3.917993594703837630e+02
1.813191851782580954e+02 3.783704914173790712e+02
1.703724536089005710e+02 3.651036007299010180e+02
1.592389058630840850e+02 3.517564710971820432e+02
1.487112626627763916e+02 3.389646814127529524e+02
1.393608985533186910e+02 3.271716550839711886e+02
1.308288070150295823e+02 3.160845265046543773e+02
1.225485717297196686e+02 3.052591673702731327e+02
1.145389828699490096e+02 2.947118786408906317e+02
1.071379773805761033e+02 2.846991987967065256e+02
1.003502244949040261e+02 2.752184739882772533e+02
9.392489448505273231e+01 2.660771655197516452e+02
8.780350604965396144e+01 2.572307763771672171e+02
8.210036430090279680e+01 2.487613442359382248e+02
7.676734830948871036e+01 2.406306260401263160e+02
7.176899765526906094e+01 2.328097636587726242e+02
6.708494862833285310e+01 2.252818594534377610e+02
6.269605223377583059e+01 2.180311112471837589e+02
5.858429618343653544e+01 2.110427315669438997e+02
5.473273860418826331e+01 2.043028788477408000e+02
5.112544558554058227e+01 1.977985939303433440e+02
4.774743370534300624e+01 1.915177428817283669e+02
4.458471373458356624e+01 1.854490748427407709e+02
4.162427173630673849e+01 1.795822319597545800e+02
3.885383514834926899e+01 1.739075099222642677e+02
3.626181849463070250e+01 1.684157977884436264e+02
3.383728971120043383e+01 1.630985409188741357e+02
3.156993772941743970e+01 1.579477064952304772e+02
2.945004130255382790e+01 1.529557514154177511e+02
2.746843458205871968e+01 1.481156045382081174e+02
2.561643870431417014e+01 1.434207530292172805e+02
2.388586570867469305e+01 1.388651481910172265e+02
2.226902256917919942e+01 1.344430977875540520e+02
2.075868331074713424e+01 1.301492439395725285e+02
1.934806216635879395e+01 1.259785435242032605e+02
1.803078816710788956e+01 1.219262497681013855e+02
1.680088109695349630e+01 1.179878949634985048e+02
1.565273012884354742e+01 1.141593317115081732e+02
1.458107468408422669e+01 1.104368310610058472e+02
1.358097965859705880e+01 1.068169011609194285e+02
1.264781546381601629e+01 1.032962365859255982e+02
1.177724011396161252e+01 9.987170768674241117e+01
1.096518228754110247e+01 9.654035049516866707e+01
1.020782531575818730e+01 9.329935714790647694e+01
9.501592020531736793e+00 9.014606969736469466e+01
8.843129644433187053e+00 8.707804554366522609e+01
8.229296558981337384e+00 8.409304365096178913e+01
7.657150517593661831e+00 8.118892782903981242e+01
7.123936610109680601e+00 7.836365611108520568e+01
6.627075854795092091e+00 7.561527511800002799e+01
6.164154445214686362e+00 7.294191468826927860e+01
5.732913617370726023e+00 7.034178276073410530e+01
5.331239968471622959e+00 6.781317161961084139e+01
4.957155847880080124e+00 6.535450790312016522e+01
4.608811616713303749e+00 6.296429621558311851e+01
4.284478002945482977e+00 6.064108687730198000e+01
3.982538553798057990e+00 5.838347287761058624e+01
3.701482538891442964e+00 5.619008704159602985e+01
3.439898279567330963e+00 5.405959934398521938e+01
3.196466879843908870e+00 5.199071459016061425e+01
2.969956278969939856e+00 4.998219875013876390e+01
2.759215686125951805e+00 4.803289884908996044e+01
2.563170511043222355e+00 4.614168307461132912e+01
2.380817494805516521e+00 4.430743237655959632e+01
2.211220125036821305e+00 4.252903959880575258e+01
2.053504334109328866e+00 4.080540868954281564e+01
1.906854463789470433e+00 3.913545398783352880e+01
1.770509469071405828e+00 3.751810475470504258e+01
1.643759240325380677e+00 3.595236501545343089e+01
1.525941365831545049e+00 3.443728096251710724e+01
