2.701352995058851229e+04 2.680051876453845762e+04
2.732802583938624957e+04 2.710663552774871278e+04
2.763267563320794216e+04 2.740271463793270959e+04
2.792660061039930588e+04 2.768788683742340436e+04
2.820890756550986407e+04 2.796127004638086873e+04
2.847869303855217004e+04 2.822197321481358085e+04
2.873500365133311425e+04 2.846905718750253800e+04
2.897685687477982356e+04 2.870155533447800190e+04
2.920327140844780661e+04 2.891850365269502072e+04
2.941324716000686749e+04 2.911892154066361400e+04
2.960574513140712952e+04 2.930179251028569342e+04
2.977973379732700050e+04 2.946610922823031797e+04
2.993419239165507315e+04 2.961087682870958088e+04
3.006806808103881849e+04 2.973507162813084142e+04
3.018031113324434045e+04 2.983767532391288478e+04
3.026990532400999655e+04 2.991770454083960067e+04
3.033584462303609325e+04 2.997418869233577061e+04
3.037712443387695021e+04 3.000616180042389533e+04
3.039279055401646110e+04 3.001270952709409903e+04
3.038194485107199944e+04 2.999297493227429732e+04
3.034372795414658322e+04 2.994614292295017731e+04
3.027734699876455124e+04 2.987146618508664324e+04
3.018209383988171976e+04 2.976828234634421824e+04
3.005735613319330878e+04 2.963602631889559780e+04
2.990262508707776215e+04 2.947423792874993524e+04
2.971749826915001177e+04 2.928256254243029252e+04
2.950170492367233237e+04 2.906077638814320017e+04
2.925516967365874370e+04 2.880885131947412083e+04
2.897795666727313437e+04 2.852689687787814546e+04
2.867026033240437755e+04 2.821515013034076765e+04
2.833254411829432865e+04 2.787411483877350474e+04
2.796551817918756933e+04 2.750453837443427619e+04
2.757000847659093051e+04 2.710727951154389302e+04
2.714705804784338397e+04 2.668340941698290771e+04
2.669813418907319283e+04 2.623441848530542484e+04
2.622483443897811230e+04 2.576192155297169302e+04
2.572884868224477032e+04 2.526761968053907913e+04
2.521236909022794862e+04 2.475370858075690558e+04
2.467789406999619314e+04 2.422268266464014960e+04
2.412788367425719480e+04 2.367699154581260154e+04
2.356499299339840218e+04 2.311927321425083210e+04
2.299235332013430161e+04 2.255263459992322532e+04
2.241300836848959443e+04 2.198008924221221605e+04
2.182992246892044932e+04 2.140456533384095019e+04
2.124678809808021470e+04 2.082970556670524820e+04
2.066747058560285586e+04 2.025931786298283259e+04
2.009547428929122543e+04 1.969684815491976406e+04
1.953376337031277944e+04 1.914521006625247537e+04
1.898466472099632665e+04 1.860669363174480532e+04
1.845020405399022638e+04 1.808328903961907417e+04
1.793245908520677403e+04 1.757703320450591855e+04
1.743518257678966984e+04 1.709160147721460089e+04
1.696243847009533783e+04 1.663097411110739631e+04
1.651768601087788556e+04 1.619854171213359041e+04
1.610165944098400541e+04 1.579503133743238322e+04
1.571292474776016388e+04 1.541905038232044535e+04
1.535005581649220403e+04 1.506921671213279660e+04
1.501116373739082155e+04 1.474370390076850708e+04
1.469398549102306788e+04 1.444032585806113639e+04
1.439626650775806411e+04 1.415690544333413891e+04
1.411465076489869716e+04 1.389019207606360214e+04
1.384539513128706130e+04 1.363655278464462026e+04
1.358449994119000257e+04 1.339209463025641526e+04
1.332707648935299585e+04 1.315204118652324723e+04
1.306825022898310090e+04 1.291160773698894081e+04
1.280220622923745577e+04 1.266505352954077898e+04
1.252303599211032997e+04 1.240650564252834920e+04
1.222499676391366847e+04 1.213020967725934679e+04
1.190274456689530962e+04 1.183075259688942606e+04
1.155256882406575096e+04 1.150430024396997214e+04
1.117252864971131385e+04 1.114873904309793579e+04
1.076325482282897792e+04 1.076450538009267802e+04
1.032782390300403131e+04 1.035447813059540749e+04
9.871849620099361346e+03 9.924096592208834409e+03
9.402608090472473123e+03 9.480495213292484550e+03
8.928807870519807693e+03 9.032283938097010832e+03
8.459675524964368378e+03 8.588613894119776887e+03
8.005061370446005640e+03 8.159275093745204686e+03
7.574064679929315389e+03 7.753326916054091271e+03
7.175779014505295891e+03 7.379791871819241351e+03
6.817393362790628998e+03 7.045833582280614792e+03
6.504150684524702228e+03 6.756656048198779899e+03
6.237554269304810077e+03 6.513812167062293156e+03
6.015684369231271376e+03 6.315469156971604207e+03
5.832062211791472691e+03 6.155313386346126208e+03
5.677454400436055948e+03 6.024257859962504881e+03
5.539853192773074625e+03 5.910377086224450068e+03
5.406312218659083555e+03 5.800642918993180501e+03
5.264060041921896300e+03 5.681999897394889558e+03
5.102029931954137282e+03 5.542916514607638419e+03
4.912883164693135768e+03 5.375544384390642335e+03
4.694270772855917130e+03 5.177138563682329732e+03
4.449473113983631265e+03 4.950852824308753952e+03
4.187010503395076739e+03 4.705409152865011492e+03
3.919430847875521067e+03 4.453783167239203067e+03
3.661661375209876951e+03 4.211383229422780460e+03
3.428368528267780221e+03 3.993243773079013863e+03
3.230374161020554766e+03 3.810353968014038401e+03
3.071504031694714740e+03 3.666540947276093448e+03
2.947978898130012567e+03 3.557970131825331464e+03
2.850427286436854956e+03 3.475195872941779726e+03
2.766112765295591544e+03 3.405305064034943371e+03
2.680394358169847692e+03 3.333258176509439636e+03
2.579767604836899409e+03 3.244974260575637345e+03
2.457172099989772505e+03 3.132976284438762832e+03
2.315190162495791810e+03 2.999932713115998013e+03
2.163913980685816114e+03 2.856458733976053281e+03
2.016618088395425502e+03 2.716421262716505680e+03
1.886008852252509541e+03 2.592874980915543347e+03
1.779913496166757113e+03 2.493662580056784918e+03
1.697931366279211488e+03 2.418220595296245392e+03
1.632299416014621329e+03 2.358607961814836926e+03
1.570796795322346725e+03 2.302411001417954139e+03
1.502041200956144621e+03 2.238059020909176979e+03
1.421186668150145806e+03 2.160689928764094930e+03
1.332062069542758081e+03 2.074373051865087746e+03
1.243572596538788048e+03 1.988273946316910497e+03
1.165137725188734294e+03 1.911823787407133750e+03
1.101447150116166767e+03 1.849512173695804904e+03
1.049592643289223815e+03 1.798298129363887483e+03
1.001967665842185397e+03 1.750652011574265771e+03
9.513373704744914221e+02 1.699550254098664027e+03
8.954693873297628670e+02 1.642971438957241162e+03
8.384202763870200670e+02 1.584994688100549865e+03
7.862096131504030154e+02 1.531399843220963021e+03
7.418607660220739035e+02 1.484922084405910255e+03
7.035474804466462047e+02 1.443725241623804322e+03
6.665883693117490338e+02 1.403457578690990886e+03
6.280725760635899633e+02 1.361543655029302045e+03
5.891902928939664434e+02 1.319169489899064274e+03
5.531007080568448373e+02 1.279168692080572100e+03
5.213271487229982313e+02 1.242797016920290844e+03
4.923680172924428575e+02 1.208689740377326189e+03
4.639649552879355383e+02 1.174944217583763248e+03
4.357137749438397236e+02 1.141283722124063161e+03
4.090557868319608019e+02 1.108905271959754600e+03
3.848508077156708964e+02 1.078454536258054986e+03
3.623735719796961234e+02 1.049326036954695155e+03
3.406161875969174275e+02 1.020757871566915355e+03
3.196983028635530673e+02 9.928583366102155878e+02
3.002385169409004106e+02 9.660634953680003036e+02
2.821716816110148898e+02 9.403002058524126596e+02
2.649929281837742678e+02 9.152151666497954920e+02
2.486292414750061539e+02 8.907617688309210280e+02
2.333123294132113017e+02 8.670759176513106468e+02
2.189811339391597755e+02 8.441055754021382427e+02
2.054604477456508675e+02 8.217377521693222207e+02
1.927002963169693999e+02 7.999305389800348394e+02
1.806723663808999731e+02 7.786569204715004844e+02
1.693475262139844517e+02 7.578916430747774484e+02
1.586961279912920304e+02 7.376111198651756240e+02
1.486879206498974497e+02 7.177930525221744347e+02
1.392882359405666364e+02 6.984128797711953212e+02
1.304607999860999143e+02 6.794452558641044106e+02
1.221714484171709927e+02 6.608668284301429594e+02
1.143880698259882109e+02 6.426561958361176039e+02
1.070804781601293172e+02 6.247938091947855810e+02
1.002202934653795836e+02 6.072618806487158736e+02
9.378083270120437476e+01 5.900443026121165531e+02
8.773730539461388389e+01 5.731273075043599192e+02
8.206690794467354522e+01 5.565000238996814232e+02
7.674808786179882247e+01 5.401529381841377244e+02
7.176041075374402567e+01 5.240776418320930361e+02
6.708451279280690471e+01 5.082667736263949223e+02
6.270205433860190425e+01 4.927139633511314400e+02
5.859567476651950102e+01 4.774137766979422963e+02
5.474892966129698380e+01 4.623619734877373162e+02
5.114615843952201857e+01 4.475570487959333832e+02
4.777254372068618693e+01 4.329987281245681743e+02
4.461411888617214316e+01 4.186870840758529653e+02
4.165772292143546451e+01 4.046224987766026402e+02
3.889095728442612909e+01 3.908056286666206915e+02
3.630214484466993952e+01 3.772373696242091228e+02
3.388029117193232764e+01 3.639188915845654151e+02
3.161505676090062877e+01 3.508534706650222006e+02
2.949671964581974493e+01 3.380463527152466554e+02
2.751612956321319459e+01 3.255024039129021958e+02
2.566467622507583002e+01 3.132259827555650986e+02
2.393425978183726599e+01 3.012209415383260875e+02
2.231726272437903802e+01 2.894906291742148028e+02
2.080652316783472244e+01 2.780378954403311695e+02
1.939530734821175173e+01 2.668656945438490879e+02
1.807728160383518556e+01 2.559783149019577309e+02
1.684649648604507632e+01 2.453795404396520325e+02
1.569736628070375239e+01 2.350722389891310513e+02
1.462464800574662505e+01 2.250584051891063666e+02
1.362342152873401702e+01 2.153392044415983833e+02
1.268907075150926644e+01 2.059150176326207315e+02
1.181726576045677746e+01 1.967855334181067235e+02
1.100394551427227618e+01 1.879502580675168986e+02
1.024530229914947199e+01 1.794082660419006174e+02
9.537767076026002044e+00 1.711578812719806422e+02
8.877995243318002494e+00 1.631967296029930310e+02
8.262853188498008095e+00 1.555217962927237636e+02
7.689405594811670852e+00 1.481294822664198989e+02
7.154903460815524419e+00 1.410156591279165639e+02
6.656772482132523372e+00 1.341757425230889567e+02
6.192602267376076774e+00 1.276047541446171323e+02
5.760136927543312524e+00 1.212973326987686846e+02
5.357265641097869846e+00 1.152477779620116962e+02
