2.634111152741316619e+04 2.623251066591071140e+04
2.650704351552332810e+04 2.639476437481920220e+04
2.665799502345881046e+04 2.654199407924543266e+04
2.679317066656413226e+04 2.667340974409239061e+04
2.691178722918990388e+04 2.678823416851939692e+04
2.701303108615177189e+04 2.688566200695813677e+04
2.709608053137912430e+04 2.696488150681574189e+04
2.716014148149393441e+04 2.702510914490004143e+04
2.720442743474322924e+04 2.706556990866827618e+04
2.722813855713986413e+04 2.708547674261429711e+04
2.723051206509858821e+04 2.708408027283323099e+04
2.721082625269559139e+04 2.706067293484006950e+04
2.716835690849147795e+04 2.701454683908284278e+04
2.710241510509044747e+04 2.694503055444341226e+04
2.701237848329491680e+04 2.685151956358592361e+04
2.689767299668924534e+04 2.673345929798722864e+04
2.675776872364076917e+04 2.659034143956142361e+04
2.659221988204718582e+04 2.642174189113137254e+04
2.640067112904501482e+04 2.622732742384109588e+04
2.618285297067333886e+04 2.600685355799762692e+04
2.593859654171562579e+04 2.576017675151423100e+04
2.566784393471337171e+04 2.548726356054833013e+04
2.537068029336220934e+04 2.518822539927589241e+04
2.504733670697427442e+04 2.486332109667167970e+04
2.469816286737159317e+04 2.451292614860363392e+04
2.432366591781234820e+04 2.413757256758759831e+04
2.392460199545021169e+04 2.373804346700121096e+04
2.350186213772552583e+04 2.331525446734855723e+04
2.305645452074639252e+04 2.287023482223863539e+04
2.258970014002314929e+04 2.240432637427154987e+04
2.210315189052731148e+04 2.191910097537892943e+04
2.159841832798830728e+04 2.141618106690165223e+04
2.107732022180953936e+04 2.089739723197227431e+04
2.054209492425891585e+04 2.036499390890202631e+04
1.999499992954100162e+04 1.982123029420185412e+04
1.943829891254665563e+04 1.926836587577674436e+04
1.887473786775361441e+04 1.870913477643360966e+04
1.830720210213552855e+04 1.814640448413267586e+04
1.773838692233778784e+04 1.758284840276245086e+04
1.717112756282590999e+04 1.702127153151816674e+04
1.660857794481738165e+04 1.646478737722068399e+04
1.605361710019478778e+04 1.591623384662699027e+04
1.550892666834048214e+04 1.537824793452624726e+04
1.497763969055363305e+04 1.485389380780448300e+04
1.446275098245568734e+04 1.434609489737073636e+04
1.396681135867928060e+04 1.385733946293962799e+04
1.349177474389269446e+04 1.338951815744916712e+04
1.303902702153975224e+04 1.294395186336043116e+04
1.260967607213624979e+04 1.252169380501738306e+04
1.220483663859433909e+04 1.212379949571400903e+04
1.182636050769294161e+04 1.175201223018075325e+04
1.147605092269739907e+04 1.140803016723674409e+04
1.115515612031179990e+04 1.109302064214626080e+04
1.086160862338447259e+04 1.080491175903132353e+04
1.059164507987574689e+04 1.053997333886487650e+04
1.034184994987661958e+04 1.029481840774259763e+04
1.010924434010125151e+04 1.006650085455291264e+04
9.891184652245636244e+03 9.852410551558188672e+03
9.684978721402623705e+03 9.649895915862598486e+03
9.486735362247487501e+03 9.455163811487414932e+03
9.292387969582372534e+03 9.264255730629241953e+03
9.097392409299856809e+03 9.072775046369215488e+03
8.896386091820144429e+03 8.875566769344419299e+03
8.684262343665184744e+03 8.667730174558855651e+03
8.455807896872329366e+03 8.444314380668878584e+03
8.206472410606424091e+03 8.201006629583283939e+03
7.933714602895521239e+03 7.935464048107161943e+03
7.636553306602882913e+03 7.646840719982178598e+03
7.316418927025901212e+03 7.336609571979609427e+03
6.976550248166356141e+03 7.007963596495434103e+03
6.622285623620164188e+03 6.666082092011446548e+03
6.260107818315486838e+03 6.317214831433944710e+03
5.897288042814663640e+03 5.968322027104042718e+03
5.541120307167256215e+03 5.626359569639670553e+03
5.199292979386326806e+03 5.298619854090930858e+03
4.879216227983720273e+03 4.992081230053595391e+03
4.588056963445682413e+03 4.713445374926373916e+03
4.331050210655525916e+03 4.467577414487977876e+03
4.111697536404811217e+03 4.257626682305754912e+03
3.930214631054028359e+03 4.083666128312303499e+03
3.783783677883043765e+03 3.942869665237112258e+03
3.666463597973099240e+03 3.829521552810705543e+03
3.570366910019356510e+03 3.736091643675689738e+03
3.485889775138170080e+03 3.653517034593141034e+03
3.403072597956497248e+03 3.572454079225694386e+03
3.312136378759234503e+03 3.483796929889754665e+03
3.205117029975771857e+03 3.380199868668242743e+03
3.077011233707344218e+03 3.257110589944255480e+03
2.926773026162215046e+03 3.113680546648806285e+03
2.757488617027241617e+03 2.952900517127516650e+03
2.575822804709515367e+03 2.781040972539026370e+03
2.391435043978183785e+03 2.607084856260273227e+03
2.215913729163424250e+03 2.441724302913178235e+03
2.060284842832394588e+03 2.295026648337290681e+03
1.931473293415547232e+03 2.173215851541800930e+03
1.830699767198037080e+03 2.077255921585830038e+03
1.754377169429790683e+03 2.003715981236365678e+03
1.695898113996469874e+03 1.946453640319530450e+03
1.646306075168304687e+03 1.897256921794242317e+03
1.594811741985442268e+03 1.846332699014998298e+03
1.531946373648448571e+03 1.785168111112335055e+03
1.453915883648631052e+03 1.710436832413254251e+03
1.363401301497434815e+03 1.624664875788141217e+03
1.267163549764190748e+03 1.534009954045490758e+03
1.174116125935583568e+03 1.446480632614906426e+03
1.092748484595407490e+03 1.369605051132397421e+03
1.027677783907883850e+03 1.307381877497453161e+03
9.781141360454363394e+02 1.258985293928017200e+03
9.388556403012676128e+02 1.219723704276096441e+03
9.019283221400573893e+02 1.182536031247343772e+03
8.601974014959773740e+02 1.141182074146046489e+03
8.113557342622898432e+02 1.093709386362316991e+03
7.578270168977902586e+02 1.042302458725954239e+03
7.049182383379096564e+02 9.916053191163457541e+02
6.583922561984975346e+02 9.465742450451613195e+02
6.206471711490354437e+02 9.091991630913313429e+02
5.897446052815254234e+02 8.777432670244838846e+02
5.613912610143236179e+02 8.485060320431452965e+02
5.314605236248686424e+02 8.179918042216801268e+02
4.989078623087247024e+02 7.853568972885351513e+02
4.660696219397200935e+02 7.525974476907896360e+02
4.360135493525257857e+02 7.222733096316896990e+02
4.102871855525492037e+02 6.956318391031080637e+02
3.878586438109845744e+02 6.717778637420755103e+02
3.663238340839511125e+02 6.487197396404709480e+02
3.442920887276772532e+02 6.253328363631886759e+02
3.223632236725546250e+02 6.021192464099285644e+02
3.019993044760682892e+02 5.802538283400607497e+02
2.838639135271213831e+02 5.602453508354045653e+02
2.672626933194489993e+02 5.415217962401751493e+02
2.511624838461853244e+02 5.232643813331297906e+02
2.354093634751444313e+02 5.053571943115271097e+02
2.205726385396135356e+02 4.882395039438491722e+02
2.069917477963948045e+02 4.721602084107460087e+02
1.943577659866269585e+02 4.568728876426256988e+02
1.822648214312912103e+02 4.420679023769963578e+02
1.707416367663916219e+02 4.277652253256218273e+02
1.599967067209127833e+02 4.141130609636171584e+02
1.499935341530289179e+02 4.010770359486531902e+02
1.405405658263281907e+02 3.885140652871580755e+02
1.315991417722798076e+02 3.763934155494117135e+02
1.232279303140481375e+02 3.647517157555814720e+02
1.153922926017116737e+02 3.535597203779498159e+02
1.080305655986106217e+02 3.427716844346608127e+02
1.011100952194721430e+02 3.323614399856021464e+02
9.460814595386398196e+01 3.223094802753033150e+02
8.850275943727962158e+01 3.125975008904816264e+02
8.277276921913312435e+01 3.032083216777049870e+02
7.739781074398140959e+01 2.941258150042979196e+02
7.235832606043130966e+01 2.853348392563579523e+02
6.763554262425405739e+01 2.768211628930070560e+02
6.321090731282717456e+01 2.685710121479673376e+02
5.906619103027593809e+01 2.605710212403057540e+02
5.518421478879353259e+01 2.528086655889731276e+02
5.154882774315031924e+01 2.452722355133803376e+02
4.814484672001469789e+01 2.379507864108754802e+02
4.495799927736126023e+01 2.308340924637508067e+02
4.197487008715145151e+01 2.239126035701085584e+02
3.918288139516869961e+01 2.171775298730224506e+02
3.657034109065040184e+01 2.106212288536858068e+02
3.412626508074259135e+01 2.042366981594605306e+02
3.184029561964659649e+01 1.980173692424197043e+02
2.970266931208287886e+01 1.919570827487557096e+02
2.770418646011490438e+01 1.860500653285319004e+02
2.583618171585999335e+01 1.802909077352432234e+02
2.409049529240808596e+01 1.746745506630588238e+02
2.245942732160727218e+01 1.691964455862057832e+02
2.093571625756794319e+01 1.638525324376483354e+02
1.951253912745749020e+01 1.586390001731799941e+02
1.818348781336199238e+01 1.535522605626639745e+02
1.694254524282482777e+01 1.485889350976620733e+02
1.578406284159744821e+01 1.437458424840560838e+02
1.470273918923088985e+01 1.390199866825491881e+02
1.369360057963252331e+01 1.344085919815773025e+02
1.275198423782151380e+01 1.299092486745836084e+02
1.187351697687175012e+01 1.255197240919223276e+02
1.105409716049546631e+01 1.212378877447322765e+02
1.028987875975556854e+01 1.170617041536299467e+02
9.577256275411452080e+00 1.129892259782809987e+02
8.912850484106263238e+00 1.090185874306828282e+02
8.293494914775122240e+00 1.051480015573572047e+02
7.716221722567454755e+00 1.013758522879181498e+02
7.178249990598475350e+00 9.770068396619981854e+01
6.676976229928489381e+00 9.412107393640226860e+01
6.209963639183339268e+00 9.063562253696682092e+01
5.774931884155792616e+00 8.724295009867972794e+01
5.369747469528298289e+00 8.394169412027679300e+01
4.992414670999655080e+00 8.073050661969375597e+01
4.641066947690465128e+00 7.760809155845447549e+01
4.313958754285594388e+00 7.457333455346078210e+01
4.009458194753599436e+00 7.162514452068576531e+01
3.726039970187747574e+00 6.876239657249256254e+01
3.462278674220955921e+00 6.598393318674160923e+01
3.216842490132068910e+00 6.328856545496356034e+01
2.988487267100170097e+00 6.067507439933547175e+01
2.776050947869849406e+00 5.814221685120557481e+01
2.578448175363291739e+00 5.568884819977547096e+01
2.394665421508278769e+00 5.331391368231089700e+01
2.223756593782777014e+00 5.101629723797816496e+01
2.064838702566521800e+00 4.879481839759333894e+01
