3.418884056323281402e+04 3.397153987683261948e+04
3.444299210191614839e+04 3.421768892266019247e+04
3.467756547070115630e+04 3.444411190046635602e+04
3.489145054378132045e+04 3.464970624635251443e+04
3.508350257798425446e+04 3.483333822920286184e+04
3.525254790770109685e+04 3.499384873974475340e+04
3.539743953706959292e+04 3.513010690533234447e+04
3.551704379652714124e+04 3.524099682346962800e+04
3.561019776407918835e+04 3.532537535988305899e+04
3.567577253865979583e+04 3.538213508540667681e+04
3.571269034535370884e+04 3.541022140543779824e+04
3.571987452457702602e+04 3.540858415278004395e+04
3.569627629978672485e+04 3.537620384718804416e+04
3.564092642367846565e+04 3.531214208232370584e+04
3.555292350011122471e+04 3.521553088551174005e+04
3.543141622993173223e+04 3.508555631612822617e+04
3.527565440286899684e+04 3.492150702328788611e+04
3.508500297706676065e+04 3.472278819868432038e+04
3.485894046370811702e+04 3.448892295772617945e+04
3.459707294484644808e+04 3.421956416592773894e+04
3.429914794830469327e+04 3.391450616781407007e+04
3.396509700819717546e+04 3.357372961794613366e+04
3.359506133260011120e+04 3.319742816623287217e+04
3.318934129369418952e+04 3.278595340791326453e+04
3.274842705353444035e+04 3.233984557664134991e+04
3.227315081424078380e+04 3.185998944299554205e+04
3.176455497059508343e+04 3.134747807349203140e+04
3.122382900896633146e+04 3.080354737423509141e+04
3.065254363232762989e+04 3.022981233783067728e+04
3.005265889604076074e+04 2.962827448503058622e+04
2.942622712014462377e+04 2.900102100069139851e+04
2.877551644317192040e+04 2.835034795260658939e+04
2.810341442244234713e+04 2.767916366421793646e+04
2.741291515986554441e+04 2.699047474529150713e+04
2.670698912087660938e+04 2.628725548411482669e+04
2.598917824202385964e+04 2.557303718328121613e+04
2.526338615639114869e+04 2.485169981233527506e+04
2.453328716385924054e+04 2.412688690979258172e+04
2.380262257664150820e+04 2.340229666782515778e+04
2.307568725756250933e+04 2.268215930908397422e+04
2.235650167280604728e+04 2.197042571560585930e+04
2.164874897919322029e+04 2.127070533007655831e+04
2.095660120121733416e+04 2.058706165214903740e+04
2.028423888560923660e+04 1.992355185292354508e+04
1.963528745058279674e+04 1.928368696697018459e+04
1.901266141717458231e+04 1.867027089176688969e+04
1.841847152311731406e+04 1.808530331671165550e+04
1.785444013484147581e+04 1.753040651956070724e+04
1.732213521434306676e+04 1.700704859197130645e+04
1.682383583456408815e+04 1.651734272239666461e+04
1.636190017016397906e+04 1.606346815153528951e+04
1.593820751451234719e+04 1.564715087675681389e+04
1.555075017915650460e+04 1.526636574355611447e+04
1.519428497970374337e+04 1.491596569415867998e+04
1.486392595776729831e+04 1.459115688257993679e+04
1.455542157282020707e+04 1.428778122616099790e+04
1.426507103461288170e+04 1.400223283815568175e+04
1.398925735903868735e+04 1.373099546590157479e+04
1.372275763241821187e+04 1.346905185905959843e+04
1.345974405006180677e+04 1.321082412162833134e+04
1.319401689737984634e+04 1.295040909274561272e+04
1.291798585810789700e+04 1.268064145573782662e+04
1.262438571995433267e+04 1.239467550588111772e+04
1.230605795438294990e+04 1.208584153656770286e+04
1.195661828759356104e+04 1.174821544223783894e+04
1.157254808894335838e+04 1.137862391924949588e+04
1.115294547616159616e+04 1.097637872850588792e+04
1.069995886134133980e+04 1.054365907469367630e+04
1.021867660441360385e+04 1.008540595329854114e+04
9.716688510973639495e+03 9.608866083947055813e+03
9.203543351498017728e+03 9.123095153036703778e+03
8.689618243724202330e+03 8.637852638772475984e+03
8.185384564991897605e+03 8.162942155109629311e+03
7.701848088399177868e+03 7.708591114461854886e+03
7.249492439679530435e+03 7.284479599592312297e+03
6.838607359445382826e+03 6.899980034150778010e+03
6.476766418451206846e+03 6.561971865971030638e+03
6.168465785842038713e+03 6.274323480384608956e+03
5.914116107167785231e+03 6.037183830940000917e+03
5.708821656580021227e+03 5.845752787139239445e+03
5.543911970793697037e+03 5.691831173657273212e+03
5.407365142095556621e+03 5.564182183578052900e+03
5.285155712217298969e+03 5.449836570310368188e+03
5.162754313221163102e+03 5.335425449094277610e+03
5.026175128942268202e+03 5.208161208507126503e+03
4.864408337495304295e+03 5.058042681644117692e+03
4.670855580310379992e+03 4.879134640472948377e+03
4.445002756365718596e+03 4.671108119833466844e+03
4.192135481551269550e+03 4.438939723998367299e+03
3.922581135922253907e+03 4.192165578635003840e+03
3.650791748586063932e+03 3.944005862939946837e+03
3.393942475019125141e+03 3.710010042407684523e+03
3.167783389212633665e+03 3.504243467180638163e+03
2.981681347705978169e+03 3.334902693307840309e+03
2.836478994826779399e+03 3.202477866861844632e+03
2.725971914417095377e+03 3.101181292204854799e+03
2.639820272535102958e+03 3.021626542915119444e+03
2.564472972104158089e+03 2.951661450304066420e+03
2.483980185112929576e+03 2.877082878666745728e+03
2.385077756041663179e+03 2.786152684796125413e+03
2.263536267333263368e+03 2.675231090248854343e+03
2.124450808922588749e+03 2.548987476925819465e+03
1.978698853518416627e+03 2.417166410454864035e+03
1.839502604536895205e+03 2.291437972337388601e+03
1.718958474695475616e+03 2.182293500950165253e+03
1.622888677362481303e+03 2.094606264073144303e+03
1.549068931163616526e+03 2.026238442812812536e+03
1.489031433229435379e+03 1.969731220420393356e+03
1.430718926991587296e+03 1.914644859463895955e+03
1.364192481827212532e+03 1.852471753317021694e+03
1.287199503556773379e+03 1.781385526991494089e+03
1.204254399533052947e+03 1.705362960720746514e+03
1.123539397737343052e+03 1.631415650574848996e+03
1.053233157528009542e+03 1.566388854988913408e+03
9.959907903132943829e+02 1.512370358490770741e+03
9.481484711027022740e+02 1.466175931438376210e+03
9.031396826231142541e+02 1.422301695969908906e+03
8.552629703072249185e+02 1.376066883519011753e+03
8.037933084537852437e+02 1.326953084637963457e+03
7.526679917428352837e+02 1.278228069614605829e+03
7.062655703906042390e+02 1.233418329230709787e+03
6.663443176582863998e+02 1.193857150083596025e+03
6.309054258194483964e+02 1.157878857047182464e+03
5.964027089226334510e+02 1.122662254523924730e+03
5.612041177770129252e+02 1.086957625260777377e+03
5.265429132155741172e+02 1.051753172853707383e+03
4.945337532880303684e+02 1.018664461058074039e+03
4.658331548051355071e+02 9.881471528736858545e+02
4.392361761899953194e+02 9.592592095544524682e+02
4.133261542254408596e+02 9.309436986925522888e+02
3.881085674421944418e+02 9.032156799005375660e+02
3.644418390370542511e+02 8.766933630419475776e+02
3.426787597519526685e+02 8.516059838854567943e+02
3.222780179777628859e+02 8.275518689705484121e+02
3.027203024935147937e+02 8.041652034182296802e+02
2.841274273138850504e+02 7.815271424263315794e+02
2.667680188659120404e+02 7.598071862395755716e+02
2.505283183838623700e+02 7.389158334123943632e+02
2.351420502733597573e+02 7.186719159290905736e+02
2.205904605956898195e+02 6.990577044444573858e+02
2.069444118893279381e+02 6.801082048697455775e+02
1.941280189521891657e+02 6.617679493273118396e+02
1.820588073398201914e+02 6.439796036603238463e+02
1.706985122412986584e+02 6.267140030191502547e+02
1.600099677369630911e+02 6.099424260740299815e+02
1.499575210225532089e+02 5.936379952692491315e+02
1.405070236205970673e+02 5.777755818254682936e+02
1.316258039681976300e+02 5.623317026303544708e+02
1.232826367592832923e+02 5.472844248102768461e+02
1.154477039742375553e+02 5.326132778102306702e+02
1.080921629904975703e+02 5.182992093581626705e+02
1.011879739976511559e+02 5.043245302110995567e+02
9.470859115380432058e+01 4.906727787684801569e+02
8.862895564409843985e+01 4.773286487903932311e+02
8.292541702373267754e+01 4.642779281055424008e+02
7.757565844093393537e+01 4.515074411880338516e+02
7.255862556486998471e+01 4.390049952307182366e+02
6.785447546250833284e+01 4.267594493875790249e+02
6.344460527130573979e+01 4.147613961269506149e+02
5.931149643590539711e+01 4.030025318850698568e+02
5.543860226236447630e+01 3.914752020287072014e+02
5.181029928552913333e+01 3.801723649868650341e+02
4.841184089787333988e+01 3.690875597083035586e+02
4.522931291494861483e+01 3.582148743710861254e+02
4.224959078725961348e+01 3.475489204200738413e+02
3.946028189876913927e+01 3.370851135280327071e+02
3.684968112694932074e+01 3.268198094753246892e+02
3.440676503545037690e+01 3.167497461441238329e+02
3.212115765285367530e+01 3.068719670805788269e+02
2.998309486140119873e+01 2.971838004843248768e+02
2.798339056854996798e+01 2.876828386980660071e+02
2.611340458467946135e+01 2.783669181724992541e+02
2.436501256201934495e+01 2.692341938215147934e+02
2.273057947558485381e+01 2.602836836218116332e+02
2.120292968570013059e+01 2.515147799234647437e+02
1.977531950665632010e+01 2.429269082574160166e+02
1.844141272417549260e+01 2.345195152481154537e+02
1.719525739239015039e+01 2.262920583957439931e+02
1.603126384549953087e+01 2.182439962373909452e+02
1.494418384374297126e+01 2.103747851322707163e+02
1.392908911482128609e+01 2.026843244624295721e+02
1.298135214516057623e+01 1.951731696994368122e+02
1.209663172341670645e+01 1.878417338320000738e+02
1.127085635103047601e+01 1.806902101034711166e+02
1.050020825760303467e+01 1.737185763154955396e+02
9.781108305764355748e+00 1.669265995241118503e+02
9.110201740284438188e+00 1.603138411092490969e+02
8.484344663879813453e+00 1.538797526265258000e+02
7.900590932383643406e+00 1.476242151383262069e+02
7.356180619114185859e+00 1.415470759868711355e+02
6.848528970066078081e+00 1.356478458502076307e+02
6.375215731105350336e+00 1.299257159021265693e+02
5.933975090730916335e+00 1.243795764518503546e+02
5.522686206474673121e+00 1.190080355483307670e+02
5.139364279699149662e+00 1.138094394151496687e+02
4.782151898388646849e+00 1.087820299623292613e+02
4.449311054407306010e+00 1.039240242953637932e+02
4.139216181609705281e+00 9.923338637960027597e+01
3.850347173646778032e+00 9.470782543018439981e+01
3.581282773033898525e+00 9.034481888170044783e+01
