2.155598206358214884e+04 2.134473843894252059e+04
2.186417556240602789e+04 2.164421359333057626e+04
2.216776637758469587e+04 2.193886280633687784e+04
2.246615063715963697e+04 2.222809121040205719e+04
2.275871075812426352e+04 2.251129137970509328e+04
2.304480253702340997e+04 2.278783100231413118e+04
2.332374304691041834e+04 2.305704136443730386e+04
2.359483526039906064e+04 2.331824108739085568e+04
2.385736875865788170e+04 2.357073705755447736e+04
2.411059672131768093e+04 2.381380347265976161e+04
2.435375316362788362e+04 2.404669786871286124e+04
2.458606708353822251e+04 2.426867429198220270e+04
2.480674614016053965e+04 2.447896853742202074e+04
2.501496995676283768e+04 2.467679223120311508e+04
2.520991836836061702e+04 2.486135890870282310e+04
2.539077084067276883e+04 2.503188377068469708e+04
2.555668332218108844e+04 2.518756312336168048e+04
2.570681309479215270e+04 2.532759700401908412e+04
2.584033293040795979e+04 2.545120218268519966e+04
2.595641969547116605e+04 2.555760283127275034e+04
2.605425643920616858e+04 2.564603275267794015e+04
2.613305425750361246e+04 2.571575452403846793e+04
2.619205627681737315e+04 2.576606385365553797e+04
2.623053698440270091e+04 2.579629101938507665e+04
2.624781285208204645e+04 2.580580873056313794e+04
2.624325043470855235e+04 2.579403913108202323e+04
2.621629180984244158e+04 2.576048052494562580e+04
2.616645669605170406e+04 2.570470880465952723e+04
2.609332857389952187e+04 2.562636156803760241e+04
2.599658530805680130e+04 2.552516856426052254e+04
2.587605632784510817e+04 2.540100904041101239e+04
2.573165859555784118e+04 2.525384633919724365e+04
2.556339445308220456e+04 2.508372508188619031e+04
2.537147762084207352e+04 2.489089645104373631e+04
2.515628664556717195e+04 2.467577125233105471e+04
2.491827170143779222e+04 2.443882656118342857e+04
2.465806424208332101e+04 2.418071484294701077e+04
2.437661262645064562e+04 2.390239896069360475e+04
2.407494546663537039e+04 2.360491586944076334e+04
2.375416450895379239e+04 2.328936973497630970e+04
2.341571555921533582e+04 2.295720426209947618e+04
2.306121353337330947e+04 2.261002703433437637e+04
2.269226482208797097e+04 2.224943134622046273e+04
2.231073116825366014e+04 2.187726483232043392e+04
2.191890397578735065e+04 2.149580730038425463e+04
2.151903020095886313e+04 2.110728988150928490e+04
2.111326447010472111e+04 2.071384994540553816e+04
2.070372642587337759e+04 2.031760496176857851e+04
2.029244393310707528e+04 1.992058380853510971e+04
1.988132725984514036e+04 1.952469423813680260e+04
1.947258466793055413e+04 1.913215995497482800e+04
1.906883089060259590e+04 1.874563666209714575e+04
1.867251171341584995e+04 1.836761058294112445e+04
1.828582206397116897e+04 1.800032658648146389e+04
1.791054256084453300e+04 1.764566509401392614e+04
1.754822705887942720e+04 1.730529265306515299e+04
1.720018922099482734e+04 1.698063570497613546e+04
1.686632166434068495e+04 1.667171155598511905e+04
1.654560228399944754e+04 1.637762535046504854e+04
1.623699625161505901e+04 1.609746063932817196e+04
1.593876421048019256e+04 1.582957098118855902e+04
1.564872879510074017e+04 1.557184604575464255e+04
1.536473771684221356e+04 1.532217497015011577e+04
1.508411158593533582e+04 1.507784505391357197e+04
1.480409841129976667e+04 1.483602397732542704e+04
1.452179493738500969e+04 1.459364640726478501e+04
1.423391414399653149e+04 1.434713676797839435e+04
1.393727098787264185e+04 1.409294830415611796e+04
1.362831670056779330e+04 1.382698486946368030e+04
1.330369703206730628e+04 1.354525268299922027e+04
1.296064986787696580e+04 1.324424333637836207e+04
1.259705917079381288e+04 1.292103846229988267e+04
1.221248167041006127e+04 1.257448136392130073e+04
1.180794146443544923e+04 1.220500117405956371e+04
1.138656289184133857e+04 1.181542080333664308e+04
1.095302512849936284e+04 1.141039687432133724e+04
1.051351235571769939e+04 1.099645243271749860e+04
1.007478471806683592e+04 1.058093497174406184e+04
9.643929126362161696e+03 1.017176850206667041e+04
9.227685410908321501e+03 9.776662431183916851e+03
8.832373750007627677e+03 9.403032982598053422e+03
8.463321596338426389e+03 9.057312850414393324e+03
8.124962393934726606e+03 8.745076580546994592e+03
7.819818538675530363e+03 8.469822698276480878e+03
7.548235573643573844e+03 8.232622353410213691e+03
7.307326307354021992e+03 8.030755606545453702e+03
7.091517293704068834e+03 7.858214173290754843e+03
6.892332711103047586e+03 7.705198136456598149e+03
6.700284754265429001e+03 7.560238833755998712e+03
6.505645419393845259e+03 7.411001951656331585e+03
6.300175324102923696e+03 7.246467660680430527e+03
6.077969091377179211e+03 7.058165134015933290e+03
5.836498851817598734e+03 6.841774171399039005e+03
5.577323599809063126e+03 6.598390236208058013e+03
5.305780944216740863e+03 6.334364107798631267e+03
5.030184032290543655e+03 6.060378914074468412e+03
4.760395407772629369e+03 5.789541845156833915e+03
4.506332974973270211e+03 5.535296779988757407e+03
4.276582978115629885e+03 5.309506581991618077e+03
4.076534794808677361e+03 5.119930898105451888e+03
3.906346849218468833e+03 4.967432186026459021e+03
3.760161814461013364e+03 4.844712780446468059e+03
3.627972038463420631e+03 4.738508700873592716e+03
3.499054145154550042e+03 4.634026465692696547e+03
3.364355160594919198e+03 4.518242414370931328e+03
3.217734977375646395e+03 4.381900385823785655e+03
3.057959372025387438e+03 4.222762099482456506e+03
2.890399257211599434e+03 4.048391837490233684e+03
2.724975868584836917e+03 3.873235719907439488e+03
2.571312867931237633e+03 3.711407001411408146e+03
2.435560151126130677e+03 3.571979583601889772e+03
2.319294439197125939e+03 3.457435404397156162e+03
2.218645113410848808e+03 3.362407945749373994e+03
2.125514799623718318e+03 3.275307416850259870e+03
2.031551209677316820e+03 3.183966245633307153e+03
1.931673142409321827e+03 3.080905662504301745e+03
1.826285223686538529e+03 2.966816513588671569e+03
1.721149851067890495e+03 2.850384395993101862e+03
1.623120929054479575e+03 2.741806198881959972e+03
1.536068094086097744e+03 2.646747835722414493e+03
1.459766362662781376e+03 2.564860985306452676e+03
1.389813606558083393e+03 2.489811554385679756e+03
1.320677952346814436e+03 2.413735128923621232e+03
1.249822951539852056e+03 2.333185308148183594e+03
1.178625284193260995e+03 2.250370500041419746e+03
1.110896276458306374e+03 2.170839854501866739e+03
1.049517530152278596e+03 2.098617761146669181e+03
9.940067725567242860e+02 2.032971575838422950e+03
9.416868309666872392e+02 1.970257083056021202e+03
8.901612771203889451e+02 1.907374698466245718e+03
8.392940936075056015e+02 1.844333898416928832e+03
7.908594793326730041e+02 1.783573884610597361e+03
7.461920378474510471e+02 1.726801664069724893e+03
7.048127678853737734e+02 1.673375871739447803e+03
6.653150838514383167e+02 1.621596804760559735e+03
6.270193696631904459e+02 1.570746254581765470e+03
5.904614726126442292e+02 1.521531575579371065e+03
5.563072638312704612e+02 1.474716387175612454e+03
5.243316107821136711e+02 1.430030426609051801e+03
4.939003634015425632e+02 1.386809254992346041e+03
4.648286351374756009e+02 1.344900050216530872e+03
4.373842683229948420e+02 1.304582372195684911e+03
4.116210462615339907e+02 1.265890705962930269e+03
3.872614667484737652e+02 1.228558956331481568e+03
3.641455482759291726e+02 1.192447062024236857e+03
3.423275028010359620e+02 1.157590520606159544e+03
3.217911141053312463e+02 1.123953559049751902e+03
3.023941310381197241e+02 1.091407929823264567e+03
2.840736400914248634e+02 1.059888815765845948e+03
2.668022135104520203e+02 1.029354573577591964e+03
2.505252002240576985e+02 9.997395938561365938e+02
2.351882147790762190e+02 9.709807318085763654e+02
2.207397223706639124e+02 9.430197273894279988e+02
2.071308931310803985e+02 9.158028944648201559e+02
1.943154844277702011e+02 8.892807325251278598e+02
1.822502797176895797e+02 8.634046284871396892e+02
1.708948723392999511e+02 8.381265706371713122e+02
1.602107896908152895e+02 8.134027122565331638e+02
1.501613820816818361e+02 7.891933507600161875e+02
1.407117568384192339e+02 7.654627063543588292e+02
1.318287131636887182e+02 7.421787182554975288e+02
1.234806778919604398e+02 7.193128558278037872e+02
1.156376282124403048e+02 6.968404006466656710e+02
1.082709225004264795e+02 6.747439702968317761e+02
1.013533311125993492e+02 6.530108600427969350e+02
9.485905177530358401e+01 6.316303979537004807e+02
8.876364495985997394e+01 6.105938062405226674e+02
8.304397074750238517e+01 5.898940902365701504e+02
7.767812797535583513e+01 5.695259285237061704e+02
7.264539562895039637e+01 5.494855637074620063e+02
6.792617778676961393e+01 5.297732604588975391e+02
6.350195259066437359e+01 5.103998933819437980e+02
5.935521513239099534e+01 4.913780363681069616e+02
5.546942626477972027e+01 4.727193300347620948e+02
5.182896486419790705e+01 4.544344727289258117e+02
4.841908203886383433e+01 4.365332147000855230e+02
4.522585723480971609e+01 4.190243554163286035e+02
4.223615611027896222e+01 4.019157767262055927e+02
3.943758426668515682e+01 3.852169907151379675e+02
3.681844660445403861e+01 3.689404059114980328e+02
3.436772185042350003e+01 3.530967584568019220e+02
3.207502789725401726e+01 3.376947257811903569e+02
2.993058761168519766e+01 3.227410280145654156e+02
2.792519625766467328e+01 3.082405328683963717e+02
2.605019047388333675e+01 2.941963630009145731e+02
2.429741861488806265e+01 2.806100360500170723e+02
2.265921080978184676e+01 2.674820254552689107e+02
2.112835326707377703e+01 2.548116708018781935e+02
1.969806470903763440e+01 2.425968520547928051e+02
1.836197215684730821e+01 2.308340994592834079e+02
1.711408789609557601e+01 2.195187139819942104e+02
1.594878762498066394e+01 2.086448846978744314e+02
1.486078973311343177e+01 1.982058025718233409e+02
1.384513527438275382e+01 1.881937319743805972e+02
1.289716765022534872e+01 1.785999403210714433e+02
1.201251699546553731e+01 1.694149854732793585e+02
1.118708436077211132e+01 1.606289011844717152e+02
1.041702578609327112e+01 1.522312802554049540e+02
9.698737243116180906e+00 1.442113526193602127e+02
9.028840405804475111e+00 1.365580584845210979e+02
