1.956490692675425817e+04 1.944726343602431371e+04
1.978457344535547600e+04 1.966225757475312275e+04
1.999701073047382670e+04 1.986990526555752513e+04
2.020163720519885464e+04 2.006962730171219664e+04
2.039784202449167424e+04 2.026081705036798667e+04
2.058500985800386843e+04 2.044286413155301489e+04
2.076251875697404103e+04 2.061515222711193928e+04
2.092971899563432089e+04 2.077703798583149546e+04
2.108595494503303416e+04 2.092787290707553984e+04
2.123057512526791470e+04 2.106701342204142202e+04
2.136290740312811977e+04 2.119379662377815475e+04
2.148226056827757930e+04 2.130754190830240259e+04
2.158795515762373907e+04 2.140758130323467049e+04
2.167931777853527092e+04 2.149325401013996452e+04
2.175565844883418686e+04 2.156388437155560678e+04
2.181630266611919069e+04 2.161881328425301399e+04
2.186060132322381833e+04 2.165740797194148035e+04
2.188790522702332237e+04 2.167903745608962709e+04
2.189757677701686407e+04 2.168308397749769574e+04
2.188901840609868668e+04 2.166897059704521598e+04
2.186166846884039114e+04 2.163615761989578095e+04
2.181499152657541345e+04 2.158413377293257145e+04
2.174850376619920280e+04 2.151244014870332830e+04
2.166178148982730272e+04 2.142067849682351516e+04
2.155446431850285444e+04 2.130851597051290810e+04
2.142626048588978665e+04 2.117568940346606178e+04
2.127695229274180383e+04 2.102200949197365117e+04
2.110642024479963584e+04 2.084738589308967130e+04
2.091466320457150505e+04 2.065184809433076589e+04
2.070176621640674057e+04 2.043551090667738026e+04
2.046791371839027852e+04 2.019858751674613814e+04
2.021348065521557510e+04 1.994148232329767052e+04
1.993896618396184931e+04 1.966472274621055112e+04
1.964494888760888352e+04 1.936891312381358875e+04
1.933220660726553251e+04 1.905485542714141411e+04
1.900175182080387822e+04 1.872358456843144450e+04
1.865465684155164126e+04 1.837619166469106858e+04
1.829210074046324735e+04 1.801387078980675142e+04
1.791561361531147850e+04 1.763816337653525261e+04
1.752681809704841726e+04 1.725069897567279986e+04
1.712732743172333358e+04 1.685309310619222379e+04
1.671904466757188857e+04 1.644724453484411788e+04
1.630413006987892186e+04 1.603530266947299242e+04
1.588464503061078722e+04 1.561931387976426959e+04
1.546266023503616088e+04 1.520132851935850886e+04
1.504056520402510978e+04 1.478370671836042493e+04
1.462065269896300197e+04 1.436870842848638495e+04
1.420503700068697981e+04 1.395841291759248816e+04
1.379608108007231567e+04 1.355513414913574161e+04
1.339624235540072004e+04 1.316127172972011613e+04
1.300770175525623199e+04 1.277895181100230548e+04
1.263223385349434830e+04 1.240989880336371607e+04
1.227103239891834528e+04 1.205526234520687467e+04
1.192506538622152766e+04 1.171597090423880763e+04
1.159522072526211377e+04 1.139287377207537793e+04
1.128292318535952654e+04 1.108732689339701392e+04
1.098979753092386090e+04 1.080087497272254950e+04
1.071722771908673894e+04 1.053483376347053854e+04
1.046455217269537752e+04 1.028853685976907582e+04
1.022876328939340419e+04 1.005904168331351866e+04
1.000695917430811824e+04 9.843509763535021193e+03
9.796610290645017812e+03 9.639472915082582404e+03
9.595561410920525304e+03 9.444836583910384434e+03
9.401768777442490318e+03 9.257614875090226633e+03
9.212475556059373048e+03 9.075143809465556842e+03
9.024514895872309353e+03 8.894367279850352134e+03
8.834659384710148515e+03 8.712172263565063986e+03
8.638964587455728179e+03 8.524771447572489706e+03
8.433631719708408127e+03 8.328510149790074138e+03
8.214922976383528294e+03 8.119808434116251192e+03
7.979422443314016164e+03 7.895391315765013132e+03
7.725129531033460808e+03 7.653348521809019076e+03
7.451565614295408523e+03 7.393239159115878465e+03
7.159843661376055934e+03 7.116143174503973569e+03
6.852969026061674413e+03 6.824967495198983670e+03
6.535227999035386347e+03 6.523832828623325440e+03
6.212233826852326274e+03 6.218134729843840432e+03
5.889923988165721312e+03 5.913555747540714037e+03
5.574300474072947509e+03 5.615830672287850575e+03
5.271384689782214991e+03 5.330684115673345332e+03
4.986836687567377339e+03 5.063482652505142141e+03
4.726138930873676145e+03 4.819358722124399719e+03
4.493503846850661830e+03 4.602271762117012258e+03
4.291381654895345491e+03 4.414434569727332928e+03
4.120206816390880704e+03 4.256187471841494698e+03
3.977099482223524319e+03 4.124715167633613419e+03
3.857096870906679214e+03 4.015260263891614159e+03
3.752969312071047170e+03 3.920931280629161392e+03
3.656562869026601675e+03 3.833977151475065511e+03
3.559537905364152266e+03 3.746458657918156860e+03
3.454213432068487691e+03 3.651055912862150763e+03
3.334736186483709389e+03 3.542174355939423094e+03
3.197838577715054271e+03 3.416673376855761035e+03
3.043833008366134436e+03 3.274851106767425790e+03
2.876293519567044768e+03 3.120130912760217143e+03
2.701396932477546216e+03 2.958424020365495835e+03
2.527168888269347462e+03 2.797387463623864278e+03
2.362760952724196159e+03 2.645680608653235595e+03
2.216674941951224810e+03 2.511260979729598148e+03
2.094260817598487392e+03 2.399064787442391207e+03
1.995956594191044360e+03 2.309397150149529807e+03
1.917548882729948218e+03 2.238231379664889118e+03
1.852265122705125577e+03 2.179191034759064223e+03
1.792294397197232911e+03 2.124949899052781802e+03
1.729257182381388020e+03 2.067647813742536528e+03
1.656113705134184102e+03 2.000681717428652064e+03
1.570607200059439720e+03 1.921963589371771604e+03
1.476317123277697874e+03 1.834913403264531553e+03
1.380060250371306211e+03 1.745970894555542372e+03
1.289166636631003712e+03 1.661980701704959984e+03
1.209784664235940909e+03 1.588586485022095758e+03
1.144854988053972420e+03 1.528401055691096872e+03
1.092548376785397522e+03 1.479648843068262977e+03
1.047622171822677728e+03 1.437471201256874792e+03
1.003469333324343097e+03 1.395811346488667596e+03
9.547667410390333771e+02 1.349830928039740002e+03
9.006006898636333062e+02 1.298758466059180591e+03
8.442235026830223887e+02 1.245619987358286153e+03
7.902751228828944932e+02 1.194641355783349809e+03
7.428598012902040182e+02 1.149471150379464007e+03
7.031688175305138202e+02 1.111093057410949996e+03
6.687042381159964179e+02 1.077225962656992579e+03
6.356683329629405534e+02 1.044497266777748564e+03
6.012464225516972647e+02 1.010461107453670479e+03
5.653141234115923908e+02 9.750616877626886208e+02
5.302811469738348933e+02 9.404244466035320329e+02
4.985071252320306030e+02 9.085649507989066933e+02
4.705813623651036437e+02 8.799378646968866633e+02
4.452098585553980001e+02 8.534103930220533130e+02
4.204589469822481647e+02 8.273587599347374635e+02
3.956145915340508736e+02 8.012147748303007120e+02
3.715221300081656182e+02 7.756935581842910779e+02
3.492721860000645506e+02 7.516732809293216633e+02
3.290651704393893056e+02 7.292875998691542918e+02
3.101216189749184764e+02 7.079003144333562432e+02
2.917633660795177661e+02 6.869829352365774184e+02
2.740554832718678995e+02 6.665942462224342080e+02
2.574789606186881201e+02 6.470961119854182471e+02
2.421255522583212496e+02 6.285423128336384480e+02
2.276639255036780298e+02 6.106783284357213688e+02
2.138430320886988625e+02 5.933211455534576544e+02
2.007556737344454802e+02 5.765350270946124738e+02
1.885163939224007379e+02 5.603917747259662292e+02
1.770255935122059441e+02 5.448147036489128823e+02
1.661470671407744533e+02 5.297080897402036044e+02
1.558789437476534943e+02 5.150664513435774552e+02
1.462385945723522696e+02 5.008945676457963714e+02
1.371741618184392451e+02 4.871536518330427157e+02
1.286416876033074175e+02 4.738121701768805565e+02
1.206102417159927427e+02 4.608465179397545626e+02
1.130534445453471619e+02 4.482361158448576930e+02
1.059460345747219208e+02 4.359617740769827492e+02
9.926383571668364425e+01 4.240056053206051843e+02
9.298373415033226763e+01 4.123509493441403038e+02
8.708365331404232279e+01 4.009823030880610304e+02
8.154252158909952186e+01 3.898852554142836766e+02
7.633998597576690770e+01 3.790464111981032715e+02
7.145635938732502268e+01 3.684533305021244018e+02
6.687300337415932461e+01 3.580944988716579473e+02
6.257230680217823249e+01 3.479592796935444881e+02
5.853763333820781867e+01 3.380378677065355646e+02
5.475327135473291662e+01 3.283212452218264730e+02
5.120438615925571213e+01 3.188011407695441903e+02
4.787698753025858167e+01 3.094701111615018476e+02
4.475793507016122419e+01 3.003219966129174168e+02
4.183483538828086523e+01 2.913513852781010200e+02
3.909598033944474338e+01 2.825533567082129025e+02
3.653031314404416463e+01 2.739234541503241189e+02
3.412739589224701575e+01 2.654576579103562040e+02
3.187737838410344082e+01 2.571523595354702820e+02
2.977096780845910828e+01 2.490043514731987386e+02
2.779938776713263238e+01 2.410112132360306134e+02
2.595435340504861799e+01 2.331712796395632097e+02
2.422806158444797475e+01 2.254831081403894473e+02
2.261316570074303556e+01 2.179454330743807020e+02
2.110275082450644391e+01 2.105571491118692506e+02
1.969031006076227541e+01 2.033172950604798928e+02
1.836972207584357619e+01 1.962250380170395090e+02
1.713522992040111959e+01 1.892798739711420808e+02
1.598142120446986070e+01 1.824822258108355015e+02
1.490320814803341065e+01 1.758326584591409016e+02
1.389580913590699396e+01 1.693316275221504270e+02
1.295473142252838628e+01 1.629794757072168352e+02
1.207575472885566370e+01 1.567764296500257899e+02
1.125491569163486005e+01 1.507225971582574573e+02
1.048849304845283292e+01 1.448179983546174867e+02
9.772992328806715534e+00 1.390631643296715083e+02
9.105133234227817951e+00 1.334589581484189864e+02
8.481838595104575163e+00 1.280059443169640758e+02
7.900222469024211769e+00 1.227043782173713566e+02
7.357578838620137063e+00 1.175542196444120862e+02
6.851370933515770645e+00 1.125551466283513520e+02
6.379221145087692335e+00 1.077065695261177609e+02
5.938901323664778076e+00 1.030077843430277795e+02
5.528323482516630527e+00 9.845824944736179418e+01
5.145531896558106943e+00 9.405718085265391437e+01
4.788695197873670040e+00 8.980347874854311385e+01
4.456098798704990038e+00 8.569575112148633877e+01
4.146137750953040602e+00 8.173233699818348441e+01
3.857310018922194939e+00 7.791132922068904065e+01
