2.508643501971385194e+04 2.487983866916206534e+04
2.538388734052603104e+04 2.516908613834774587e+04
2.567206637405395668e+04 2.544886959883954478e+04
2.595015748857522703e+04 2.571838349639650187e+04
2.621733745419695333e+04 2.597681495230233122e+04
2.647276838071360180e+04 2.622333772122237860e+04
2.671556802592697932e+04 2.645708289065755889e+04
2.694484261320681981e+04 2.667717143598591429e+04
2.715969957413346856e+04 2.688272691767399010e+04
2.735922303855985592e+04 2.707285199356875091e+04
2.754247868144759559e+04 2.724663326674647760e+04
2.770854409964083970e+04 2.740317072813350751e+04
2.785650206016928132e+04 2.754157139375229235e+04
2.798541628237065379e+04 2.766092613969637387e+04
2.809436842166325005e+04 2.776034548427066693e+04
2.818247022963309064e+04 2.783897145611684027e+04
2.824884612655012461e+04 2.789596139706555550e+04
2.829264449500901901e+04 2.793049885192390138e+04
2.831306195039825980e+04 2.794181665855365281e+04
2.830934858119660203e+04 2.792920261389133157e+04
2.828081184003788803e+04 2.789200419592445905e+04
2.822682550552237808e+04 2.782963593906804454e+04
2.814683931555914751e+04 2.774158867104393357e+04
2.804041647385884789e+04 2.762746785009403538e+04
2.790722514173746094e+04 2.748698425309751110e+04
2.774702161139967939e+04 2.731993608398649667e+04
2.755970550501440084e+04 2.712626413617336948e+04
2.734537915126044027e+04 2.690611105490487171e+04
2.710425141383161463e+04 2.665972418506879694e+04
2.683664793133031344e+04 2.638746538234801847e+04
2.654318480451690994e+04 2.608998408560196549e+04
2.622466010458627352e+04 2.576810840778295460e+04
2.588195029176159369e+04 2.542274136015198019e+04
2.551619753080060400e+04 2.505504695100405297e+04
2.512892883898299624e+04 2.466656814591545117e+04
2.472173026799912986e+04 2.425890228156187004e+04
2.429626498179942064e+04 2.383371910983480848e+04
2.385459986090098755e+04 2.339308620211017842e+04
2.339892556713354497e+04 2.293918951242679395e+04
2.293138353211999129e+04 2.247416096935764654e+04
2.245453308025988008e+04 2.200054182483529075e+04
2.197148273435873853e+04 2.152141242142620467e+04
2.148519999281001583e+04 2.103970780557458420e+04
2.099838534807719407e+04 2.055809600280412269e+04
2.051320297654033129e+04 2.007872207313609761e+04
2.003154252361060935e+04 1.960345854193096238e+04
1.955518063629540848e+04 1.913406148362692329e+04
1.908694367880671052e+04 1.867331800820304488e+04
1.863073979244003567e+04 1.822507794877322885e+04
1.819016801549346201e+04 1.779288290910824799e+04
1.776806613750508768e+04 1.737952751304129924e+04
1.736534669642995141e+04 1.698592941944330596e+04
1.698239471533069809e+04 1.661249048896547538e+04
1.661941588711467921e+04 1.625943670890863359e+04
1.627530221804394023e+04 1.592571630562840073e+04
1.594825600722164563e+04 1.560960613264850144e+04
1.563651578833789426e+04 1.530941709747115419e+04
1.533755635446961969e+04 1.502271539121130263e+04
1.504848262327475095e+04 1.474670362951792595e+04
1.476644461617345041e+04 1.447862168881951220e+04
1.448801580140793885e+04 1.421513468773436216e+04
1.420975601550125248e+04 1.395288142692193287e+04
1.392785919691010895e+04 1.368811827248755981e+04
1.363790092540575642e+04 1.341646252918764912e+04
1.333563521429949651e+04 1.313367605336974157e+04
1.301655846021184516e+04 1.283521967112306083e+04
1.267662210013292861e+04 1.251696310699385867e+04
1.231308642547761156e+04 1.217603769090163951e+04
1.192436892118600736e+04 1.181068961265085818e+04
1.151151014424852474e+04 1.142177370121135573e+04
1.107750430273123857e+04 1.101209494155209359e+04
1.062769902089282186e+04 1.058684154830117404e+04
1.016881553066051856e+04 1.015261102000957908e+04
9.708705045791530210e+03 9.717173832812281034e+03
9.255311839026775488e+03 9.288434893429262956e+03
8.816561932381076986e+03 8.874314535454983343e+03
8.399888923084372436e+03 8.482261720706521373e+03
8.012274981437284623e+03 8.119297493727316578e+03
7.659235020426094707e+03 7.791011746421258977e+03
7.344871674980123316e+03 7.501594209374773527e+03
7.070181535627599260e+03 7.252174652115772915e+03
6.833027686203550729e+03 7.040745851937827865e+03
6.627258421183408245e+03 6.861268239408781483e+03
6.444095885559301678e+03 6.704984018677252607e+03
6.272513876474872632e+03 6.560738681226504013e+03
6.101363869175524087e+03 6.417070034678801676e+03
5.920265033789110021e+03 6.263097935017209238e+03
5.721232151284699285e+03 6.090242637487315733e+03
5.499703814675121066e+03 5.893376362860764857e+03
5.255517479475782238e+03 5.671965694021400850e+03
4.993334811316752166e+03 5.430638992280367347e+03
4.721454409559501983e+03 5.177969666349245017e+03
4.450528022238933772e+03 4.925117412378332119e+03
4.192200876021222030e+03 4.684339687105049961e+03
3.957654786802550916e+03 4.467397622163466622e+03
3.755004587985195030e+03 4.282836544806870734e+03
3.586420698563035785e+03 4.133022117991887171e+03
3.447081562982902597e+03 4.013037628119569035e+03
3.327119579624297330e+03 3.912644403665676691e+03
3.215052364956121437e+03 3.819771800249884564e+03
3.099886344670081598e+03 3.722665453938185237e+03
2.972446604589207254e+03 3.611333738671780338e+03
2.828531544547335670e+03 3.481073615929614334e+03
2.671898396535255870e+03 3.335852747387695672e+03
2.512424293014930754e+03 3.186352071182099280e+03
2.360965559264707281e+03 3.044307789894589860e+03
2.226043913084856740e+03 2.918865368559512262e+03
2.112020275580032376e+03 2.814659815436383724e+03
2.016995325066361374e+03 2.729658259555632412e+03
1.933502673595059832e+03 2.655915753432931524e+03
1.852037753873856445e+03 2.583280338538675551e+03
1.765014534550273311e+03 2.503612412135195882e+03
1.670258441793041811e+03 2.414615157089278000e+03
1.572301982000335556e+03 2.321248591113964267e+03
1.478423913532512870e+03 2.231372509738194822e+03
1.394349717060561943e+03 2.151068034255485145e+03
1.322085334631550495e+03 2.082388933113688381e+03
1.258405061820906894e+03 2.021883078885818804e+03
1.197351599630845158e+03 1.963296591710316534e+03
1.134733462739145125e+03 1.902298731337344861e+03
1.070184713566598020e+03 1.838613611853987777e+03
1.007086012037352589e+03 1.775837894965612122e+03
9.493049714607600436e+02 1.717957381571957512e+03
8.977732546368473550e+02 1.665865364201319153e+03
8.505316583711162366e+02 1.617536747156536649e+03
8.046488183311784042e+02 1.570049478186055467e+03
7.588757884324716088e+02 1.522232906662672576e+03
7.144532826231047693e+02 1.475372740748595106e+03
6.731793683769045629e+02 1.431222958793648786e+03
6.353678509913845573e+02 1.390049282976735867e+03
5.998338860269669794e+02 1.350712615692770896e+03
5.654427477223791811e+02 1.312178867073346055e+03
5.322628892058041856e+02 1.274548060872060432e+03
5.010803922008013274e+02 1.238537374005312813e+03
4.720604675763325417e+02 1.204274754805772545e+03
4.446660808925791457e+02 1.171283721361117841e+03
4.184697476076784142e+02 1.139210650082130542e+03
3.936090863762016170e+02 1.108178228185661737e+03
3.702831001066489307e+02 1.078339898421026419e+03
3.483298311695796201e+02 1.049555959917463042e+03
3.275133833641007755e+02 1.021641488721337055e+03
3.078190516298225816e+02 9.945829330358945981e+02
2.892903818035567269e+02 9.684024045816589705e+02
2.718271198144930736e+02 9.430190151707287214e+02
2.553353548042392447e+02 9.183604181105679345e+02
2.397887372936058625e+02 8.944007473734145606e+02
2.251403199061923317e+02 8.710993430510895905e+02
2.113413150609636943e+02 8.484150803249305000e+02
1.983453934727304784e+02 8.263097112938908140e+02
1.861085716376277048e+02 8.047476973710806760e+02
1.745891038237845692e+02 7.836960554004617734e+02
1.637474057198254798e+02 7.631241519946509015e+02
1.535462335598033121e+02 7.430028812127948186e+02
1.439503950070478879e+02 7.233048908268015111e+02
1.349264284249621255e+02 7.040050072599312898e+02
1.264425295299808454e+02 6.850801353834655174e+02
1.184684839634768423e+02 6.665091562407131960e+02
1.109756014883049602e+02 6.482728316307607201e+02
1.039366514045024985e+02 6.303537180362856134e+02
9.732576303062660372e+01 6.127363637960125970e+02
9.111835004830618345e+01 5.954074011140022549e+02
8.529112242618151640e+01 5.783549747851142229e+02
7.982203306138924859e+01 5.615686187070139113e+02
7.469021895672719324e+01 5.450391891098170163e+02
6.987594463464448324e+01 5.287587997078397848e+02
6.536054774341067741e+01 5.127207583669567157e+02
6.112638596785300393e+01 4.969200269013940670e+02
5.715678389622991062e+01 4.813551709019947680e+02
5.343598875922543101e+01 4.660261776238997982e+02
4.994912564411576739e+01 4.509335003268966489e+02
4.668215309745193764e+01 4.360780163485629259e+02
4.362182063894273654e+01 4.214609856300804722e+02
4.075562812947102032e+01 4.070840093196156886e+02
3.807178659912545982e+01 3.929491419248919897e+02
3.555917576804601765e+01 3.790614120487143737e+02
3.320731118187809017e+01 3.654279756652795186e+02
3.100631604949977671e+01 3.520555070696619282e+02
2.894688877841138464e+01 3.389501073773498092e+02
2.702027187469614233e+01 3.261173032296520660e+02
2.521822234691956410e+01 3.135620471510346761e+02
2.353298354990691621e+01 3.012887231691072998e+02
2.195725731213249787e+01 2.893021102359669499e+02
2.048417746321845456e+01 2.776084482860349567e+02
1.910728839636525933e+01 2.662132167983292561e+02
1.782052239140266892e+01 2.551208249688029639e+02
1.661817769280687429e+01 2.443346586447065079e+02
1.549489772332085025e+01 2.338571288623707289e+02
1.444565138193253162e+01 2.236897216204088465e+02
1.346571414561062952e+01 2.138331380524404040e+02
1.255064915237874423e+01 2.042878478824326862e+02
1.169629178189187968e+01 1.950536758152023538e+02
1.089873451888494493e+01 1.861295671249980046e+02
1.015431187176173822e+01 1.775136519008684388e+02
9.459586113856722989e+00 1.692033095888902494e+02
8.811333809600236933e+00 1.611952323524137967e+02
8.206533065234612678e+00 1.534854875843534785e+02
7.642350935610280338e+00 1.460695952817062278e+02
7.116132194683271628e+00 1.389425845986147294e+02
6.625389389463357759e+00 1.320990277260835910e+02
6.167792723866157623e+00 1.255330932151775301e+02
