2.402192964376556120e+04 2.377703706104957382e+04
2.435927097269023216e+04 2.410436890684829268e+04
2.469087248614951386e+04 2.442572091931139585e+04
2.501604460095148170e+04 2.474041087821710971e+04
2.533405612611287142e+04 2.504772013561688436e+04
2.564414507185025286e+04 2.534690314629675777e+04
2.594553662281507786e+04 2.563720310413407424e+04
2.623742975753107385e+04 2.591783930532765226e+04
2.651898244587646695e+04 2.618799321018371484e+04
2.678934107289711392e+04 2.644683655824455491e+04
2.704764263327241497e+04 2.669353374709653508e+04
2.729298827076043017e+04 2.692721802212902912e+04
2.752446325097887529e+04 2.714700990698867099e+04
2.774115528546949281e+04 2.735203411160885662e+04
2.794213810450796518e+04 2.754140491883475988e+04
2.812646386379417527e+04 2.771421959857585171e+04
2.829319575168621668e+04 2.786958820370250032e+04
2.844141058673361113e+04 2.800663638551280746e+04
2.857018199859653396e+04 2.812449141099154804e+04
2.867860222471531233e+04 2.822230138520378387e+04
2.876579625053526615e+04 2.829924791270248534e+04
2.883092160902324395e+04 2.835454780668449894e+04
2.887317293689704093e+04 2.838745769354795993e+04
2.889179406634229963e+04 2.839728318232729362e+04
2.888609153395538669e+04 2.838339241537481939e+04
2.885546305344020948e+04 2.834524599268129896e+04
2.879938012286563026e+04 2.828237715511915667e+04
2.871738888198374843e+04 2.819439152723658844e+04
2.860917911586429545e+04 2.808103639213073984e+04
2.847457960509583427e+04 2.794219534108365769e+04
2.831350224446074935e+04 2.777783112565284318e+04
2.812600028281072809e+04 2.758804323247968205e+04
2.791238328713217925e+04 2.737318200365639495e+04
2.767307191700882322e+04 2.713370328774391237e+04
2.740858434531437524e+04 2.687015453432687718e+04
2.711976571885432713e+04 2.658340319747150716e+04
2.680769131843357900e+04 2.627453982967853517e+04
2.647348816021825041e+04 2.594470009411518186e+04
2.611848738890882669e+04 2.559521777514429050e+04
2.574440479439952105e+04 2.522780602181034556e+04
2.535300078493940964e+04 2.484421620414560311e+04
2.494608352173465028e+04 2.444624210231744655e+04
2.452597501686697069e+04 2.403619342615507412e+04
2.409519588904739430e+04 2.361657673658008207e+04
2.365616449382022620e+04 2.318979119190229540e+04
2.321125029164317311e+04 2.275819387039827416e+04
2.276280499080184745e+04 2.232413841077319375e+04
2.231305140474610016e+04 2.188984638375030408e+04
2.186418400701240171e+04 2.145751269015302023e+04
2.141894398489880768e+04 2.102991123456048081e+04
2.098012784992271918e+04 2.060988125513658451e+04
2.055030510721094470e+04 2.020003372091876372e+04
2.013172962130392625e+04 1.980270022571903974e+04
1.972633432464463476e+04 1.941993616490436034e+04
1.933587343224213691e+04 1.905361873277394625e+04
1.896135032615383534e+04 1.870488107864397534e+04
1.860196603007628073e+04 1.837307058590453380e+04
1.825666103376910905e+04 1.805726942118682928e+04
1.792409317779153935e+04 1.775626314366385850e+04
1.760197712707575556e+04 1.746786535878396171e+04
1.728798100558806618e+04 1.718982271015884180e+04
1.697949043407558565e+04 1.691954706925470236e+04
1.667338751863774814e+04 1.665387009360472803e+04
1.636662859372311323e+04 1.638965103900646864e+04
1.605567881234709239e+04 1.612311922374170535e+04
1.573692852694555950e+04 1.585033569025733232e+04
1.540662402566182027e+04 1.556707545595791817e+04
1.506075880436613988e+04 1.526867962904584965e+04
1.469580966297158739e+04 1.495088307902371162e+04
1.430889460176351713e+04 1.460992816944613151e+04
1.389817822939177677e+04 1.424310991772898888e+04
1.346395440073755344e+04 1.384997066059707322e+04
1.300800681630307190e+04 1.343170907746044577e+04
1.253480535384063296e+04 1.299259170282450214e+04
1.205009137572899272e+04 1.253844498589380783e+04
1.156127266444857378e+04 1.207717507952171945e+04
1.107609122659620698e+04 1.161727335600219521e+04
1.060239636242662527e+04 1.116757337729643950e+04
1.014770938056397608e+04 1.073675466755773778e+04
9.718719687087339480e+03 1.033273039973126470e+04
9.321099034995289912e+03 9.962444252900131687e+03
8.959274889447349778e+03 9.631583506957889767e+03
8.634966574634152494e+03 9.342849287334480323e+03
8.347599500177013397e+03 9.096353473513336212e+03
8.092379381229247883e+03 8.887205718161820187e+03
7.861886868265388330e+03 8.707179873331620911e+03
7.645894539994623301e+03 8.544267272441918976e+03
7.433419156828113046e+03 8.384935264498157267e+03
7.213998653084905527e+03 8.215661761902252692e+03
6.979129602973789588e+03 8.024772026893834663e+03
6.723594518480803345e+03 7.804409498578675084e+03
6.446175067724147993e+03 7.551785421725347078e+03
6.150269864571288963e+03 7.270352095667246431e+03
5.843496037791105664e+03 6.969544080091731303e+03
5.536130279864687509e+03 6.662777334054172570e+03
5.239536211208705936e+03 6.365305930144475496e+03
4.964595298561282107e+03 6.092023870260520198e+03
4.719996813163939805e+03 5.855104689243869871e+03
4.509810411329633098e+03 5.660713144081079918e+03
4.331461534781664341e+03 5.506153903592271490e+03
4.176089838219323610e+03 5.380028269746026126e+03
4.031639368885159911e+03 5.266053723174488368e+03
3.886451738965037293e+03 5.147814177922405179e+03
3.731293344593168058e+03 5.011707158982738292e+03
3.561007317381927805e+03 4.849677002165191880e+03
3.377079146327103444e+03 4.663403760839209099e+03
3.188197960531179433e+03 4.465420513936553107e+03
3.006175138682084253e+03 4.273088962027629350e+03
2.840703977892253079e+03 4.100742173450119481e+03
2.696929476233612604e+03 3.956090080030002355e+03
2.574299892756350346e+03 3.838602733956859538e+03
2.466127293841365827e+03 3.738794314049361219e+03
2.362452280631402573e+03 3.642190965870634955e+03
2.254793242824421668e+03 3.536248663734281308e+03
2.139552662423023321e+03 3.415615511571993011e+03
2.019858664660563363e+03 3.285093983900327203e+03
1.903658495984236424e+03 3.156701509507153787e+03
1.797676060593863895e+03 3.040490383702022427e+03
1.704732207393589078e+03 2.940604196353625412e+03
1.622536246549974294e+03 2.853687744116873546e+03
1.544872907344743908e+03 2.770737442098065458e+03
1.466328151299422871e+03 2.684026778837780057e+03
1.385803308300835624e+03 2.592211187244244229e+03
1.306327880281363377e+03 2.499913381512104934e+03
1.232430214569180180e+03 2.413700545268410679e+03
1.166022560903080830e+03 2.336215636412682670e+03
1.105239056997352691e+03 2.264804802175772693e+03
1.046765474140482411e+03 2.194969399082114705e+03
9.886684828515591335e+02 2.124271855260609300e+03
9.319126926374519826e+02 2.054211547147035162e+03
8.787083769834218856e+02 1.987781454274708949e+03
8.298202873148183016e+02 1.925931918540177548e+03
7.840560045254684383e+02 1.867130255243711417e+03
7.398855532666129875e+02 1.809556694003050552e+03
6.971614638709497740e+02 1.753154061789552316e+03
6.567551346504109233e+02 1.699011791658476113e+03
6.191169855057078166e+02 1.647629890281707048e+03
5.836462547493782722e+02 1.598328476857261194e+03
5.497289484221586235e+02 1.550483510216577315e+03
5.174316170498867677e+02 1.504205361509118347e+03
4.870635631826832537e+02 1.459802865715387497e+03
4.584956118660808784e+02 1.417131783445325482e+03
4.313964903093248608e+02 1.375883614414422027e+03
4.057087921929634717e+02 1.336008735897347378e+03
3.815083637857105714e+02 1.297553312562945393e+03
3.586986356217099114e+02 1.260414650965979945e+03
3.371306001998819966e+02 1.224459416330885688e+03
3.167660377013157813e+02 1.189636823797386569e+03
2.975682141171722037e+02 1.155893701869334564e+03
2.794738482351300490e+02 1.123155055991186600e+03
2.624217333793701528e+02 1.091350284826507277e+03
2.463540413259626973e+02 1.060414253076197610e+03
2.312161294938766503e+02 1.030286946899532268e+03
2.169567093524688914e+02 1.000911952034283217e+03
2.035287431808803262e+02 9.722321341014422842e+02
1.908878239283547202e+02 9.441938753946502629e+02
1.789915866057888820e+02 9.167484662263502742e+02
1.677996404509731860e+02 8.898518418865011199e+02
1.572735012516229176e+02 8.634643420404416929e+02
1.473765240031964368e+02 8.375504894345415323e+02
1.380738352839014738e+02 8.120788024611324545e+02
1.293321644512159878e+02 7.870238974894257353e+02
1.211197137119565497e+02 7.623681976225591370e+02
1.134063124184268787e+02 7.380972265843272453e+02
1.061633701487335770e+02 7.141988889248655141e+02
9.936380413742379858e+01 6.906633419318928873e+02
9.298196930524838422e+01 6.674828692233460288e+02
8.699359084881173487e+01 6.446517552707036884e+02
8.137569994444504573e+01 6.221665863689315756e+02
7.610658217133941150e+01 6.000341690503552172e+02
7.116571315335001202e+01 5.782693927027884229e+02
6.653368889324212887e+01 5.568865436261511377e+02
6.219217083070349616e+01 5.358989472509026655e+02
5.812383354107998912e+01 5.153189514055245581e+02
5.431231453859800951e+01 4.951579129815999067e+02
5.074216613426837341e+01 4.754261880141864935e+02
4.739880719759000272e+01 4.561339348376047269e+02
4.426846741501261562e+01 4.372957917277879005e+02
4.133815703378036233e+01 4.189266888657660957e+02
3.859563310148197957e+01 4.010391518050841455e+02
3.602935998559044606e+01 3.836433951855069040e+02
3.362847169836334160e+01 3.667474334680006791e+02
3.138273599159953164e+01 3.503571958016684675e+02
2.928252015499216654e+01 3.344766440797002929e+02
2.731875755013829377e+01 3.191081574866462915e+02
2.548291519040445863e+01 3.042531118316463221e+02
2.376696704975276120e+01 2.899112269616938988e+02
2.216336647939621329e+01 2.760805372752244011e+02
2.066501943404151476e+01 2.627575300883773366e+02
1.926525905396077221e+01 2.499372814663532267e+02
1.795782154454471424e+01 2.376135887813189242e+02
1.673682325735268250e+01 2.257790957856178125e+02
1.559673737226536083e+01 2.144252663753288175e+02
1.453237329534929501e+01 2.035424855194096381e+02
1.353885971766625573e+01 1.931204017373094644e+02
1.261162619230075421e+01 1.831480450535076159e+02
1.174638551977975531e+01 1.736139219289057678e+02
1.093911709172635760e+01 1.645061046994739229e+02
1.018605114603429662e+01 1.558123154565023469e+02
9.483653825560828921e+00 1.475199836133237739e+02
