2.211309769953164141e+04 2.188860739830408784e+04
2.243842994131741216e+04 2.220458193711140120e+04
2.275939966095234922e+04 2.251595617057497657e+04
2.307538598354129135e+04 2.282211590147146853e+04
2.338575051529740449e+04 2.312243073293543421e+04
2.368981341165458434e+04 2.341623285149355434e+04
2.398686418496005354e+04 2.370282690290760365e+04
2.427617906509615568e+04 2.398150571603818753e+04
2.455700830433004012e+04 2.425153886838258768e+04
2.482856298182184764e+04 2.451216082967332841e+04
2.509004198635178182e+04 2.476259582507818050e+04
2.534063309018976361e+04 2.500205897146321513e+04
2.557948508292024053e+04 2.522973079775723818e+04
2.580572883967574307e+04 2.544477686340829678e+04
2.601849535951797225e+04 2.564636456690956038e+04
2.621689913344810338e+04 2.583364851311247185e+04
2.640003181250939815e+04 2.600576513760473608e+04
2.656699321571694600e+04 2.616186077189564094e+04
2.671689210927074237e+04 2.630109272831680937e+04
2.684882571350381113e+04 2.642261174049854162e+04
2.696190480131575532e+04 2.652558429781617815e+04
2.705526829569390611e+04 2.660920580891717327e+04
2.712807887375635255e+04 2.667269831407678794e+04
2.717952742532781485e+04 2.671531483223551913e+04
2.720884889916664179e+04 2.673635221616895069e+04
2.721533334369618024e+04 2.673516235137287367e+04
2.719834468510307852e+04 2.671117245564668701e+04
2.715731223908749234e+04 2.666387396826376425e+04
2.709173510700580300e+04 2.659282584660159046e+04
2.700123855221318809e+04 2.649771129588544136e+04
2.688556717852240763e+04 2.637833015840005100e+04
2.674454509584400512e+04 2.623455776981534655e+04
2.657813267718544739e+04 2.606640096779801388e+04
2.638651872654621548e+04 2.587408935742941321e+04
2.616999553926223598e+04 2.565795034893510456e+04
2.592895563404929999e+04 2.541840549021289553e+04
2.566409502438026902e+04 2.515617228117347986e+04
2.537631045671945685e+04 2.487216161514095438e+04
2.506655747707987757e+04 2.456733644916622507e+04
2.473601647386279365e+04 2.424287810269775582e+04
2.438623962910122282e+04 2.390033348851855771e+04
2.401882576044485177e+04 2.354128959580569426e+04
2.363543614532072024e+04 2.316739050846081591e+04
2.323818791497777784e+04 2.278073717476774254e+04
2.282934667140347665e+04 2.238357632594049210e+04
2.241110126967896940e+04 2.197807296210536879e+04
2.198578465057819994e+04 2.156654385231677225e+04
2.155594756791121836e+04 2.115153662382309994e+04
2.112401632831582538e+04 2.073547134986445599e+04
2.069231084868083053e+04 2.032066488067415776e+04
2.026324221713309089e+04 1.990955626680736168e+04
1.983911937240322004e+04 1.950448942645087300e+04
1.942208106439502080e+04 1.910763690541233154e+04
1.901447450095569002e+04 1.872142250234079620e+04
1.861885488068042105e+04 1.834852355191045353e+04
1.823757079329316912e+04 1.799141214785948614e+04
1.787208676721026859e+04 1.765168877210282153e+04
1.752212720483590965e+04 1.732923747484948399e+04
1.718718644675150790e+04 1.702370975067990366e+04
1.686638183497033606e+04 1.673437054798452300e+04
1.655789869808887670e+04 1.645953374778734360e+04
1.625987877279189888e+04 1.619745416679727168e+04
1.597002541473556630e+04 1.594589802919058093e+04
1.568545976903142764e+04 1.570198129159287782e+04
1.540333669781435310e+04 1.546280798753216004e+04
1.512026484750802592e+04 1.522479720134704621e+04
1.483278277397665261e+04 1.498421129694965748e+04
1.453714188279579139e+04 1.473686409515220475e+04
1.422927967940069175e+04 1.447806962196165659e+04
1.390541145092061379e+04 1.420329529577577159e+04
1.356198745105901617e+04 1.390805179066351593e+04
1.319632544307920762e+04 1.358868179246451291e+04
1.280729052002254502e+04 1.324309419592820268e+04
1.239518710971703877e+04 1.287077497954267710e+04
1.196275554121963614e+04 1.247397263620381818e+04
1.151428361662441421e+04 1.205680445073189549e+04
1.105599243967237271e+04 1.162577721208677940e+04
1.059496320664939958e+04 1.118860513781748159e+04
1.013880472704536442e+04 1.075384716032699180e+04
9.695290275006989759e+03 1.033050782432874803e+04
9.271556716427185165e+03 9.927054787557503005e+03
8.874228479777746543e+03 9.551587683535921315e+03
8.508846685891465313e+03 9.211133017631709663e+03
8.179083231816513944e+03 8.910711776339454445e+03
7.886469260545100042e+03 8.652952668980778981e+03
7.629048173796828451e+03 8.436391676318238751e+03
7.401754095729957044e+03 8.255722963513917421e+03
7.196476417664585824e+03 8.101666211026819838e+03
7.002999860529101170e+03 7.961814538016305960e+03
6.810641266576090857e+03 7.822527870161557985e+03
6.609330304956372856e+03 7.670211831284122127e+03
6.391190161293320671e+03 7.493495428978420023e+03
6.151597203151578469e+03 7.284935731568579286e+03
5.890083524355499321e+03 7.042607859746170107e+03
5.610874675865560675e+03 6.771247633814332403e+03
5.322074416861250029e+03 6.481371972465842191e+03
5.034282466025302710e+03 6.187418866987275578e+03
4.759038649211506709e+03 5.905510932838297776e+03
4.507166346649929437e+03 5.651046127008704389e+03
4.286645094226733818e+03 5.435691492284129708e+03
4.100037070615044286e+03 5.263782835119308402e+03
3.943139197380776750e+03 5.130283783869589570e+03
3.806284661706730731e+03 5.022230025385269983e+03
3.677544762568530587e+03 4.922842496958726770e+03
3.545526292839656890e+03 4.815344133108108508e+03
3.401202849661612618e+03 4.685788294723939543e+03
3.240475642308304487e+03 4.527340474204787824e+03
3.066789108601967655e+03 4.344771120383476955e+03
2.890135473110081421e+03 4.153181380006312793e+03
2.722198460381200221e+03 3.970445683259445104e+03
2.572097497912786821e+03 3.810544543653194978e+03
2.444245227220031666e+03 3.680343519372498122e+03
2.336657822337208927e+03 3.577133226881807786e+03
2.241253372409009899e+03 3.488966181429852440e+03
2.147718208205947576e+03 3.400255828550656133e+03
2.047989584614668047e+03 3.298600605583790184e+03
1.939807442084525064e+03 3.180549454670498108e+03
1.828021737272632208e+03 3.053798460280113886e+03
1.721097149677113293e+03 2.931577292791085256e+03
1.625430555189128427e+03 2.823708061666007779e+03
1.543071902091321817e+03 2.733233283756846049e+03
1.470304501341992818e+03 2.654525110730065535e+03
1.400188561603356675e+03 2.577232860908662587e+03
1.327799862357291204e+03 2.494174586333003845e+03
1.252986845998147146e+03 2.405435154807084473e+03
1.179859795190370050e+03 2.317364620289799859e+03
1.113099961057768496e+03 2.236850969279989386e+03
1.053831939635069375e+03 2.165395475864861965e+03
9.994400415577709964e+02 2.099208949548257806e+03
9.462584531409335113e+02 2.033249150359922396e+03
8.928316906559712152e+02 1.965747278652815567e+03
8.408847540820356699e+02 1.899267698364698163e+03
7.928170854704252406e+02 1.837045471616070472e+03
7.489761900509631687e+02 1.779449598673942546e+03
7.077019818185535769e+02 1.724340852291367810e+03
6.674650165095389411e+02 1.669924047879248974e+03
6.285054322477391224e+02 1.616627290445545214e+03
5.919655533932486833e+02 1.565831378916217545e+03
5.580839588114765775e+02 1.517763165246406970e+03
5.260352965829463301e+02 1.471500470621626846e+03
4.952371462291150692e+02 1.426474998513861692e+03
4.659729746961813248e+02 1.383013902349310001e+03
4.385779309807001596e+02 1.341426292117587082e+03
4.127943945987422012e+02 1.301442391639298648e+03
3.882696523530581771e+02 1.262746238255903563e+03
3.650395824747484994e+02 1.225365610912800321e+03
3.432067443564432665e+02 1.189355308793808717e+03
3.226145227487036209e+02 1.154566088738952431e+03
3.031385095750998744e+02 1.120884425349919866e+03
2.847689272568266574e+02 1.088277240739948184e+03
2.674524101401847247e+02 1.056674457160293059e+03
2.511316596116949995e+02 1.026005272093805843e+03
2.357523646218487272e+02 9.962044231332564550e+02
2.212630496098009871e+02 9.672118286327806800e+02
2.076150449083892511e+02 9.389715984026921660e+02
1.947631037617763639e+02 9.114271130249957196e+02
1.826645744553035513e+02 8.845241593566994425e+02
1.712787940169790488e+02 8.582135187048481839e+02
1.605670153893172483e+02 8.324507089342210975e+02
1.504923388319357400e+02 8.071957305408963066e+02
1.410196440612265008e+02 7.824128336215463833e+02
1.321155232652063773e+02 7.580703030367478732e+02
1.237481674714271804e+02 7.341420579742906511e+02
1.158872168027695295e+02 7.106110800956998901e+02
1.085038493442939540e+02 6.874639635368079098e+02
1.015707460903482939e+02 6.646895288121962722e+02
9.506202266466895878e+01 6.422786967533784264e+02
8.895316341146138939e+01 6.202243641501129332e+02
8.322095782950621867e+01 5.985212804233080988e+02
7.784343944699040208e+01 5.771660866745892235e+02
7.279983208133762673e+01 5.561639389887292282e+02
6.807049324449288008e+01 5.355296114282244844e+02
6.363685151808230955e+01 5.152774839502500299e+02
5.948135402933545635e+01 4.954207871918859496e+02
5.558741658371545213e+01 4.759715986641734844e+02
5.193937579136777316e+01 4.569408428503600135e+02
4.852244314143479187e+01 4.383382951209572411e+02
4.532265979077930496e+01 4.201730316302342771e+02
4.232684386160822498e+01 4.024575245524135880e+02
3.952255834509085730e+01 3.852049718417151780e+02
3.689808054556105787e+01 3.684262392228866929e+02
3.444236449128433719e+01 3.521299300642476737e+02
3.214500496658585860e+01 3.363225042859834844e+02
2.999620322528716798e+01 3.210084006060977231e+02
2.798673432383700899e+01 3.061901609934954536e+02
2.610791532103093004e+01 2.918686869744639694e+02
2.435157391121099124e+01 2.780437183530305560e+02
2.271002294731220417e+01 2.647134781609481138e+02
2.117603431164213745e+01 2.518746599312842704e+02
1.974281330769608900e+01 2.395225622836857724e+02
1.840397434516939157e+01 2.276512202865139045e+02
1.715351786288994518e+01 2.162535329474629009e+02
1.598580841911901373e+01 2.053213842024813403e+02
1.489555274194837864e+01 1.948456118844628691e+02
1.387777968289678121e+01 1.848160600654065604e+02
1.292782377428732055e+01 1.752219547189815501e+02
1.204130765251737323e+01 1.660520234380992690e+02
1.121412521265926010e+01 1.572945822228316217e+02
1.044242567635033048e+01 1.489376168122925321e+02
9.722598528786164707e+00 1.409688585498479085e+02
