2.672837535834161827e+04 2.661603512694203528e+04
2.691573007844563836e+04 2.679913650702545419e+04
2.708714747468359201e+04 2.696620914936593545e+04
2.724170317760765101e+04 2.711633154193976588e+04
2.737848844056293092e+04 2.724859856709477026e+04
2.749657609472505646e+04 2.736208851403093649e+04
2.759501890961334357e+04 2.745586168191414981e+04
2.767289823227005400e+04 2.752900794564041280e+04
2.772931120261762408e+04 2.758063407142457436e+04
2.776331356880053863e+04 2.760980700973245985e+04
2.777398921096113918e+04 2.761562303648337911e+04
2.776047494878549332e+04 2.759723249185340319e+04
2.772191428810228899e+04 2.755379475278235259e+04
2.765747319722794055e+04 2.748449383736223535e+04
2.756639550726941525e+04 2.738859268316044836e+04
2.744798815436597579e+04 2.726541921477085634e+04
2.730158434963161562e+04 2.711433116832810265e+04
2.712661043297488141e+04 2.693478062871953807e+04
2.692260381194482761e+04 2.672633164273469083e+04
2.668919067168649417e+04 2.648864094492186268e+04
2.642610650259516115e+04 2.622147691819516695e+04
2.613322474074373531e+04 2.592474572187921876e+04
2.581057204656426984e+04 2.559850867413663946e+04
2.545834246220977366e+04 2.524299857199727194e+04
2.507688495426594818e+04 2.485860215192601390e+04
2.466671839804029878e+04 2.444587477566530652e+04
2.422863065614347215e+04 2.400564421771200068e+04
2.376360999158271079e+04 2.353893794364696078e+04
2.327278821503778818e+04 2.304692285614369757e+04
2.275758691392252513e+04 2.253105437109476770e+04
2.221977690103658097e+04 2.199313670452343285e+04
2.166123249915560154e+04 2.143507151022805920e+04
2.108398445625950262e+04 2.085891061482739315e+04
2.049058289784792214e+04 2.026722101683550500e+04
1.988371717535211428e+04 1.966270199503557888e+04
1.926603686382999513e+04 1.904800496842373468e+04
1.864060174402576013e+04 1.842618096922439145e+04
1.801086237133486429e+04 1.780066123779841655e+04
1.738005603824468199e+04 1.717465714766826568e+04
1.675139057069593400e+04 1.655134100846825095e+04
1.612866153994510933e+04 1.593445287926410856e+04
1.551544773579549292e+04 1.532751125766927180e+04
1.491491608050335708e+04 1.473362201956977151e+04
1.433054048286260695e+04 1.415617275926950060e+04
1.376588634795209873e+04 1.359862700940149443e+04
1.322394127521674636e+04 1.306388144864533569e+04
1.270726865799006191e+04 1.255440636400539370e+04
1.221826906381363915e+04 1.207248366899496068e+04
1.175891192262325058e+04 1.161997643792707822e+04
1.133076091621481464e+04 1.119835577019262200e+04
1.093523889002126452e+04 1.080891743995573597e+04
1.057360093115022391e+04 1.045277796767204745e+04
1.024683767666819767e+04 1.013081000092440627e+04
9.954210976371294237e+03 9.842204430506662902e+03
9.692875779418633101e+03 9.584095782585683992e+03
9.460147331186903102e+03 9.353780711886522113e+03
9.253062325895829417e+03 9.148298964122688631e+03
9.068122059075072684e+03 8.964185457651703473e+03
8.902021256047428324e+03 8.798168454811650008e+03
8.750590935779189749e+03 8.646174852250080221e+03
8.609057737411765629e+03 8.503574634976983361e+03
8.472393017275728198e+03 8.365518428735435009e+03
8.333842796484952487e+03 8.225579189137271896e+03
8.186558027315813888e+03 8.077267908127605551e+03
8.023433408509301444e+03 7.913935883407951223e+03
7.837525698228672809e+03 7.729141639267441860e+03
7.623426990509155075e+03 7.517949033177013007e+03
7.377610257308983819e+03 7.277249812373607710e+03
7.099067431738980304e+03 7.006305070606137633e+03
6.790038842677093271e+03 6.707436665235507462e+03
6.454557016153613404e+03 6.384603484832932736e+03
6.098473203611060853e+03 6.043433494515561506e+03
5.729385221943201941e+03 5.691115630383766074e+03
5.356220447975314528e+03 5.336028723931789500e+03
4.988681161853834965e+03 4.987207433185722039e+03
4.636503805489284787e+03 4.653666725828364179e+03
4.310200272752483215e+03 4.345030822960768091e+03
4.018274282210091769e+03 4.069093562777638454e+03
3.767466553168068458e+03 3.831860608546768617e+03
3.561524581849982951e+03 3.636619225501268829e+03
3.400005988948231334e+03 3.482689439181893249e+03
3.279541546973486220e+03 3.366726624266590079e+03
3.193381565338725522e+03 3.282276955393778280e+03
3.132414080152422684e+03 3.220800702708501831e+03
3.085744464870115280e+03 3.172213125313328419e+03
3.040941700197240152e+03 3.125182642650760954e+03
2.985791438028861648e+03 3.068716633039389762e+03
2.909574539388305311e+03 2.993304889128810828e+03
2.805248886495548049e+03 2.892848851590456889e+03
2.670348241908531236e+03 2.765390336872933403e+03
2.507630811456775064e+03 2.613617563791423891e+03
2.325370725920696714e+03 2.445080541213654215e+03
2.137075285063785032e+03 2.271882494853474327e+03
1.958489719559988089e+03 2.107973734325459191e+03
1.803096203282505257e+03 1.965194775442506625e+03
1.678729728428222643e+03 1.850300009659656780e+03
1.587112069755336051e+03 1.764583179404569137e+03
1.525420126346795769e+03 1.705323474218737374e+03
1.486606771151695057e+03 1.666132120306214802e+03
1.458844160222944083e+03 1.636548930690155657e+03
1.427500929078211357e+03 1.603840475459407116e+03
1.380932121857826587e+03 1.558028290008256135e+03
1.314130064098503453e+03 1.494964637889947880e+03
1.228963596631911287e+03 1.416436106046595569e+03
1.133501186641036611e+03 1.329490795591570304e+03
1.040024389036828779e+03 1.244662184272292734e+03
9.599314353816921539e+02 1.171591986481426602e+03
8.994215058951629089e+02 1.115394986361958900e+03
8.583804469428401944e+02 1.075794360403654764e+03
8.302618328018546663e+02 1.047128730728095888e+03
8.045383452744823671e+02 1.020508775805580967e+03
7.722602823094797486e+02 9.884962276042970188e+02
7.295606712500006097e+02 9.479746114608427661e+02
6.785968814200217594e+02 9.008386734778821392e+02
6.269281762637895099e+02 8.533760014379234917e+02
5.824699615868706815e+02 8.120503154705489806e+02
5.486471095482459077e+02 7.795598377318382290e+02
5.236508595814569844e+02 7.543270483626189389e+02
5.016543424011094885e+02 7.315821871299921213e+02
4.768431858421354832e+02 7.066589890574424544e+02
4.476041862433662004e+02 6.783217006239518696e+02
4.166509584041237417e+02 6.487789660279864847e+02
3.884478054951819672e+02 6.215624424240517101e+02
3.655603346227865131e+02 5.986385780331249862e+02
3.467598490744435935e+02 5.789880063564737611e+02
3.287331076150934450e+02 5.600131379531239872e+02
3.093570235870180909e+02 5.400906901886353353e+02
2.892244175360961549e+02 5.197002911141502182e+02
2.705589001946934218e+02 5.005348906145770229e+02
2.545103865660613280e+02 4.834352640077558476e+02
2.402350716682965697e+02 4.677401603373308490e+02
2.261740632413309982e+02 4.522835407105024501e+02
2.119941406045517454e+02 4.368281245040795397e+02
1.985489604470505753e+02 4.219994368571157679e+02
1.864832184202167582e+02 4.082507487868268186e+02
1.754026792251469260e+02 3.952839778557357135e+02
1.646729215151469248e+02 3.826439608374025738e+02
1.543103858208979773e+02 3.703428519024171237e+02
1.446837452753366051e+02 3.586321344411573477e+02
1.358075781022131991e+02 3.475125456278310594e+02
1.273925970479450882e+02 3.367818984807611855e+02
1.193705792831175501e+02 3.263914054887312091e+02
1.118782248157023957e+02 3.164272448290576563e+02
1.048613652154178908e+02 3.068506606525296547e+02
9.826130725856752690e+01 2.976177519194176853e+02
9.205558758860142632e+01 2.887099936877006030e+02
8.622301851498151848e+01 2.801102499786718454e+02
8.074332079309681376e+01 2.718024492475463489e+02
7.559710633968151683e+01 2.637715151512102807e+02
7.076585900478677615e+01 2.560033025007249989e+02
6.623191325219589487e+01 2.484845376676375110e+02
6.197826513247981950e+01 2.412026448809781414e+02
5.798836268035166341e+01 2.341455354300728970e+02
5.424651590751703623e+01 2.273018421423258815e+02
5.073792267349378449e+01 2.206609215202813630e+02
4.744862149286094422e+01 2.142128094032315175e+02
4.436544665213286009e+01 2.079481798052314332e+02
4.147598553589797632e+01 2.018583066594802062e+02
3.876854036230288614e+01 1.959350489361071652e+02
3.623212055810410703e+01 1.901711110381378376e+02
3.385638871726798982e+01 1.845599026770638034e+02
3.163159619920229204e+01 1.790952453818379695e+02
2.954855165698730346e+01 1.737713423040673320e+02
2.759859180295287828e+01 1.685827568005636294e+02
2.577355351049423859e+01 1.635243922649492561e+02
2.406574720577623339e+01 1.585914731094959507e+02
2.246792821839009591e+01 1.537795901790474318e+02
2.097326519288215962e+01 1.490848447038242170e+02
1.957532905437319215e+01 1.445036251913043657e+02
1.826807371604921570e+01 1.400325346444543584e+02
1.704581458812965167e+01 1.356683784681341365e+02
1.590320819594484725e+01 1.314081529403792388e+02
1.483523285684207949e+01 1.272490342097406000e+02
1.383717039264413806e+01 1.231883714738130067e+02
1.290458943720610918e+01 1.192237773441355557e+02
1.203332886177251559e+01 1.153531150349890311e+02
1.121948136104865945e+01 1.115743659717842036e+02
1.045937874477241358e+01 1.078856158181320524e+02
9.749578063505749626e+00 1.042850476507285720e+02
9.086848482374863423e+00 1.007709354047723167e+02
8.468158866648986205e+00 9.734163757845897180e+01
7.890665725909818740e+00 9.399561006166014465e+01
7.351700835925567112e+00 9.073148259498184132e+01
6.848762338989447862e+00 8.754797042179653488e+01
6.379505462469953869e+00 8.444382962541250492e+01
5.941733067807752455e+00 8.141785329510710767e+01
5.533386736647638138e+00 7.846886790893867669e+01
5.152538366541411285e+00 7.559572988560614704e+01
4.797382247743687600e+00 7.279732346886386551e+01
4.466227507298373034e+00 7.007263332373483422e+01
4.157491054187564927e+00 6.742077352150863589e+01
3.869691118727850654e+00 6.484085708922251001e+01
3.601441020538367788e+00 6.233198311915302980e+01
3.351443287645507141e+00 5.989323639885289907e+01
3.118484122494614041e+00 5.752368713866275129e+01
2.901428195655177511e+00 5.522239079487648894e+01
2.699213719567004510e+00 5.298840617082827009e+01
2.510847641065573566e+00 5.082092750766985745e+01
2.335401502553398068e+00 4.871918244221446770e+01
2.172007507996090769e+00 4.668234599491268000e+01
