1.908723629533119311e+04 1.895312615576199823e+04
1.931738887882755080e+04 1.917794641656880776e+04
1.954167958024525069e+04 1.939677628120256486e+04
1.975958582251805637e+04 1.960909553762128053e+04
1.997057324396149488e+04 1.981437323122955786e+04
2.017407737363930210e+04 2.001205105348415236e+04
2.036952291502332082e+04 2.020156116053350343e+04
2.055633100980483505e+04 2.038233291414142877e+04
2.073390208585739674e+04 2.055377602512671001e+04
2.090161896062760570e+04 2.071528366765907049e+04
2.105886610870980076e+04 2.086625150537332956e+04
2.120502197537268876e+04 2.100607039018342402e+04
2.133943923027922574e+04 2.113410745069080440e+04
2.146147322724664264e+04 2.124973360601543391e+04
2.157048901337577990e+04 2.135233041387750927e+04
2.166584100879953621e+04 2.144127074327585433e+04
2.174688401808528579e+04 2.151592942932156802e+04
2.181299335316965517e+04 2.157570262141600324e+04
2.186355631516283029e+04 2.161999987507427431e+04
2.189796069060517402e+04 2.164823343369179929e+04
2.191562249962512578e+04 2.165984457042097347e+04
2.191599190916432417e+04 2.165430937576532233e+04
2.189854363561173159e+04 2.163113049042294733e+04
2.186278889965562485e+04 2.158984809563151430e+04
2.180828742352395057e+04 2.153005093440929340e+04
2.173465601496393720e+04 2.145138567191574475e+04
2.164157523475908965e+04 2.135356395099561632e+04
2.152878641661561051e+04 2.123635772084632845e+04
2.139610243391163749e+04 2.109960991052256941e+04
2.124344944202348779e+04 2.094327728854753150e+04
2.107083842836703479e+04 2.076740061112568583e+04
2.087835189300888305e+04 2.057209044707087742e+04
2.066621474966008827e+04 2.035759869285838067e+04
2.043480635526949482e+04 2.012433040000679102e+04
2.018457564319174708e+04 1.987275755308158114e+04
1.991608161250023477e+04 1.960345949418519740e+04
1.963013740600954407e+04 1.931726738432020647e+04
1.932765124789086985e+04 1.901510410856315139e+04
1.900957967893287787e+04 1.869793715806968976e+04
1.867713019664486274e+04 1.836698148908713847e+04
1.833171563140307262e+04 1.802365359967328914e+04
1.797474406238868687e+04 1.766936110428560642e+04
1.760773347345004004e+04 1.730561742140450224e+04
1.723254839952721886e+04 1.693427828818198759e+04
1.685104614784600926e+04 1.655718831246244736e+04
1.646501869271809846e+04 1.617612332037112174e+04
1.607647540601281435e+04 1.579307378581488229e+04
1.568750040785358578e+04 1.541010241616741951e+04
1.530002493553941167e+04 1.502911684864861309e+04
1.491600900539130271e+04 1.465205107558918280e+04
1.453763907084631683e+04 1.428106287294179492e+04
1.416694192635133550e+04 1.391815032321814942e+04
1.380568779268987055e+04 1.356505729760735085e+04
1.345505854471587736e+04 1.322295174497832886e+04
1.311590419157048927e+04 1.289267589592962213e+04
1.278897069624607320e+04 1.257496872648874523e+04
1.247524137821464683e+04 1.227080342327919971e+04
1.217611153614421528e+04 1.198156109381771785e+04
1.189286807304183458e+04 1.170851910473611497e+04
1.162591010935261147e+04 1.145208668929644591e+04
1.137279960338761521e+04 1.120988818780694055e+04
1.113064410424948983e+04 1.097909730530134584e+04
1.089686193132640801e+04 1.075718869554295634e+04
1.066939364175068840e+04 1.054215021903607158e+04
1.044641273209691280e+04 1.033219294082380111e+04
1.022585424769553538e+04 1.012528471384166551e+04
1.000506869862947678e+04 9.918805907606623805e+03
9.781491147060043659e+03 9.710203823490412105e+03
9.552132061678457831e+03 9.496487436233228436e+03
9.313907566200918154e+03 9.274547315712661657e+03
9.064041743571156985e+03 9.041555182473655805e+03
8.800058810622685996e+03 8.794957916064064193e+03
8.520298321547013984e+03 8.532987904309762598e+03
8.224714143553390386e+03 8.255486120332137943e+03
7.914294769618670216e+03 7.963313717077422552e+03
7.592267716937558362e+03 7.659593934100807928e+03
7.262669040816372217e+03 7.348271191466986238e+03
6.930746251945801305e+03 7.034532396934054304e+03
6.601810575186853384e+03 6.723650154626700896e+03
6.281270335670909844e+03 6.421009984091228034e+03
5.974138695206292141e+03 6.131619063861292489e+03
5.685076279579298898e+03 5.860145543337627714e+03
5.418209780273398792e+03 5.610712670962264383e+03
5.176941586295613888e+03 5.386754202458760119e+03
4.962824992825901063e+03 5.189858472758993230e+03
4.775955937636169438e+03 5.020169289048333667e+03
4.613291533628811521e+03 4.874701931216518460e+03
4.470054127699238961e+03 4.748704836533897833e+03
4.339232717832128401e+03 4.635147558008041415e+03
4.213424957840264142e+03 4.526519428120818702e+03
4.085293381318759657e+03 4.415284392113289869e+03
3.948777248895754838e+03 4.295119527384661524e+03
3.799619754253645169e+03 4.161479204683440003e+03
3.636267505400844584e+03 4.012594582946198898e+03
3.460228162116546628e+03 3.849891079052055375e+03
3.275653133384053035e+03 3.677590217799097900e+03
3.088677390931056379e+03 3.502035221446196374e+03
2.906353237981695656e+03 3.330538877565364601e+03
2.735918161070039787e+03 3.170593524781796077e+03
2.583745056028751151e+03 3.028780160413654357e+03
2.453691258698377169e+03 2.909071889826138431e+03
2.345190858901589309e+03 2.810901364137005658e+03
2.253306992822557277e+03 2.729228512329558271e+03
2.170968598673660381e+03 2.656795253102064180e+03
2.091104991670555592e+03 2.586285595511786596e+03
2.007428904656225541e+03 2.511128371238484306e+03
1.915318848055278977e+03 2.426452432288670025e+03
1.814056304415808199e+03 2.331488560879251509e+03
1.707875078863248518e+03 2.230698479938515447e+03
1.603494956583912881e+03 2.131149552662566293e+03
1.506918634132819079e+03 2.039106276834422715e+03
1.422167627717770984e+03 1.958708454270774382e+03
1.350412220502181754e+03 1.891118195033378015e+03
1.288804480877529841e+03 1.833372850013226071e+03
1.232197702379970679e+03 1.780172367150056971e+03
1.175345498041885548e+03 1.726129457689091623e+03
1.114863068387573321e+03 1.667798203317658135e+03
1.051116763986608021e+03 1.605625719901252751e+03
9.877867838447351687e+02 1.543451465945111067e+03
9.287638947503290865e+02 1.485261213611651328e+03
8.764126245451082013e+02 1.433413512909424298e+03
8.306996779242681441e+02 1.387819422707972535e+03
7.888907232807524679e+02 1.345712091377019078e+03
7.478650232086986307e+02 1.303998275797974429e+03
7.061571598687397682e+02 1.261278812667029115e+03
6.644239471253299598e+02 1.218264488216218297e+03
6.248209455691361427e+02 1.177089877042298440e+03
5.888547827450801151e+02 1.139191569001830430e+03
5.562536029359638405e+02 1.104270656203039607e+03
5.256641186317818892e+02 1.071027803568590571e+03
4.957889547743303069e+02 1.038265393636990211e+03
4.665219036478658268e+02 1.005921580761426753e+03
4.387215753443691710e+02 9.748013817162888017e+02
4.130068014402174299e+02 9.454516629560165484e+02
3.891680538055429679e+02 9.176645936003175166e+02
3.665222989786215066e+02 8.908367985212054236e+02
3.447475587443483960e+02 8.647023506405945454e+02
3.240298283055182083e+02 8.394277600522208331e+02
3.046583726844019111e+02 8.152466514946919460e+02
2.865194917032013677e+02 7.920539391819098682e+02
2.693388393786084407e+02 7.696260687622541354e+02
2.530125610179754858e+02 7.478828999104462127e+02
2.376255930993759478e+02 7.268854431097395263e+02
2.231836509290230310e+02 7.066289759806063557e+02
2.095666696110046416e+02 6.870193365584351568e+02
1.966976297413180248e+02 6.679976360218090576e+02
1.845750521650511473e+02 6.495566209169855938e+02
1.731771935735215209e+02 6.316737068978369507e+02
1.624427764833767185e+02 6.143026297372543922e+02
1.523321826283098801e+02 5.974115641685732498e+02
1.428201166474232480e+02 5.809784193588320704e+02
1.338738251397218733e+02 5.649768218439411385e+02
1.254615477631752611e+02 5.493818048522838353e+02
1.175531842092756705e+02 5.341702258609374212e+02
1.101202151490051477e+02 5.193206625150445461e+02
1.031356264754377321e+02 5.048133163718522951e+02
9.657383673317639250e+01 4.906299236693236594e+02
9.041067277752100040e+01 4.767537279326688804e+02
8.462343360668263870e+01 4.631695796411509605e+02
7.919064179821660332e+01 4.498636620852389569e+02
7.409193068325917864e+01 4.368233535299457913e+02
6.930799595836005267e+01 4.240371651176038768e+02
6.482054870495373677e+01 4.114946820609617930e+02
6.061226983137876090e+01 3.991865077162790385e+02
5.666676343096759894e+01 3.871042538683270777e+02
5.296847824181283215e+01 3.752411431426514810e+02
4.950268551131272687e+01 3.635917303723625196e+02
4.625547454482104826e+01 3.521512439988427445e+02
4.321371262200143804e+01 3.409155284522212810e+02
4.036500556746732116e+01 3.298810057113748258e+02
3.769766001936380917e+01 3.190446376098446990e+02
3.520064734441751142e+01 3.084038914966380389e+02
3.286356903334813495e+01 2.979573997915021550e+02
3.067662364944330022e+01 2.877057100249766108e+02
2.863057566127114129e+01 2.776496695774679893e+02
2.671672546225390121e+01 2.677901565144476308e+02
2.492688073994321130e+01 2.581280616280017171e+02
2.325332918970164187e+01 2.486642709632739923e+02
2.168881252343143018e+01 2.393996488720575826e+02
2.022650119990046846e+01 2.303352611970364308e+02
1.885996782072478339e+01 2.214738361411811240e+02
1.758316784939681199e+01 2.128184985599263825e+02
1.639042015843872946e+01 2.043718803420137533e+02
1.527638657806297218e+01 1.961361283568958243e+02
1.423605248213133656e+01 1.881129180084158463e+02
1.326470837589189600e+01 1.803034677044865646e+02
1.235793242219348720e+01 1.727085720339360080e+02
1.151157323968647006e+01 1.653292657975181044e+02
1.072173427614133523e+01 1.581668893271040872e+02
9.984759947975875960e+00 1.512221884323086556e+02
9.297221598183014635e+00 1.444952894722800352e+02
8.655904150700923338e+00 1.379857383419376049e+02
8.057793493177786814e+00 1.316925394305798989e+02
7.500064552597468293e+00 1.256141943396508083e+02
6.980069748800743490e+00 1.197488033993715959e+02
6.495327691041507201e+00 1.140942639241849861e+02
6.043514194312384902e+00 1.086480823303681404e+02
5.622453036645765678e+00 1.034073499152932669e+02
5.230106951559053918e+00 9.836878394606684139e+01
4.864569137334897597e+00 9.352876735959752352e+01
