1.679214566531950913e+04 1.669797872637433102e+04
1.698159388763138122e+04 1.688370892327461843e+04
1.716514316878436512e+04 1.706344848541215470e+04
1.734232183638055358e+04 1.723672715023885030e+04
1.751263103106461131e+04 1.740304915237633031e+04
1.767556080709977687e+04 1.756190857739865896e+04
1.783059948531733608e+04 1.771279829703096766e+04
1.797722023832343257e+04 1.785519662511149727e+04
1.811487964363921492e+04 1.798856590940929163e+04
1.824303663092662464e+04 1.811237143513467890e+04
1.836114802935212356e+04 1.822607713871722444e+04
1.846864674750907216e+04 1.832912431315457070e+04
1.856496711383030561e+04 1.842095648906433416e+04
1.864955446431754171e+04 1.850102888252949924e+04
1.872184806296073657e+04 1.856879185078198861e+04
1.878128614515053778e+04 1.862369588401509827e+04
1.882732694038733825e+04 1.866521212799809655e+04
1.885944279282447314e+04 1.869282682008168558e+04
1.887710404631256824e+04 1.870602587302661414e+04
1.887980644825604395e+04 1.870432136444739081e+04
1.886707923013838445e+04 1.868725944929241450e+04
1.883847680902484353e+04 1.865441305820878915e+04
1.879358701949315218e+04 1.860538965928443940e+04
1.873204357542024445e+04 1.853984285653158804e+04
1.865353181129461882e+04 1.845747873020464976e+04
1.855779441254929770e+04 1.835806228365866627e+04
1.844463115969358842e+04 1.824141562383642668e+04
1.831390606211934573e+04 1.810742493669323085e+04
1.816558347822347787e+04 1.795607799193634128e+04
1.799971002055071949e+04 1.778744486830041569e+04
1.781639771994705370e+04 1.760166002287523952e+04
1.761587781455503864e+04 1.739897690758184763e+04
1.739853148130398040e+04 1.717979901535039971e+04
1.716480689733564577e+04 1.694459506582840186e+04
1.691523911900034363e+04 1.669391879142331891e+04
1.665058949686586493e+04 1.642854933815676850e+04
1.637172189739738496e+04 1.614936612605182199e+04
1.607953695290753603e+04 1.585728238591775698e+04
1.577513512744173386e+04 1.555340841872319106e+04
1.545983284414263835e+04 1.523906750662159902e+04
1.513494329932561050e+04 1.491557625177936097e+04
1.480184191448190177e+04 1.458430961967574694e+04
1.446222681861296223e+04 1.424695995322345516e+04
1.411781257610204193e+04 1.390523232436264698e+04
1.377023386196411411e+04 1.356074890674325798e+04
1.342129311923525529e+04 1.321529403794050631e+04
1.307290310252470954e+04 1.287075761702954151e+04
1.272682745541839540e+04 1.252887907471166181e+04
1.238480127537577391e+04 1.219136498239148932e+04
1.204878379073773795e+04 1.186013528917009899e+04
1.172060231264561116e+04 1.153697773431416863e+04
1.140185799298139500e+04 1.122345651922861725e+04
1.109368531543912286e+04 1.092067398315148785e+04
1.079688586590535488e+04 1.062940375492355270e+04
1.051214755656594934e+04 1.035030862503695789e+04
1.024026495312808584e+04 1.008415059723384184e+04
9.982383746406672799e+03 9.832023880332042609e+03
9.739573778582465820e+03 9.594950583714498862e+03
9.512338758880379828e+03 9.373405282485635325e+03
9.298718172618011522e+03 9.165465925536165742e+03
9.096102629911258191e+03 8.968578945885436042e+03
8.902139553315226294e+03 8.780442148072959753e+03
8.714921340536973730e+03 8.599196372176322257e+03
8.532777469204713270e+03 8.423214962552840007e+03
8.353887352367219137e+03 8.250727718969672424e+03
8.175789188276022287e+03 8.079350552734605117e+03
7.996060726760112630e+03 7.906733714514019994e+03
7.811932563804348320e+03 7.730200562563380117e+03
7.620427455588720477e+03 7.546875330640291395e+03
7.418831849889146724e+03 7.354134727730210216e+03
7.204643627674709933e+03 7.149573040721225880e+03
6.976034757123186864e+03 6.931422499168621471e+03
6.732808561555426422e+03 6.699507727124148914e+03
6.475695666111028004e+03 6.454536605700584914e+03
6.207199074011271478e+03 6.198935254896266088e+03
5.930643610730929140e+03 5.935914935798501574e+03
5.650579686429673529e+03 5.669862047701163647e+03
5.371758958881594481e+03 5.405351250435858674e+03
5.099045823070556253e+03 5.147044915526468685e+03
4.837003450217729551e+03 4.899308762635828316e+03
4.590038485950679387e+03 4.666341750673575916e+03
4.362115170982627205e+03 4.451887292214099034e+03
4.156648206578348436e+03 4.259160498589730196e+03
3.975450364224031546e+03 4.089838187759840821e+03
3.818956679942952178e+03 3.944264138843584988e+03
3.684994023982564613e+03 3.820317774148678836e+03
3.569594945600554183e+03 3.714159271696629730e+03
3.466858574900325948e+03 3.620134511425570508e+03
3.370263291775054313e+03 3.531988620004186032e+03
3.273122198519355607e+03 3.443318878669417245e+03
3.169598517905191784e+03 3.348525970551860610e+03
3.055204309104466574e+03 3.243291668308882890e+03
2.927783590250478937e+03 3.125543704549551421e+03
2.787804037673083712e+03 2.995726627393018589e+03
2.638291784276064391e+03 2.856752187407972997e+03
2.484297927029155744e+03 2.713477803410135493e+03
2.332027852751737555e+03 2.571842537497585909e+03
2.188208594710539273e+03 2.438246686673865497e+03
2.059186974960061889e+03 2.318684640149839652e+03
1.949259133482408288e+03 2.217154425923542931e+03
1.858793248323447415e+03 2.133930000619151997e+03
1.784254482997411742e+03 2.065620677014514968e+03
1.719893656293782442e+03 2.006770447528283057e+03
1.659464134681042651e+03 1.951471481742733431e+03
1.596878482163649096e+03 1.893971682158330850e+03
1.527067866659605215e+03 1.829488467010907243e+03
1.448260968022576890e+03 1.756375158849258241e+03
1.363312569634405918e+03 1.677371892856651129e+03
1.277808644398059414e+03 1.597780076033210662e+03
1.197406554905498751e+03 1.522913642671357820e+03
1.126440534227990838e+03 1.456783843147256221e+03
1.066905829952150270e+03 1.401179273302977435e+03
1.017283587836547781e+03 1.354627020211547233e+03
9.733604937832101314e+02 1.313190897464319733e+03
9.302269258629876276e+02 1.272328288608398680e+03
8.840352554731330201e+02 1.228511192886089020e+03
8.341298201681315732e+02 1.181181910239814670e+03
7.832167702673217491e+02 1.132869831680185371e+03
7.348524717734920841e+02 1.086838836066672911e+03
6.917951706693684173e+02 1.045565381712238604e+03
6.548162562212310149e+02 1.009692416113499348e+03
6.219585841750530335e+02 9.774187290335197531e+02
5.903181807612560306e+02 9.461359472378912869e+02
5.580034120362996646e+02 9.141805200809458256e+02
5.250079700879479105e+02 8.815818514444265475e+02
4.931134172906193953e+02 8.499282299943292855e+02
4.640223554433433719e+02 8.206934170626470859e+02
4.379843772182335897e+02 7.940611128503185228e+02
4.140027820971329220e+02 7.691496177134474692e+02
3.907233675421092016e+02 7.448025707394789379e+02
3.676904184483987024e+02 7.206503791749963739e+02
3.455359215952644831e+02 6.972336999693719690e+02
3.249951737059643619e+02 6.751546808814512133e+02
3.061276553895708048e+02 6.544434102292377702e+02
2.883613582321311810e+02 6.346241015850717986e+02
2.712554164445758147e+02 6.153441292166521634e+02
2.548609752747516666e+02 5.966478207243081897e+02
2.394994256926040919e+02 5.787816313367778776e+02
2.251849830086204065e+02 5.617457261651900353e+02
2.116811732759586846e+02 5.453531689838674765e+02
1.988250092655949004e+02 5.294800729379545601e+02
1.866747894524215781e+02 5.141664174724871827e+02
1.752851491445426007e+02 4.994450133330562949e+02
1.645730585745888277e+02 4.852503414189279169e+02
1.544470192202815042e+02 4.715144425675063076e+02
1.448972555543673479e+02 4.582264416814159063e+02
1.359255055493659086e+02 4.453818360645125267e+02
1.274828517968106496e+02 4.329437534062493569e+02
1.195327950567304356e+02 4.208838523139414178e+02
1.120539926579165950e+02 4.091844566028394183e+02
1.050207048599046260e+02 3.978253155586121466e+02
9.840808848027816680e+01 3.867872631109991630e+02
9.219256099642271352e+01 3.760524395268564035e+02
8.635174551394140963e+01 3.656042125136642653e+02
8.086441750295597330e+01 3.554271043682413733e+02
7.571045329209778174e+01 3.455067246067295628e+02
7.087078788395419338e+01 3.358297781248179490e+02
6.632738944382543878e+01 3.263842386713036490e+02
6.206318144169013351e+01 3.171590355441460360e+02
5.806198888375902811e+01 3.081439111287537571e+02
5.430849700278877634e+01 2.993293767203686002e+02
5.078821136962903893e+01 2.907066710760627757e+02
4.748741941315086734e+01 2.822677214182904777e+02
4.439315263402583156e+01 2.740051254517894677e+02
4.149313845370918585e+01 2.659124677104585430e+02
3.877577101380070701e+01 2.579842071429643511e+02
3.623009182628928926e+01 2.502152827202645256e+02
3.384575758212947960e+01 2.426010734861770857e+02
3.161300881511727212e+01 2.351373737313573145e+02
2.952263992491431210e+01 2.278203690640345371e+02
2.756597051693513123e+01 2.206466134012313773e+02
2.573481668004430745e+01 2.136131851274520272e+02
2.402146274374924317e+01 2.067179876452550502e+02
2.241864040196345798e+01 1.999592324149445801e+02
2.091950554295206288e+01 1.933353144812546418e+02
1.951761534220441874e+01 1.868447973601628576e+02
1.820690645436911126e+01 1.804863982763883996e+02
1.698167426169608518e+01 1.742589737441513194e+02
1.583655300325857596e+01 1.681615550354446498e+02
1.476649569487396541e+01 1.621938466726425929e+02
1.376675727499599056e+01 1.563559226162311688e+02
1.283287874302080489e+01 1.506478116416523392e+02
1.196067099988483662e+01 1.450694855119594422e+02
1.114619950358727429e+01 1.396208544760484926e+02
1.038576972215252425e+01 1.343017631009632282e+02
9.675913343988817417e+00 1.291119886434532020e+02
9.013374628326936033e+00 1.240515593776639207e+02
8.395097650823425184e+00 1.191210198762166783e+02
7.818215903992345339e+00 1.143207601010406052e+02
7.280041315203171770e+00 1.096509342461031196e+02
6.778053699514472008e+00 1.051114699027199322e+02
6.309890793413166499e+00 1.007020774902982225e+02
5.873338840632572833e+00 9.642225990979329708e+01
5.466323614412436527e+00 9.227137819020190079e+01
5.086901521217367161e+00 8.824899804371099776e+01
4.733252204410640651e+00 8.435460275971648514e+01
4.403671374036496111e+00 8.058740423686978716e+01
4.096563722109223704e+00 7.694636113580149583e+01
3.810436244889523927e+00 7.343019781934201262e+01
3.543891952030827408e+00 7.003742298589102688e+01
