2.952543221432831706e+04 2.940678711993902107e+04
2.972601771233939871e+04 2.960293107212983523e+04
2.990885347464685765e+04 2.978123343897713494e+04
3.007290866330157587e+04 2.994066679437262064e+04
3.021716980053539737e+04 3.008022190448325637e+04
3.034059528100388343e+04 3.019886350359242715e+04
3.044211758507913328e+04 3.029553266607247133e+04
3.052070206835632052e+04 3.036920439040927522e+04
3.057532815806429790e+04 3.041886897906065496e+04
3.060492482177039346e+04 3.044346813253496293e+04
3.060845539661848306e+04 3.044197919798049406e+04
3.058494256009658784e+04 3.041344007128160592e+04
3.053340516842744182e+04 3.035688764109353724e+04
3.045288567219322795e+04 3.027138479889633891e+04
3.034251699726343941e+04 3.015608597469500455e+04
3.020149559089283866e+04 3.001021139440052866e+04
3.002903579132327650e+04 2.983300332057286141e+04
2.982446126831693618e+04 2.962381452292083486e+04
2.958722307906581409e+04 2.938212612675112905e+04
2.931685492547084868e+04 2.910750680648161870e+04
2.901301197104844687e+04 2.879964912822384940e+04
2.867551404528029161e+04 2.845840986334744957e+04
2.830434690452443101e+04 2.808381443264509289e+04
2.789966412961284004e+04 2.767606093943944870e+04
2.746180505715415347e+04 2.723553162715837971e+04
2.699131409955229174e+04 2.676281235414732510e+04
2.648901468812486564e+04 2.625877296302878676e+04
2.595595086990293930e+04 2.572450252612660188e+04
2.539335357728932649e+04 2.516127169189731649e+04
2.480279024194944941e+04 2.457068727720203606e+04
2.418618345737574055e+04 2.395471117374100504e+04
2.354559445523924660e+04 2.331543586797363241e+04
2.288330642011665623e+04 2.265516844826917077e+04
2.220216413616367208e+04 2.197677481138313306e+04
2.150514994054926501e+04 2.128324957408109185e+04
2.079524747807643871e+04 2.057757790696184384e+04
2.007596323164303612e+04 1.986325707616009458e+04
1.935117110534611857e+04 1.914414131824825381e+04
1.862451685058432122e+04 1.842384732320747207e+04
1.789971603883061107e+04 1.770604885549471874e+04
1.718115589312263182e+04 1.699507157510073739e+04
1.647291196385006697e+04 1.629492426877502294e+04
1.577862278867676105e+04 1.560917544484261634e+04
1.510242009843174674e+04 1.494185694981792767e+04
1.444842959911607431e+04 1.429698289910731000e+04
1.382005413623056666e+04 1.367785759270560084e+04
1.322035826449871820e+04 1.308743699087640198e+04
1.265245374773661388e+04 1.252869221547365305e+04
1.211884565705818204e+04 1.200400829703506679e+04
1.162147677492976436e+04 1.151522498479167189e+04
1.116214390802506387e+04 1.106399098139354464e+04
1.074236152795720591e+04 1.065167138501493719e+04
1.036323402858389454e+04 1.027925157240559020e+04
1.002430946969227443e+04 9.946186456189770979e+03
9.723774606235860119e+03 9.650586286961357473e+03
9.459947367796174149e+03 9.390700573174368401e+03
9.230004122115678911e+03 9.163682247164724686e+03
9.029959845489749569e+03 8.965563740859053723e+03
8.856110289890953936e+03 8.792654681587864616e+03
8.704070823021955221e+03 8.640636169615669132e+03
8.569193480302074022e+03 8.504951968364319328e+03
8.446320500497327885e+03 8.380582232697301151e+03
8.328277583092372879e+03 8.260637458774896004e+03
8.207735847502603065e+03 8.138107749406727635e+03
8.076379140405414546e+03 8.005134953725092601e+03
7.925728157778974492e+03 7.853759323883148681e+03
7.748268579632633191e+03 7.677016619200882815e+03
7.537711294272789019e+03 7.469164726250210151e+03
7.290427879385154483e+03 7.227005662912323714e+03
7.005898394250552883e+03 6.950295655259452360e+03
6.686039865529408416e+03 6.641063718634169163e+03
6.335202598864775609e+03 6.303595607374640167e+03
5.960436040829788908e+03 5.944647071520777899e+03
5.570670526441874244e+03 5.572674226049389290e+03
5.176241159889540540e+03 5.197385080936902341e+03
4.788175961310828825e+03 4.829056698556486481e+03
4.418956763969090389e+03 4.479239756999281781e+03
4.079327607598423128e+03 4.157856493033512379e+03
3.779476013301752118e+03 3.874169049054125935e+03
3.526103746647351272e+03 3.634259055758127488e+03
3.322419418454612241e+03 3.440828176188508223e+03
3.167749098807861628e+03 3.293030654805272661e+03
3.057984114801729447e+03 3.186778298543814344e+03
2.985688104628733527e+03 3.114978091316801965e+03
2.941218341780727314e+03 3.068535170857117464e+03
2.912152706105427569e+03 3.035943881600514942e+03
2.884785082555506506e+03 3.004663530203767095e+03
2.845032114059365085e+03 2.961979552400649027e+03
2.780707448387687236e+03 2.897051371150175783e+03
2.683419988220127834e+03 2.802574107789934260e+03
2.550035268590303531e+03 2.676008385786981307e+03
2.383843760196341464e+03 2.520559009781723944e+03
2.195338615263173779e+03 2.345810496358961700e+03
2.000811620817823041e+03 2.166387542170355573e+03
1.818075816157678219e+03 1.998133707913224498e+03
1.661495643548080579e+03 1.853715725991458839e+03
1.539127697059565890e+03 1.740097740143381088e+03
1.453092425508272981e+03 1.658917371474825359e+03
1.400574352860398903e+03 1.607426309210555473e+03
1.373120755582915308e+03 1.577949186070336737e+03
1.356639159742341462e+03 1.557986752279636676e+03
1.334786927446594518e+03 1.533266054329817507e+03
1.294911319905970231e+03 1.492909247401863922e+03
1.231088705704692757e+03 1.431983187207892797e+03
1.145309250926770119e+03 1.352416796238137294e+03
1.047660969448508467e+03 1.263048908218451061e+03
9.528066007038655698e+02 1.176507953425955066e+03
8.735657519653077543e+02 1.103685538831704434e+03
8.168330202393392483e+02 1.050291204312383115e+03
7.820021170420964154e+02 1.015604312426673800e+03
7.608926215479384609e+02 9.925390513934308956e+02
7.415237336525098044e+02 9.709385836015543418e+02
7.137039974813077379e+02 9.423030849307065182e+02
6.726543712776565371e+02 9.027637412026682568e+02
6.215750457628560071e+02 8.551159323251079059e+02
5.699792328344619818e+02 8.073060016024363676e+02
5.269332212265778708e+02 7.667670302456047011e+02
4.963576996602141094e+02 7.365962944662232985e+02
4.757120567308006116e+02 7.145940830096044465e+02
4.576898273698839716e+02 6.947629970352328428e+02
4.355280280689207757e+02 6.716599664931961797e+02
4.074664873411383041e+02 6.439441817379023405e+02
3.770970053843162759e+02 6.145506868549042565e+02
3.501438746321030635e+02 5.880268256735466821e+02
3.295266866105366148e+02 5.666136500118093409e+02
3.134410722020522826e+02 5.488244596687818557e+02
2.977018360963621717e+02 5.313711220250339693e+02
2.797031283718338841e+02 5.122603497432212407e+02
2.604919924634089057e+02 4.923341568119870999e+02
2.429838000190084415e+02 4.738217307419784561e+02
2.286276480925084229e+02 4.577860058841816908e+02
2.160942137429536842e+02 4.431928442134766328e+02
2.033934571511613285e+02 4.285534851257580726e+02
1.901838165283069486e+02 4.136307677041587567e+02
1.777418189474606720e+02 3.993651806045704120e+02
1.668935556606284649e+02 3.863398129087755137e+02
1.570276861074528369e+02 3.740969464263643545e+02
1.472858151523295192e+02 3.620228477190957506e+02
1.377710746975692189e+02 3.501943749431700894e+02
1.290509117407969200e+02 3.390023488817165571e+02
1.211059835844162933e+02 3.284225446465013079e+02
1.135080533809431245e+02 3.181584054229525123e+02
1.062419672820954162e+02 3.081984398118831336e+02
9.942329443408608824e+01 2.986145329205817802e+02
9.305909051382585062e+01 2.894061615042419930e+02
8.711240013870352072e+01 2.805475940312788907e+02
8.154947661158826122e+01 2.720147186760715385e+02
7.633995501378565507e+01 2.637852320534445312e+02
7.145648437522994811e+01 2.558385044038125500e+02
6.687440264126816203e+01 2.481554574829280853e+02
6.257145098109833725e+01 2.407184557243687095e+02
5.852881715462488188e+01 2.335124205548637519e+02
5.473259394107757458e+01 2.265266017257507656e+02
5.116996189249685756e+01 2.197514227721287341e+02
4.782852088761812581e+01 2.131778496263396221e+02
4.469630455320456264e+01 2.067973592889109682e+02
4.176179056086166241e+01 2.006019104933971562e+02
3.901390720244931032e+01 1.945839162166845995e+02
3.644200789928542861e+01 1.887361984937686827e+02
3.403543674833406385e+01 1.830516555939085777e+02
3.178374533365693821e+01 1.775233360847478821e+02
2.967713022298447711e+01 1.721447125251892487e+02
2.770640571906893257e+01 1.669096660132450722e+02
2.586296458123538855e+01 1.618124626746478611e+02
2.413874129844246852e+01 1.568477315706424235e+02
2.252617774307408283e+01 1.520104439103688776e+02
2.101821473810779395e+01 1.472959899649015370e+02
1.960832228063875249e+01 1.427004340957291504e+02
1.829037937073855602e+01 1.382201625023851932e+02
1.705862525522743312e+01 1.338517638917182069e+02
1.590764000685983781e+01 1.295920179889302801e+02
1.483232600833790471e+01 1.254378845947843644e+02
1.382789031028875293e+01 1.213864931535461835e+02
1.288982750579018344e+01 1.174351349917617711e+02
1.201389389336401159e+01 1.135813228381184814e+02
1.119609367739109551e+01 1.098227849227273651e+02
1.043267820148832570e+01 1.061573664386709765e+02
9.720132110170672135e+00 1.025830169208601177e+02
9.055159463325745506e+00 9.909778354273758794e+01
8.434670630420860959e+00 9.569980469567134662e+01
7.855769924027283579e+00 9.238730383880817953e+01
7.315744079168013059e+00 8.915860013558878450e+01
6.812051900867875709e+00 8.601218242933471458e+01
6.342313129913301317e+00 8.294662769407426595e+01
5.904298332741984012e+00 7.996055555161119344e+01
5.495919739852140218e+00 7.705262460475788089e+01
5.115222611314884205e+00 7.422152902264713248e+01
4.760377100651061788e+00 7.146599529495924230e+01
4.429670586706611068e+00 6.878477989460763808e+01
4.121500169848489215e+00 6.617672610380630260e+01
3.834365775119016106e+00 6.364079317411722769e+01
3.566864300533154175e+00 6.117594666788235713e+01
3.317683619157612007e+00 5.878114637249665009e+01
3.085596883623914710e+00 5.645534581884054148e+01
2.869457171729503209e+00 5.419749189225267116e+01
2.668192453854933088e+00 5.200652453397043473e+01
2.480800857431378237e+00 4.988139082319091244e+01
2.306346174449053876e+00 4.782115978924736055e+01
2.143953732485410324e+00 4.582493928875307887e+01
1.992806511218926602e+00 4.389179651465278198e+01
