2.044569298133179836e+04 2.028748980574275265e+04
2.069326208753968604e+04 2.052881819998562787e+04
2.093445643103029943e+04 2.076362867292444207e+04
2.116869781341310591e+04 2.099134704911530935e+04
2.139538066269691990e+04 2.121137451265998970e+04
2.161387690762858620e+04 2.142309220320071108e+04
2.182355329960587187e+04 2.162587701909316820e+04
2.202376363641487478e+04 2.181909402584955387e+04
2.221383240308582754e+04 2.200208051628580870e+04
2.239307966040468091e+04 2.217417043073663444e+04
2.256082610586209557e+04 2.233469942017417634e+04
2.271637179473286960e+04 2.248298475859365499e+04
2.285900746618505582e+04 2.261833624999591484e+04
2.298803396704136685e+04 2.274007480994779689e+04
2.310275415730740133e+04 2.284752498594920689e+04
2.320246186699156533e+04 2.294000471283728257e+04
2.328646772410554695e+04 2.301684980252831883e+04
2.335410447733067485e+04 2.307741915942287596e+04
2.340471496188640231e+04 2.312108411102851460e+04
2.343766460148195620e+04 2.314724003667549550e+04
2.345235499978604639e+04 2.315531897449019380e+04
2.344822912491071111e+04 2.314479550638625733e+04
2.342477621175675449e+04 2.311519216625517947e+04
2.338153465784973378e+04 2.306608072629816888e+04
2.331810094766468683e+04 2.299709095014923150e+04
2.323416291536572680e+04 2.290794483077802215e+04
2.312948298900158261e+04 2.279843871327266606e+04
2.300388774748652577e+04 2.266843199493392603e+04
2.285732299200175476e+04 2.251790249238857723e+04
2.268987802361019931e+04 2.234697061679208127e+04
2.250171406838890107e+04 2.215582670533856071e+04
2.229308884091699656e+04 2.194475534679168413e+04
2.206448752349267306e+04 2.171426638449045640e+04
2.181650735600554981e+04 2.146497886244467736e+04
2.154980445496124230e+04 2.119756749888483682e+04
2.126526655674865469e+04 2.091293513991202417e+04
2.096402931017214360e+04 2.061222871823774767e+04
2.064725920150561797e+04 2.029662216035656820e+04
2.031620539372653730e+04 1.996736844745116468e+04
1.997241814414837791e+04 1.962601861318385636e+04
1.961750038352709453e+04 1.927417258878432403e+04
1.925303484296592433e+04 1.891340625966473090e+04
1.888097543698268419e+04 1.854566271888795018e+04
1.850358450544994776e+04 1.817318964676284304e+04
1.812301308528195659e+04 1.779812031826927705e+04
1.774119606693224705e+04 1.742237315343471710e+04
1.735966257268226764e+04 1.704747130292292422e+04
1.697977826934258701e+04 1.667477428832008445e+04
1.660287353448045906e+04 1.630560350542102606e+04
1.623115760641086126e+04 1.594215346734402556e+04
1.586740591511758248e+04 1.558718152034672858e+04
1.551416211315098917e+04 1.524321429895156325e+04
1.517329444378827429e+04 1.491211562118127767e+04
1.484532344232207834e+04 1.459443067995706770e+04
1.453051316191202568e+04 1.429045188292429521e+04
1.422892222593497536e+04 1.400026868879195899e+04
1.393950655658579490e+04 1.372288680589928663e+04
1.366085546182654434e+04 1.345694900505731312e+04
1.339155335295836267e+04 1.320108892255600040e+04
1.312959931381271781e+04 1.295335642338506841e+04
1.287285199981637015e+04 1.271165457697243255e+04
1.261918253287670450e+04 1.247388699390930378e+04
1.236613947034706325e+04 1.223761923484735416e+04
1.211134772091104605e+04 1.200047586939418579e+04
1.185215592040817864e+04 1.175977854269109957e+04
1.158567654371782737e+04 1.151258154297150213e+04
1.130917176780902082e+04 1.125605771186169477e+04
1.101983596375021261e+04 1.098726963634110689e+04
1.071531473143519906e+04 1.070369987387730907e+04
1.039430370531824155e+04 1.040386230190397509e+04
1.005634092770669122e+04 1.008709976448781163e+04
9.703017781252357963e+03 9.754843862182906378e+03
9.337106365464265764e+03 9.409735923417283630e+03
8.963153243252638276e+03 9.056263365831162446e+03
8.586389738512552867e+03 8.699650464106860454e+03
8.212726918996637323e+03 8.345862427896236113e+03
7.847884334852217762e+03 8.000712715065524208e+03
7.497309483179735253e+03 7.669776231780701892e+03
7.165893309969102120e+03 7.358086846317489290e+03
6.857922016929213896e+03 7.070097523063261178e+03
6.576490146549233941e+03 6.809072591017519699e+03
6.323554192783020881e+03 6.577136144734147820e+03
6.098571330404929540e+03 6.373868893353182102e+03
5.898942632594254974e+03 6.196726083721649047e+03
5.719074757049483196e+03 6.040029721030049586e+03
5.551923795085565871e+03 5.896502617312918119e+03
5.389271503180045329e+03 5.757510641741016116e+03
5.223465058986382246e+03 5.614858466741560733e+03
5.048073665958287165e+03 5.461495163701045385e+03
4.858991667417687495e+03 5.292753646974679214e+03
4.654975806514083160e+03 5.107004694292477325e+03
4.437923361185113208e+03 4.906043294331970174e+03
4.212865576398739904e+03 4.695151945321858875e+03
3.986798615292513205e+03 4.481834939255434620e+03
3.767534477714948935e+03 4.274557276526647911e+03
3.562683661851646320e+03 4.081609034824112314e+03
3.378679032586246194e+03 3.910023357268894870e+03
3.219159994086905954e+03 3.763834438307665096e+03
3.083238084827770763e+03 3.642206767328643764e+03
2.965313633003088853e+03 3.539183251396506876e+03
2.857081709160637274e+03 3.445777041387342706e+03
2.750341054923811953e+03 3.352977456032797818e+03
2.638546809989597477e+03 3.253465966806191773e+03
2.517539369795835682e+03 3.142500735367122161e+03
2.387195880455333736e+03 3.019859074642856285e+03
2.252541066423200391e+03 2.891140548756136468e+03
2.121477844006192299e+03 2.765202491383646702e+03
2.000865377932419278e+03 2.649718118348629105e+03
1.894622798978969513e+03 2.549054544213464851e+03
1.803186601112087374e+03 2.463709594249853581e+03
1.722930446736972272e+03 2.389693434494608937e+03
1.647540438196924697e+03 2.320028895876121624e+03
1.571151131308065942e+03 2.248210036070020578e+03
1.490668908550819879e+03 2.170819590810771388e+03
1.407014865425674998e+03 2.088948741686733683e+03
1.324885452814548898e+03 2.007892146954415466e+03
1.248958304073711133e+03 1.932856265080392632e+03
1.181439717772300355e+03 1.866252111844072260e+03
1.121608154679593326e+03 1.807257579299834561e+03
1.065983212119016571e+03 1.752065173168892898e+03
1.010865385250068357e+03 1.696682181452710665e+03
9.549939997487126675e+02 1.639813485280415080e+03
8.996654323104822879e+02 1.582939954467613006e+03
8.475355818110174368e+02 1.528949041033964704e+03
8.002004978820127690e+02 1.479520915698132058e+03
7.569319673471861734e+02 1.433857191164745700e+03
7.158716617128186499e+02 1.390015294899633773e+03
6.756186257697927431e+02 1.346584990667894772e+03
6.363336481661117432e+02 1.303787486646818252e+03
5.991981948302726551e+02 1.262849293064215090e+03
5.648610625342140565e+02 1.224409485604672682e+03
5.328369963693695581e+02 1.187971717822008941e+03
5.022459279888112178e+02 1.152686000678358369e+03
4.727971244793599226e+02 1.118299611303579013e+03
4.448490070212649812e+02 1.085168163208385749e+03
4.187208749159878494e+02 1.053582505733580774e+03
3.941738052157118659e+02 1.023315233138295071e+03
3.708451273874021012e+02 9.940449269906275731e+02
3.486661126828681745e+02 9.657189277874875870e+02
3.277715129118493564e+02 9.384506275088079974e+02
3.081319404074591262e+02 9.122068255284314091e+02
2.895715950108659058e+02 8.868393528869260081e+02
2.720112095420309970e+02 8.622828490789361240e+02
2.554634999290658186e+02 8.385406482519221072e+02
2.398872382820806024e+02 8.155727962230893127e+02
2.251947311594030054e+02 7.933080360292071873e+02
2.113405883402850804e+02 7.717066990978028116e+02
1.982937267961580687e+02 7.507392138834512707e+02
1.860112761923556945e+02 7.303672547289003205e+02
1.744510133438661228e+02 7.105538857917161977e+02
1.635728949759893567e+02 6.912648070298197354e+02
1.533389537368249478e+02 6.724681960560376410e+02
1.437131987194646570e+02 6.541345629411370055e+02
1.346615227521444922e+02 6.362366130197705161e+02
1.261518034344480270e+02 6.187488237633701829e+02
1.181538918269634593e+02 6.016471507007339596e+02
1.106391656414786979e+02 5.849094451576501115e+02
1.035804308180116919e+02 5.685154084811505300e+02
9.695186367643350422e+01 5.524464964880233993e+02
9.072895436271035408e+01 5.366858302225679154e+02
8.488845165089909983e+01 5.212181122420391830e+02
7.940830589507636716e+01 5.060295879475758056e+02
7.426756555752228905e+01 4.911086338821336312e+02
6.944635084010759840e+01 4.764454919290689077e+02
6.492585721932884724e+01 4.620315540733198532e+02
6.068830547473121584e+01 4.478592814993562001e+02
5.671689189282069776e+01 4.339221472064846807e+02
5.299574043850393679e+01 4.202145800042048336e+02
4.950985684996729930e+01 4.067319096174226729e+02
4.624508428534582549e+01 3.934706968873167057e+02
4.318805941879922017e+01 3.804308320418691665e+02
4.032617384980903807e+01 3.676136114535610773e+02
3.764753637948950171e+01 3.550204971868699317e+02
3.514093588729922857e+01 3.426530839226384160e+02
3.279580585095822443e+01 3.305130705677564720e+02
3.060219046084702299e+01 3.186022322936483420e+02
2.855071227545951373e+01 3.069223935459794461e+02
2.663253943205226904e+01 2.954763829667827508e+02
2.483935306541694032e+01 2.842698180331282174e+02
2.316332531728781774e+01 2.733082399447279158e+02
2.159709361259186977e+01 2.625964872576383300e+02
2.013373492434747547e+01 2.521387112101490402e+02
1.876674131748757191e+01 2.419383926908504350e+02
1.748999671877452045e+01 2.319983607139591584e+02
1.629775483637700972e+01 2.223208292319113184e+02
1.518461701499700212e+01 2.129082683493166428e+02
1.414551224395690987e+01 2.037636431277090026e+02
1.317568033836929509e+01 1.948890923797498544e+02
1.227065413263176907e+01 1.862858673679341166e+02
1.142624245783483339e+01 1.779543851959760445e+02
1.063851403100286142e+01 1.698942824719549094e+02
9.903782213074842744e+00 1.621044689057962671e+02
9.218590526358484638e+00 1.545831951808461611e+02
8.579698223675238822e+00 1.473282850980574494e+02
7.984067931105048643e+00 1.403370919450051133e+02
7.428854206997638876e+00 1.336063903600383185e+02
6.911392001954543396e+00 1.271324279432504625e+02
6.429185753066018805e+00 1.209109789015439844e+02
5.979899096759330845e+00 1.149373957773748174e+02
5.561345168229834712e+00 1.092066591093850008e+02
