2.414819550626289129e+04 2.402465354807750555e+04
2.436691258767579347e+04 2.423856659013747776e+04
2.457321513958577634e+04 2.443995499872549408e+04
2.476626703171822010e+04 2.462798516881060641e+04
2.494523070187015037e+04 2.480182298380495922e+04
2.510922398692977004e+04 2.496059210655405332e+04
2.525735135965600784e+04 2.510340447489787039e+04
2.538873210241829656e+04 2.522938778731604179e+04
2.550247397277947312e+04 2.533765929328096536e+04
2.559766340871239299e+04 2.542731609868925079e+04
2.567341279352348647e+04 2.549748232994772479e+04
2.572885707022967472e+04 2.554730598806937269e+04
2.576311006363263732e+04 2.557591624194278120e+04
2.577531373970466302e+04 2.558247189753065686e+04
2.576466220369779694e+04 2.556618506758415242e+04
2.573037261624720122e+04 2.552629324510909646e+04
2.567169312772097328e+04 2.546206718716045361e+04
2.558794581959080097e+04 2.537285260714372998e+04
2.547852639176659432e+04 2.525807052962962916e+04
2.534289181278103206e+04 2.511720657875320103e+04
2.518059120264514422e+04 2.494983958607252862e+04
2.499127961745293942e+04 2.475565491446881424e+04
2.477473719288236316e+04 2.453446612925888621e+04
2.453086973806109745e+04 2.428621421056513282e+04
2.425970458349497494e+04 2.401096109168063776e+04
2.396143690654302554e+04 2.370893752848561780e+04
2.363647531411237651e+04 2.338059017647168002e+04
2.328536209999192215e+04 2.302649778242546745e+04
2.290879026456242718e+04 2.264738783847383820e+04
2.250777837845188697e+04 2.224431418554198899e+04
2.208353730376503881e+04 2.181852078268273181e+04
2.163737200900881726e+04 2.137134140503758317e+04
2.117089147770089403e+04 2.090441059804127872e+04
2.068606188828362792e+04 2.041971665496062633e+04
2.018488529916034895e+04 1.991927796624510302e+04
1.966949009882655446e+04 1.940523258079256993e+04
1.914256059136913609e+04 1.888026513441289353e+04
1.860684413628215043e+04 1.834711627656734709e+04
1.806497584212020593e+04 1.780840840390218000e+04
1.751992382271436509e+04 1.726708535226710592e+04
1.697488299157211441e+04 1.672630755183397923e+04
1.643278433456992207e+04 1.618896821992962941e+04
1.589660814442628907e+04 1.565799755496048419e+04
1.536999099061095512e+04 1.513695182317862418e+04
1.485630219101132025e+04 1.462911872062503244e+04
1.435843688360414490e+04 1.413731702661570853e+04
1.387858505219342442e+04 1.366366248067725064e+04
1.341841368217978015e+04 1.320975241235326030e+04
1.297930985389179295e+04 1.277691138333452909e+04
1.256324163863674585e+04 1.236700914850580739e+04
1.217347254255246116e+04 1.198313940235003611e+04
1.181298803988753389e+04 1.162812919933337616e+04
1.148360562025254512e+04 1.130367551383119462e+04
1.118332283691220618e+04 1.100775737714034585e+04
1.090929125479049799e+04 1.073753509731246049e+04
1.065891044437098026e+04 1.049041731612899639e+04
1.042965494085039609e+04 1.026389598335438859e+04
1.021917533795460622e+04 1.005563964277618834e+04
1.002476372985966009e+04 9.862984068031888455e+03
9.842542297068790504e+03 9.682161288834618972e+03
9.668626892305226647e+03 9.509406354357792225e+03
9.498224658790366448e+03 9.340124080585310367e+03
9.325962936961601372e+03 9.169194537019251584e+03
9.146271306095570253e+03 8.991341485127073611e+03
8.952827279940089284e+03 8.800632715228306552e+03
8.739862632414475229e+03 8.591681345579918343e+03
8.502690262341173366e+03 8.360190643206333334e+03
8.237845428443510173e+03 8.103024019590218813e+03
7.944384623391432797e+03 7.819463542896387480e+03
7.623184497971088604e+03 7.510486600477091997e+03
7.278149423792678135e+03 7.179917488706449149e+03
6.914713226294736160e+03 6.832973068387423154e+03
6.540096860309420663e+03 6.476509461262426157e+03
6.162160778506663519e+03 6.117928591370723552e+03
5.789447906208913992e+03 5.765228639652786114e+03
5.431103045745465352e+03 5.426879258124919033e+03
5.095907972133508338e+03 5.110994350930511246e+03
4.791809394712169706e+03 4.824810155647891406e+03
4.525533655481261121e+03 4.574408630971423918e+03
4.300516323052542248e+03 4.362757347875640335e+03
4.117661314281307568e+03 4.190467521578720152e+03
3.973485577623694553e+03 4.054103931835683397e+03
3.862080276077287181e+03 3.948020220680160037e+03
3.774451889810835382e+03 3.863803939538132909e+03
3.700022659667301923e+03 3.791674023179699816e+03
3.627205381878573007e+03 3.721016064305446434e+03
3.544449799045159125e+03 3.641354766253058642e+03
3.442090857517583117e+03 3.544011742423171199e+03
3.313728853149073075e+03 3.423325903795659542e+03
3.157670520445125476e+03 3.277935978888570844e+03
2.977180069543344871e+03 3.110962472124461328e+03
2.780222446930170008e+03 2.929721835149257913e+03
2.578735957052942013e+03 2.745029296950604476e+03
2.386963747023301039e+03 2.569660850132572705e+03
2.218033556743984263e+03 2.415247281220767036e+03
2.080090031677562820e+03 2.288861279293668304e+03
1.974831545670602964e+03 2.191790942817533960e+03
1.898590497868059629e+03 2.120569955656861566e+03
1.843745624473863018e+03 2.068295019321566087e+03
1.799057144746505855e+03 2.024965385410776435e+03
1.750909133797078312e+03 1.978599645070778479e+03
1.687735974743121233e+03 1.919120191395910979e+03
1.604809004855561625e+03 1.842513337673178512e+03
1.505123904970060721e+03 1.751542714440523696e+03
1.397065599461121792e+03 1.653632667738781038e+03
1.292333351643344031e+03 1.558973863303211374e+03
1.202000209856797937e+03 1.477056990733140083e+03
1.131943447308013219e+03 1.412773062522199552e+03
1.081275694995422327e+03 1.365181018370861239e+03
1.043202632013198354e+03 1.328351438957321079e+03
1.007152651365365045e+03 1.293247060802544183e+03
9.639295562217497491e+02 1.252105212333159443e+03
9.103711863229858636e+02 1.202345229818158032e+03
8.495982884296671500e+02 1.146702520083828404e+03
7.891666512629534509e+02 1.091566335676705876e+03
7.370378033030121969e+02 1.043528026978235403e+03
6.963726662103460967e+02 1.005090680863881744e+03
6.645691400551166907e+02 9.739954181883380215e+02
6.354971988330864860e+02 9.451620583482883831e+02
6.033112082363444415e+02 9.138380098487629084e+02
5.667036675925277223e+02 8.790262618516264865e+02
5.290707371712530858e+02 8.435234598269618118e+02
4.950278319004109449e+02 8.110233659841666167e+02
4.669028071303973206e+02 7.833135546885805525e+02
4.430406705979429489e+02 7.590180386973379427e+02
4.198027418538654842e+02 7.352584847036781639e+02
3.951363184593101323e+02 7.104589908553498390e+02
3.700465747959592022e+02 6.854290345423927420e+02
3.469535169168211155e+02 6.620221172079640155e+02
3.268891950363024534e+02 6.409851337631221213e+02
3.087132319484634309e+02 6.214249626245358513e+02
2.907271757972778232e+02 6.020705270785573475e+02
2.727666118724143871e+02 5.828138355678771632e+02
2.558620228712547089e+02 5.644089235620142517e+02
2.406204379501524500e+02 5.472749499159156130e+02
2.264843842958636628e+02 5.309949806724215478e+02
2.127657329238695354e+02 5.150803027733478530e+02
1.995763334992956288e+02 4.996107091259486310e+02
1.873398782879830833e+02 4.848699413398238107e+02
1.760013079323140914e+02 4.708082024572397017e+02
1.652134810182023728e+02 4.571873729212144895e+02
1.549481891193273384e+02 4.439862752030711022e+02
1.453457053248100692e+02 4.312901390025040200e+02
1.363270652022387992e+02 4.190421463709684531e+02
1.278423858403513265e+02 4.072047697318490123e+02
1.198617602044338213e+02 3.957545762244732259e+02
1.123568546437649189e+02 3.846696698446992855e+02
1.053008234327010229e+02 3.739295839284881708e+02
9.866823722699326993e+01 3.635151891569685745e+02
9.243501455815427903e+01 3.534086088014652205e+02
8.657840428323413562e+01 3.435932083925047777e+02
8.107706271297506362e+01 3.340537416306128193e+02
7.591079643894795481e+01 3.247760375387053386e+02
7.106044898171178659e+01 3.157468532970827368e+02
6.650785632112776113e+01 3.069538200561036660e+02
6.223580364338209847e+01 2.983853925931985600e+02
5.822798332762832985e+01 2.900308024708947414e+02
5.446895205958992392e+01 2.818800254979452120e+02
5.094403963329077811e+01 2.739240233180418045e+02
4.763932342177199075e+01 2.661546910495342217e+02
4.454165675482899900e+01 2.585644894776276033e+02
4.163863232878007636e+01 2.511463980280049100e+02
3.891854394736649425e+01 2.438938868422123676e+02
3.637035000512177163e+01 2.368008903683238202e+02
3.398363865062688660e+01 2.298617823314437771e+02
3.174859614767175131e+01 2.230714453074878634e+02
2.965597976941527492e+01 2.164255457132570371e+02
2.769708111886646762e+01 2.099201705495115675e+02
2.586369559664631979e+01 2.035516885035695509e+02
2.414809542999682890e+01 1.973167337543910094e+02
2.254300398437493413e+01 1.912121903882317042e+02
2.104157130841877787e+01 1.852351773746770789e+02
1.963735076996362494e+01 1.793830416202295908e+02
1.832427465464374450e+01 1.736535343416684896e+02
1.709663371329984471e+01 1.680447834885258089e+02
1.594906003900914726e+01 1.625550542736279453e+02
1.487650802374858827e+01 1.571827275286739791e+02
1.387423615001647548e+01 1.519262901557182204e+02
1.293778972585059606e+01 1.467843258691187600e+02
1.206298452061885129e+01 1.417555062225015092e+02
1.124589082343928581e+01 1.368386564466186428e+02
1.048281750957438696e+01 1.320329806102145938e+02
9.770299947312180322e+00 1.273377752401023173e+02
9.105087333528445015e+00 1.227523273837787769e+02
8.484130137891567003e+00 1.182759109232284374e+02
7.904568236349221344e+00 1.139077831119017361e+02
7.363719699595102419e+00 1.096471813349688063e+02
6.859070190196461247e+00 1.054933305179416863e+02
6.388262641717834533e+00 1.014456997884542915e+02
5.949087907497865757e+00 9.750397122912212922e+01
5.539476261626609777e+00 9.366772462133799593e+01
5.157488987472171438e+00 8.993642519668490820e+01
4.801310426752253058e+00 8.630942776076901168e+01
4.469240485273237695e+00 8.278598094388343043e+01
4.159687571027725461e+00 7.936523156437417015e+01
3.871161829038922253e+00 7.604629773051011910e+01
3.602268556953981182e+00 7.282848370075787159e+01
3.351702772731722568e+00 6.971102189290665763e+01
3.118243786909266291e+00 6.669299225343650050e+01
2.900749948012899537e+00 6.377333275909460752e+01
