1.944701559017910768e+04 1.931332779175655742e+04
1.967786284643437466e+04 1.953880049849502029e+04
1.990204855287656028e+04 1.975747591933841613e+04
2.011901330053949641e+04 1.996879644756799462e+04
2.032817369668411629e+04 2.017218259201788533e+04
2.052892888357991615e+04 2.036703916220236351e+04
2.072067532974421192e+04 2.055276906715243604e+04
2.090279696630580293e+04 2.072876351274741683e+04
2.107465005332999863e+04 2.089438699219890987e+04
2.123558947598356826e+04 2.104900349411235948e+04
2.138497245119947911e+04 2.119198028367900042e+04
2.152213573532287410e+04 2.132266583019870086e+04
2.164641049556569487e+04 2.144040437778954947e+04
2.175714051951558577e+04 2.154455374154741730e+04
2.185367012949913260e+04 2.163447367925975777e+04
2.193533416590721390e+04 2.170951628749307201e+04
2.200148704242816530e+04 2.176905427143118504e+04
2.205150576488032675e+04 2.181248400201273398e+04
2.208477028765941213e+04 2.183920688331537531e+04
2.210068316863907603e+04 2.184864827200023137e+04
2.209868536376222255e+04 2.184027268905789606e+04
2.207825383627618066e+04 2.181358216909501789e+04
2.203890290412219474e+04 2.176811787101739174e+04
2.198019767263787435e+04 2.170347224463597377e+04
2.190176168274596785e+04 2.161929673812369583e+04
2.180329226416536767e+04 2.151531826844170428e+04
2.168455462605300636e+04 2.139133200970651524e+04
2.154538207884282747e+04 2.124720091727028193e+04
2.138571912168182826e+04 2.108289961090567522e+04
2.120562769382769329e+04 2.089852042829972197e+04
2.100524359003001518e+04 2.069422841710028297e+04
2.078480800647502110e+04 2.047029288665306012e+04
2.054476395580122698e+04 2.022718439462898095e+04
2.028565170818449405e+04 1.996546884534469791e+04
2.000808257370540741e+04 1.968578074567544900e+04
1.971289785310926891e+04 1.938898222996780896e+04
1.940113360240433394e+04 1.907612732750650321e+04
1.907386188050709825e+04 1.874830267181652380e+04
1.873228594827504276e+04 1.840672236988789155e+04
1.837793812084815727e+04 1.805292512306538629e+04
1.801238914703499904e+04 1.768848396089349262e+04
1.763720390843478526e+04 1.731496201016242776e+04
1.725425401122500261e+04 1.693422318695188369e+04
1.686556822145969636e+04 1.654828332442389728e+04
1.647307029773804243e+04 1.615904979969736269e+04
1.607873267703286729e+04 1.576847424034838150e+04
1.568476836577534596e+04 1.537874292778423296e+04
1.529326693887956571e+04 1.499191625838989967e+04
1.490616980471245370e+04 1.460990460783420531e+04
1.452553119302095001e+04 1.423472579292135015e+04
1.415335673387835777e+04 1.386834676028898502e+04
1.379144136343078753e+04 1.351252484231874769e+04
1.344122972147746077e+04 1.316867247908377612e+04
1.310372882967750047e+04 1.283777296509645021e+04
1.277979228838345807e+04 1.252065852695283138e+04
1.247016058118115507e+04 1.221805013753868479e+04
1.217545619052582879e+04 1.193055216903411383e+04
1.189621096654403846e+04 1.165868077957332025e+04
1.163279567069317818e+04 1.140279683525360269e+04
1.138364385326834963e+04 1.116138009083557517e+04
1.114555967135052924e+04 1.093132625929675851e+04
1.091554383303084796e+04 1.070972004831357117e+04
1.069113989383473563e+04 1.049417897499550782e+04
1.047037793666234938e+04 1.028279712112275411e+04
1.025135092222135427e+04 1.007372492303020954e+04
1.003139509885243569e+04 9.864376218453589900e+03
9.807609534101116878e+03 9.651925805262952053e+03
9.577048957764543957e+03 9.433495933644855540e+03
9.336340257513324104e+03 9.205786089635459575e+03
9.082474125035878387e+03 8.965829935015612136e+03
8.813176662849889908e+03 8.711376378822265906e+03
8.526873976405962821e+03 8.440837970238560956e+03
8.223997394774341956e+03 8.154584454982004900e+03
7.906589459277574861e+03 7.854559840372447979e+03
7.578109724319405359e+03 7.544093220719782039e+03
7.243268686107028770e+03 7.227749670097263333e+03
6.907405739041661946e+03 6.910707231057328499e+03
6.576229571965714968e+03 6.598516719593952985e+03
6.255145994630748646e+03 6.296423486623555618e+03
5.949103362248306439e+03 6.009233300842170138e+03
5.662850415756251095e+03 5.741543972220576507e+03
5.400428321593218243e+03 5.497271865839506063e+03
5.164987230028412341e+03 5.279441482539803474e+03
4.958044815597097113e+03 5.089535284485426928e+03
4.778344185687054051e+03 4.926314962613341777e+03
4.622616260070021781e+03 4.786607529732734292e+03
4.484606823119619548e+03 4.664322440486342202e+03
4.357072354436211754e+03 4.552376540035266771e+03
4.232084636639169730e+03 4.442967263718955110e+03
4.102481580453749302e+03 4.328987413976631615e+03
3.962442365576391694e+03 4.204585397140848727e+03
3.808401543854616648e+03 4.066112012783016326e+03
3.639782931043624103e+03 3.912881700974561227e+03
3.458933839973466092e+03 3.747140132032896872e+03
3.270935243573811476e+03 3.573904726244185895e+03
3.082317763581122563e+03 3.399655344776588208e+03
2.900334483051241023e+03 3.231592298624912928e+03
2.732325868488978813e+03 3.076983042786647729e+03
2.584549079274680025e+03 2.941976732679594079e+03
2.459732948299253167e+03 2.829235382252355521e+03
2.355788291617223422e+03 2.736691955810223135e+03
2.266706039776562193e+03 2.658424694274009198e+03
2.185148940157707329e+03 2.587191386686626174e+03
2.104297449153306388e+03 2.516221936087491940e+03
2.018063256803375452e+03 2.439427176512892856e+03
1.922458247635350745e+03 2.352796373227835375e+03
1.818270372471243945e+03 2.257114285088709494e+03
1.710997701822662066e+03 2.157897055780665596e+03
1.607385720988163030e+03 2.061886272760320026e+03
1.512888141979152351e+03 1.974482302394163071e+03
1.430762541161077479e+03 1.898859524747635078e+03
1.361158961813618362e+03 1.835117499403318789e+03
1.300419494106791944e+03 1.779631629283105440e+03
1.243232659876679691e+03 1.727177749851438421e+03
1.184741745827464911e+03 1.672995643458213863e+03
1.122413615487312200e+03 1.614634409167129434e+03
1.057783635766801353e+03 1.553655700052952398e+03
9.947960228863596512e+02 1.493955834175642394e+03
9.367961435233640941e+02 1.438784295986391044e+03
8.855851704870619869e+02 1.389840767016302152e+03
8.403541087300346817e+02 1.346301215314383626e+03
7.980736693808985365e+02 1.305248759320766567e+03
7.561448876876677332e+02 1.264225834524638458e+03
7.136874990044237848e+02 1.222442309036144252e+03
6.718122815031083519e+02 1.180989204786733353e+03
6.326014162961313332e+02 1.141823713272214718e+03
5.969736165879171494e+02 1.105772928704361220e+03
5.643188342159678541e+02 1.072246893558635065e+03
5.333030580114420900e+02 1.040023233533665461e+03
5.029630637787377623e+02 1.008251665116726599e+03
4.735077711757276688e+02 9.771442131328301457e+02
4.457521249259250453e+02 9.474271571520973794e+02
4.200277687930422417e+02 9.193760198079044130e+02
3.959859451927811165e+02 8.926756272799403860e+02
3.730408072083621391e+02 8.668278646596779708e+02
3.510463803493800015e+02 8.417191703646440146e+02
3.302269878958275626e+02 8.175370923279806448e+02
3.107353563314184726e+02 7.943974387241324848e+02
2.924012637455873005e+02 7.721557912972692748e+02
2.750060162260942320e+02 7.506386100058085731e+02
2.585114444956093962e+02 7.298159782889737244e+02
2.429779568785490937e+02 7.097282759831963403e+02
2.283649160194285344e+02 6.903382895402461372e+02
2.145647015614043198e+02 6.715634289119893765e+02
2.015275959194030122e+02 6.533645157502886605e+02
1.892471137922773323e+02 6.357311410193785832e+02
1.776835206501573623e+02 6.186302985308723237e+02
1.667884534887758434e+02 6.020246219501094629e+02
1.565172028080569078e+02 5.858802431422521977e+02
1.468480613016979248e+02 5.701776590631519639e+02
1.377495468986915625e+02 5.548921666039526599e+02
1.291894777654208326e+02 5.399992853711722773e+02
1.211374111516330458e+02 5.254762718320987460e+02
1.135645527739820579e+02 5.113020201838513685e+02
1.064436708032932160e+02 4.974569708399351953e+02
9.974901422380121119e+01 4.839230257772866821e+02
9.345626096878982025e+01 4.706834945595349495e+02
8.754271447189969990e+01 4.577232942661825632e+02
8.198704937687881511e+01 4.450287476610874364e+02
7.676901858693079816e+01 4.325873033675140960e+02
7.186940455866552213e+01 4.203874746707891745e+02
6.726997618341454199e+01 4.084187857378897775e+02
6.295344673907358413e+01 3.966717206714828876e+02
5.890343271562390015e+01 3.851376765823698634e+02
5.510437424319435706e+01 3.738091877449095932e+02
5.154146599384309724e+01 3.626801464808976903e+02
4.820071007922700090e+01 3.517451951470659424e+02
4.506888746748724373e+01 3.409996082483165196e+02
4.213351835026342940e+01 3.304392566554737414e+02
3.938282426242385270e+01 3.200605726323381646e+02
3.680569189569558830e+01 3.098605155522056407e+02
3.439163968767527280e+01 2.998366994552686151e+02
3.213079183710081566e+01 2.899884117342585341e+02
3.001383999542395387e+01 2.803157495655458433e+02
2.803200896750379911e+01 2.708189549262714877e+02
2.617702861620141874e+01 2.614983905333298253e+02
2.444110708891410511e+01 2.523545199152795817e+02
2.281690529202821338e+01 2.433878878309524794e+02
2.129751251392170985e+01 2.345991192201641127e+02
1.987642056354482278e+01 2.259898406510405948e+02
1.854750135195910588e+01 2.175629450218026761e+02
1.730499039625787105e+01 2.093210936866425698e+02
1.614346696677876380e+01 2.012665923074175680e+02
1.505783486678159910e+01 1.934013951489513090e+02
1.404330419144111097e+01 1.857271102102834845e+02
1.309537402325254085e+01 1.782450051577227441e+02
1.220981568497128755e+01 1.709562384367554273e+02
1.138265597683210650e+01 1.638627243597476593e+02
1.061016400846137664e+01 1.569661836082982802e+02
9.888837780302216274e+00 1.502677610890017661e+02
9.215390867561756849e+00 1.437680554145889289e+02
8.586739824103137408e+00 1.374671490305572377e+02
7.999992271646883424e+00 1.313646386006954856e+02
7.452435616686200248e+00 1.254596754804226606e+02
6.941525873602738983e+00 1.197512263493081406e+02
6.464877778995338886e+00 1.142380604377361948e+02
6.020255959629245091e+00 1.089185056205551376e+02
5.605565954022421415e+00 1.037904726231918033e+02
5.218845711619985117e+00 9.885149177707299373e+01
4.858257575902612757e+00 9.409874880566242439e+01
