2.150800048431744653e+04 2.136797341207715363e+04
2.175674690675630700e+04 2.161108126650987833e+04
2.199755612572159225e+04 2.184610564300258920e+04
2.222975515552424986e+04 2.207237684720696052e+04
2.245264893920151371e+04 2.228920467173103680e+04
2.266553834220680437e+04 2.249589563472009104e+04
2.286770493062509922e+04 2.269173778057619347e+04
2.305840170379121264e+04 2.287599146023534195e+04
2.323688153377508206e+04 2.304791781740836450e+04
2.340239489719517587e+04 2.320677668369905950e+04
2.355415443666163628e+04 2.335179185317871452e+04
2.369136691217626503e+04 2.348218259036140807e+04
2.381325260575026550e+04 2.359718278168654797e+04
2.391902168185146365e+04 2.369601789444432507e+04
2.400787251004874634e+04 2.377790345571480793e+04
2.407902794098185404e+04 2.384208065234732203e+04
2.413173059842837756e+04 2.388781189792270743e+04
2.416521185948225320e+04 2.391435087927447239e+04
2.417873224446331733e+04 2.392098187417644294e+04
2.417159777818182920e+04 2.390703575043753153e+04
2.414314122764167769e+04 2.387187245091682416e+04
2.409273113525890221e+04 2.381488976695876772e+04
2.401979978109268268e+04 2.373554996932450376e+04
2.392384644230853883e+04 2.363338365594192874e+04
2.380443670831945929e+04 2.350799038457133065e+04
2.366121624208727735e+04 2.335905030187043303e+04
2.349392061544233002e+04 2.318633351716798643e+04
2.330240955014547581e+04 2.298973618633548904e+04
2.308665861430434234e+04 2.276927098058967385e+04
2.284674184595655242e+04 2.252504787971119731e+04
2.258288462454198088e+04 2.225732791192182412e+04
2.229551764342819297e+04 2.196657794735280913e+04
2.198517975021790335e+04 2.165337075289132554e+04
2.165253017952976006e+04 2.131839680967787353e+04
2.129852764648478114e+04 2.096264466140970762e+04
2.092430117933830843e+04 2.058727002264797557e+04
2.053104406344568997e+04 2.019348846672439686e+04
2.012020578096508689e+04 1.978276737335677171e+04
1.969356988101776005e+04 1.935690338616110239e+04
1.925293889570314786e+04 1.891770667369417060e+04
1.880019238174081329e+04 1.846705834176193457e+04
1.833768640287512608e+04 1.800730695601331536e+04
1.786784817515096802e+04 1.754086566065423904e+04
1.739298967780718158e+04 1.707002731627138928e+04
1.691565786045573259e+04 1.659731072829686673e+04
1.643862418117146808e+04 1.612545038533694424e+04
1.596444411994376242e+04 1.565696194019017639e+04
1.549562690637049673e+04 1.519430769323729692e+04
1.503515190161371538e+04 1.474039929123256297e+04
1.458583250728300663e+04 1.429798009085051308e+04
1.415012258377722537e+04 1.386943792835678505e+04
1.372985278925482089e+04 1.345654505756493381e+04
1.332635013548738607e+04 1.306057736299998942e+04
1.294073509935205220e+04 1.268260903913734910e+04
1.257435334883893847e+04 1.232392517001990018e+04
1.222943233146284183e+04 1.198664816293568219e+04
1.190809722369465999e+04 1.167280260556699977e+04
1.161172630375571498e+04 1.138369401965053839e+04
1.133824867749664190e+04 1.111728638069684712e+04
1.108443837284294568e+04 1.087042620661007277e+04
1.084736270447219613e+04 1.064024874312622342e+04
1.062444176674905248e+04 1.042424584634602797e+04
1.041334466313098346e+04 1.022015633024029194e+04
1.021156223929410953e+04 1.002555172611128364e+04
1.001555507952452172e+04 9.837023665340391744e+03
9.821747768378934779e+03 9.651127751273224931e+03
9.625971664440488894e+03 9.463860020724463538e+03
9.423506596856061151e+03 9.270692037164659268e+03
9.209780045442561459e+03 9.067232910025688398e+03
8.979997077485446425e+03 8.848891633771199849e+03
8.730044785641131966e+03 8.611714591306297734e+03
8.457546426309607341e+03 8.353433419570228580e+03
8.161415508167528969e+03 8.073000551750244995e+03
7.843042886368433756e+03 7.771762899690679660e+03
7.505375130515937599e+03 7.452549267588524344e+03
7.153636139686524075e+03 7.120380726114907702e+03
6.793993141967607698e+03 6.781175141766993875e+03
6.433491700349219172e+03 6.441678155439111833e+03
6.079184984397554217e+03 6.108630280632639369e+03
5.738348336307103636e+03 5.788965553803986040e+03
5.418109300959679786e+03 5.489421096912470603e+03
5.125190578270898186e+03 5.216335517377429824e+03
4.864659136760346883e+03 4.974444265745555640e+03
4.640115044028227203e+03 4.767051925792326074e+03
4.451749012316165135e+03 4.594258449124991785e+03
4.297065985459334115e+03 4.453604123532534686e+03
4.170063246518210690e+03 4.339363087913276104e+03
4.062897460056886302e+03 4.244061367697861897e+03
3.965939303883128559e+03 4.158556065426252644e+03
3.869344084764534273e+03 4.073467550660975121e+03
3.763644180108413821e+03 3.979735239756850206e+03
3.641278135002160070e+03 3.870084147956769812e+03
3.497759049334961674e+03 3.740155156839673964e+03
3.332542600598942045e+03 3.589377372104886490e+03
3.149275343975111355e+03 3.421247693796042768e+03
2.954978080327930456e+03 3.242519753050698910e+03
2.759311544134615360e+03 3.062462078904428381e+03
2.573527182227363483e+03 2.891803528249228748e+03
2.408382952512609336e+03 2.740678204280033697e+03
2.270766007317301046e+03 2.615466182576831216e+03
2.161723258030894158e+03 2.517029488608207430e+03
2.077038758764393606e+03 2.441315735510824652e+03
2.009276676833459533e+03 2.381303133257645186e+03
1.949106002210184215e+03 2.328210496232191872e+03
1.885927999129822865e+03 2.272037354583604611e+03
1.810568265420495209e+03 2.204096036932432071e+03
1.719581501786836498e+03 2.121133101255234578e+03
1.616472217704944569e+03 2.026527512054806039e+03
1.509014221162981130e+03 1.927704055136589886e+03
1.406287197391284053e+03 1.833234825637071253e+03
1.316562068300489727e+03 1.750788415899126676e+03
1.244144850234393971e+03 1.684236302466766347e+03
1.187528898335459644e+03 1.632060052215595988e+03
1.140726526497658597e+03 1.588669470111219425e+03
1.095447689866432484e+03 1.546410189571034152e+03
1.044577787709777340e+03 1.498753408542016814e+03
9.862978712031318764e+02 1.444097684282835644e+03
9.239700597240897650e+02 1.385623534459692564e+03
8.633843818609583423e+02 1.328667640947393011e+03
8.102320041699113062e+02 1.278342988562217442e+03
7.665765506427200080e+02 1.236398374231679099e+03
7.297790231121451825e+02 1.200385122948217941e+03
6.950782129795547917e+02 1.166043205973935756e+03
6.584440692007478901e+02 1.129841271838355851e+03
6.192477976298364410e+02 1.091301090527691485e+03
5.803539168897694935e+02 1.052981369117622535e+03
5.450018521751719618e+02 1.017674724528429351e+03
5.144231298340754392e+02 9.863717496311920740e+02
4.871854888227202309e+02 9.577994168426511123e+02
4.606827252492362277e+02 9.297595408473407588e+02
4.336872129951001398e+02 9.012666489473272122e+02
4.071280520755651082e+02 8.731217899510558027e+02
3.825707806957929051e+02 8.465938655948835958e+02
3.605230066136699065e+02 8.220529714761597688e+02
3.400511859691000609e+02 7.987325677084036215e+02
3.201193120018045875e+02 7.758281923743686548e+02
3.007050122022892538e+02 7.533395587135927371e+02
2.824837211095942848e+02 7.317769813548015918e+02
2.657150306448732522e+02 7.113138481343669355e+02
2.499863914834614320e+02 6.916340782664890412e+02
2.348962569096989625e+02 6.724503811817335190e+02
2.205431943006202289e+02 6.538333208153167107e+02
2.071397749034289291e+02 6.359199651715725849e+02
1.945939547478743918e+02 6.186371162152188390e+02
1.827005263323650297e+02 6.018453081569832648e+02
1.714487580140465184e+02 5.855343424610535976e+02
1.608867088626854809e+02 5.697267892837124919e+02
1.509726395731666173e+02 5.543898257517369075e+02
1.416345776985699842e+02 5.394762832896161626e+02
1.328367261379796673e+02 5.249591028684519642e+02
1.245525248508934055e+02 5.108173130652376130e+02
1.167562348166528068e+02 4.970313515744265942e+02
1.094229636440242075e+02 4.835829855410015057e+02
1.025286842444361781e+02 4.704552375697987259e+02
9.605024719650758414e+01 4.576323168886147528e+02
8.996532674521905903e+01 4.450995241682687720e+02
8.425162519763765090e+01 4.328427623923641363e+02
7.888732233191132082e+01 4.208486423430514947e+02
7.385182007639474477e+01 4.091048105620654383e+02
6.912569456844768467e+01 3.975999054034750770e+02
6.469063107436593896e+01 3.863235059886421823e+02
6.052936244575464286e+01 3.752660839940193682e+02
5.662561104271459556e+01 3.644189584821076551e+02
5.296409931503440305e+01 3.537745515762433115e+02
4.953057967059220346e+01 3.433267908781061806e+02
4.631160590530446797e+01 3.330703242386367151e+02
4.329446356865717149e+01 3.230003467823501069e+02
4.046713498480874449e+01 3.131125699612400695e+02
3.781826556840368170e+01 3.034031914556894662e+02
3.533713141730869722e+01 2.938688658223265975e+02
3.301360503262099400e+01 2.845067438230586845e+02
3.083809676452739623e+01 2.753151014202952638e+02
2.880154813467977704e+01 2.662929264644094474e+02
2.689542662406064366e+01 2.574393999307571335e+02
2.511169752840584479e+01 2.487538693370354110e+02
2.344279684938657482e+01 2.402358299937259858e+02
2.188160552172402262e+01 2.318849065971970163e+02
2.042142493093691513e+01 2.237008386490535941e+02
1.905595525417777480e+01 2.156840110746785513e+02
1.777927449626025336e+01 2.078359248313204262e+02
1.658581392589254833e+01 2.001580347628084269e+02
1.547033790243256313e+01 1.926515896452696950e+02
1.442792519585416500e+01 1.853176309786960019e+02
1.345395126088213900e+01 1.781569923484838114e+02
1.254407142346356174e+01 1.711702993559118511e+02
1.169420460231048509e+01 1.643580894242797683e+02
1.090051601347269639e+01 1.577216279039599556e+02
1.015940495675373079e+01 1.512622550849725940e+02
9.467492659519933795e+00 1.449808739372212472e+02
8.821609284780777216e+00 1.388779663503207473e+02
8.218781639640907244e+00 1.329536135148842391e+02
7.656221559723957348e+00 1.272075166248733353e+02
7.131314932259051886e+00 1.216390210566833048e+02
6.641611089636708876e+00 1.162473639549636033e+02
6.184812955875251816e+00 1.110317908446548500e+02
5.758768257318064521e+00 1.059911793979362784e+02
5.361460824661250513e+00 1.011240299884163818e+02
4.991002347990521670e+00 9.642849571857372837e+01
4.645624603857803514e+00 9.190241185034183502e+01
4.323672129407898801e+00 8.754332452653984831e+01
