1.578364059301984889e+04 1.566998064011196402e+04
1.601265249305000543e+04 1.589407832795055219e+04
1.623777379576049680e+04 1.611413518029412444e+04
1.645850867306302098e+04 1.632965700389146332e+04
1.667435004483217563e+04 1.654013898531816085e+04
1.688477505921853663e+04 1.674506116991024101e+04
1.708923038754822483e+04 1.694387381161236044e+04
1.728714998329088849e+04 1.713601516766183704e+04
1.747795978311817453e+04 1.732091626038315371e+04
1.766105643769927701e+04 1.749798010855944813e+04
1.783581314345658757e+04 1.766658753698860164e+04
1.800160029013988242e+04 1.782611748890413219e+04
1.815777835498251079e+04 1.797594015292380573e+04
1.830368203719062149e+04 1.811540154017447639e+04
1.843864557420726487e+04 1.824384833778034954e+04
1.856200824916249258e+04 1.836063337954121380e+04
1.867309165573582868e+04 1.846509361528025329e+04
1.877121213166171947e+04 1.855656232542129146e+04
1.885570249522486120e+04 1.863439036233600928e+04
1.892590553758004899e+04 1.869794001901001320e+04
1.898116423726624271e+04 1.874657575754477512e+04
1.902084705276801833e+04 1.877968864791761007e+04
1.904435467741947286e+04 1.879670301873572316e+04
1.905111526308428802e+04 1.879707244946590072e+04
1.904059384399171904e+04 1.878028865814401433e+04
1.901230271265270858e+04 1.874589123979962824e+04
1.896581404734947864e+04 1.869348059745357386e+04
1.890077108014946498e+04 1.862272931483522189e+04
1.881687886716784851e+04 1.853337196116533232e+04
1.871391479212210106e+04 1.842521537713166617e+04
1.859178360872319172e+04 1.829819393085631600e+04
1.845048526824914734e+04 1.815233673168859968e+04
1.829009132011815745e+04 1.798774354490364567e+04
1.811082326511127394e+04 1.780466276333149654e+04
1.791309000781790019e+04 1.760352839937077079e+04
1.769737365647086699e+04 1.738484575470711570e+04
1.746425586138576909e+04 1.714921737525373101e+04
1.721459577051628003e+04 1.689751972977651531e+04
1.694937120413195589e+04 1.663074475442679250e+04
1.666959617170565616e+04 1.634991761505122668e+04
1.637653467222777726e+04 1.605630857459076833e+04
1.607173155936468902e+04 1.575146308303055230e+04
1.575672057810401384e+04 1.543691198945121505e+04
1.543307756633752797e+04 1.511422447084366831e+04
1.510269468451001921e+04 1.478528016324163764e+04
1.476747713037804533e+04 1.445196783404820235e+04
1.442923872848610335e+04 1.411608189415899324e+04
1.409010179326691286e+04 1.377971741477090836e+04
1.375246136796622704e+04 1.344523455252078020e+04
1.341853052975510218e+04 1.311480988928201259e+04
1.309022490356182061e+04 1.279032553721460681e+04
1.276891824086610541e+04 1.247313501677899148e+04
1.245576209489921348e+04 1.216437197281665067e+04
1.215183865674321169e+04 1.186509903467073491e+04
1.185906052599505347e+04 1.157719044706793284e+04
1.157994264130406009e+04 1.130310850485140872e+04
1.131676176807269439e+04 1.104508048843356846e+04
1.107038316714986468e+04 1.080395849833734610e+04
1.083936494309274894e+04 1.057834977975038237e+04
1.062213176347408807e+04 1.036673236426204130e+04
1.041711686585301322e+04 1.016759679254856565e+04
1.022265439518739004e+04 9.979344247874694702e+03
1.003714813683665852e+04 9.800443608419152952e+03
9.858519774596352363e+03 9.628895476626543314e+03
9.684211673162122679e+03 9.462233305941645085e+03
9.511660330264279764e+03 9.297979275305753617e+03
9.337714677281224795e+03 9.133073569914316977e+03
9.159185076269395722e+03 8.964406984520597689e+03
8.972579064060269957e+03 8.788554318970464010e+03
8.774216124363294512e+03 8.601882579326551422e+03
8.560847694012878492e+03 8.401157395917865870e+03
8.329754266303472832e+03 8.183635348422160860e+03
8.079294802644719312e+03 7.947612286562758527e+03
7.809553060465489580e+03 7.693071652030370387e+03
7.521972020468868322e+03 7.421332000263359987e+03
7.219922544586270305e+03 7.135631369472377628e+03
6.907850264301097923e+03 6.840282284607090332e+03
6.591283509689385028e+03 6.540694550740751765e+03
6.276135092209538925e+03 6.242676313636575287e+03
5.968399365399034650e+03 5.952136741590868951e+03
5.674244992112608998e+03 5.675155977442341282e+03
5.399171623420773358e+03 5.417181664015086426e+03
5.148209729747362871e+03 5.183180927144931957e+03
4.925199586617131899e+03 4.976986383090388699e+03
4.731794761010846742e+03 4.800270332173085080e+03
4.567547891828521642e+03 4.652670310316620998e+03
4.428919428193694330e+03 4.530772732368217476e+03
4.310167952399084243e+03 4.428974326304810347e+03
4.203733149000739104e+03 4.339808161644569736e+03
4.101131792271662562e+03 4.254783413209550417e+03
3.994068685181524415e+03 4.165459360508710233e+03
3.875212105057270946e+03 4.064220555601641991e+03
3.739486088461770123e+03 3.945639558455643964e+03
3.584926078935021451e+03 3.807432005235609267e+03
3.413144145425165334e+03 3.651025374166670645e+03
3.229215410956245250e+03 3.481515011893574865e+03
3.040748687840032289e+03 3.306697334921367201e+03
2.856916243529594340e+03 3.136023805046129837e+03
2.687183920500021486e+03 2.979245172125987210e+03
2.539409382143796847e+03 2.844435406628891997e+03
2.417415548339745783e+03 2.735530338158574523e+03
2.319651198511482562e+03 2.651006884130369144e+03
2.240182046874751904e+03 2.584878995066439529e+03
2.170786036200995568e+03 2.528758995379571843e+03
2.102374826028938060e+03 2.473224349927316325e+03
2.026203362442083517e+03 2.409031933716591539e+03
1.936587130779639892e+03 2.330037733418651442e+03
1.833870670766150852e+03 2.236484503050861349e+03
1.724137608727146699e+03 2.134787308886719075e+03
1.615925844012040670e+03 2.033996964117903644e+03
1.517397841758907816e+03 1.942708371901757118e+03
1.434242551076532664e+03 1.866844088035835284e+03
1.367352553080066855e+03 1.807305727209415409e+03
1.312394106921423372e+03 1.759583555494369875e+03
1.261976444124340105e+03 1.715977359610349140e+03
1.208507290148671700e+03 1.668516855585447274e+03
1.147832684433093846e+03 1.612822964900911074e+03
1.081515890851028189e+03 1.550586854063803912e+03
1.014976396383984252e+03 1.487573737359478628e+03
9.540841648732064186e+02 1.429935662388425271e+03
9.025084872680384933e+02 1.381431866634763537e+03
8.593708612183249897e+02 1.341091795917825721e+03
8.201428299382897649e+02 1.304229286464036022e+03
7.801429885370215516e+02 1.266050802922932235e+03
7.373035976629502102e+02 1.224498516797051025e+03
6.934328577331353927e+02 1.181502972109095253e+03
6.522886988924756224e+02 1.140911510220698801e+03
6.161119376676811044e+02 1.104940453053611236e+03
5.842867964505991267e+02 1.072920440635492469e+03
5.541858238557362029e+02 1.042237738560758771e+03
5.236935151540457127e+02 1.010856062481434606e+03
4.930700198779852030e+02 9.790923013017372796e+02
4.641119787742272820e+02 9.487050906522717924e+02
4.379443232478874961e+02 9.207399538180277432e+02
4.139902721930206440e+02 8.946233383982249734e+02
3.908992687249093478e+02 8.691083083848601518e+02
3.681842390693366269e+02 8.437843332409169079e+02
3.465238268929531955e+02 8.192838545861534385e+02
3.265132869754717717e+02 7.961223902957567589e+02
3.078859511492032084e+02 7.740513408431914968e+02
2.900405496173756319e+02 7.525625806101088529e+02
2.729030692509559231e+02 7.316087531242675368e+02
2.567902514364788544e+02 7.114489402317519762e+02
2.417368467428389920e+02 6.921001635091450908e+02
2.274774553214164428e+02 6.733523192059475377e+02
2.139039442901313635e+02 6.551264611565009091e+02
2.011171593293474018e+02 6.374935262759343004e+02
1.891043145896100555e+02 6.204372274897959869e+02
1.777666413386650106e+02 6.038867069824921145e+02
1.670572451362228605e+02 5.878037632257272662e+02
1.569478882736567300e+02 5.721632784280827764e+02
1.474109320585683065e+02 5.569417717922344764e+02
1.384193811293753242e+02 5.421172914526932800e+02
1.299469381315622343e+02 5.276693267055179604e+02
1.219680487064400438e+02 5.135787262558924340e+02
1.144574133275418006e+02 4.998267716076442184e+02
1.073891099173579136e+02 4.863934247066080729e+02
1.007382531457799502e+02 4.732596607887955429e+02
9.448129508595481241e+01 4.604079463955862366e+02
8.859595640874003664e+01 4.478221611107222770e+02
8.306116098447901663e+01 4.354875249386459473e+02
7.785697372801568861e+01 4.233905306777357396e+02
7.296456297224899856e+01 4.115189101788738526e+02
6.836631781173248612e+01 3.998618278145947329e+02
6.404565238024576956e+01 3.884096655480433355e+02
5.998682968072902355e+01 3.771537953546549602e+02
5.617492350718043781e+01 3.660865286729766126e+02
5.259578297978097083e+01 3.552010698456107320e+02
4.923599814585277556e+01 3.444914711663058142e+02
4.608286616424555149e+01 3.339526022068235989e+02
4.312433377726954831e+01 3.235808021063334650e+02
4.034896196403118296e+01 3.133740800635771961e+02
3.774593810831601814e+01 3.033309872610282696e+02
3.530504816223170650e+01 2.934504900612042206e+02
3.301664643067737615e+01 2.837319388446358630e+02
3.087162667081888756e+01 2.741750370034197886e+02
2.886139446440304113e+01 2.647798100734878517e+02
2.697784117799751513e+01 2.555471007498479139e+02
2.521331974967206335e+01 2.464801333314821647e+02
2.356061918632922669e+01 2.375825466739736953e+02
2.201294122375314544e+01 2.288577257670327185e+02
2.056387852149447326e+01 2.203087948563447185e+02
1.920739387570744228e+01 2.119386114190097885e+02
1.793780041219857679e+01 2.037497610026631492e+02
1.674974252670187980e+01 1.957446519732341415e+02
1.563817549704480037e+01 1.879267895781981963e+02
1.459834988260379518e+01 1.803001696568449574e+02
1.362579751145168849e+01 1.728681355636755086e+02
1.271631590006630930e+01 1.656333756234860459e+02
1.186595340860653813e+01 1.585979503649846549e+02
1.107099515503514198e+01 1.517633207913428635e+02
1.032794965080487337e+01 1.451303795246701327e+02
9.633535671324581884e+00 1.386997474834875561e+02
8.984669966291010113e+00 1.324720037974813351e+02
8.378456875624008759e+00 1.264471677613664298e+02
7.812177622353717155e+00 1.206246710257693451e+02
7.283280057818749320e+00 1.150034005918345059e+02
6.789368960324637214e+00 1.095817413157265605e+02
6.328196860398241697e+00 1.043576177027752010e+02
5.897655238771278619e+00 9.932854367149914765e+01
