2.083086897543879968e+04 2.065834019615106081e+04
2.109836521282863760e+04 2.091887820638953781e+04
2.135995743799784032e+04 2.117334173752359857e+04
2.161506957900981070e+04 2.142115818884790133e+04
2.186309876626150435e+04 2.166173109942064184e+04
2.210341909677180593e+04 2.189444369212535457e+04
2.233539780680179319e+04 2.211867335055573130e+04
2.255838682859811888e+04 2.233378337799122892e+04
2.277170579661199736e+04 2.253910645946453951e+04
2.297466752137356889e+04 2.273396963635035354e+04
2.316658268492392745e+04 2.291769903036217147e+04
2.334673835480121852e+04 2.308959968804452001e+04
2.351441034512101396e+04 2.324896741822110926e+04
2.366888141511809590e+04 2.339510612388758818e+04
2.380942900794374509e+04 2.352731633967071684e+04
2.393531341294731828e+04 2.364488419174026785e+04
2.404580778866199398e+04 2.374710992929127315e+04
2.414020198505216104e+04 2.383331174384079350e+04
2.421778545146127362e+04 2.390281026384078723e+04
2.427786483146342653e+04 2.395494497131167373e+04
2.431977847310877405e+04 2.398908776288169247e+04
2.434289124652438113e+04 2.400463883209309643e+04
2.434659502766639707e+04 2.400102748968109518e+04
2.433032587858529223e+04 2.397772751767733644e+04
2.429357224551282343e+04 2.393426537858490337e+04
2.423588972158568140e+04 2.387023617210626981e+04
2.415689613587620261e+04 2.378529716308923526e+04
2.405627315757709221e+04 2.367916857787947083e+04
2.393380697279779997e+04 2.355167488016793868e+04
2.378939143487624460e+04 2.340274756009893827e+04
2.362299244404461570e+04 2.323238824691536502e+04
2.343468406438732563e+04 2.304070463550638669e+04
2.322473469304011451e+04 2.282799665809319049e+04
2.299350757111756320e+04 2.259465616388568014e+04
2.274144523978983489e+04 2.234115098902384125e+04
2.246922221423491283e+04 2.206817731398836622e+04
2.217769113447481141e+04 2.177660545017552431e+04
2.186775357994089791e+04 2.146735048913171704e+04
2.154048528887340217e+04 2.114149729170189676e+04
2.119730687022807615e+04 2.080047079107521859e+04
2.083968573731177821e+04 2.044573807845762349e+04
2.046911062311854039e+04 2.007878329265864886e+04
2.008733806486613685e+04 1.970135583599246092e+04
1.969622808878467913e+04 1.931530514842453704e+04
1.929757718766445032e+04 1.892241297219347689e+04
1.889346413818781366e+04 1.852474041728310840e+04
1.848646441303637766e+04 1.812484324356577781e+04
1.807904097762802121e+04 1.772516176496247499e+04
1.767337301124072837e+04 1.732785339682500125e+04
1.727083204648876927e+04 1.693428563332091653e+04
1.687243880043195531e+04 1.654547948804920088e+04
1.647916328848987541e+04 1.616240199265894989e+04
1.609311357462275555e+04 1.578715418971573490e+04
1.571770927972411846e+04 1.542314673212227535e+04
1.535613730663842216e+04 1.507356011021677296e+04
1.501070063532590029e+04 1.474070563403315646e+04
1.468101975341374055e+04 1.442425850980555697e+04
1.436606956217750667e+04 1.412325673044342147e+04
1.406483612285910385e+04 1.383674626403670845e+04
1.377575141475518467e+04 1.356322521514807522e+04
1.349697153211968362e+04 1.330091519028513903e+04
1.322673052857102630e+04 1.304810700325378639e+04
1.296282836229045279e+04 1.280264620721184292e+04
1.270286741200266442e+04 1.256216632035405200e+04
1.244453449349481343e+04 1.232436607360034759e+04
1.218519438274612548e+04 1.208658639060236783e+04
1.192226140239555025e+04 1.184618932523978765e+04
1.165292661857613166e+04 1.160026822154496585e+04
1.137395454065964441e+04 1.134542788766288140e+04
1.108242433963516851e+04 1.107854713433852703e+04
1.077576303133048350e+04 1.079679476438199526e+04
1.045197251453832541e+04 1.049788192799687749e+04
1.011072762402565786e+04 1.018121015967760104e+04
9.752871735280443318e+03 9.847369353645461160e+03
9.381394967280792116e+03 9.499195715604251745e+03
9.000713085086919818e+03 9.141044137702572698e+03
8.616376556174402140e+03 8.778512803731775421e+03
8.234390267407634383e+03 8.417742866310205500e+03
7.860769286463433673e+03 8.064948569819269323e+03
7.501092162230624126e+03 7.725952594686163138e+03
7.160492953029260207e+03 7.406163501537656884e+03
6.843392007086310514e+03 7.110293359604721445e+03
6.553540263942723868e+03 6.842399147144061317e+03
6.293083203036841951e+03 6.604918333588775567e+03
6.062229394859932654e+03 6.398275313829452898e+03
5.858578374580403761e+03 6.220165978924541378e+03
5.676916731015139703e+03 6.065257701820013608e+03
5.509963359289895379e+03 5.925905009278299076e+03
5.349338313415402808e+03 5.793105284704452060e+03
5.186875401840188715e+03 5.657865667452262642e+03
5.015694207207976433e+03 5.512385213757031124e+03
4.830993469638149691e+03 5.350987655299377366e+03
4.630978957266935140e+03 5.171281532342599348e+03
4.416984832510381239e+03 4.974399268199954349e+03
4.193569810527306799e+03 4.765219653675560949e+03
3.967543194729456900e+03 4.551291577105792385e+03
3.746631939525964754e+03 4.341307014269483261e+03
3.538583639537670933e+03 4.144052172980149408e+03
3.350362905136515565e+03 3.967463133567165187e+03
3.186585743546262620e+03 3.816861394740148171e+03
3.047408588532121030e+03 3.692599682523364663e+03
2.927948340573122096e+03 3.589347877909518047e+03
2.820079979315907622e+03 3.498010678603072392e+03
2.715483967065355955e+03 3.409100257539031645e+03
2.607361305494309363e+03 3.314694011863767173e+03
2.490831088992969399e+03 3.208976700326518767e+03
2.364540558938234881e+03 3.090244613013763228e+03
2.232474249016725935e+03 2.963125626722575362e+03
2.102251348129985672e+03 2.836576068387195846e+03
1.980976711304345827e+03 2.718942033988669209e+03
1.873075207109482335e+03 2.615399654269911480e+03
1.779872240888113311e+03 2.527506992987611284e+03
1.698758456637932113e+03 2.452274571037717578e+03
1.624060038572991061e+03 2.383158389042464023e+03
1.549713090197973997e+03 2.313134253147639811e+03
1.472004571255985411e+03 2.237909800119919964e+03
1.390829571931720466e+03 2.157439219699119803e+03
1.310090128403975996e+03 2.076361137106149727e+03
1.234429245940558303e+03 2.000109720597338310e+03
1.166427916243163054e+03 1.931650326317904501e+03
1.106161524306433421e+03 1.871033647547802730e+03
1.050895896426830404e+03 1.815131221347682413e+03
9.969837049836085043e+02 1.759840634114971635e+03
9.427000494136224233e+02 1.703296184335303224e+03
8.886594534416466331e+02 1.646290108269890879e+03
8.371044042044293292e+02 1.591385104890540788e+03
7.898701731123993568e+02 1.540602210076408483e+03
7.467286794525210780e+02 1.493660261658061700e+03
7.061812104975472266e+02 1.448934520562035686e+03
6.668011619027093957e+02 1.404941884713946138e+03
6.283538547388696998e+02 1.361500574349595126e+03
5.917323689830243438e+02 1.319583502960402711e+03
5.576706331798890233e+02 1.279941939284058208e+03
5.259486812563587819e+02 1.242337483901543010e+03
4.958430166203738736e+02 1.206057182975683418e+03
4.669411488134553565e+02 1.170726782913621719e+03
4.394262737265943315e+02 1.136544235530400783e+03
4.136009469101115883e+02 1.103792129402946784e+03
3.893587499836560255e+02 1.072364047430266965e+03
3.663933821917699447e+02 1.041987485002461426e+03
3.445715665881726864e+02 1.012554160791693789e+03
3.239671346858845595e+02 9.841266447876041639e+02
3.045855491318397981e+02 9.567012538756342792e+02
2.862939315114248870e+02 9.301655651042214004e+02
2.689960216260577681e+02 9.044415593230648938e+02
2.526784951682976725e+02 8.795124654348079503e+02
2.373133392928023966e+02 8.553479573120306441e+02
2.228267318924235667e+02 8.318873816048210301e+02
2.091694777372379690e+02 8.090883220351015552e+02
1.963045120700466271e+02 7.869175463919488038e+02
1.841902973524990443e+02 7.653371475695430490e+02
1.727858295990670285e+02 7.443104777156340788e+02
1.620521554781663554e+02 7.238036249141565577e+02
1.519522821078292623e+02 7.037852553118718788e+02
1.424510900287665152e+02 6.842264678347086146e+02
1.335152492937526176e+02 6.651006601610620237e+02
1.251131680024459314e+02 6.463832761217623784e+02
1.172150717853872237e+02 6.280509526960668154e+02
1.097927648294599692e+02 6.100820259793580362e+02
1.028194684014116120e+02 5.924568346609578384e+02
9.626976165154309228e+01 5.751576204832438179e+02
9.011952427915032615e+01 5.581684330703541264e+02
8.434588073178771594e+01 5.414750398325841161e+02
7.892714446382650806e+01 5.250648813464935074e+02
7.384272490257374955e+01 5.089281400706386762e+02
6.907308408156004020e+01 4.930576483370616643e+02
6.459974037991139539e+01 4.774473864959075513e+02
6.040522029918889757e+01 4.620923401551078769e+02
5.647300920849586703e+01 4.469884391896712827e+02
5.278750407627586583e+01 4.321324974463174158e+02
4.933396813946228576e+01 4.175221534577045190e+02
4.609848714693685423e+01 4.031570528260157857e+02
4.306792722074051483e+01 3.890411687971487709e+02
4.022989601753236144e+01 3.751791362977633071e+02
3.757270480007301217e+01 3.615753975473361947e+02
3.508533196938304854e+01 3.482341811862996792e+02
3.275738822785043425e+01 3.351594823729332120e+02
3.057908331955684744e+01 3.223550439267725665e+02
2.854119375611432474e+01 3.098246452393997288e+02
2.663502822836420592e+01 2.975746652622132160e+02
2.485240240098200815e+01 2.856122797973102934e+02
2.318561456377392815e+01 2.739436162338340068e+02
2.162741917905231048e+01 2.625737680644774059e+02
2.017100169667672915e+01 2.515068333861569272e+02
1.880995462231613757e+01 2.407459553694979491e+02
1.753825476710172282e+01 2.302933767911826806e+02
1.635024066125463449e+01 2.201511385669265053e+02
1.524059192881998825e+01 2.103213040766881932e+02
1.420431155159667824e+01 2.008049467262150358e+02
1.323670748595550428e+01 1.916021283668408159e+02
1.233337510599049125e+01 1.827119701358942621e+02
1.149018057761881551e+01 1.741327228237961151e+02
1.070324512018652996e+01 1.658618363584542408e+02
9.968929751884171964e+00 1.578960492356401346e+02
9.283820205622729915e+00 1.502315171272294378e+02
8.644715083967232871e+00 1.428637961361114606e+02
8.048613654038739185e+00 1.357878806810945491e+02
7.492703861344917726e+00 1.289982663189746290e+02
6.974351014696227757e+00 1.224890099690532566e+02
6.491087107978612103e+00 1.162537873904249892e+02
