1.630919890845851114e+04 1.621302856781911032e+04
1.651736237158732183e+04 1.641713173171193557e+04
1.671993454192994977e+04 1.661552668207154784e+04
1.691637497016152702e+04 1.680767288187953091e+04
1.710613543580675832e+04 1.699302252760987176e+04
1.728864427913164400e+04 1.717100580244081357e+04
1.746331035033951775e+04 1.734103476972849239e+04
1.762953941506111369e+04 1.750251908701874345e+04
1.778672378230289905e+04 1.765485561709423928e+04
1.793422219847697124e+04 1.779740832847294587e+04
1.807139059575612555e+04 1.792953914648475984e+04
1.819758789019823598e+04 1.805061382842121384e+04
1.831215381904323658e+04 1.815998017815993444e+04
1.841442314749514844e+04 1.825698215005571546e+04
1.850374474833689965e+04 1.834097873936432006e+04
1.857946765820385190e+04 1.841133033837575567e+04
1.864092985747904822e+04 1.846738779297932342e+04
1.868749144449965752e+04 1.850852512117302467e+04
1.871853838686208474e+04 1.853414332595259475e+04
1.873346450722051304e+04 1.854365309083406828e+04
1.873169213077531822e+04 1.853649490228126524e+04
1.871268729929383335e+04 1.851215389712643810e+04
1.867595912764696914e+04 1.847015987195251000e+04
1.862106319265689308e+04 1.841009078068121016e+04
1.854761302919161244e+04 1.833158324974191055e+04
1.845529035987824318e+04 1.823434296668183742e+04
1.834386598441938258e+04 1.811816650775299058e+04
1.821318712272546691e+04 1.798292740146525466e+04
1.806317821723853922e+04 1.782857641748349124e+04
1.789390041670674691e+04 1.765520187131281273e+04
1.770554387466867047e+04 1.746302143073020125e+04
1.749837639545369530e+04 1.725232953387792077e+04
1.727279806772258962e+04 1.702355206364114565e+04
1.702943825543588537e+04 1.677734349314985593e+04
1.676901521599397529e+04 1.651444534462010051e+04
1.649232533847628292e+04 1.623567502284830880e+04
1.620044413357305530e+04 1.594212621424787540e+04
1.589461376648254736e+04 1.563505605710342752e+04
1.557609213232919683e+04 1.531573421751550632e+04
1.524633223811696007e+04 1.498562046366683171e+04
1.490712528636774368e+04 1.464650591617974169e+04
1.456024093181581702e+04 1.430015627080666673e+04
1.420743404080576329e+04 1.394831834296806664e+04
1.385076733227008117e+04 1.359303819344492877e+04
1.349233121398707954e+04 1.323638451883354173e+04
1.313407047377318668e+04 1.288027787042376622e+04
1.277815667448591012e+04 1.252685331547668829e+04
1.242705887527333471e+04 1.217852905035872027e+04
1.208302716577957653e+04 1.183750414742769863e+04
1.174798458301270693e+04 1.150565343487216705e+04
1.142327540999007761e+04 1.118428115896260897e+04
1.110997852910410074e+04 1.087442967595319715e+04
1.080907426674147428e+04 1.057704271617678751e+04
1.052228466470723470e+04 1.029377052716785511e+04
1.025191465084050287e+04 1.002681754781618292e+04
1.000003065158733443e+04 9.778156299853122619e+03
9.767230945124339996e+03 9.548336043637404146e+03
9.551539558136768392e+03 9.335412259932656525e+03
9.350849359514033495e+03 9.137316819386589486e+03
9.163208898742443125e+03 8.952139467240214799e+03
8.986781475757094086e+03 8.778091491580118600e+03
8.819841194568445644e+03 8.613494675876852853e+03
8.660155244057988966e+03 8.456193819024181721e+03
8.504936577677382957e+03 8.303511749995945138e+03
8.351390749755142679e+03 8.152769820985032311e+03
8.196022951033324716e+03 8.000639623505267082e+03
8.035268189643714322e+03 7.843731618859666014e+03
7.865311172143606200e+03 7.678434811563643052e+03
7.682176173559493691e+03 7.500997764917933637e+03
7.482575038409720037e+03 7.308331520344382625e+03
7.264164323393048107e+03 7.098263790323437206e+03
7.025780976924095739e+03 6.869739652228937302e+03
6.768159213578260278e+03 6.623520035859614836e+03
6.493403493319738118e+03 6.361651171993173193e+03
6.205594202394730019e+03 6.088054598137976427e+03
5.909654429843878461e+03 5.807426713593556997e+03
5.611322818325217668e+03 5.525220967838966317e+03
5.316597849627379219e+03 5.247108969681638882e+03
5.031492023590581994e+03 4.978755534728711609e+03
4.762235998514628591e+03 4.725974204828000438e+03
4.514295688659804910e+03 4.493864741173163566e+03
4.292383222850350649e+03 4.286745297406664577e+03
4.099820724419219914e+03 4.107646095437445183e+03
3.937232420909548637e+03 3.957030135640256503e+03
3.803114837519161483e+03 3.833394495284911045e+03
3.692892302561578163e+03 3.732375149779712501e+03
3.600160551641665734e+03 3.647933158284434739e+03
3.517053978720058694e+03 3.572683478021594965e+03
3.435095630678767975e+03 3.498691108640413859e+03
3.346209597232523720e+03 3.418392324994073533e+03
3.243533161788922371e+03 3.325350447988412270e+03
3.122815502132624715e+03 3.215576640649198907e+03
2.983115157753733001e+03 3.088185370119127128e+03
2.827014801864915626e+03 2.945607157518214535e+03
2.660258856947205459e+03 2.793249404421015242e+03
2.490991599389521980e+03 2.638745001699878685e+03
2.328803636889538211e+03 2.491019881314778559e+03
2.183035230949014476e+03 2.358695025382599852e+03
2.060355300584311863e+03 2.247845504260571488e+03
1.962589014462840169e+03 2.160038053636284076e+03
1.886622785464615845e+03 2.092313337744205000e+03
1.826159927175480789e+03 2.038826982436513845e+03
1.773127387709457253e+03 1.992126863892365918e+03
1.718335692819402311e+03 1.943729754784287479e+03
1.653434098382486127e+03 1.885911902671488633e+03
1.574538462850694941e+03 1.815085152471275251e+03
1.484015533538058435e+03 1.733473454017791028e+03
1.388536360010920134e+03 1.647287040178180177e+03
1.296269897518659036e+03 1.564062722308129878e+03
1.214888924632321505e+03 1.490781285270845501e+03
1.148760838009226291e+03 1.431328057355915462e+03
1.097148767450534706e+03 1.384938251823979954e+03
1.054979860802515304e+03 1.346961227714006554e+03
1.014861293910943232e+03 1.310688907173469943e+03
9.700183720469630089e+02 1.269998171887231592e+03
9.180751719859615605e+02 1.222778911006400676e+03
8.617636841517753510e+02 1.171558778640703849e+03
8.063809362335597370e+02 1.121140083000896766e+03
7.573227612053873372e+02 1.076321456591428614e+03
7.170284077903677371e+02 1.039195654849101629e+03
6.834432167964516793e+02 1.007875903885444131e+03
6.521265524633141695e+02 9.784229565180070267e+02
6.191054530607007109e+02 9.473634380135470110e+02
5.833763102822346127e+02 9.138671127362244988e+02
5.474392446629756250e+02 8.801533550870683484e+02
5.145546349659421139e+02 8.490371956116425736e+02
4.861612829310286656e+02 8.217068212229396522e+02
4.611056486161972430e+02 7.971343692287771319e+02
4.368476051457410563e+02 7.731609384232041293e+02
4.119730507517919023e+02 7.486227404506629455e+02
3.872400101237994363e+02 7.241798642650250031e+02
3.642528061375543871e+02 7.011569072582989293e+02
3.436814107606253401e+02 6.800736810266424754e+02
3.246805534602209491e+02 6.602231322168710221e+02
3.061590574811662577e+02 6.407328596576523978e+02
2.879770423118453664e+02 6.215062009403776528e+02
2.708384096927728706e+02 6.030955580799635527e+02
2.550892284481411991e+02 5.857532727138348037e+02
2.403508613825873397e+02 5.691782745450136645e+02
2.261693143411228277e+02 5.530299634069565400e+02
2.126163068832819647e+02 5.373639849787579124e+02
1.999454299261037420e+02 5.223587113166049676e+02
1.880955211470449058e+02 5.079611457199502524e+02
1.768442310938828257e+02 4.940113640429553925e+02
1.661621727097622738e+02 4.804875143559459048e+02
1.561242455901571873e+02 4.674351833479211109e+02
1.467187851215556975e+02 4.548399369070050966e+02
1.378381137520563868e+02 4.426298248997543396e+02
1.294488767736138755e+02 4.307779151768755810e+02
1.215311696188573904e+02 4.192665222367562023e+02
1.140650394606808646e+02 4.080790208225913602e+02
1.070306046841347154e+02 3.971997842274924437e+02
1.004081602555470738e+02 3.866141268901182002e+02
9.417826969341075483e+01 3.763082508851861689e+02
8.832116504014699387e+01 3.662685923919157176e+02
8.281543586344143648e+01 3.564803891781992888e+02
7.764038845106456677e+01 3.469294708963153653e+02
7.277655547191193364e+01 3.376026852770431788e+02
6.820562092550471789e+01 3.284878422542175258e+02
6.391034991507132190e+01 3.195736621492156360e+02
5.987452291748150657e+01 3.108497275054921829e+02
5.608289638335000404e+01 3.023064828229259433e+02
5.252141335499387509e+01 2.939357625716081657e+02
4.917698568725479902e+01 2.857305126131581687e+02
4.603720079585587399e+01 2.776842672590144048e+02
4.309028735496148244e+01 2.697911082682576307e+02
4.032508773294755144e+01 2.620456369224737045e+02
3.773103116308027438e+01 2.544429473191408988e+02
3.529810756324170740e+01 2.469786012530668131e+02
3.301681450703794241e+01 2.396487428318258992e+02
3.087810607705855404e+01 2.324502392160099760e+02
2.887343735315678828e+01 2.253803429922028272e+02
2.699474846999980571e+01 2.184366215015136561e+02
2.523443902619196777e+01 2.116169375226138527e+02
2.358534370689187298e+01 2.049194303602294838e+02
2.204070907184994965e+01 1.983424972970418025e+02
2.059417231142445459e+01 1.918848488390116813e+02
1.923974615793966336e+01 1.855460346816110189e+02
1.797179348673662247e+01 1.793260310342131731e+02
1.678500435605722529e+01 1.732248716467676957e+02
1.567437834118893036e+01 1.672426341719867082e+02
1.463520775391694251e+01 1.613794297757710581e+02
1.366306167776149394e+01 1.556353930052343628e+02
1.275377075555364215e+01 1.500106787651075706e+02
1.190341079283702186e+01 1.445059054742188493e+02
1.110828852179264636e+01 1.391223429541425389e+02
1.036493211194419573e+01 1.338611359576765665e+02
9.670078934237318791e+00 1.287232312323309884e+02
9.020663636174413469e+00 1.237093802832654035e+02
8.413806846405478268e+00 1.188201425639643531e+02
7.846804479195365722e+00 1.140558890772056770e+02
7.317117531320881163e+00 1.094169159966988474e+02
6.822362178408490685e+00 1.049039263788562124e+02
6.360301106852168651e+00 1.005175368823279172e+02
5.928835101361798365e+00 9.625804942368129957e+01
5.525994918327086225e+00 9.212546730261858841e+01
5.149933607535428060e+00 8.811951179419673963e+01
4.798919259875088272e+00 8.423963882853045959e+01
4.471328149070199487e+00 8.048506074563653101e+01
4.165637991571812471e+00 7.685490209099535264e+01
