2.012183748652271606e+04 2.002320403595914831e+04
2.032521807879498738e+04 2.022274768053165099e+04
2.051980153009333299e+04 2.041340291271733076e+04
2.070492134650806474e+04 2.059450659379679564e+04
2.087990539752224504e+04 2.076539069848212966e+04
2.104407948979068897e+04 2.092538573566564082e+04
2.119673324500233866e+04 2.107378673564997007e+04
2.133713637021631075e+04 2.120986953562311828e+04
2.146456654043795425e+04 2.133291863338801704e+04
2.157829488150650286e+04 2.144221296254456684e+04
2.167756722229798470e+04 2.153700751414382830e+04
2.176164266840646815e+04 2.161657141301827505e+04
2.182979800585017438e+04 2.168019233824494586e+04
2.188129080010631515e+04 2.172714040478969036e+04
2.191538593822884650e+04 2.175669431191846525e+04
2.193138454543266926e+04 2.176816979442456068e+04
2.192860755528302616e+04 2.176090388306314344e+04
2.190638377202184711e+04 2.173424352122730124e+04
2.186409120289336715e+04 2.168758566014195821e+04
2.180116327917227318e+04 2.162038354273878213e+04
2.171707233186157100e+04 2.153213179264057544e+04
2.161135078238965798e+04 2.142238632526309812e+04
2.148360819837206145e+04 2.129078043114105458e+04
2.133353911253763363e+04 2.113703402490005828e+04
2.116092918065982303e+04 2.096096031263604527e+04
2.096565674524166388e+04 2.076246487627912575e+04
2.074770830081632448e+04 2.054156131690326947e+04
2.050723353868230333e+04 2.029842874227821449e+04
2.024450322732381755e+04 2.003336696151201249e+04
1.995989097658911487e+04 1.974677682024623573e+04
1.965397335607038985e+04 1.943926222543615950e+04
1.932754248865177942e+04 1.911164261686247482e+04
1.898147988557690405e+04 1.876482371061001686e+04
1.861680744575658173e+04 1.839984870349051926e+04
1.823488956443666393e+04 1.801810211596635781e+04
1.783720380811061477e+04 1.762107783876985923e+04
1.742526514372858946e+04 1.721030238929302868e+04
1.700092860343235952e+04 1.678763692763065046e+04
1.656633898443073849e+04 1.635522674671097957e+04
1.612358030337397759e+04 1.591515138269784438e+04
1.567479317274084860e+04 1.546954115528266448e+04
1.522250528756779931e+04 1.502090508701909312e+04
1.476917414372267012e+04 1.457167753914123568e+04
1.431709995605266886e+04 1.412413170950224594e+04
1.386903129880167398e+04 1.368097046925054565e+04
1.342795308508033850e+04 1.324512023487531769e+04
1.299651807855937113e+04 1.281917780021451290e+04
1.257694907078741562e+04 1.240531290443458238e+04
1.217089801256878491e+04 1.200512666992262348e+04
1.177972607910635998e+04 1.161993390245074806e+04
1.140468729940370577e+04 1.125094235922591724e+04
1.104815937624908111e+04 1.090042957149284121e+04
1.071305546172919094e+04 1.057118273637672428e+04
1.040187493188495864e+04 1.026559273694586591e+04
1.011522132090349805e+04 9.984201065622417445e+03
9.851321419125892135e+03 9.725226135781760604e+03
9.608384436243990422e+03 9.486873753336696609e+03
9.384606190441636500e+03 9.267342854427177372e+03
9.178073872428480172e+03 9.064732398442223712e+03
8.986970139593782733e+03 8.877238163204618104e+03
8.808768876713051213e+03 8.702382730899797025e+03
8.640429100330336951e+03 8.537199804597761613e+03
8.478841295026673833e+03 8.378665872954612496e+03
8.320048596175283819e+03 8.222969891963530245e+03
8.160053168235844169e+03 8.066268705958507780e+03
7.994249791569743138e+03 7.904169605493035306e+03
7.817766713905563847e+03 7.732043195360150094e+03
7.626179297626222251e+03 7.545712106428437437e+03
7.415599625332999494e+03 7.341540542068428294e+03
7.183371899378204034e+03 7.117075945270165903e+03
6.928512936960494699e+03 6.871481926106792343e+03
6.651811591862118803e+03 6.605597133213866073e+03
6.356237222476153875e+03 6.322335273544033043e+03
6.046230000949641180e+03 6.025978246972119450e+03
5.727482890967059575e+03 5.721976253711389290e+03
5.406489795536873316e+03 5.416504040884778988e+03
5.090069311692438532e+03 5.116012290721199861e+03
4.785693577414298488e+03 4.827507097954875462e+03
4.500076846432731145e+03 4.557276992468993740e+03
4.239886970287400800e+03 4.311469576332612633e+03
4.010253478414882011e+03 4.094807394119529363e+03
3.814273349876195425e+03 3.910022152185595132e+03
3.652536485490794348e+03 3.757528021254930081e+03
3.522626384167932883e+03 3.634903251074879336e+03
3.419468906890772814e+03 3.537294682251717404e+03
3.335991804679415509e+03 3.458011998633066924e+03
3.263395255925709989e+03 3.388828813222087774e+03
3.192319302921183407e+03 3.321047309536671946e+03
3.113456518435551516e+03 3.246072098941585409e+03
3.018979731792879193e+03 3.156728537163568944e+03
2.903872310894999828e+03 3.048471724423457999e+03
2.766802797199827182e+03 2.920174576868987060e+03
2.610541732622314157e+03 2.774500572545345676e+03
2.441618077071255811e+03 2.617551450769202347e+03
2.269631566859168288e+03 2.458188204442208189e+03
2.105836628953310992e+03 2.306700089695169481e+03
1.960737383843893440e+03 2.172591748222806473e+03
1.841181475809926496e+03 2.061945093055247980e+03
1.748682301417243934e+03 1.975959472174617986e+03
1.680049142582198783e+03 1.911595594531701181e+03
1.628796010168277007e+03 1.862891903006344364e+03
1.585756637188127797e+03 1.821540624229330433e+03
1.540043450456806568e+03 1.777755486625041840e+03
1.482268983943315334e+03 1.723160241185089262e+03
1.408516016048480196e+03 1.654334183978606688e+03
1.321353553049994844e+03 1.573686149654975452e+03
1.227927618735172018e+03 1.487684402278684956e+03
1.137756720396346054e+03 1.404814714671991624e+03
1.059718698507762383e+03 1.332867726764980489e+03
9.985973240034610399e+02 1.275922534793219938e+03
9.535116544486286330e+02 1.233063090733249965e+03
9.187138620219366203e+02 1.199169168014507477e+03
8.855703425951184045e+02 1.166686234130975663e+03
8.464806869427657148e+02 1.129039875453183868e+03
7.989244141269496140e+02 1.084123339783795245e+03
7.457412784103436252e+02 1.034478222223692455e+03
6.932132424887797697e+02 9.855493294908953885e+02
6.478305104423903913e+02 9.428449983401173995e+02
6.121706198810603610e+02 9.084541764119683194e+02
5.838735076402060713e+02 8.802895115790471436e+02
5.577652568387659358e+02 8.539598816709608400e+02
5.290406722881734822e+02 8.254638037038960192e+02
4.966893411413627177e+02 7.940187058634746791e+02
4.636882958170486972e+02 7.621366508574294585e+02
4.339297651918474230e+02 7.330091560702589959e+02
4.092503997795321311e+02 7.080763928425500353e+02
3.881605430128579997e+02 6.860738648340981172e+02
3.675492450493450178e+02 6.644834592129717521e+02
3.457294200218206015e+02 6.419825064350889079e+02
3.236592388552919601e+02 6.193595417273809289e+02
3.034060978038688745e+02 5.982347116716787241e+02
2.858031861961465552e+02 5.792217337053747315e+02
2.697901667334920148e+02 5.614741561857962324e+02
2.539256041285574383e+02 5.438910781284723726e+02
2.381112339525218999e+02 5.264119484611901498e+02
2.232735941174961738e+02 5.097292514701102277e+02
2.099051467407946348e+02 4.941882138674919247e+02
1.974859848222085361e+02 4.793935330339513712e+02
1.854206734450400518e+02 4.649152370177568514e+02
1.738371793390311666e+02 4.508465663272874053e+02
1.631110636016947240e+02 4.374433900819594214e+02
1.531706025714448174e+02 4.246449595568113864e+02
1.437051402974054497e+02 4.122353147911065321e+02
1.347052804557978618e+02 4.002062072138179474e+02
1.262955595255974259e+02 3.886344892286821278e+02
1.183995935821271388e+02 3.774650159067134609e+02
1.109736241319991876e+02 3.666644610746433273e+02
1.039913951274520230e+02 3.562120332097829305e+02
9.742799821183353970e+01 3.460883074889790691e+02
9.125980900379718719e+01 3.362751350345571382e+02
8.546442881937581149e+01 3.267555614604396510e+02
8.002062958364598444e+01 3.175137533874893165e+02
7.490836194797529402e+01 3.085350269034091752e+02
7.010871713152666018e+01 2.998058251040604887e+02
6.560376922925415499e+01 2.913135027939309225e+02
6.137652330821639168e+01 2.830462588679309874e+02
5.741087471005464948e+01 2.749930870843018056e+02
5.369156953134420718e+01 2.671437302730799956e+02
5.020416629796834940e+01 2.594886376712595393e+02
4.693498877973234329e+01 2.520189940621212941e+02
4.387104693664080912e+01 2.447270030512925985e+02
4.100005307774436147e+01 2.376055507323968357e+02
3.831040987614779425e+01 2.306480177748649680e+02
3.579117496275834043e+01 2.238482521180294782e+02
3.343202706075682329e+01 2.172005433660043536e+02
3.122323364426884496e+01 2.106995985138630658e+02
2.915562013881198311e+01 2.043405260791220144e+02
2.722054274359649284e+01 1.981190585964020556e+02
2.540986013802460874e+01 1.920315560341508387e+02
2.371590347962312606e+01 1.860746603292156749e+02
2.213145091479765725e+01 1.802452584444549188e+02
2.064970350012238498e+01 1.745404675002174315e+02
1.926426227281888259e+01 1.689576204383243692e+02
1.796910642653686807e+01 1.634942521815555381e+02
1.675857187709222629e+01 1.581481536278285205e+02
1.562732950164757284e+01 1.529175809356078162e+02
1.457036922929260925e+01 1.478009875962848696e+02
1.358298303752212455e+01 1.427969211653335719e+02
1.266074785912066680e+01 1.379040146797923683e+02
1.179950937230220553e+01 1.331209783599302625e+02
1.099536663474725806e+01 1.284465915848048496e+02
1.024465746790906984e+01 1.238797058063458394e+02
9.543943531853710027e+00 1.194194644436022799e+02
8.889997669396562330e+00 1.150652537481292654e+02
8.279792883872719500e+00 1.108164410697261388e+02
7.710490603479849270e+00 1.066723611205629396e+02
7.179429532018042792e+00 1.026323138790551326e+02
6.684115115485846026e+00 9.869556270438816625e+01
6.222209593757816570e+00 9.486133266943541287e+01
5.791522439821153334e+00 9.112891686467895624e+01
5.390001153696957203e+00 8.749791765570566326e+01
5.015723484808422228e+00 8.396789830896889839e+01
4.666889655298036566e+00 8.053829650320936651e+01
4.341814885704283533e+00 7.720842990818803742e+01
4.038922351720589887e+00 7.397750184980746724e+01
3.756736549046043816e+00 7.084460704258509622e+01
3.493877032199075749e+00 6.780875072654450264e+01
3.249052363865454041e+00 6.486904409530579585e+01
3.021054673126815970e+00 6.202462732122291555e+01
2.808754606469362258e+00 5.927449644080023461e+01
