2.003584107071490143e+04 1.983767560350627900e+04
2.033920312262759398e+04 2.013262214238369052e+04
2.063873036349221729e+04 2.042350631387978501e+04
2.093385001470617863e+04 2.070975892524238589e+04
2.122396795037426637e+04 2.099079129293753067e+04
2.150844960845361493e+04 2.126597905029991671e+04
2.178664044223870587e+04 2.153467997465691587e+04
2.205787220301126217e+04 2.179623950135585983e+04
2.232144323644662654e+04 2.204997199345938134e+04
2.257662305657500838e+04 2.229516523575057363e+04
2.282267193825374852e+04 2.253109926417177121e+04
2.305883259268331676e+04 2.275703892896735488e+04
2.328431235524996737e+04 2.297221775662162690e+04
2.349831050737977057e+04 2.317586324327691545e+04
2.370002411666684566e+04 2.336720243574388587e+04
2.388862734111744794e+04 2.354544339766756821e+04
2.406328389930474805e+04 2.370978678382718135e+04
2.422316646653232601e+04 2.385944367635409435e+04
2.436744922379676427e+04 2.399362937845107444e+04
2.449529952397157103e+04 2.411155644519967609e+04
2.460590296657271028e+04 2.421245709125918074e+04
2.469846988114577834e+04 2.429558945135294562e+04
2.477223287447751864e+04 2.436023727715080167e+04
2.482645610656916688e+04 2.440571748762928109e+04
2.486044434518169510e+04 2.443138765569696625e+04
2.487356016536639800e+04 2.443666409593751450e+04
2.486523535500279468e+04 2.442103353365711882e+04
2.483495850178961700e+04 2.438403849996415738e+04
2.478229060128573474e+04 2.432529254895311169e+04
2.470692588852313202e+04 2.424454149415563370e+04
2.460864916927034574e+04 2.414161951728734857e+04
2.448731823900748714e+04 2.401643076595262755e+04
2.434296041989611331e+04 2.386904522808617185e+04
2.417578557276045103e+04 2.369971119389410887e+04
2.398607892449515202e+04 2.350874791246517270e+04
2.377425615403650227e+04 2.329660011154259701e+04
2.354104200802021660e+04 2.306401548519929202e+04
2.328727441713166263e+04 2.281184927329039783e+04
2.301385187110683546e+04 2.254101179074620450e+04
2.272196916173054706e+04 2.225270443639323639e+04
2.241306140237758154e+04 2.194836353468352536e+04
2.208857317671886995e+04 2.162942926230664307e+04
2.175010731660035890e+04 2.129749659636168872e+04
2.139971190708306676e+04 2.095460610643716427e+04
2.103945439071580768e+04 2.060281354047272907e+04
2.067134023331298886e+04 2.024410927241030731e+04
2.029748087248469892e+04 1.988060027591729886e+04
1.992000410081256268e+04 1.951441495976076476e+04
1.954091914930998973e+04 1.914755915792626183e+04
1.916230153327536755e+04 1.878211424533910031e+04
1.878648678769763137e+04 1.842044511896565018e+04
1.841568970925156464e+04 1.806479584612030158e+04
1.805197322697091295e+04 1.771726234861397825e+04
1.769738879643598193e+04 1.737997555450352229e+04
1.735389319632128536e+04 1.705499224554611283e+04
1.702323998817375104e+04 1.674416549794887760e+04
1.670595887668741489e+04 1.644814343506965815e+04
1.640138229362153652e+04 1.616639270933783882e+04
1.610880008270659164e+04 1.589833163627746762e+04
1.582690532165819786e+04 1.564277146542949595e+04
1.555377461449391558e+04 1.539789213706122428e+04
1.528750809616487641e+04 1.516187948562772908e+04
1.502566590940572678e+04 1.493232407027666886e+04
1.476557215673682731e+04 1.470653510294646730e+04
1.450448411696328003e+04 1.448169717591308290e+04
1.423919444804486920e+04 1.425441202295758740e+04
1.396656349570634484e+04 1.402128508180199060e+04
1.368306827681499999e+04 1.377837069501089172e+04
1.338519378877811505e+04 1.352161983565731498e+04
1.306980733036824859e+04 1.324724438798879055e+04
1.273422924533518562e+04 1.295180319266708466e+04
1.237704773476664195e+04 1.263313681167742106e+04
1.199830439029201625e+04 1.229059330625652910e+04
1.159985728156857476e+04 1.192553498031177696e+04
1.118544997503012746e+04 1.154146619835410092e+04
1.076040668611032925e+04 1.114379298646295683e+04
1.033113015785190692e+04 1.073929106803691138e+04
9.904648836055463107e+03 1.033564428761083218e+04
9.487941573883319506e+03 9.940669383085141817e+03
9.087832609792329094e+03 9.562218422296014978e+03
8.710294493609977508e+03 9.207334065697727056e+03
8.360617988575633717e+03 8.882479915841533511e+03
8.042609123128167994e+03 8.592568125274225167e+03
7.758073634079602925e+03 8.340353683523831933e+03
7.506068404560175622e+03 8.125457682330124953e+03
7.282668846918879353e+03 7.943981690869243721e+03
7.080783336462940497e+03 7.788045110655877579e+03
6.891505023731498113e+03 7.647221427089181816e+03
6.704797685129482488e+03 7.509139404170543457e+03
6.511336228564211524e+03 7.361699556169960488e+03
6.303425549002104162e+03 7.194293396502182986e+03
6.076299949184885008e+03 6.999669564879603968e+03
5.828999957137347337e+03 6.775424443322307525e+03
5.564620346053266985e+03 6.524649433543154373e+03
5.290055571932406565e+03 6.255854098883097322e+03
5.014771241544885015e+03 5.981420609027414685e+03
4.749208704592225331e+03 5.715414390367271153e+03
4.503363384198019048e+03 5.471592965939160422e+03
4.285097949320031148e+03 5.261079677475970129e+03
4.098004833136583329e+03 5.089432500090629219e+03
3.939590281484367097e+03 4.954040707285478675e+03
3.801641660758165472e+03 4.844296384919440243e+03
3.673136786235349064e+03 4.745197698792545452e+03
3.543407773178139905e+03 4.641546857998174346e+03
3.403943064869999944e+03 4.520603430143182777e+03
3.250081108986638810e+03 4.374901921750561087e+03
3.083466684217335114e+03 4.206338066384144440e+03
2.912336750185512301e+03 4.026907273549505589e+03
2.747602638252181350e+03 3.852856743753492538e+03
2.598194486027254698e+03 3.697600018131525303e+03
2.468853120694664540e+03 3.568395506180032498e+03
2.358912930073848202e+03 3.464570468929012804e+03
2.261934710033093779e+03 3.376864877764577159e+03
2.168577104207952743e+03 3.291445910992409608e+03
2.070960741991754276e+03 3.196381201589875218e+03
1.965910703115875322e+03 3.086787651240592822e+03
1.856636423886862303e+03 2.967640491343473968e+03
1.750655181815583546e+03 2.850545092650949300e+03
1.654324040452948338e+03 2.745234226159931495e+03
1.570182183625493508e+03 2.655555010575455981e+03
1.495877580358038358e+03 2.578002193380575591e+03
1.425405952960877585e+03 2.503650972387822094e+03
1.353714850320340474e+03 2.425067947234713756e+03
1.279900508026398484e+03 2.341118639511933907e+03
1.207029463434449099e+03 2.256590122285130747e+03
1.139470749430845672e+03 2.178013121705027970e+03
1.078941392598198036e+03 2.107846251429173662e+03
1.023551311013819031e+03 2.043326112839368307e+03
9.700605848152447379e+02 1.979902127614549727e+03
9.166792769636801950e+02 1.915235152710213924e+03
8.644718454809710693e+02 1.851004708410009243e+03
8.156233646019750267e+02 1.790281421479900018e+03
7.708222946449232040e+02 1.733957847840636305e+03
7.288425734794005848e+02 1.680401340778058966e+03
6.881897569017153273e+02 1.627761972577216966e+03
6.487891136977023052e+02 1.576070362157320233e+03
6.115522382286692391e+02 1.526515605186481253e+03
5.769000011709478031e+02 1.479591074925597695e+03
5.442100029099416361e+02 1.434565103655377925e+03
5.128817327233105061e+02 1.390803855842689472e+03
4.830247927447080656e+02 1.348475366414150130e+03
4.549624924448198726e+02 1.307925140635372145e+03
4.285526651605006805e+02 1.268994863571302858e+03
4.034645700839211599e+02 1.231366831794725158e+03
3.796620255842885285e+02 1.195015654992272630e+03
3.572351252114425506e+02 1.160009928246219260e+03
3.360837883912341795e+02 1.126245218719169088e+03
3.160620334594754581e+02 1.093590058811476183e+03
2.971484035741743241e+02 1.062010511974810925e+03
2.793075387581963014e+02 1.031457270685771391e+03
2.624809645791459616e+02 1.001860964189802303e+03
2.466129745976818697e+02 9.731569529841540316e+02
2.316509237461259829e+02 9.452854604271575454e+02
2.175450540571959834e+02 9.181912501926406094e+02
2.042489235411752873e+02 8.918207326132750268e+02
1.917199700789382462e+02 8.661179876657895420e+02
1.799177888022909144e+02 8.410308607267534171e+02
1.688037910797699794e+02 8.165118402580382053e+02
1.583411475405070519e+02 7.925177964056682640e+02
1.484947308568727919e+02 7.690097432783455815e+02
1.392310585006918302e+02 7.459526216597398616e+02
1.305182301219191743e+02 7.233151658615148563e+02
1.223257261227112593e+02 7.010715288442261226e+02
1.146243799407045998e+02 6.792010600885342910e+02
1.073865101991379589e+02 6.576859274705997223e+02
1.005858647089277440e+02 6.365108591333498680e+02
9.419755615098326018e+01 6.156630124994973130e+02
8.819799997658235213e+01 5.951318465113715774e+02
8.256485449883459182e+01 5.749089960393542924e+02
7.727696521599908408e+01 5.549893478290916846e+02
7.231432293859394633e+01 5.353793140259691654e+02
6.765799744862130183e+01 5.160902620221306734e+02
6.329007713313751537e+01 4.971330682926670761e+02
5.919362038323740194e+01 4.785180482979808971e+02
5.535260891060875110e+01 4.602549280313042459e+02
5.175190287602257655e+01 4.423528178039148315e+02
4.837719779095349537e+01 4.248201888791294891e+02
4.521497844382311371e+01 4.076667678649872073e+02
4.225247075509710015e+01 3.909073044875563028e+02
3.947761902279601287e+01 3.745557267223906024e+02
3.687905221839213965e+01 3.586238302069796759e+02
3.444604834430442963e+01 3.431213658633915315e+02
3.216850040795618071e+01 3.280561326179645221e+02
3.003688395657101395e+01 3.134340742086690739e+02
2.804222607610336127e+01 2.992593925759873059e+02
2.617607418008584830e+01 2.855352175544770716e+02
2.443046784369862934e+01 2.722637916704076133e+02
2.279791468672229016e+01 2.594457194398313504e+02
2.127136493160313080e+01 2.470800287718818993e+02
1.984418701893265435e+01 2.351642969248726729e+02
1.851014443490351269e+01 2.236947745184249072e+02
1.726337370017294148e+01 2.126665068786137169e+02
1.609836325545451530e+01 2.020734335940848894e+02
1.500993169053277043e+01 1.919083317571692078e+02
1.399321045165743627e+01 1.821630443680020619e+02
1.304362749573554225e+01 1.728287162732793547e+02
1.215689024867036849e+01 1.638958895638834008e+02
1.132896944770163472e+01 1.553545921549522575e+02
1.055608384840928515e+01 1.471944213839246345e+02
9.834685755234215065e+00 1.394046225425255727e+02
