2.415822973948322397e+04 2.398675700557804157e+04
2.445323287265590625e+04 2.427467039996856693e+04
2.473919964433379573e+04 2.455335604773027080e+04
2.501531451006358475e+04 2.482200006157490498e+04
2.528072472765526618e+04 2.507975393009292384e+04
2.553454564092203509e+04 2.532573974187757995e+04
2.577588757469382472e+04 2.555907576116493510e+04
2.600383929226130931e+04 2.577885991149608890e+04
2.621743498820790410e+04 2.598413689509634787e+04
2.641570357051750034e+04 2.617394749587919432e+04
2.659767775122306193e+04 2.634733778302386418e+04
2.676235640090528977e+04 2.650332228995977493e+04
2.690872815788311345e+04 2.664090735533990301e+04
2.703580287907206366e+04 2.675912212368773180e+04
2.714258559622342364e+04 2.685699314866246277e+04
2.722805692501882368e+04 2.693352536293756566e+04
2.729123083038584082e+04 2.698775882591483241e+04
2.733115904970060365e+04 2.701877326746033577e+04
2.734689482853379741e+04 2.702565325222626780e+04
2.733753263849403811e+04 2.700752677171063624e+04
2.730223491649712378e+04 2.696359125697573108e+04
2.724021852233257232e+04 2.689310139050125508e+04
2.715075893808275578e+04 2.679537342297104624e+04
2.703322319365480143e+04 2.666981616057057181e+04
2.688708150668474627e+04 2.651594298272715241e+04
2.671192112837296008e+04 2.633338746196380089e+04
2.650744646776867376e+04 2.612190093816200897e+04
2.627348763926063111e+04 2.588136016405831833e+04
2.601006892961343692e+04 2.561183756086447102e+04
2.571739604554426114e+04 2.531358732796663026e+04
2.539580563308078126e+04 2.498699260016449989e+04
2.504584541456137595e+04 2.463264596887580046e+04
2.466838433670720406e+04 2.425146018931696017e+04
2.426443328963873864e+04 2.384448624504342297e+04
2.383514722057952167e+04 2.341291476018910907e+04
2.338210664364457625e+04 2.295835744338196673e+04
2.290712680484474186e+04 2.248265509864558044e+04
2.241207061527275437e+04 2.198768988868813176e+04
2.189914701047053677e+04 2.147568133846280762e+04
2.137105222540145405e+04 2.094932578970173199e+04
2.083045049480170928e+04 2.041128030882401072e+04
2.028002916647115853e+04 1.986421723792345438e+04
1.972299166615175636e+04 1.931131181751258919e+04
1.916254876482699547e+04 1.875573855250652196e+04
1.860170137935365710e+04 1.820045656607378987e+04
1.804395548612522907e+04 1.764890766770897972e+04
1.749326581558147154e+04 1.710496121969318483e+04
1.695319191370683257e+04 1.657209162436179395e+04
1.642676402452557159e+04 1.605324898035499973e+04
1.591626369509103824e+04 1.555064660999591797e+04
1.542358215357161134e+04 1.506611267105428669e+04
1.495046374627459227e+04 1.460132679203099542e+04
1.450013656465233726e+04 1.415938482995728373e+04
1.407661957186441396e+04 1.374413530352956150e+04
1.368340615481901659e+04 1.335891881735977950e+04
1.332161071391502082e+04 1.300477003541382328e+04
1.298918201281031361e+04 1.267965524249457121e+04
1.268399678499189758e+04 1.238147652179683973e+04
1.240388203991265073e+04 1.210809819801810409e+04
1.214646263431065381e+04 1.185720111057997747e+04
1.190947637027467317e+04 1.162658053904203734e+04
1.168972679163494104e+04 1.141314815123414519e+04
1.148327105076772932e+04 1.121310940879020745e+04
1.128606863975746455e+04 1.102258271161542325e+04
1.109291102542321642e+04 1.083658792009052922e+04
1.089847710609159185e+04 1.065003857529882589e+04
1.069658776163563016e+04 1.045703892772486870e+04
1.048059396239146554e+04 1.025124339903262990e+04
1.024433661773373751e+04 1.002677375376900636e+04
9.982248801775149332e+03 9.778317003092630330e+03
9.690307168453982740e+03 9.502025163118880300e+03
9.366679836050503582e+03 9.196151689123593314e+03
9.011876060369517290e+03 8.861177457056122876e+03
8.629419086572474043e+03 8.500481831572551528e+03
8.224897783814196373e+03 8.119411688175871859e+03
7.805770297788301832e+03 7.725109349320551701e+03
7.380710062118594578e+03 7.325869479580278494e+03
6.958983781712590826e+03 6.930539997171041250e+03
6.550890605419688654e+03 6.548898893655786196e+03
6.165842352144902179e+03 6.189881328459497126e+03
5.813366637391278346e+03 5.862412780722051139e+03
5.501022922990584448e+03 5.573586380397091489e+03
5.233788475597689285e+03 5.327942814065931088e+03
5.013233834182971805e+03 5.126865420524005458e+03
4.836851533448540067e+03 4.967868960106274244e+03
4.698333745600253678e+03 4.844959343292725862e+03
4.588485869315633863e+03 4.749432381347392948e+03
4.495474294467543587e+03 4.670120345740664561e+03
4.406414467475435231e+03 4.594808228366371623e+03
4.308165198803728345e+03 4.510956220051280980e+03
4.189226499958666864e+03 4.407486385173287090e+03
4.041698107715278638e+03 4.276694324934896940e+03
3.862637814885634725e+03 4.115615798208077649e+03
3.654854490123160303e+03 3.926882608436479586e+03
3.426624778657208935e+03 3.718472442114090427e+03
3.190882631571699676e+03 3.502852142230022309e+03
2.963419890752199080e+03 3.295141583373220328e+03
2.759612165020772409e+03 3.109904315978626528e+03
2.590261980727982518e+03 2.957196575243130610e+03
2.458855753420860765e+03 2.840106241989032242e+03
2.362016908699399664e+03 2.755333064902774822e+03
2.291401046832991142e+03 2.695012773013846072e+03
2.234590294953874945e+03 2.647489319502263697e+03
2.176160148574914729e+03 2.598194489716465796e+03
2.101883076755906586e+03 2.533562193383299473e+03
2.004620683725759136e+03 2.446723752991684250e+03
1.886571109008692019e+03 2.339803644719830572e+03
1.757065349171800108e+03 2.221816099569014114e+03
1.629466781654482020e+03 2.105530346720722719e+03
1.517311304995812407e+03 2.003635695461784053e+03
1.428684474306864558e+03 1.923493878472915640e+03
1.363727632114580729e+03 1.865032450819952601e+03
1.315177612767407481e+03 1.821420667854622479e+03
1.270873050007239499e+03 1.781371697565441082e+03
1.219043366960408321e+03 1.733976459943249665e+03
1.154611437258829255e+03 1.674583893889967612e+03
1.080546924011881856e+03 1.606089795051971805e+03
1.005506548687123200e+03 1.536606654797261172e+03
9.394594033743361479e+02 1.475225351928619148e+03
8.874108522705219002e+02 1.426311817770038033e+03
8.469601929225827917e+02 1.387540462144133926e+03
8.108808410202602772e+02 1.352374531119726953e+03
7.715791992244306812e+02 1.314071547344736700e+03
7.264642121897983316e+02 1.270443082935734083e+03
6.792481935671387419e+02 1.224889965927197636e+03
6.358651301233987851e+02 1.182618932292161162e+03
5.998088894281871717e+02 1.146545686761270872e+03
5.696035843105219101e+02 1.115289934320998100e+03
5.406645182204860021e+02 1.084934413934410941e+03
5.098777814969368478e+02 1.052923777721347960e+03
4.781261170126215916e+02 1.020076801535032246e+03
4.485272800500857215e+02 9.889695453941661754e+02
4.228370460432072377e+02 9.609576621343351235e+02
3.998075952134730642e+02 9.349830504215047995e+02
3.771324487316448995e+02 9.092357840472885755e+02
3.542764611025352792e+02 8.833461593777400367e+02
3.325658898132306263e+02 8.583412394585925540e+02
3.129987988842320874e+02 8.349339756383322992e+02
2.949743959701484073e+02 8.126504059542895675e+02
2.774713822603629865e+02 7.907603271852018452e+02
2.605211739911742939e+02 7.693016241606078438e+02
2.447505142093177994e+02 7.486969317062900018e+02
2.301807296324848267e+02 7.289387299445580766e+02
2.163238612501565683e+02 7.097011025972517473e+02
2.030870425441931104e+02 6.909269589274501868e+02
1.906602503505222046e+02 6.727274449337802480e+02
1.789819548414797055e+02 6.550546615232492513e+02
1.679990641410888941e+02 6.378704500111068683e+02
1.576681643811455444e+02 6.211440396889369140e+02
1.479488864720987351e+02 6.048468292545777558e+02
1.388036661601278752e+02 5.889522596432924502e+02
1.301975245078912451e+02 5.734356973448839199e+02
1.220978803697373536e+02 5.582743367529022862e+02
1.144755014760473273e+02 5.434479451707115913e+02
1.073048275828004279e+02 5.289393140009378840e+02
1.005616288833070939e+02 5.147326816476817157e+02
9.422273910598973146e+01 5.008135009029327307e+02
8.826603017918560568e+01 4.871683778424795719e+02
8.267038540643476097e+01 4.737850143514358479e+02
7.741567141642698857e+01 4.606521538805361615e+02
7.248264927602177465e+01 4.477595512984372021e+02
6.785263442018448643e+01 4.350980423248494162e+02
6.350779633467288932e+01 4.226593968418963527e+02
5.943130069628046641e+01 4.104362104854393465e+02
5.560725772198035344e+01 3.984218624358252896e+02
5.202067240045061425e+01 3.866104748128669257e+02
4.865739713990026161e+01 3.749968732562267064e+02
4.550408747775370699e+01 3.635765630633713386e+02
4.254819217641484386e+01 3.523463562923666359e+02
3.977791495981266223e+01 3.413045084175395800e+02
3.718212357077064212e+01 3.304496958989996642e+02
3.475031203916103806e+01 3.197809104370921318e+02
3.247256861855698418e+01 3.092974325170102361e+02
3.033954512628380940e+01 2.989988052368582316e+02
2.834242764329966136e+01 2.888848084203468147e+02
2.647290605460879931e+01 2.789557440588636723e+02
2.472313824661312864e+01 2.692136432676036861e+02
2.308573622239912737e+01 2.596609352120461836e+02
2.155374594478216466e+01 2.502998595391713081e+02
2.012062348924149191e+01 2.411324589580665076e+02
1.878021238426768136e+01 2.321605728208438677e+02
1.752672209124805747e+01 2.233858313845292400e+02
1.635470753849541481e+01 2.148096860023844954e+02
1.525904878444870150e+01 2.064343611591823731e+02
1.423493283049135982e+01 1.982627872455809666e+02
1.327783742691631197e+01 1.902973983774024873e+02
1.238351452578099909e+01 1.825400856174165938e+02
1.154797454169673010e+01 1.749922179645738538e+02
1.076747145010796558e+01 1.676546641098125576e+02
1.003848868331334998e+01 1.605278148260780142e+02
9.357725507827053590e+00 1.536117654289076597e+02
8.722083695869891073e+00 1.469067758480972543e+02
8.128656675355435013e+00 1.404127142660488232e+02
7.574718512267154757e+00 1.341289120100325647e+02
7.057713188974864771e+00 1.280542004368929554e+02
6.575244481176182099e+00 1.221869474918953244e+02
6.125066402808115207e+00 1.165250937679480217e+02
5.705074176861417712e+00 1.110661926095396552e+02
5.313295512480951110e+00 1.058075269797221125e+02
4.947882682030494195e+00 1.007461149051650580e+02
