1.733374857616551526e+04 1.724903547047548273e+04
1.750946434575573221e+04 1.742151926576497863e+04
1.767833510203220430e+04 1.758708511366360835e+04
1.783986785030267129e+04 1.774524233089601694e+04
1.799354870649206714e+04 1.789548064438252550e+04
1.813886280311734299e+04 1.803728929384117873e+04
1.827529125771349936e+04 1.817015398263759926e+04
1.840229317196736520e+04 1.829353897398777917e+04
1.851932599801963443e+04 1.840690740414295942e+04
1.862585330524885285e+04 1.850972905291096686e+04
1.872132315264844146e+04 1.860145918041043478e+04
1.880517206508052914e+04 1.868154249535979397e+04
1.887684992912429152e+04 1.874943763255583690e+04
1.893581415643470609e+04 1.880461153636642121e+04
1.898151201469407533e+04 1.884652231945503081e+04
1.901340798677152270e+04 1.887464599659162559e+04
1.903099108131750836e+04 1.888848368862746793e+04
1.903375403723260024e+04 1.888754170253168195e+04
1.902120473461464280e+04 1.887134262337841938e+04
1.899288809772018794e+04 1.883944648653677723e+04
1.894838300395228725e+04 1.879144823805821943e+04
1.888729648303432987e+04 1.872697269833808605e+04
1.880928235307260184e+04 1.864569181881296026e+04
1.871404770488473878e+04 1.854733104616267156e+04
1.860135870437167250e+04 1.843167664131401034e+04
1.847104276553748787e+04 1.829857680147788778e+04
1.832299059472787121e+04 1.814794256602773748e+04
1.815718050750559269e+04 1.797977318806304174e+04
1.797369601307106132e+04 1.779417438645726725e+04
1.777269203671606374e+04 1.759132232819655474e+04
1.755440732820354970e+04 1.737147600910684923e+04
1.731924724485075785e+04 1.713506192839561481e+04
1.706771876539331788e+04 1.688260716599073203e+04
1.680039083348951317e+04 1.661469850195340405e+04
1.651800291347235907e+04 1.633209213945074043e+04
1.622148947298678104e+04 1.603573824620456799e+04
1.591182612735593648e+04 1.572662507392135012e+04
1.559007315626461968e+04 1.540582246196669621e+04
1.525758384378090705e+04 1.507469077268252659e+04
1.491577660116240077e+04 1.473465211229619490e+04
1.456605104060600206e+04 1.438710610791555700e+04
1.421004060098860646e+04 1.403368111807054811e+04
1.384957700691160426e+04 1.367619890906783985e+04
1.348639719959913054e+04 1.331638352951263369e+04
1.312223587601181134e+04 1.295595260609004799e+04
1.275907680445018377e+04 1.259686510605799231e+04
1.239881152889531404e+04 1.224098569359327666e+04
1.204317350164914933e+04 1.189001995818764408e+04
1.169404828718943645e+04 1.154581415805626602e+04
1.135336087297733866e+04 1.121024735613096709e+04
1.102281279234646172e+04 1.088497880978707872e+04
1.070378430754749206e+04 1.057134920596175471e+04
1.039720222596177155e+04 1.027024643955109968e+04
1.010381435636072092e+04 9.982383622623323390e+03
9.824284981481347131e+03 9.708392582584223419e+03
9.559516266942651782e+03 9.449122436310850389e+03
9.310482472808473176e+03 9.205487404988723938e+03
9.077994979802620946e+03 8.978248449451002671e+03
8.861264003125870659e+03 8.766611961348440673e+03
8.657647771204106903e+03 8.567982632787961847e+03
8.464609242449532758e+03 8.379867508665904097e+03
8.279976738444525836e+03 8.200136895734294740e+03
8.101956948021028438e+03 8.027038778539851592e+03
7.928858402968857263e+03 7.858920566837867227e+03
7.758403692131841126e+03 7.693574035737949089e+03
7.587986059372409727e+03 7.528477101906134521e+03
7.414978789596582828e+03 7.361091980453763426e+03
7.236216441736091838e+03 7.188383116084185531e+03
7.048706996471580169e+03 7.007477795083544152e+03
6.849716498290871641e+03 6.815774448940147522e+03
6.636906689965235273e+03 6.611053975936680217e+03
6.409263261654095913e+03 6.392375403152773288e+03
6.167165786270492390e+03 6.160145807959160265e+03
5.912235910156930913e+03 5.915952987690301597e+03
5.647554026702011470e+03 5.662786338992672427e+03
5.377031159033810582e+03 5.404410387444669141e+03
5.105424606557948209e+03 5.145391444246030005e+03
4.837532398632227341e+03 4.890308525156073301e+03
4.578030175643561961e+03 4.643609736420316949e+03
4.331525421715928132e+03 4.409649841525837473e+03
4.102243078207145118e+03 4.192408213527935914e+03
3.894059639642256570e+03 3.995478250114753337e+03
3.709741401243458313e+03 3.821428465122397938e+03
3.550241295118199105e+03 3.671056828785248399e+03
3.414891106293729536e+03 3.543652676265989612e+03
3.300252467340705152e+03 3.435887682512200627e+03
3.201494160242794351e+03 3.343142927743310793e+03
3.112295474069240299e+03 3.259419451313095578e+03
3.026057283856813228e+03 3.178486268038587241e+03
2.936435753927516998e+03 3.094366975716086927e+03
2.838098284323879398e+03 3.002063657589574177e+03
2.727584493150581238e+03 2.898352230101237637e+03
2.603775825899701431e+03 2.782218441679880470e+03
2.468405096651178155e+03 2.655341632371382730e+03
2.325420018460366009e+03 2.521468458362266574e+03
2.180370603945479616e+03 2.385826917758755826e+03
2.039823606468455637e+03 2.254561312864064803e+03
1.910712524244153883e+03 2.134094162417474308e+03
1.798621194093677104e+03 2.029536008298294291e+03
1.705912963623248743e+03 1.942985018807252118e+03
1.630938373099680803e+03 1.872823447404088029e+03
1.569036399472679022e+03 1.814682574163037316e+03
1.514409434896382663e+03 1.763185944354944922e+03
1.460918290136310816e+03 1.712675270756188866e+03
1.402536392877967955e+03 1.657625491694995162e+03
1.335413836135293423e+03 1.594541458584032398e+03
1.260134994339341347e+03 1.524017103224049379e+03
1.181075880480118713e+03 1.450110234984948875e+03
1.103822857037309632e+03 1.377940154657200310e+03
1.033415763603352616e+03 1.312063469998398659e+03
9.734605992262274867e+02 1.255679042951649308e+03
9.243268607631267741e+02 1.209040036967508513e+03
8.831152842786573274e+02 1.169478677273335279e+03
8.452310232074469241e+02 1.132848966436455839e+03
8.059897209851054640e+02 1.094972005690176047e+03
7.628566495513927066e+02 1.053625677785563767e+03
7.169437309425469493e+02 1.009845714191881257e+03
6.714342661865277933e+02 9.664778905482284017e+02
6.295966805125344763e+02 9.263905664103627942e+02
5.935278711846425495e+02 8.913736841940867635e+02
5.626546810923449584e+02 8.608740169243985747e+02
5.343967458756230826e+02 8.326245798450644315e+02
5.062343621562853855e+02 8.044528789319274438e+02
4.770150558588801459e+02 7.753949427685467981e+02
4.476826931525014857e+02 7.462816325986241281e+02
4.201799866794527247e+02 7.187613509666547316e+02
3.955681620643281349e+02 6.937023324076868676e+02
3.735294735135095152e+02 6.708079417490218930e+02
3.527724036971287092e+02 6.489911228226902722e+02
3.322571325753910401e+02 6.274006239975134349e+02
3.120811813330685140e+02 6.061277116323145719e+02
2.930367162289572320e+02 5.858139318002181426e+02
2.755951628256631807e+02 5.668228379994510533e+02
2.594918519444348135e+02 5.489276930185732226e+02
2.441450984708259000e+02 5.316644722927190969e+02
2.293185354083911136e+02 5.148509630097092895e+02
2.152645610598537189e+02 4.986802902557548123e+02
2.021899249415330075e+02 4.833012644171578813e+02
1.899807628906697232e+02 4.686187051454208472e+02
1.783975675163416099e+02 4.544501615402804191e+02
1.673897766599857277e+02 4.407563264167361012e+02
1.570462382295251018e+02 4.275964717985332300e+02
1.473618759408260246e+02 4.149602995083340602e+02
1.382350967987111403e+02 4.027715964852393427e+02
1.296118382343310600e+02 3.909894779037218200e+02
1.215062439158262180e+02 3.796189085765492450e+02
1.138944364658322428e+02 3.686393377744547593e+02
1.067334642941018217e+02 3.580181751447383931e+02
9.999988419797890060e+01 3.477364889274110737e+02
9.367084466616422844e+01 3.377760606115618316e+02
8.772370111958052519e+01 3.281191363951239737e+02
8.213694476721595095e+01 3.187491419380595516e+02
7.689015690853537421e+01 3.096506093507353512e+02
7.196396302584481930e+01 3.008091087060646487e+02
6.733998809208466696e+01 2.922111847363818242e+02
6.300081233976546713e+01 2.838443032527511605e+02
5.892990370341372142e+01 2.756969665850354545e+02
5.511157911887706717e+01 2.677586814872761352e+02
5.153100096042588518e+01 2.600196882446146560e+02
4.817413880418053651e+01 2.524709050061248661e+02
4.502773035676827362e+01 2.451038895798523072e+02
4.207924391703749478e+01 2.379108036413415164e+02
3.931684233747212431e+01 2.308843791322589425e+02
3.672934767133435230e+01 2.240179884094316094e+02
3.430620568484550148e+01 2.173059518495535940e+02
3.203745739114157942e+01 2.107431294556031105e+02
2.991370960413494728e+01 2.043247574661445469e+02
2.792610566760586721e+01 1.980464271481828860e+02
2.606629748361109478e+01 1.919040645445176096e+02
2.432641879863378165e+01 1.858939110829253423e+02
2.269905951966017810e+01 1.800125168493032106e+02
2.117723759267709838e+01 1.742569762790441814e+02
1.975437714079575358e+01 1.686248692443666641e+02
1.842429083220492814e+01 1.631139637169256673e+02
1.718115870643173793e+01 1.577221909012106096e+02
1.601950785211182193e+01 1.524476333246929016e+02
1.493419309743463508e+01 1.472885132992562376e+02
1.392037867101853976e+01 1.422431817452161908e+02
1.297352060714221800e+01 1.373102072102498994e+02
1.208934984993423178e+01 1.324885929153960831e+02
1.126385722715695259e+01 1.277774502718249323e+02
1.049327871917807542e+01 1.231759092106547513e+02
9.774081342993152788e+00 1.186831127918794806e+02
9.102949782639987220e+00 1.142982120586872981e+02
8.476773731494100517e+00 1.100203611412066920e+02
7.892635842007040381e+00 1.058487334452109963e+02
7.347799422673967129e+00 1.017828141475017816e+02
6.839698277325851450e+00 9.782227369858435395e+01
6.365927516279764831e+00 9.396668677699850036e+01
5.924233926721377053e+00 9.021552692103358595e+01
5.512506856272589850e+00 8.656816926329537409e+01
5.128769610156172831e+00 8.302389343211504524e+01
4.771171335344574160e+00 7.958188679489940398e+01
4.437979202990950611e+00 7.624137490571220610e+01
4.127570981458083210e+00 7.300181243644983908e+01
3.838428700497478641e+00 6.986254875914829654e+01
3.569132302389141032e+00 6.682277302209743652e+01
3.318353579753058558e+00 6.388152465134120916e+01
3.084850469204947654e+00 6.103770375850305641e+01
2.867461681437656118e+00 5.829008141972447987e+01
