2.118759939207058051e+04 2.100352160292430926e+04
2.147145427334086708e+04 2.127984986733606274e+04
2.174943102257940336e+04 2.155011088965076124e+04
2.202089831897383556e+04 2.181367819031961699e+04
2.228518555017936524e+04 2.206988976638709573e+04
2.254160753753945392e+04 2.231807054343617710e+04
2.278946779266739031e+04 2.255753530238079475e+04
2.302803567161891624e+04 2.278756644525745287e+04
2.325655932777803901e+04 2.300742673765485961e+04
2.347428301243358146e+04 2.321637627945029453e+04
2.368043386758204360e+04 2.341366014209940477e+04
2.387420987360947038e+04 2.359849712111691770e+04
2.405480930461506432e+04 2.377010780445603814e+04
2.422143315456873461e+04 2.392771703344260459e+04
2.437326196904444805e+04 2.407053222323317459e+04
2.450947643645531934e+04 2.419776296819738491e+04
2.462927446358372981e+04 2.430863730903738542e+04
2.473186087518670320e+04 2.440239249827876847e+04
2.481644490366149330e+04 2.447827295092022905e+04
2.488226476729480783e+04 2.453555311340483968e+04
2.492859326807405159e+04 2.457354310849153262e+04
2.495473830604722752e+04 2.459159058841957085e+04
2.496005160174548655e+04 2.458908799501691101e+04
2.494393619149265578e+04 2.456547922879780526e+04
2.490586862239403126e+04 2.452028253278878765e+04
2.484540587036799479e+04 2.445309721976123183e+04
2.476217068756567824e+04 2.436358764530648114e+04
2.465587608675608863e+04 2.425150746878855352e+04
2.452639198625930658e+04 2.411676636096121365e+04
2.437368282432116393e+04 2.395936676065351276e+04
2.419779509987212441e+04 2.377939092584445098e+04
2.399897542212654298e+04 2.357711835136476657e+04
2.377765113144828138e+04 2.335300598141267619e+04
2.353432189932999972e+04 2.310757975351101049e+04
2.326964613326815743e+04 2.284152036602138469e+04
2.298461431292853376e+04 2.255583544480135242e+04
2.268030930607657501e+04 2.225162058220438121e+04
2.235787125540608395e+04 2.193002436049576499e+04
2.201875744749766454e+04 2.159250777590189682e+04
2.166462195015837278e+04 2.124072380400803377e+04
2.129710360340553598e+04 2.087630574024984526e+04
2.091805261146045814e+04 2.050109420346312618e+04
2.052980133226547696e+04 2.011740816578111844e+04
2.013465125692349466e+04 1.972753168838578131e+04
1.973478740637191004e+04 1.933363002208828766e+04
1.933228102934107665e+04 1.893776242309708323e+04
1.892907991678656981e+04 1.854186691248146963e+04
1.852700613903832709e+04 1.814775263596335208e+04
1.812819932924456589e+04 1.775754780506191310e+04
1.773539875176092391e+04 1.737398517767573139e+04
1.735118737439587130e+04 1.699964037092835497e+04
1.697785515998536721e+04 1.663680033680414999e+04
1.661706575725790026e+04 1.628715602759002468e+04
1.627016017060745435e+04 1.595208658252082023e+04
1.593829113004558531e+04 1.563278360057892496e+04
1.562137601741229446e+04 1.532922791777918792e+04
1.531832225950907377e+04 1.504040911890103598e+04
1.502803749241524019e+04 1.476531310383867276e+04
1.474881601600857175e+04 1.450231490394530738e+04
1.447843932841816786e+04 1.424927541303649741e+04
1.421473952509950868e+04 1.400409450531638140e+04
1.395506294296908527e+04 1.376416485411836948e+04
1.369662572158301919e+04 1.352672777344895621e+04
1.343652581262728563e+04 1.328887278996906207e+04
1.317137202486894603e+04 1.304714485228674857e+04
1.289787785139008156e+04 1.279815425172763571e+04
1.261242335613280557e+04 1.253809488797189260e+04
1.231152460231492478e+04 1.226323893899409632e+04
1.199230814579364414e+04 1.197040836112442958e+04
1.165256408507678498e+04 1.165704051769022590e+04
1.129172466392005663e+04 1.132222860606311224e+04
1.091087195424688616e+04 1.096675060527028654e+04
1.051301843327344977e+04 1.059341421405034635e+04
1.010286895099982576e+04 1.020683585185539596e+04
9.686474503730283686e+03 9.813115483162911914e+03
9.270540369180573180e+03 9.419121313948975512e+03
8.862041144482789605e+03 9.032094982932732819e+03
8.467645658599431044e+03 8.659037202652360065e+03
8.093711971610410728e+03 8.306700245486304993e+03
7.745617523349350449e+03 7.980880789399425339e+03
7.427874217866650724e+03 7.686529441766949276e+03
7.143171529555135749e+03 7.426752287236605298e+03
6.891817152140344660e+03 7.202182228617520195e+03
6.671111380184294831e+03 7.010271282126924234e+03
6.475442517716965085e+03 6.845305653994960267e+03
6.296519251867352978e+03 6.698541833739219328e+03
6.124924528834259945e+03 6.559785110930983137e+03
5.951001451644148801e+03 6.418269552870047846e+03
5.766451405964660808e+03 6.264429133423086569e+03
5.565161947801438146e+03 6.090894277712269286e+03
5.344381907331893672e+03 5.893968180677778946e+03
5.105376344671650259e+03 5.674557415902151661e+03
4.853190248454732682e+03 5.438038147662225128e+03
4.595915030687539911e+03 5.193496129129538531e+03
4.343281650030282435e+03 4.952083687676709815e+03
4.105266856507859302e+03 4.725352912690271296e+03
3.890668279926554078e+03 4.523580681681653914e+03
3.705132815607841621e+03 4.353498015761175338e+03
3.549021961750806895e+03 4.215819361488843242e+03
3.416686184086616777e+03 4.104319117462349823e+03
3.298458003083044332e+03 4.007960295388635586e+03
3.183903079393856387e+03 3.914518652820579973e+03
3.063854688742347207e+03 3.812942031045538442e+03
2.931733764851542219e+03 3.695042587720030951e+03
2.785917689682514720e+03 3.558578233272534362e+03
2.631546488318202591e+03 3.409647823191452972e+03
2.478295818105003946e+03 3.260010115113642314e+03
2.335660306946886521e+03 3.121239768421648023e+03
2.210052620394529185e+03 3.001150282919066740e+03
2.103495142329631562e+03 2.902256641433637924e+03
2.012467602559932175e+03 2.820415944062194740e+03
1.929122607347381972e+03 2.746220800851052445e+03
1.845136856194330448e+03 2.669569737017946863e+03
1.755099925981414799e+03 2.583836373440272382e+03
1.659129806741685570e+03 2.489205371281572752e+03
1.562600989335117447e+03 2.392359328344397454e+03
1.472306464907613645e+03 2.301655351753239302e+03
1.392421049697108629e+03 2.222155005902934590e+03
1.323082064754845533e+03 2.153991900867230015e+03
1.260086803026636062e+03 2.092105724591999660e+03
1.197948570068716663e+03 2.029953394752505801e+03
1.133908543314603776e+03 1.964328852367432773e+03
1.069045676373164497e+03 1.896657823592852765e+03
1.007103274349924050e+03 1.831473379747770878e+03
9.510760551414448400e+02 1.772289741949526388e+03
9.007217936292078093e+02 1.718774618614234669e+03
8.535197880030484612e+02 1.668008604872395154e+03
8.069879634968909841e+02 1.617216502493100279e+03
7.608280071744783299e+02 1.566168962007311620e+03
7.167334692629063966e+02 1.516835525206356579e+03
6.761168417525634595e+02 1.470772245864410252e+03
6.386446212908043663e+02 1.427585129179573187e+03
6.029433130704617270e+02 1.385812227094002310e+03
5.682664593445465471e+02 1.344722583280405161e+03
5.350785980604656515e+02 1.304846533282631981e+03
5.040857337613496725e+02 1.266903599975657698e+03
4.751306112441495202e+02 1.230721535728045183e+03
4.475963550374706870e+02 1.195708159499372414e+03
4.212589345725020848e+02 1.161676074776372616e+03
3.963776738648284095e+02 1.128874548021959527e+03
3.730403600664773762e+02 1.097372671313920137e+03
3.509903064502301504e+02 1.066941177166265334e+03
3.300564545646770398e+02 1.037439266081639516e+03
3.102900518568181383e+02 1.008906258228374099e+03
2.916920273148977572e+02 9.813316924724886121e+02
2.741307683631651457e+02 9.546066943447123094e+02
2.575387994758654031e+02 9.286736609899210180e+02
2.418967484313499199e+02 9.035088373579849303e+02
2.271564240858133701e+02 8.790661526771955323e+02
2.132681386419716887e+02 8.552994087019702647e+02
2.001848604207967810e+02 8.321657314942526682e+02
1.878620728060999170e+02 8.096253701634647086e+02
1.762576413747640061e+02 7.876415112490252568e+02
1.653320115700545045e+02 7.661792944123900497e+02
1.550485127606866342e+02 7.452044002626198562e+02
1.453723526574415530e+02 7.246849484559535313e+02
1.362703878312459835e+02 7.045917424763844110e+02
1.277110640635485623e+02 6.848981301787497387e+02
1.196643573801176501e+02 6.655798748227493888e+02
1.121017158983517845e+02 6.466150352567946129e+02
1.049960003121110361e+02 6.279838658475954389e+02
9.832134487598008832e+01 6.096691567724030847e+02
9.205310431696514684e+01 5.916562069748054000e+02
8.616792227054469322e+01 5.739321152024507455e+02
8.064367994334456569e+01 5.564856507957468921e+02
7.545943822461009631e+01 5.393071707598039666e+02
7.059538194971861458e+01 5.223885389944038025e+02
6.603276627656583742e+01 5.057230471276964749e+02
6.175386565341462131e+01 4.893056979362924608e+02
5.774192941402542800e+01 4.731368678564982702e+02
5.398113051029858411e+01 4.572201507236314342e+02
5.045651575070252903e+01 4.415593613028524373e+02
4.715396236946544661e+01 4.261584459617117204e+02
4.406013645906605092e+01 4.110214440989472564e+02
4.116245314427037272e+01 3.961524499890138031e+02
3.844903845011427990e+01 3.815555751581217123e+02
3.590869061267590467e+01 3.672358747251316231e+02
3.353083770708233402e+01 3.532028258131840062e+02
3.130551422079531321e+01 3.394663389952228272e+02
2.922333246850209676e+01 3.260351675293841254e+02
2.727545161443238086e+01 3.129169346687328925e+02
2.545354816721631508e+01 3.001181645826843010e+02
2.374978789207813179e+01 2.876443160732071647e+02
2.215679908127051334e+01 2.754998220730500975e+02
2.066764629785513563e+01 2.636888690668157551e+02
1.927580548784566972e+01 2.522161894111524134e+02
1.797514303179887563e+01 2.410854148613000234e+02
1.675989412274588375e+01 2.302988967383676879e+02
1.562464195726819582e+01 2.198577848512751416e+02
1.456429799791075119e+01 2.097621069003255911e+02
1.357408325936563642e+01 2.000108478071927891e+02
1.264951051913374158e+01 1.906020318202248802e+02
1.178636617439625667e+01 1.815328868949928562e+02
1.098069465367641229e+01 1.727999093867808540e+02
1.022878508336616576e+01 1.643988298025622896e+02
9.527157000093145811e+00 1.563246828135767714e+02
8.872546754915051181e+00 1.485718806229496067e+02
8.261894666085781935e+00 1.411342835500745139e+02
7.692332883153245149e+00 1.340052676257137136e+02
7.161173860106292643e+00 1.271777768140445062e+02
