1.408011083570051960e+04 1.397429504013546466e+04
1.428684089048981878e+04 1.417645919714014417e+04
1.449044459643508890e+04 1.437536100601170074e+04
1.469052149958024529e+04 1.457059986527807632e+04
1.488665991380026571e+04 1.476176465559345525e+04
1.507842653316246469e+04 1.494842464920577186e+04
1.526537622847979401e+04 1.513013836023386102e+04
1.544705677559689138e+04 1.530645783803581980e+04
1.562299662027907834e+04 1.547691657347823093e+04
1.579270475994671688e+04 1.564102943122153738e+04
1.595568568746877463e+04 1.579830750494583481e+04
1.611143637744518492e+04 1.594825532234891034e+04
1.625943400596342690e+04 1.609035913639735372e+04
1.639915196932165782e+04 1.622410241776121802e+04
1.653006505318051131e+04 1.634897090831884088e+04
1.665163658705324997e+04 1.646444037605405174e+04
1.676332370915225329e+04 1.656998177387443138e+04
1.686459177810183246e+04 1.666507516774104442e+04
1.695491133825921861e+04 1.674920702389850339e+04
1.703375123105816601e+04 1.682186387615495551e+04
1.710059420734543892e+04 1.688254714146806145e+04
1.715494176458082075e+04 1.693077784062581486e+04
1.719631186608440839e+04 1.696609502976318981e+04
1.722424447096614676e+04 1.698806090495809258e+04
1.723830811769930369e+04 1.699626680714663598e+04
1.723810939133620923e+04 1.699034303319607716e+04
1.722330156052129678e+04 1.696996774523456043e+04
1.719357694269052445e+04 1.693485841860856817e+04
1.714867430447012885e+04 1.688477904108527946e+04
1.708841656980734115e+04 1.681957788461083692e+04
1.701268891786488530e+04 1.673916522217434613e+04
1.692142422599960264e+04 1.664349848204719819e+04
1.681465773919483036e+04 1.653263716469211067e+04
1.669254743863052863e+04 1.640676308793040153e+04
1.655530260828580504e+04 1.626610813435665477e+04
1.640320742357421477e+04 1.611097734802882223e+04
1.623673401704618846e+04 1.594186068327401517e+04
1.605643437404072574e+04 1.575932558905963378e+04
1.586289854257192565e+04 1.556397550779714584e+04
1.565690914821907063e+04 1.535660390458594156e+04
1.543943257515003643e+04 1.513818512901464965e+04
1.521144419048024793e+04 1.490969989344797432e+04
1.497397510767461245e+04 1.467218206481983725e+04
1.472825145014091140e+04 1.442685778475878215e+04
1.447551183937237329e+04 1.417496293649090876e+04
1.421697979162836054e+04 1.391771559603459355e+04
1.395421404159571466e+04 1.365666485592909157e+04
1.368898266291194886e+04 1.339356527109943454e+04
1.342295359835973613e+04 1.313006897995635700e+04
1.315746837284306093e+04 1.286750642613801392e+04
1.289323725431071944e+04 1.260659144090551126e+04
1.263084011985721918e+04 1.234790766138788422e+04
1.237094812007632208e+04 1.209212645293583955e+04
1.211546576685088075e+04 1.184113768659581001e+04
1.186686224048925033e+04 1.159738768216768403e+04
1.162739835455021966e+04 1.136311492392921900e+04
1.139812038679213583e+04 1.113936872819689779e+04
1.117811928818311389e+04 1.092528681761223743e+04
1.096634657975769005e+04 1.071986892963994251e+04
1.076174547525778326e+04 1.052210551914407370e+04
1.056299450305793289e+04 1.033072943523633512e+04
1.036877070510936210e+04 1.014446978871254578e+04
1.017775313659248059e+04 9.962053193475496300e+03
9.988320545850992858e+03 9.781905177116997947e+03
9.798860166358392235e+03 9.602452662101082751e+03
9.607745066494682760e+03 9.422097145142834052e+03
9.413168837123352205e+03 9.239046113859942125e+03
9.213414929598757226e+03 9.051582182138919961e+03
9.006482950202111169e+03 8.857680058488636860e+03
8.790280250820082074e+03 8.655197664290997636e+03
8.563070756235689259e+03 8.442324040774778041e+03
8.323570619745827571e+03 8.217670370459343758e+03
8.071135224557384390e+03 7.980471003293192553e+03
7.806603368114921977e+03 7.731442106079080986e+03
7.531563371183979143e+03 7.472052889632491315e+03
7.249321387866767509e+03 7.205528227030943526e+03
6.963690160080014721e+03 6.935626154200585006e+03
6.679117902074142876e+03 6.666784739889290904e+03
6.399901463793825314e+03 6.403319577449798999e+03
6.130091317406154303e+03 6.149328516650593883e+03
5.873267998574693593e+03 5.908461901989897342e+03
5.632574532540609653e+03 5.683955169926957751e+03
5.410485726938603875e+03 5.478390862201861637e+03
5.208837306327631268e+03 5.293734322716610222e+03
5.027732977441032745e+03 5.130206333286262634e+03
4.865908909055951881e+03 4.986635520483804612e+03
4.719673415257969282e+03 4.859333085408613442e+03
4.584001264085349248e+03 4.743170823004068552e+03
4.452747298409996802e+03 4.631749583737992907e+03
4.320005653717008499e+03 4.518791680030128191e+03
4.180800375716027702e+03 4.398864010964749468e+03
4.031872018496310375e+03 4.268260465782660503e+03
3.871906105923971609e+03 4.125301011719108828e+03
3.702083195290676940e+03 3.971009965114759780e+03
3.525783087294009420e+03 3.808847667418911897e+03
3.347936032814914142e+03 3.644043861014477898e+03
3.174153731234931911e+03 3.482650971720951020e+03
3.009851731779453985e+03 3.330564838280946788e+03
2.859768106498303951e+03 3.192992460198561730e+03
2.727173480437802937e+03 3.073591296853722270e+03
2.612562509224436326e+03 2.973029662126019957e+03
2.512572261896920281e+03 2.887762992759107419e+03
2.421130196742175031e+03 2.811199711137924169e+03
2.331966593688402099e+03 2.736395530753364710e+03
2.240290056225953322e+03 2.657916777637439282e+03
2.143009558356885918e+03 2.572153132354213085e+03
2.039227917574299454e+03 2.477959458995587738e+03
1.931531515604619926e+03 2.378191695983098725e+03
1.825428342283413940e+03 2.279094357886187481e+03
1.726275743208262611e+03 2.186778323047076810e+03
1.637119644870000229e+03 2.104737510889459372e+03
1.558645779046933285e+03 2.033795116715006088e+03
1.489041456244970732e+03 1.971944016526828364e+03
1.424258372335419608e+03 1.914612553912520298e+03
1.360063963014822548e+03 1.856972894860320821e+03
1.293861256956007082e+03 1.796039899298188402e+03
1.225613330378949058e+03 1.731782490041809751e+03
1.157990618118621569e+03 1.667304348850270344e+03
1.094435782536636680e+03 1.606587515717775887e+03
1.036669176075467249e+03 1.551615092785345041e+03
9.845541420090812608e+02 1.502237019404329885e+03
9.362841858531270418e+02 1.456407523107532825e+03
8.892897586377411017e+02 1.411229756770653466e+03
8.423818417380681467e+02 1.365395214724759626e+03
7.960784291936683985e+02 1.319542158914781339e+03
7.518457564434866072e+02 1.275362456329418137e+03
7.109411974922488753e+02 1.234276972867738777e+03
6.731818164795533903e+02 1.196080734980635498e+03
6.374788531777746812e+02 1.159579762814479182e+03
6.029227920927629611e+02 1.123805273316548210e+03
5.693600015215616850e+02 1.088631066924066317e+03
5.373713442863737555e+02 1.054715648222005939e+03
5.074289879807164994e+02 1.022573950220900542e+03
4.793466891516414421e+02 9.920120324983367937e+02
4.526486510400393968e+02 9.625453966103411858e+02
4.270608016357417114e+02 9.339144574175023763e+02
4.027104082070875393e+02 9.062686559720410742e+02
3.797529160247091227e+02 8.797722806203971686e+02
3.581129444839691018e+02 8.543547747426139267e+02
3.375788074626758544e+02 8.298194166757352832e+02
3.180659844051733103e+02 8.060967431798976577e+02
2.996043270299796859e+02 7.832210295960325084e+02
2.821811866286872146e+02 7.611826209965003045e+02
2.657024133426663752e+02 7.398998669428879111e+02
2.500994412405175069e+02 7.193161196438027218e+02
2.353532887584074729e+02 6.994159520961732142e+02
2.214331905416337918e+02 6.801724196517671999e+02
2.082827831642272542e+02 6.615387678115855579e+02
1.958644257468809542e+02 6.434826586741239680e+02
1.841448955132994740e+02 6.259762909319726987e+02
1.730867788728927792e+02 6.089891511175708274e+02
1.626555421098749719e+02 5.924902943703780238e+02
1.528184338265115514e+02 5.764506069625479086e+02
1.435442114090385246e+02 5.608429942763076497e+02
1.348030859028518762e+02 5.456422593313143352e+02
1.265666678708031583e+02 5.308249910064505457e+02
1.188079142997541169e+02 5.163694610235565960e+02
1.115010771680005064e+02 5.022554889767544068e+02
1.046216681480395891e+02 4.884631922289690351e+02
9.814640656506324490e+01 4.749728702957525570e+02
9.205315029446006747e+01 4.617663719123927422e+02
8.632084862057362784e+01 4.488270944294742435e+02
8.092949746308937620e+01 4.361399044632761388e+02
7.586009577261980041e+01 4.236910639323761529e+02
7.109460311786695286e+01 4.114681607860692338e+02
6.661589663430194719e+01 3.994600789996738968e+02
6.240771424339833828e+01 3.876572748860851334e+02
5.845462865871339631e+01 3.760515232145579603e+02
5.474202284253541251e+01 3.646356111394978257e+02
5.125605276236848340e+01 3.534032830841419468e+02
4.798361130075251424e+01 3.423491907883537237e+02
4.491229350003631282e+01 3.314688444771190348e+02
4.203036311876162046e+01 3.207585648758941943e+02
3.932671834158758628e+01 3.102159633877789133e+02
3.679085347534308426e+01 2.998418753118225482e+02
3.441283892016826229e+01 2.896381718041693034e+02
3.218329597007389253e+01 2.796068364911699859e+02
3.009336897816211476e+01 2.697499404770136948e+02
2.813469872868515154e+01 2.600696179424427896e+02
2.629939697924433872e+01 2.505680420706683833e+02
2.458002213331874941e+01 2.412474046252079347e+02
2.296955539471643348e+01 2.321110069572924886e+02
2.146137794636079477e+01 2.231646063218748566e+02
2.004925136855037593e+01 2.144137145427684175e+02
1.872729764119630502e+01 2.058631591634640188e+02
1.748997983924861543e+01 1.975171002507620415e+02
1.633208375017217051e+01 1.893790489192380164e+02
1.524870037760693187e+01 1.814518874066538956e+02
1.423520924824813427e+01 1.737379106951407550e+02
1.328726095356398140e+01 1.662395552517911028e+02
1.240076222000639916e+01 1.589594607473638064e+02
1.157186398170948571e+01 1.518995061773753719e+02
1.079694780903695950e+01 1.450607911824026246e+02
1.007261288264207622e+01 1.384436849459780774e+02
9.395663644352797661e+00 1.320478752721548119e+02
8.763098094002572225e+00 1.258724175172122557e+02
8.172096639225935988e+00 1.199157916242192243e+02
7.620010936952626324e+00 1.141760417903514053e+02
7.104354420325823760e+00 1.086507678376464838e+02
6.622793445536919066e+00 1.033370949506648344e+02
