2.268704525696798373e+04 2.253595870236010160e+04
2.292075812102522832e+04 2.276397063283857642e+04
2.314591632810769806e+04 2.298331073514028321e+04
2.336190635882283095e+04 2.319336959312342151e+04
2.356809337692591725e+04 2.339351880478458406e+04
2.376382355466454464e+04 2.358311331719745795e+04
2.394844383402168387e+04 2.376150969196868391e+04
2.412129441555104495e+04 2.392805868017147441e+04
2.428168667029513381e+04 2.408208348477089021e+04
2.442893265622093531e+04 2.422290892909265312e+04
2.456235293355800241e+04 2.434986924545106376e+04
2.468125135603646049e+04 2.446228389334308667e+04
2.478492536611543619e+04 2.455946759959671181e+04
2.487269127862006280e+04 2.464075481661872982e+04
2.494387464483737131e+04 2.470549060871521215e+04
2.499779265689678869e+04 2.475301392972331450e+04
2.503378751104148614e+04 2.478268968895448415e+04
2.505123317987528935e+04 2.479391537722534122e+04
2.504951305289704396e+04 2.478610020715320934e+04
2.502803645905691519e+04 2.475868082165504165e+04
2.498626030363911923e+04 2.471114178466161684e+04
2.492368753898898285e+04 2.464301494937807729e+04
2.483986561006663032e+04 2.455387876297283583e+04
2.473440203336091145e+04 2.444337177940129550e+04
2.460697216098825447e+04 2.431120028675275535e+04
2.445733631745475213e+04 2.415715732081759052e+04
2.428533500878857012e+04 2.398111624320729607e+04
2.409088585321433129e+04 2.378302629972665090e+04
2.387402435569296722e+04 2.356295460574471508e+04
2.363492531051878905e+04 2.332110796985853449e+04
2.337384796117073711e+04 2.305777552766574445e+04
2.309115674408094128e+04 2.277334945133165456e+04
2.278743864977581688e+04 2.246844406080369299e+04
2.246340146404045299e+04 2.214379191287668800e+04
2.211982260062036949e+04 2.180019148445595420e+04
2.175770256460095334e+04 2.143866174948013941e+04
2.137828248426800201e+04 2.106045955751699512e+04
2.098284207194603368e+04 2.066687573401058762e+04
2.057276385451564784e+04 2.025929942488575762e+04
2.014979578277360633e+04 1.983948142630159055e+04
1.971575066352129943e+04 1.940923263396205584e+04
1.927240820742317737e+04 1.897032593384929714e+04
1.882182689403581753e+04 1.852480764067806012e+04
1.836628564112880122e+04 1.807493947267629119e+04
1.790793971189341391e+04 1.762285561769433116e+04
1.744893398609816359e+04 1.717067568833534460e+04
1.699168873536869069e+04 1.672078907167372017e+04
1.653850622404289243e+04 1.627546500543745424e+04
1.609149381834954875e+04 1.583677677384199160e+04
1.565283017884190849e+04 1.540686334315117892e+04
1.522467058167778305e+04 1.498783772370163206e+04
1.480893042236437395e+04 1.458157602089526335e+04
1.440717717031659231e+04 1.418961091698389100e+04
1.402047964118490563e+04 1.381298234352449799e+04
1.364971161857691550e+04 1.345253962094772578e+04
1.329561332750095607e+04 1.310900242092833832e+04
1.295875094731380341e+04 1.278291527240833420e+04
1.263956367968533596e+04 1.247469783025079232e+04
1.233837634310063186e+04 1.218466238635953414e+04
1.205379661686684994e+04 1.191144743720390943e+04
1.178238066141231320e+04 1.165168512157594887e+04
1.152082987999380384e+04 1.140214365151134007e+04
1.126638561471176945e+04 1.116012020781484898e+04
1.101687622244146951e+04 1.092348936942075670e+04
1.077027281470685557e+04 1.069025812494293314e+04
1.052383845206772094e+04 1.045773936995333861e+04
1.027444509329458560e+04 1.022285314843398191e+04
1.001902340925984936e+04 9.982563093765224039e+03
9.754021924339953330e+03 9.733358483730022272e+03
9.476211137246822545e+03 9.472017937200180313e+03
9.183159956310457346e+03 9.196104638914308453e+03
8.873193227836274673e+03 8.903907621167083562e+03
8.546528488700312664e+03 8.595570946477828329e+03
8.205339327697247427e+03 8.273173348295069445e+03
7.853073570971657318e+03 7.940043430386462205e+03
7.494682746495435822e+03 7.601010733615641584e+03
7.135628123712378510e+03 7.261404525011173973e+03
6.781894359708258889e+03 6.927082042114944670e+03
6.439088925547594954e+03 6.603522365209618329e+03
6.112358769345398287e+03 6.295756194944586241e+03
5.806586073500768180e+03 6.008538853117815961e+03
5.525997203490713218e+03 5.745994550312017054e+03
5.273823765832841673e+03 5.511231486968863464e+03
5.051832513674610709e+03 5.305980876440287830e+03
4.858756440568085964e+03 5.128978626011568849e+03
4.691475087603234897e+03 4.977167672901879996e+03
4.543593192846665261e+03 4.844287363829235801e+03
4.407761023058794308e+03 4.723114652325452880e+03
4.275783963287925872e+03 4.605564510178515775e+03
4.140232489324176640e+03 4.484260236335035188e+03
3.994954650640440377e+03 4.353032435456154417e+03
3.836093634888041379e+03 4.207975137657910636e+03
3.662724939979121245e+03 4.048092442145301447e+03
3.476966842911625918e+03 3.875445666830477421e+03
3.283779733979272805e+03 3.694968945437383354e+03
3.089655205337359348e+03 3.513129662419357828e+03
2.901873079782201785e+03 3.337172131492247445e+03
2.727901178642977357e+03 3.174489580971878695e+03
2.574231632264498330e+03 3.031444818832742840e+03
2.443988896199720330e+03 2.911064216765956189e+03
2.335507100860863829e+03 2.811671431415178176e+03
2.242977351784721122e+03 2.727534627684188308e+03
2.159056217841509351e+03 2.651427179190042352e+03
2.076842056527830209e+03 2.576544646789360286e+03
1.990089319496092685e+03 2.496710780503184196e+03
1.894440173326861668e+03 2.407619866059041215e+03
1.790138546900296205e+03 2.309550571261841469e+03
1.682299622951229594e+03 2.207616727944953709e+03
1.577679805674511726e+03 2.108516344336378097e+03
1.481680784340144783e+03 2.017541705087108994e+03
1.397965908436170366e+03 1.938214049019761205e+03
1.326998504293600718e+03 1.870910669358809855e+03
1.265477066789220544e+03 1.812377660422801227e+03
1.208217785511604006e+03 1.757580251935191882e+03
1.150291869203206943e+03 1.701770611232913325e+03
1.088832144751065925e+03 1.642233975654470669e+03
1.024928097981650581e+03 1.580090291835806511e+03
9.623284171378518295e+02 1.518982293207413932e+03
9.044155899022930498e+02 1.462129673872656440e+03
8.531589144801698694e+02 1.411345923903421635e+03
8.080743839928082934e+02 1.366115262609556794e+03
7.663207422134850049e+02 1.323752224345810419e+03
7.252297898380408014e+02 1.281791033590001462e+03
6.837235195586581540e+02 1.239280899723178436e+03
6.426674211134594543e+02 1.197061399719964129e+03
6.040704322550756160e+02 1.156968887949553618e+03
5.689895332168428013e+02 1.119926145881307320e+03
5.369665507109602913e+02 1.085487949371581863e+03
5.067460380896977767e+02 1.052531430345383114e+03
4.772955270848756300e+02 1.020168507662069146e+03
4.486873289097909492e+02 9.884841132430974540e+02
4.216847996705105288e+02 9.581338637464178873e+02
3.966777336877160565e+02 9.294290258370707534e+02
3.733936814424783392e+02 9.021238939022391605e+02
3.512530507479260109e+02 8.757390525136625001e+02
3.300604279842503956e+02 8.501218580378504157e+02
3.099942583901819262e+02 8.254137578118995862e+02
2.912306294559984963e+02 8.017413104042743726e+02
2.736281706542987990e+02 7.789845964213437810e+02
2.569679830509912222e+02 7.569738451225380231e+02
2.411876063171216913e+02 7.356600710744571643e+02
2.263416356179145907e+02 7.150756092684770238e+02
2.124023225200949412e+02 6.951916827809343431e+02
1.992651719795954648e+02 6.759293607631732357e+02
1.868730550146637768e+02 6.572445048690354952e+02
1.752159731488071088e+02 6.391234148586693209e+02
1.642587581005867889e+02 6.215361226249677884e+02
1.539516033329879292e+02 6.044449576802692263e+02
1.442519102477676824e+02 5.878180120304335787e+02
1.351343320259908580e+02 5.716334279704038863e+02
1.265683994995140011e+02 5.558678408754119573e+02
1.185222142959818967e+02 5.404979669721061555e+02
1.109656343142403898e+02 5.255022040675468133e+02
1.038701872866765399e+02 5.108605400420409524e+02
9.720898231209784512e+01 4.965544645981964322e+02
9.095662588866213127e+01 4.825668872146493982e+02
8.508914790077957946e+01 4.688820758777309834e+02
7.958410478241044927e+01 4.554860861691330456e+02
7.442048918980275118e+01 4.423667398022968200e+02
6.957841069297121805e+01 4.295129071488541967e+02
6.503903094846982924e+01 4.169144120662054434e+02
6.078451663181650844e+01 4.045619815375344501e+02
5.679799378951221200e+01 3.924471976113201208e+02
5.306350362596958092e+01 3.805624513732420837e+02
4.956594136049866250e+01 3.689011109304663592e+02
4.629096633486243917e+01 3.574581006199000512e+02
4.322503464635145320e+01 3.462291103146023374e+02
4.035537916612957332e+01 3.352103158354912011e+02
3.766996850430021482e+01 3.243983471669216101e+02
3.515746788725115124e+01 3.137902573726743185e+02
3.280720187659644438e+01 3.033834921512971050e+02
3.060911918246003438e+01 2.931759153238724593e+02
2.855376393000016222e+01 2.831666911498937793e+02
2.663224101382853704e+01 2.733559678047457169e+02
2.483618022795525704e+01 2.637439458133088692e+02
2.315770741933863164e+01 2.543308328408922137e+02
2.158941721848519535e+01 2.451168295933605066e+02
2.012434710764755508e+01 2.361021162127835851e+02
1.875595277126391736e+01 2.272868398310161808e+02
1.747808325269623708e+01 2.186716072772131838e+02
1.628495679266428553e+01 2.102582575204254738e+02
1.517114382254114346e+01 2.020485024372053431e+02
1.413154749165805413e+01 1.940436681372111423e+02
1.316138445586571493e+01 1.862447051447533397e+02
1.225616668605915471e+01 1.786521992594119865e+02
1.141168424917393942e+01 1.712663830388626423e+02
1.062398888848734657e+01 1.640872258501377132e+02
9.889377489474336258e+00 1.571151658227239807e+02
9.204378413773385503e+00 1.503506490248812781e+02
8.565738591777089184e+00 1.437936025462830969e+02
7.970410433981340859e+00 1.374434584608088414e+02
7.415539464095720845e+00 1.312991856293635351e+02
6.898452649622344168e+00 1.253593213519983323e+02
6.416647391115278154e+00 1.196220038676452049e+02
5.967780820760342664e+00 1.140851306613805889e+02
5.549659850098830560e+00 1.087464725712499529e+02
5.160232616182106824e+00 1.036034500404697525e+02
4.797579830234224296e+00 9.865313781770559842e+01
4.459906555208399404e+00 9.389229961480445752e+01
4.145534466862935474e+00 8.931742156673165312e+01
