2.279947529550047693e+04 2.261177227753035186e+04
2.308160332997373553e+04 2.288643129248849073e+04
2.335669305096012977e+04 2.315387425642894596e+04
2.362407903901983082e+04 2.341344293052292778e+04
2.388307664539820689e+04 2.366446189076607698e+04
2.413299353105597766e+04 2.390624905025176486e+04
2.437311101336105276e+04 2.413809741367322204e+04
2.460268032833647158e+04 2.435927149116308647e+04
2.482094888312132389e+04 2.456903312574219308e+04
2.502715580500241776e+04 2.476663741690714596e+04
2.522050698570189707e+04 2.495130906435820361e+04
2.540020387694699821e+04 2.512226998650508904e+04
2.556545439479309789e+04 2.527874985198985451e+04
2.571544901270977425e+04 2.541996345426465268e+04
2.584936779037977249e+04 2.554511756532610889e+04
2.596640821451165539e+04 2.565343757980184819e+04
2.606577802308037280e+04 2.574416096076861140e+04
2.614667775443299251e+04 2.581652104358321594e+04
2.620833321544298087e+04 2.586977770941524432e+04
2.625000427406182644e+04 2.590322585897288081e+04
2.627097161885372407e+04 2.591618376049660583e+04
2.627054987411814000e+04 2.590800522767334405e+04
2.624810476536889109e+04 2.587809543751602541e+04
2.620305997792795824e+04 2.582591850231834542e+04
2.613490357219253201e+04 2.575100447105322019e+04
2.604319049716579320e+04 2.565294990536707337e+04
2.592755405166179844e+04 2.553142905066511958e+04
2.578774991515206420e+04 2.538623875915790632e+04
2.562363157061140373e+04 2.521727264839147028e+04
2.543513603643785245e+04 2.502450589701708304e+04
2.522235858491986437e+04 2.480807006929890485e+04
2.498557389633001003e+04 2.456827395052132124e+04
2.472514412903197081e+04 2.430551065586255572e+04
2.444155997596641828e+04 2.402029835645420826e+04
2.413559866718115882e+04 2.371343791341975884e+04
2.380815891147533694e+04 2.338584741378603576e+04
2.346021049798978493e+04 2.303851156143901972e+04
2.309304116720723323e+04 2.267272790035068465e+04
2.270820659667069776e+04 2.229005654141599371e+04
2.230727614416645520e+04 2.189206630302646590e+04
2.189194039609009633e+04 2.148044278053161543e+04
2.146422998458151051e+04 2.105720787450290300e+04
2.102618055063188149e+04 2.062438385089568692e+04
2.057981203332961377e+04 2.018397271462043500e+04
2.012771389030778300e+04 1.973854106767564008e+04
1.967273115061287535e+04 1.929090680613731456e+04
1.921751627080440448e+04 1.884369227078900803e+04
1.876429492524225861e+04 1.839909952732302190e+04
1.831467285191839983e+04 1.795872547628698157e+04
1.787007138402902274e+04 1.752398141072070212e+04
1.743203419517201837e+04 1.709639701787472950e+04
1.700370059270772981e+04 1.667908744037098222e+04
1.658864371609181399e+04 1.627559954347829625e+04
1.619004969207815520e+04 1.588909772839898869e+04
1.580960356560960463e+04 1.552127594495810445e+04
1.544721969545020511e+04 1.517209384167945245e+04
1.510267873858621897e+04 1.484137856612841097e+04
1.477539652378238134e+04 1.452859905975788570e+04
1.446369781497178883e+04 1.423215357585308629e+04
1.416581073378985820e+04 1.395034208527027113e+04
1.387983055381670420e+04 1.368132771504004086e+04
1.360315155980998315e+04 1.342257218881890913e+04
1.333318605246712104e+04 1.317154369644433427e+04
1.306719616133997260e+04 1.292554147537361860e+04
1.280207962640875303e+04 1.268147508740580997e+04
1.253483266248116524e+04 1.243632637400821659e+04
1.226182667903850052e+04 1.218640264141122498e+04
1.197931066773792554e+04 1.192784234590159031e+04
1.168367201174998991e+04 1.165686858737563125e+04
1.137137379646469526e+04 1.136971587666127198e+04
1.103973755721194721e+04 1.106344147337179857e+04
1.068756027766572515e+04 1.073656291698192945e+04
1.031492339902092317e+04 1.038888628272881397e+04
9.924598036019833671e+03 1.002299218622990338e+04
9.520579668518148537e+03 9.642742188466985681e+03
9.108869480569179359e+03 9.254129408862298078e+03
8.695916867497324347e+03 8.863663506790993779e+03
8.288723274939467956e+03 8.478492122022016702e+03
7.893968849824343124e+03 8.105484883932169396e+03
7.517954402183083403e+03 7.751174535898377144e+03
7.166525811977995545e+03 7.421645868936246188e+03
6.844669789248981942e+03 7.122165569430228970e+03
6.555670159057975980e+03 6.856263323234696145e+03
6.301280852076336487e+03 6.625940354201136870e+03
6.079573848828336850e+03 6.429402628960708171e+03
5.886379630147298485e+03 6.262511868592183419e+03
5.713973541109662619e+03 6.117349183520795123e+03
5.553463357744803943e+03 5.984619069748097900e+03
5.395109497775675663e+03 5.853928114936734346e+03
5.230116866657567698e+03 5.715662065095900289e+03
5.051396470613173733e+03 5.561837740989196391e+03
4.854728709099619664e+03 5.387465674272637443e+03
4.639649722084843233e+03 5.191654393036179499e+03
4.409425385613231811e+03 4.977689261788179465e+03
4.170710303534273407e+03 4.752742671848222926e+03
3.932182697331115378e+03 4.526339415912312688e+03
3.703343936987666893e+03 4.308977068378822878e+03
3.493387597204914982e+03 4.110836762024187010e+03
3.309589766528819837e+03 3.939994990722796501e+03
3.154785482552284520e+03 3.799673888020369304e+03
3.025777677963606038e+03 3.686520113133202358e+03
2.914677403905754090e+03 3.591995988022656093e+03
2.811901192904633263e+03 3.505565417149199675e+03
2.708348383908274627e+03 3.417039522318972558e+03
2.596353692290381332e+03 3.317666363410939539e+03
2.471646769525232685e+03 3.202463513226964551e+03
2.336117683806414789e+03 3.073505519062348412e+03
2.197332725201743415e+03 2.939419368946124905e+03
2.064339099736403114e+03 2.810523891187105619e+03
1.944319055364021324e+03 2.694950471024601939e+03
1.841290346673221165e+03 2.597197786249574619e+03
1.754574728990554831e+03 2.516495826819956164e+03
1.678708108707447309e+03 2.446744188508849220e+03
1.606066083680197153e+03 2.379416727446736331e+03
1.530240941024568428e+03 2.307331493239846168e+03
1.448604690636755095e+03 2.227592999191176659e+03
1.363972566504165115e+03 2.143480440558538248e+03
1.282120277012763381e+03 2.061557497354449424e+03
1.207802900989579030e+03 1.987124204852773801e+03
1.143083673777294280e+03 1.922400141432560304e+03
1.086110881850777332e+03 1.865290299536075281e+03
1.032288518061853438e+03 1.810764654089332907e+03
9.779719427191128034e+02 1.754916730217072427e+03
9.223860614485389533e+02 1.697019343680365182e+03
8.677076138820892766e+02 1.639516581827726668e+03
8.170702384925057231e+02 1.585769571062834757e+03
7.715875311965179435e+02 1.536902341828961198e+03
7.300017593466292283e+02 1.491557118594161466e+03
6.901012690609945821e+02 1.447463344756076367e+03
6.506212591627532902e+02 1.403397593784522996e+03
6.122240143127945657e+02 1.360095163449689153e+03
5.762990342150403649e+02 1.318949659403224359e+03
5.432650702169537453e+02 1.280340051263355008e+03
5.123719686827590749e+02 1.243524895954852354e+03
4.826731938072174444e+02 1.207629133425598638e+03
4.540753784495826721e+02 1.172600121275506581e+03
4.270916911573996231e+02 1.138913396071674015e+03
4.019437371571584094e+02 1.106749371350937054e+03
3.782783030892354077e+02 1.075789933476457918e+03
3.557328299556727416e+02 1.045734375187417299e+03
3.343334027678857296e+02 1.016610242317502070e+03
3.142298672530038743e+02 9.885292635848431928e+02
2.953345662984055480e+02 9.614108803592746426e+02
2.774597246413750327e+02 9.351081501023429610e+02
2.605598451289878312e+02 9.095832951934211223e+02
2.446590772868021872e+02 8.848426607192418487e+02
2.296849469422847392e+02 8.608260700019581009e+02
2.155862270757334329e+02 8.374887825327242581e+02
2.023031076583747279e+02 8.147851185651054493e+02
1.897878398495547856e+02 7.926736210173120298e+02
1.780014853541535444e+02 7.711191528018921417e+02
1.669065628635648579e+02 7.500891448849687322e+02
1.564670424322848419e+02 7.295534507757290612e+02
1.466483342959273841e+02 7.094842121650995068e+02
1.374172727354552705e+02 6.898557345576199396e+02
1.287418296627532186e+02 6.706439361530852921e+02
1.205905027641818776e+02 6.518251595256207338e+02
1.129332329807965181e+02 6.333774601138223943e+02
1.057415791927406872e+02 6.152808930418195814e+02
9.898863792087220759e+01 5.975174130512644979e+02
9.264896659224667985e+01 5.800707802983396277e+02
8.669851023675617796e+01 5.629264711897176312e+02
8.111454238102388103e+01 5.460717242559984470e+02
7.587570673912858865e+01 5.294968327422310495e+02
7.096187543470188075e+01 5.131943318006296977e+02
6.635399967622669237e+01 4.971578531134777563e+02
6.203405790414198151e+01 4.813820446905958192e+02
5.798500733964247900e+01 4.658625105317021280e+02
5.419073728561713210e+01 4.505957510398004615e+02
5.063602391873046571e+01 4.355791263297152227e+02
4.730646850733264586e+01 4.208125854572890603e+02
4.418844897873653110e+01 4.062995939872215558e+02
4.126911502794514774e+01 3.920439046445869167e+02
3.853635142612033349e+01 3.780491922666358278e+02
3.597873940183981034e+01 3.643190286584026580e+02
3.358551979841557511e+01 3.508568582198352033e+02
3.134655794408173435e+01 3.376659744295141650e+02
2.925230994264759232e+01 3.247501693928251143e+02
2.729378998836704540e+01 3.121162055972583289e+02
2.546254105302575610e+01 2.997710050989870183e+02
2.375060634416164973e+01 2.877205158686878690e+02
2.215050176224199063e+01 2.759697402099891974e+02
2.065518972095203765e+01 2.645227657583108680e+02
1.925805427459336627e+01 2.533827983762016345e+02
1.795287738778889519e+01 2.425522583581777099e+02
1.673381479651311210e+01 2.320338118825873153e+02
1.559537558793634027e+01 2.218300407386461472e+02
1.453240380564647083e+01 2.119424779201716831e+02
1.354005923709772929e+01 2.023716407771678973e+02
1.261379916011419589e+01 1.931170982105793144e+02
1.174936106281618464e+01 1.841775376971621938e+02
1.094274628875821342e+01 1.755508320455915907e+02
1.019020400124232673e+01 1.672341778887906685e+02
9.488216048834958727e+00 1.592242348691871712e+02
8.833484521730317951e+00 1.515170179078077410e+02
8.222918812290865631e+00 1.441079363062038681e+02
7.653623194297314747e+00 1.369918572821824512e+02
7.122885099995308167e+00 1.301631671215981214e+02
6.628164059197720448e+00 1.236158297737384828e+02
6.167081169487911296e+00 1.173434321153819724e+02
