1.516555472073378041e+04 1.507520729660436700e+04
1.536697858952630304e+04 1.527280665845842850e+04
1.556382937778092855e+04 1.546571912663579678e+04
1.575561951087543639e+04 1.565345840510474045e+04
1.594185190763608807e+04 1.583552923699464372e+04
1.612201852579729348e+04 1.601142588753709060e+04
1.629558496184590695e+04 1.618061668696797096e+04
1.646200597605965959e+04 1.634255967148767195e+04
1.662073228104401642e+04 1.649670944731833515e+04
1.677118950555830816e+04 1.664249646318481973e+04
1.691278033038267677e+04 1.677932919534111716e+04
1.704490842769982191e+04 1.690661786051364470e+04
1.716697274748903510e+04 1.702376884031871305e+04
1.727835090353144551e+04 1.713016836969969154e+04
1.737842439571943032e+04 1.722520748033907148e+04
1.746658469550787777e+04 1.730828806899891788e+04
1.754221027534217501e+04 1.737880046166762259e+04
1.760467979563964764e+04 1.743613643274923743e+04
1.765339397500861742e+04 1.747971071112898062e+04
1.768776749749465307e+04 1.750895326434405433e+04
1.770722054578747702e+04 1.752330123030654067e+04
1.771120508044247617e+04 1.752222444872248889e+04
1.769921088276461523e+04 1.750523149434264269e+04
1.767076155775447478e+04 1.747186650950428884e+04
1.762542469303654434e+04 1.742171867717090208e+04
1.756282078680401537e+04 1.735443060796043210e+04
1.748263694965689865e+04 1.726971269262956048e+04
1.738463397651690320e+04 1.716735026624428792e+04
1.726863787666201461e+04 1.704719395710707249e+04
1.713455667679242833e+04 1.690917652861457827e+04
1.698243215529451481e+04 1.675336536965809137e+04
1.681239369482691836e+04 1.657991510007388933e+04
1.662464665885143040e+04 1.638905539343492273e+04
1.641957067057908716e+04 1.618118962433831439e+04
1.619770328701179096e+04 1.595687805869734621e+04
1.595964430583328431e+04 1.571674129596669809e+04
1.570612737753124566e+04 1.546153165021039422e+04
1.543815331665610574e+04 1.519226606358481513e+04
1.515678883250441504e+04 1.491002451409163041e+04
1.486314789351657237e+04 1.461593108789300459e+04
1.455866042210555497e+04 1.431142053905810826e+04
1.424491658378631109e+04 1.399808320752338113e+04
1.392346328179721604e+04 1.367746289283533224e+04
1.359597199742216799e+04 1.335122306215779463e+04
1.326436583331262045e+04 1.302127239676532008e+04
1.293048411546429270e+04 1.268943275886480478e+04
1.259612635101104206e+04 1.235748198222211431e+04
1.226351989208645500e+04 1.202761125669514513e+04
1.193491468329515737e+04 1.170202873857796476e+04
1.161233325493367920e+04 1.138271562549200644e+04
1.129737728925939518e+04 1.107123774608591157e+04
1.099121310759049993e+04 1.076873230683375368e+04
1.069485036965768450e+04 1.047618114115567187e+04
1.040945916406310243e+04 1.019471735115602314e+04
1.013724190076257764e+04 9.926466260449173205e+03
9.880449954117211746e+03 9.673597451316594743e+03
9.640893363325658356e+03 9.437851285328277299e+03
9.418143021911275355e+03 9.218790703481750825e+03
9.210569958801534085e+03 9.014813528803993904e+03
9.016648747727920636e+03 8.824421131128898196e+03
8.834807417972609983e+03 8.646077337246904790e+03
8.663490614150376132e+03 8.478266976665619950e+03
8.501100661212794876e+03 8.319437201432449001e+03
8.345334508304507835e+03 8.167363316585940083e+03
8.193774107541767080e+03 8.019712327390533574e+03
8.043719066513173857e+03 7.873886696759998813e+03
7.891988314861102481e+03 7.726835463881991018e+03
7.735423798802535202e+03 7.575530393343597098e+03
7.570389294089483883e+03 7.416495783922999181e+03
7.393409435182856214e+03 7.246406727306552966e+03
7.201486429102227703e+03 7.062407893549102482e+03
6.992213014715141981e+03 6.862205911833209029e+03
6.764713282046419408e+03 6.644983528330752961e+03
6.519390236356048263e+03 6.411146191788790020e+03
6.258423436293749546e+03 6.162804663712806359e+03
5.985216319120339904e+03 5.903237387411510099e+03
5.704452024377083944e+03 5.636941827519334765e+03
5.421301531733981392e+03 5.368873092305400860e+03
5.141394995509539513e+03 5.104413065362824454e+03
4.870410661414694914e+03 4.848964071652827442e+03
4.614054783625733762e+03 4.607935153628770422e+03
4.377354071006865524e+03 4.386070258515566820e+03
4.164871013503826362e+03 4.187636704728432960e+03
3.979397000964662766e+03 4.015221592794266144e+03
3.821981546502120636e+03 3.869738404387330320e+03
3.690899302935824380e+03 3.749494929388102719e+03
3.582394296174181363e+03 3.650876997621919600e+03
3.490316379429320477e+03 3.568032804858479722e+03
3.407495833131400104e+03 3.494142199803683980e+03
3.326025670909276869e+03 3.421681899058573890e+03
3.238342424244127869e+03 3.343433559186391449e+03
3.138095320930623075e+03 3.253304301002932789e+03
3.021151266556485098e+03 3.147298985766879014e+03
2.886613886600770456e+03 3.024524193145759455e+03
2.736867626787027802e+03 2.887240277842655360e+03
2.577241271908424096e+03 2.740545762199997171e+03
2.415313725031738613e+03 2.591693119510181987e+03
2.260030079652290624e+03 2.449194644169756884e+03
2.120100614065378068e+03 2.321269708598487341e+03
2.001745282018406897e+03 2.213724699270395377e+03
1.906825832553387272e+03 2.128230912150066615e+03
1.832586349040167534e+03 2.062130353114856007e+03
1.773072244758353690e+03 2.009793015348812105e+03
1.720608012670448943e+03 1.963982082853718566e+03
1.666579440437687708e+03 1.916551282728371689e+03
1.603182391432728991e+03 1.860085337104669861e+03
1.526675350254873138e+03 1.791017782498696761e+03
1.439171485512497611e+03 1.711375559192800893e+03
1.346997350763711665e+03 1.627203827550133383e+03
1.257958267424786300e+03 1.545902846283753888e+03
1.179284134693630222e+03 1.474236412799051777e+03
1.115212211648622997e+03 1.416085264835080807e+03
1.065096651371095049e+03 1.370764362961638426e+03
1.023967743439899436e+03 1.333605358923397489e+03
9.848040337331972296e+02 1.298064365308742936e+03
9.411382835308262429e+02 1.258129268044993523e+03
8.906311357953015886e+02 1.211658972579593410e+03
8.358996588009466677e+02 1.161147036549322365e+03
7.821352634718350600e+02 1.111439975799895365e+03
7.345322295319391515e+02 1.067295184618228404e+03
6.954510432610771886e+02 1.030796494419264263e+03
6.629053511945120363e+02 1.000070836918938312e+03
6.325219223945479143e+02 9.711300514155293513e+02
6.004187962595350427e+02 9.404855820612478965e+02
5.656348474449378045e+02 9.073239812004758278e+02
5.306268082674384914e+02 8.738932555894883762e+02
4.986486186708575019e+02 8.430852954466915889e+02
4.711181659670618842e+02 8.161031679863393720e+02
4.468635801836820747e+02 7.918748810560130096e+02
4.233418786974924615e+02 7.681819520291963954e+02
3.991429422767175765e+02 7.438361402513697840e+02
3.750454122752221906e+02 7.195366977671103541e+02
3.526916686883195666e+02 6.966765808738455235e+02
3.327516809180050927e+02 6.757879606075093761e+02
3.143522871057408565e+02 6.561228560279748763e+02
2.963713856919901559e+02 6.367644839749740413e+02
2.786799180255588340e+02 6.176257914606765098e+02
2.620200849692560610e+02 5.993037388081334029e+02
2.467510722154557925e+02 5.820658307667957843e+02
2.324696412696107188e+02 5.655854614193848420e+02
2.187015036219485182e+02 5.495013164147535463e+02
2.055331918100195026e+02 5.338828198977074635e+02
1.932406499014902295e+02 5.189280632163404334e+02
1.817572799439188032e+02 5.045788991762776163e+02
1.708449510884537403e+02 4.906624110083934625e+02
1.604787958856401815e+02 4.771604400648764681e+02
1.507559605307447157e+02 4.641334295724234948e+02
1.416143684967347554e+02 4.515362114612004802e+02
1.329890466921561654e+02 4.393209093812716901e+02
1.248544272318906110e+02 4.274660144981237977e+02
1.171868628490754674e+02 4.159521705891513079e+02
1.099634112510051267e+02 4.047612592588125153e+02
1.031618592673068235e+02 3.938763258590375358e+02
9.676074093488361427e+01 3.832815109121032151e+02
9.073925157567349231e+01 3.729618798286549008e+02
8.507649570985071819e+01 3.629024893748456861e+02
7.975213029270109644e+01 3.530888957634918484e+02
7.474689745506449867e+01 3.435076858503728090e+02
7.004257570715463999e+01 3.341464261187621787e+02
6.562192770481094328e+01 3.249936095425892972e+02
6.146865044704502168e+01 3.160386061557630910e+02
5.756732874153433954e+01 3.072716204509691806e+02
5.390345334699982516e+01 2.986838944327229797e+02
5.046339752597977935e+01 2.902677936724547862e+02
4.723426102076026467e+01 2.820163570174482288e+02
4.420382595524323222e+01 2.739232225364187912e+02
4.136052544011997156e+01 2.659825967500372030e+02
3.869341326545399085e+01 2.581892252431668453e+02
3.619213467099298498e+01 2.505383644942190529e+02
3.384689337501049522e+01 2.430258370758544402e+02
3.164840551492607545e+01 2.356483571038379807e+02
2.958789680551159762e+01 2.284031555381376108e+02
2.765708646065499110e+01 2.212877912444302808e+02
2.584816175016543127e+01 2.143001303636868045e+02
2.415375369261071015e+01 2.074383262544048137e+02
2.256691385413659390e+01 2.007007998078951516e+02
2.108109223150031397e+01 1.940862419522599112e+02
1.969011654264447841e+01 1.875941173890063567e+02
1.838817200008618258e+01 1.812245884576384185e+02
1.716978165914708399e+01 1.749778846450114145e+02
1.602978818268472949e+01 1.688542615616502758e+02
1.496333650742023913e+01 1.628539906404467672e+02
1.396585735242655169e+01 1.569773491193229233e+02
1.303305153589636234e+01 1.512246103808129476e+02
1.216087426774100422e+01 1.455963192158406514e+02
1.134551950051712410e+01 1.400938724382073985e+02
1.058340912611305917e+01 1.347186388681335245e+02
9.871180683988832527e+00 1.294717486121577110e+02
9.205675099445491227e+00 1.243540977948750452e+02
8.583925064471113586e+00 1.193663537740674059e+02
8.003144031477026132e+00 1.145089608099202962e+02
7.460715744927211013e+00 1.097821899736963900e+02
6.954183888182389417e+00 1.051866254528455755e+02
6.481243092567049224e+00 1.007228994611128741e+02
6.039730519041919266e+00 9.639130440202534089e+01
5.627617477437127036e+00 9.219180431441620271e+01
5.243001499218317818e+00 8.812405420649524501e+01
4.884098849119015817e+00 8.418741942872122763e+01
4.549237451811747768e+00 8.038099559973085206e+01
4.236849975599274565e+00 7.670371581494391933e+01
