1.848675300503180915e+04 1.836166835336885561e+04
1.871246911397835720e+04 1.858231660255150200e+04
1.893212318928505556e+04 1.879677088786982858e+04
1.914517267578030442e+04 1.900449096164791990e+04
1.935104794882825809e+04 1.920491153152413608e+04
1.954917267268804062e+04 1.939746138491582315e+04
1.973896211741249135e+04 1.958156164016797629e+04
1.991980353756147088e+04 1.975660624562317389e+04
2.009107517010179436e+04 1.992198094553282499e+04
2.025215594400357077e+04 2.007707299584722568e+04
2.040240661977083437e+04 2.022125285402922964e+04
2.054117002242813032e+04 2.035387450558583078e+04
2.066779592288285858e+04 2.047429980946498836e+04
2.078163674970783904e+04 2.058189441507169977e+04
2.088202801642214035e+04 2.067600883342253655e+04
2.096831510099750449e+04 2.075600456618053067e+04
2.103986235291398407e+04 2.082126304841814635e+04
2.109603455337809282e+04 2.087116794431078597e+04
2.113620546217499941e+04 2.090511349043034352e+04
2.115978014846154838e+04 2.092252606247274161e+04
2.116619350880847196e+04 2.092286309272975268e+04
2.115490455587847100e+04 2.090560807608528921e+04
2.112541436893309583e+04 2.087028733291539902e+04
2.107727351962335524e+04 2.081647722938588049e+04
2.101009071219955149e+04 2.074381385644507463e+04
2.092353477589873728e+04 2.065199429202700776e+04
2.081733590992283644e+04 2.054077690875805638e+04
2.069131181873704190e+04 2.041000799437613387e+04
2.054539018707037030e+04 2.025964456699699440e+04
2.037957229077973898e+04 2.008971654276994377e+04
2.019394526289262649e+04 1.990033879045528010e+04
1.998877151450004385e+04 1.969180121241219240e+04
1.976442517210941151e+04 1.946450414461989203e+04
1.952134898759620046e+04 1.921891454508482639e+04
1.926016782123201483e+04 1.895567953058844432e+04
1.898172275113543583e+04 1.867566017766381992e+04
1.868690954595745643e+04 1.837976931246841195e+04
1.837672220589149947e+04 1.806901479501146241e+04
1.805247290647692353e+04 1.774471883076451195e+04
1.771556192571266001e+04 1.740828793067566585e+04
1.736738938671781216e+04 1.706112474117569218e+04
1.700962010016748900e+04 1.670489135892927152e+04
1.664415214496042609e+04 1.634147780720128321e+04
1.627281152077325351e+04 1.597269847286491495e+04
1.589744445043099768e+04 1.560038404553583496e+04
1.552016893959517256e+04 1.522663147772575394e+04
1.514303325974318250e+04 1.485346497070021906e+04
1.476795206790156590e+04 1.448277281250709711e+04
1.439704745831163746e+04 1.411664361582117999e+04
1.403251704572574090e+04 1.375723681593295260e+04
1.367634691829346411e+04 1.340650076698728844e+04
1.333014941601943610e+04 1.306601556504789369e+04
1.299495954714294567e+04 1.273679572107916647e+04
1.267162919254344706e+04 1.241967500577460669e+04
1.236096484130606586e+04 1.211544122134134705e+04
1.206424921591599923e+04 1.182534431192345073e+04
1.178293402676910409e+04 1.155079844002671598e+04
1.151826423943384725e+04 1.129301745493579438e+04
1.126950732626245735e+04 1.105129070249298820e+04
1.103376676965089428e+04 1.082279999534170383e+04
1.080824654932502563e+04 1.060482404324378695e+04
1.059056073896814269e+04 1.039504542031864912e+04
1.037874458953702924e+04 1.019156188539628420e+04
1.017093512998832011e+04 9.992567168137307817e+03
9.964678270915233952e+03 9.795679601027213721e+03
9.757221781956168343e+03 9.598222305355247954e+03
9.545777217155748076e+03 9.397475018011311477e+03
9.327004736895416499e+03 9.190175010846216537e+03
9.097752390499057583e+03 8.973226121146588412e+03
8.855111340392624697e+03 8.743762620166724446e+03
8.596572528675644207e+03 8.499291239978894737e+03
8.320928854413477893e+03 8.238583914764294605e+03
8.028307733795201784e+03 7.961713284170484258e+03
7.720457144491674626e+03 7.670332618781604651e+03
7.400998215503260326e+03 7.367941256706145396e+03
7.074498072076552489e+03 7.058965084212662987e+03
6.746430704385997160e+03 6.748732469024312195e+03
6.422385908259366261e+03 6.442681854545578062e+03
6.107845777581477705e+03 6.146154185161713031e+03
5.808058805684583604e+03 5.864254089609823495e+03
5.527775193617506375e+03 5.601604140438056675e+03
5.271326773318965024e+03 5.362389651732171842e+03
5.041864530242874935e+03 5.149685653862483377e+03
4.840597572280344139e+03 4.964644652858511108e+03
4.666894131285746880e+03 4.806660387209863984e+03
4.516863861498539336e+03 4.671945748794231804e+03
4.384885887203350649e+03 4.555022178164446814e+03
4.263424372437960301e+03 4.448511465231451439e+03
4.144682085501985966e+03 4.344730078443151797e+03
4.021240712349295336e+03 4.236297001812572489e+03
3.887080973219150110e+03 4.117155741870113161e+03
3.738433768907485955e+03 3.983439630886971827e+03
3.574314986777050763e+03 3.834043134693340562e+03
3.397142264150981646e+03 3.671292849745822423e+03
3.211927407165449949e+03 3.500139780335069645e+03
3.025436378186805996e+03 3.327321695715661463e+03
2.845319524562008610e+03 3.160462609291995705e+03
2.679360086816901003e+03 3.007280743419501050e+03
2.533892090666309286e+03 2.874024820310329233e+03
2.411766767391263784e+03 2.763492486244731936e+03
2.311001666725201176e+03 2.673713638988610455e+03
2.225550447847232135e+03 2.598720051998955569e+03
2.147895377523893785e+03 2.531075278098282524e+03
2.070736212904086642e+03 2.463509377353515447e+03
1.987497426530830808e+03 2.389420008822818090e+03
1.894006785309286442e+03 2.304588614941812921e+03
1.791091872856540704e+03 2.209836687737896682e+03
1.684413196716076527e+03 2.110865619860716834e+03
1.581099577996559674e+03 2.014831273995784386e+03
1.487124101941937624e+03 1.927673686679681850e+03
1.406280154478169834e+03 1.853109036805770074e+03
1.338597184192387658e+03 1.791114788679176854e+03
1.280239603152235077e+03 1.737878102949377762e+03
1.225396874078851170e+03 1.687659978178268830e+03
1.168694144716406072e+03 1.635164346521938114e+03
1.107386117339071234e+03 1.577715886597668487e+03
1.043124044063031533e+03 1.517001104852633944e+03
9.802237364904258357e+02 1.457306854071808175e+03
9.225570991094627971e+02 1.402415428873464407e+03
8.722279926862786397e+02 1.354325260091593009e+03
8.283003089673702561e+02 1.312079472770540633e+03
7.873798681783979418e+02 1.272390839410065837e+03
7.464491349671737908e+02 1.232385570914930213e+03
7.044732119796150300e+02 1.191124774821431856e+03
6.627889630803090313e+02 1.149927140420978048e+03
6.238410853581933679e+02 1.111107307835698748e+03
5.887655932038351239e+02 1.075697083013197926e+03
5.568857098495806213e+02 1.043035018470309524e+03
5.265776389054414039e+02 1.011621324530947390e+03
4.966792864399944278e+02 9.804207892286407287e+02
4.674656466195557982e+02 9.497120548482571394e+02
4.399632254617034164e+02 9.204186630448991764e+02
4.146325863445908340e+02 8.929294921084065209e+02
3.910472468138295312e+02 8.668553992790295979e+02
3.684721087540913800e+02 8.415654242055860550e+02
3.467213529958939944e+02 8.169144714688317208e+02
3.261221447198012697e+02 7.931800239682313531e+02
3.068994454381793844e+02 7.705374224704527251e+02
2.888503810856508949e+02 7.488126756023040116e+02
2.716890154892677174e+02 7.277776021683632734e+02
2.553828968293684625e+02 7.074081613499411105e+02
2.400401194683833523e+02 6.877819916937768312e+02
2.256262840423859757e+02 6.688653904399868679e+02
2.120057905745117068e+02 6.505544164159872480e+02
1.991243217821508438e+02 6.328069520724667427e+02
1.869947530297511946e+02 6.156261226125010353e+02
1.755793787669492474e+02 5.989796364897495096e+02
1.648161564525117058e+02 5.828211070670387244e+02
1.546747415486697150e+02 5.671254262421283556e+02
1.451263036366759422e+02 5.518686948974039979e+02
1.361383770212189859e+02 5.370250809746148661e+02
1.276801202713164116e+02 5.225705427298763652e+02
1.197222461168362599e+02 5.084827238514679379e+02
1.122369527741973769e+02 4.947408561155580173e+02
1.051978576669619514e+02 4.813256695277068502e+02
9.857993788676890290e+01 4.682193101255781471e+02
9.235954805278628044e+01 4.554052801830290491e+02
8.651432957098847965e+01 4.428683631144710944e+02
8.102306569748895981e+01 4.305945390309212257e+02
7.586562905838809456e+01 4.185709219664353782e+02
7.102293413473454109e+01 4.067857016960697933e+02
6.647689118283635423e+01 3.952280890034624576e+02
6.221036158484427148e+01 3.838882641740466397e+02
5.820710195767859574e+01 3.727575150598567575e+02
5.445170382178864799e+01 3.618285096093713378e+02
5.092959045496574788e+01 3.510947537460299941e+02
4.762698351680499087e+01 3.405504483843230332e+02
4.453086370560509266e+01 3.301904520071801130e+02
4.162893303337808248e+01 3.200102443292906287e+02
3.890957867595760433e+01 3.100058908881505317e+02
3.636183805684506609e+01 3.001741065781162092e+02
3.397536313668174301e+01 2.905131202632887835e+02
3.174039077948639331e+01 2.810220895255779965e+02
2.964771440952534576e+01 2.717004149144053144e+02
2.768865491213003338e+01 2.625477082926066714e+02
2.585503283823984333e+01 2.535637704342445886e+02
2.413914189404783528e+01 2.447485689230841786e+02
2.253372365177312986e+01 2.361022251857697540e+02
2.103194192357215542e+01 2.276257880974147554e+02
1.962735917079302084e+01 2.193216932022745027e+02
1.831391770981234046e+01 2.111922793400331670e+02
1.708591910280506809e+01 2.032396222306314826e+02
1.593800424855905895e+01 1.954655334838758733e+02
1.486513447252950826e+01 1.878715603331661157e+02
1.386257357363201415e+01 1.804589860887044210e+02
1.292587050356489620e+01 1.732290360291058278e+02
1.205084195260278079e+01 1.661838410265568484e+02
1.123355849298501674e+01 1.593254786186185186e+02
1.047033068956742774e+01 1.526554856317196425e+02
9.757695239569306622e+00 1.461748819779018049e+02
9.092401851824103431e+00 1.398841959729921882e+02
8.471400831649356533e+00 1.337834901072800449e+02
7.891831314256316787e+00 1.278723974691375815e+02
7.351009534516056654e+00 1.221504352206820982e+02
6.846418460113104842e+00 1.166170075658781400e+02
6.375698705587550030e+00 1.112710633218404439e+02
5.936639150707224921e+00 1.061111109585683039e+02
5.527168040237107505e+00 1.011352541581488822e+02
5.145344586413619581e+00 9.634122665221886450e+01
4.789351048069739214e+00 9.172642619628386740e+01
