2.498331343203018696e+04 2.481800304915375091e+04
2.523434145717314823e+04 2.506277577284388826e+04
2.547479042047414259e+04 2.529684022046031532e+04
2.570387523850963407e+04 2.551941921327995442e+04
2.592080791252177005e+04 2.572973366762865044e+04
2.612479247721330103e+04 2.592699751741383807e+04
2.631498915747750652e+04 2.611038221146292562e+04
2.649054971325578663e+04 2.627905184512418418e+04
2.665063466661363054e+04 2.643218030959502721e+04
2.679438937553313372e+04 2.656892816063437931e+04
2.692094479335836149e+04 2.668844349430596048e+04
2.702945142037303231e+04 2.678989505243725580e+04
2.711907320362599057e+04 2.687246641383809038e+04
2.718895528349319284e+04 2.693532482717552193e+04
2.723826584650721634e+04 2.697766194830437962e+04
2.726621243031191261e+04 2.699870978204825951e+04
2.727202161254575185e+04 2.699772162609343286e+04
2.725494743229577580e+04 2.697398027736093354e+04
2.721430125158906958e+04 2.692682654057863328e+04
2.714945488890560227e+04 2.685566285690068253e+04
2.705983829818873710e+04 2.675995232986351766e+04
2.694495529797500421e+04 2.663923246586617461e+04
2.680439353799155651e+04 2.649312461922874718e+04
2.663785383585323143e+04 2.632136500152359076e+04
2.644514784147172031e+04 2.612380147146211311e+04
2.622618324736240538e+04 2.590037691569489107e+04
2.598100616743389764e+04 2.565117226621657028e+04
2.570986388095548318e+04 2.537647035366575074e+04
2.541311783453428870e+04 2.507666630924039782e+04
2.509124497282591619e+04 2.475226834081502966e+04
2.474500661561016750e+04 2.440406793400426250e+04
2.437536252898639214e+04 2.403305258905180017e+04
2.398334902784416772e+04 2.364028242955130190e+04
2.357022531816253831e+04 2.322703682800312163e+04
2.313762173970039294e+04 2.279496275726306703e+04
2.268722869135326619e+04 2.234576235132421425e+04
2.222080151583039333e+04 2.188119743498013122e+04
2.174056564347251697e+04 2.140349320206691482e+04
2.124892344379082715e+04 2.091504574011540899e+04
2.074819077418894085e+04 2.041815961821083329e+04
2.024085780136180983e+04 1.991530744832775235e+04
1.972974252062581581e+04 1.940928261139944152e+04
1.921751403634411690e+04 1.890272576054054298e+04
1.870675489966642999e+04 1.839818592054056353e+04
1.820059670429105608e+04 1.789874449069786715e+04
1.770217942797856085e+04 1.740748554630627768e+04
1.721431196423270012e+04 1.692716389484875253e+04
1.673918247671774589e+04 1.645992162596548951e+04
1.627829115600167097e+04 1.600722306424379713e+04
1.583291375261818212e+04 1.557031096545677610e+04
1.540444082826933663e+04 1.515053604448020087e+04
1.499558642845085524e+04 1.475052685916249175e+04
1.460923387848928542e+04 1.437307587772760962e+04
1.424773460909072674e+04 1.402046108231184553e+04
1.391026805668475754e+04 1.369186550825219274e+04
1.359389215080628674e+04 1.338440112824974494e+04
1.329585372223490776e+04 1.309536605891573527e+04
1.301356590867514933e+04 1.282222965058761838e+04
1.274460004444210972e+04 1.256262132091556850e+04
1.248654873284632777e+04 1.231419175766063017e+04
1.223609437944763704e+04 1.207371444916658766e+04
1.198971362532402600e+04 1.183776072749625200e+04
1.174362623879211606e+04 1.160265359262698439e+04
1.149337603197040335e+04 1.136406453412437440e+04
1.123465191423368560e+04 1.111779479591451127e+04
1.096272714875408565e+04 1.085924939611286391e+04
1.067317137788617947e+04 1.058410376952287515e+04
1.036259956503819740e+04 1.028905506395819611e+04
1.002866697117318654e+04 9.971799627938044068e+03
9.671290884464049668e+03 9.632234995259677817e+03
9.292382609263102495e+03 9.272197800491669113e+03
8.896051515627186745e+03 8.895662325243783926e+03
8.488015291962758056e+03 8.508171887628017430e+03
8.075262124596101785e+03 8.116495531796850628e+03
7.665173025315340055e+03 7.727785198745479647e+03
7.265380494907001776e+03 7.349421667081649503e+03
6.883243381626700284e+03 6.988500211478217352e+03
6.525993281536669201e+03 6.651959033406563321e+03
6.199604134046528088e+03 6.345529674496304324e+03
5.909014461879807641e+03 6.073885500818325454e+03
5.656579225255546589e+03 5.839244914537711338e+03
5.441741139936179934e+03 5.640990959367206415e+03
5.260411440461034545e+03 5.475151319913766201e+03
5.105676973917471514e+03 5.335025978758400925e+03
4.968110605075832609e+03 5.211516929796003751e+03
4.837459832014216772e+03 5.094699228465558917e+03
4.703321391343453797e+03 4.974474322133789428e+03
4.556661002853306854e+03 4.842029948547982713e+03
4.390851164653752676e+03 4.690852140602523832e+03
4.202990588665004907e+03 4.518053049933931106e+03
3.994674036495938708e+03 4.325153633441394959e+03
3.771477689640982135e+03 4.117582471405987235e+03
3.542109526211753291e+03 3.903842034821835114e+03
3.317302971282308135e+03 3.694381809156487634e+03
3.108484563958480067e+03 3.500241460477725468e+03
2.925389862200157040e+03 3.330740566411434884e+03
2.773213835353818013e+03 3.190777779599766745e+03
2.650872656165781336e+03 3.079217549851259719e+03
2.551813924420035619e+03 2.989719358848601587e+03
2.466611182836319131e+03 2.913222802281975873e+03
2.384785920315154726e+03 2.839653486753512880e+03
2.295910714227308745e+03 2.758957777848257592e+03
2.192504825989288747e+03 2.663914179783846976e+03
2.073855648873242444e+03 2.553869734469791638e+03
1.946236949931901790e+03 2.434950275958716247e+03
1.819191788338274364e+03 2.316398262398808583e+03
1.702158937773921707e+03 2.207245829455656349e+03
1.602183522803351025e+03 2.114117395651329844e+03
1.521288691923071838e+03 2.038807666926600177e+03
1.455192750223181974e+03 1.977174161571548211e+03
1.396031955036338786e+03 1.921755963982330059e+03
1.335152234822803848e+03 1.864394924164156237e+03
1.266980969444342009e+03 1.799888803022369075e+03
1.192259989566438890e+03 1.729027179587231331e+03
1.116483949967796434e+03 1.657045150354437965e+03
1.046114864795498761e+03 1.589976501919228213e+03
9.857550018895768744e+02 1.532007772168444490e+03
9.353122055342525982e+02 1.482947559696324788e+03
8.903067144769686365e+02 1.438630539858926795e+03
8.455280939736247774e+02 1.394309282413869141e+03
7.981162622845649821e+02 1.347447871111053246e+03
7.492920365958020739e+02 1.299224279373772106e+03
7.029136498056350320e+02 1.253123709407434035e+03
6.617279671102094198e+02 1.211542658640812760e+03
6.255962735789605631e+02 1.174288745481409023e+03
5.920170249023462929e+02 1.139141296104624871e+03
5.585142281335433836e+02 1.103974913262916743e+03
5.248939795621337225e+02 1.068667703715764901e+03
4.928349144324373583e+02 1.034663963557044781e+03
4.636833433471963986e+02 1.003067265186735085e+03
4.371524090488770753e+02 9.735997544688738117e+02
4.118980816716803020e+02 9.451475781873165261e+02
3.872117955093945625e+02 9.171529199707786120e+02
3.635864612363205310e+02 8.900197557566094702e+02
3.416901202596669691e+02 8.642590099738537219e+02
3.213984728648354690e+02 8.397520684834477152e+02
3.021187205493598071e+02 8.160401579475123981e+02
2.836527097857244826e+02 7.929781418408628042e+02
2.662646293363528684e+02 7.707551148684192412e+02
2.500476606397918147e+02 7.494242324967250397e+02
2.347685371543103656e+02 7.288111601441746643e+02
2.202714664244471692e+02 7.088046498543498046e+02
2.066213647878874440e+02 6.894419040237007721e+02
1.938219642324621077e+02 6.707153454987588930e+02
1.817791644278372303e+02 6.525570244933895765e+02
1.704381591809741394e+02 6.349262533155955452e+02
1.597620309357503743e+02 6.177926377797469968e+02
1.497168597280092683e+02 6.011286249029428745e+02
1.402699485670280808e+02 5.849085036303871448e+02
1.313898301229268100e+02 5.691082965128719025e+02
1.230462670087823369e+02 5.537056595285640697e+02
1.152101465961180509e+02 5.386797355713825937e+02
1.078526500218747373e+02 5.240105985501229497e+02
1.009459064795293415e+02 5.096794610527643954e+02
9.446357402500171929e+01 4.956689249659231677e+02
8.838076804615782578e+01 4.819629109652708507e+02
8.267398574727376115e+01 4.685465889475988774e+02
7.732103424015811299e+01 4.554063129084986485e+02
7.230096303172364003e+01 4.425295658493062660e+02
6.759407200667689608e+01 4.299053908322564439e+02
6.318187680604124523e+01 4.175246225017025949e+02
5.904691152787837183e+01 4.053789837683232804e+02
5.517266600838352986e+01 3.934609522724312001e+02
5.154353974185073639e+01 3.817637202952225266e+02
4.814479754271083323e+01 3.702811561275663053e+02
4.496252692157389674e+01 3.590077667237032415e+02
4.198359125712833873e+01 3.479388174097944670e+02
3.919556576744588483e+01 3.370710058911918168e+02
3.658672943326181581e+01 3.264017430210306543e+02
3.414604109364179862e+01 3.159287747838412201e+02
3.186310302431278529e+01 3.056501565556880564e+02
2.972812622934952387e+01 2.955642282989956584e+02
2.773189739884659843e+01 2.856695901932789070e+02
2.586574750210521145e+01 2.759651099555482574e+02
2.412152274564252608e+01 2.664507151833844887e+02
2.249155593768365691e+01 2.571273157686298987e+02
2.096863836688904570e+01 2.479957877685044423e+02
1.954599416528968803e+01 2.390569112153824847e+02
1.821725602061647820e+01 2.303113618123234403e+02
1.697644212253814189e+01 2.217597031444227582e+02
1.581793428966797421e+01 2.134023794529981330e+02
1.473645625476897258e+01 2.052400745944940752e+02
1.372705205308603915e+01 1.972745207467386024e+02
1.278507075149193639e+01 1.895073255471722007e+02
1.190614944633633243e+01 1.819396798828847182e+02
1.108619636261798114e+01 1.745723722305295667e+02
1.032137487396311393e+01 1.674058035840079413e+02
9.608088398507826255e+00 1.604400028919968975e+02
8.942966078830242083e+00 1.536746884382092730e+02
8.322848753063825100e+00 1.471098177513987082e+02
7.744776597912435889e+00 1.407453187368714111e+02
7.205977596678939001e+00 1.345806501557935064e+02
6.703856167154670587e+00 1.286148226624504218e+02
6.235982427493098612e+00 1.228464296661103532e+02
5.800082077157732385e+00 1.172736778706395597e+02
5.394026859289278164e+00 1.118944178006843373e+02
5.015825361437854291e+00 1.067062499415189762e+02
4.663614395546956004e+00 1.017066209374292924e+02
4.335651523755841730e+00 9.689268372523353889e+01
4.030307595339136739e+00 9.226130537278402244e+01
