2.037642575719500383e+04 2.019626665690587106e+04
2.065122779990939307e+04 2.046374472770744978e+04
2.092111404425301589e+04 2.072612563267734731e+04
2.118553910434636782e+04 2.098286777809102568e+04
2.144393217617569826e+04 2.123340704087516497e+04
2.169569498163569733e+04 2.147715521977999379e+04
2.194021953550934995e+04 2.171351556811476621e+04
2.217688337289218180e+04 2.194187815467607652e+04
2.240503011197088199e+04 2.216160118872219391e+04
2.262399163133546608e+04 2.237203251115394232e+04
2.283309519227115015e+04 2.257251659065294371e+04
2.303164350852186908e+04 2.276237617195989151e+04
2.321892107569917789e+04 2.294091832912125392e+04
2.339421462121553486e+04 2.310745361377732479e+04
2.355680459985465859e+04 2.326128834421836291e+04
2.370594975378922391e+04 2.340171049346788277e+04
2.384091504284757684e+04 2.352801572256263898e+04
2.396097708119771778e+04 2.363951262584865981e+04
2.406540571865569655e+04 2.373550632658694667e+04
2.415347864411724368e+04 2.381531192238159565e+04
2.422449845333507255e+04 2.387827013737110246e+04
2.427778728150857569e+04 2.392374312302557155e+04
2.431268418596910851e+04 2.395111261876138087e+04
2.432856448121403082e+04 2.395979693760987357e+04
2.432484695448983621e+04 2.394925806390073194e+04
2.430100382134337633e+04 2.391901317218163967e+04
2.425656087534796461e+04 2.386863303157714472e+04
2.419110021713635069e+04 2.379774361706240961e+04
2.410429144017924045e+04 2.370605796222882418e+04
2.399589937451311198e+04 2.359338366064474030e+04
2.386575619179147543e+04 2.345959342103552990e+04
2.371378937465380659e+04 2.330465275908578042e+04
2.354009921044116345e+04 2.312869751219830141e+04
2.334487901067388520e+04 2.293195318945500912e+04
2.312839945990504566e+04 2.271471885280523202e+04
2.289114161216215871e+04 2.247749965409703145e+04
2.263376044518864001e+04 2.222097006850514663e+04
2.235696798590446997e+04 2.194585692897978879e+04
2.206164052392795929e+04 2.165304652395943776e+04
2.174897878909006977e+04 2.134374461579782292e+04
2.142024547561892905e+04 2.101921385311832273e+04
2.107674249124934795e+04 2.068075136803335408e+04
2.072005170840400751e+04 2.032993174989198815e+04
2.035187949328087416e+04 1.996845051164971301e+04
1.997389298432816213e+04 1.959795939756472944e+04
1.958802865799501888e+04 1.922037912659740323e+04
1.919667609905678546e+04 1.883808602525880633e+04
1.880214095984287997e+04 1.845336942122913388e+04
1.840651969096562243e+04 1.806830941244524365e+04
1.801139197117734511e+04 1.768448378614932153e+04
1.761809242822521628e+04 1.730322783774300115e+04
1.722788910150607990e+04 1.692580727164454584e+04
1.684289940305413620e+04 1.655434965307085804e+04
1.646614305777815389e+04 1.619190121533055753e+04
1.610042790904711364e+04 1.584129777083646695e+04
1.574790906166644527e+04 1.550473340003105113e+04
1.540905026450374680e+04 1.518274452612730965e+04
1.508390379485579069e+04 1.487546087021380663e+04
1.477239729941555379e+04 1.458288562557994737e+04
1.447346510855286760e+04 1.430403221594585921e+04
1.418556141256651608e+04 1.403743037069481034e+04
1.390717706064665799e+04 1.378163636933007729e+04
1.363626490874435513e+04 1.353464412843191349e+04
1.337055349403062610e+04 1.329420063495472641e+04
1.310783079014947543e+04 1.305808767749838808e+04
1.284555895785630673e+04 1.282370409310098148e+04
1.258124793789760224e+04 1.258846121927395143e+04
1.231219030400429256e+04 1.234948438690911826e+04
1.203533552011128631e+04 1.210346564186048454e+04
1.174782724626978052e+04 1.184723766551645167e+04
1.144678215059984905e+04 1.157749940822805729e+04
1.112973744391984110e+04 1.129132625876057136e+04
1.079540024885783896e+04 1.098695860503228141e+04
1.044339678310495219e+04 1.066357217936849156e+04
1.007542177818519122e+04 1.032256194714196135e+04
9.694568023942785658e+03 9.966856108708449028e+03
9.305586293029258741e+03 9.601259513049268207e+03
8.914046819770373986e+03 9.231560614473963142e+03
8.526080752248875797e+03 8.864275525515471600e+03
8.147638684392204595e+03 8.505831394489896411e+03
7.784347274063362420e+03 8.162407096775938044e+03
7.441224990506974791e+03 7.839606492830666866e+03
7.122705409547070303e+03 7.542483186149294852e+03
6.831967840100322974e+03 7.274800931631931235e+03
6.570876529926358671e+03 7.038945752376275777e+03
6.338862774130749131e+03 6.834662862990803660e+03
6.132892574980007339e+03 6.658943085334046373e+03
5.947122237985258835e+03 6.505526812486215931e+03
5.774011418491815675e+03 6.366042217291928864e+03
5.605030711164694367e+03 6.230688482831849797e+03
5.432239262363972557e+03 6.090021703682042244e+03
5.249083599700401464e+03 5.935908860327303046e+03
5.051500832223685393e+03 5.762967741936681705e+03
4.838357084255285372e+03 5.569251695088756605e+03
4.611894234654065258e+03 5.356971438350282369e+03
4.377528451205167585e+03 5.132379743501969642e+03
4.142583050033621475e+03 4.904254581021242302e+03
3.915171861496185102e+03 4.682513952743358459e+03
3.703161890184184358e+03 4.476885603324863041e+03
3.513138425343628114e+03 4.295604092354948989e+03
3.348638806591820412e+03 4.143263834829970619e+03
3.208447725977959635e+03 4.018705772260504546e+03
3.086487964088656554e+03 3.914752714388538152e+03
2.974029499487681278e+03 3.820753412303756704e+03
2.862663348588969257e+03 3.726166453776505477e+03
2.745764294589164820e+03 3.622433237627831659e+03
2.619193101754297004e+03 3.504027254165859631e+03
2.483105564108806902e+03 3.370974245686109043e+03
2.343006210632994680e+03 3.230338087968969830e+03
2.207136292961149138e+03 3.092812132312680205e+03
2.082415494688541912e+03 2.967380925528928856e+03
1.972676074236796012e+03 2.859027207444705709e+03
1.878140605812221565e+03 2.768112069321508443e+03
1.794848591937707624e+03 2.689655576857468986e+03
1.716209950610161968e+03 2.615270483521778715e+03
1.636385424341531916e+03 2.537469464572449397e+03
1.552221709130422823e+03 2.452228913933341573e+03
1.465084702512248668e+03 2.361427684675246383e+03
1.379875650355946846e+03 2.271513040693208950e+03
1.301279637044167430e+03 2.188554967902450244e+03
1.231372716206930136e+03 2.115184182302606587e+03
1.169255585588796521e+03 2.050232974142197236e+03
1.111246491913785803e+03 1.989072183922498880e+03
1.053666401088775729e+03 1.927159419275821847e+03
9.953938944691960842e+02 1.863227682157265235e+03
9.378669899366482241e+02 1.799203296017405819e+03
8.837965321091171518e+02 1.738486524212233462e+03
8.346737222096052164e+02 1.682869486076179555e+03
7.896407142335965545e+02 1.631286020900209451e+03
7.468057133157092267e+02 1.581508315478339227e+03
7.048195882418333440e+02 1.532037193566051201e+03
6.639320808168650956e+02 1.483260088623545698e+03
6.253412981253575254e+02 1.436587032599279837e+03
5.896285406625796668e+02 1.392655022015625718e+03
5.562568496195229955e+02 1.350858955624258897e+03
5.243513973255019209e+02 1.310282413158221971e+03
4.936706296330959844e+02 1.270719769897953256e+03
4.645811467617268704e+02 1.232576722173451117e+03
4.373735565404702470e+02 1.196138528093698596e+03
4.117825921542839183e+02 1.161137033546852535e+03
3.874567473897637342e+02 1.127248068124613155e+03
3.643434278125176320e+02 1.094436596562167551e+03
3.425705960864938220e+02 1.062814220302382182e+03
3.220923416244456234e+02 1.032329885680198913e+03
3.027330339780729105e+02 1.002831823865097135e+03
2.844203490380396033e+02 9.742581434856560918e+02
2.671629100635991563e+02 9.466047848445012960e+02
2.509115075536242898e+02 9.198211143913130172e+02
2.355802581604013710e+02 8.938341041688711357e+02
2.211297517234192185e+02 8.686059758374641433e+02
2.075170053032664725e+02 8.440923464825622204e+02
1.946970829675520918e+02 8.202470829231991729e+02
1.826271898568200811e+02 7.970275417506117037e+02
1.712665955506871853e+02 7.743943673715143632e+02
1.605765519098841025e+02 7.523112976489184121e+02
1.505202129524027725e+02 7.307449854075232452e+02
1.410625582536522700e+02 7.096647944512625372e+02
1.321703605717966639e+02 6.890414041351901915e+02
1.238121068052746949e+02 6.688465910062994908e+02
1.159578664029708648e+02 6.490546970887550060e+02
1.085792217988129664e+02 6.296425908252069803e+02
1.016492043584829332e+02 6.105895374876895403e+02
9.514223210385337381e+01 5.918770773317090743e+02
8.903404924056199832e+01 5.734889102735048709e+02
8.330166530866551966e+01 5.554110524811071627e+02
7.792327729465182529e+01 5.376344210633128569e+02
7.287823020843993049e+01 5.201532165946822488e+02
6.814698074518453552e+01 5.029627612476145941e+02
6.371104473538094481e+01 4.860593940464243587e+02
5.955294629416115981e+01 4.694404008077398203e+02
5.565616892484208478e+01 4.531039445487373314e+02
5.200510853843043435e+01 4.370489962387720766e+02
4.858502654012461619e+01 4.212764066895637143e+02
4.538199994446606667e+01 4.057933179078938224e+02
4.238288833791661148e+01 3.906082745437556127e+02
3.957529714155358391e+01 3.757290996652556032e+02
3.694753906235534657e+01 3.611628912787395507e+02
3.448859725290232348e+01 3.469160222893164587e+02
3.218809012657605706e+01 3.329941426630070396e+02
3.003623776802202983e+01 3.194021867511451092e+02
2.802382762342767819e+01 3.061456648376047838e+02
2.614218137963138844e+01 2.932323390512077594e+02
2.438313188622468530e+01 2.806690120307744110e+02
2.273899613287173338e+01 2.684610265417483106e+02
2.120254854018765300e+01 2.566123390069374182e+02
1.976699557490582393e+01 2.451255950389760017e+02
1.842595163470868869e+01 2.340022063460377524e+02
1.717341611827673020e+01 2.232424373182519446e+02
1.600375053788203772e+01 2.128458199088021274e+02
1.491165793930090366e+01 2.028112586142758289e+02
1.389216507965387493e+01 1.931366182031689220e+02
1.294060389784590015e+01 1.838187785314083555e+02
1.205259384701809466e+01 1.748537226324146161e+02
1.122402516942445061e+01 1.662366225092264926e+02
1.045104306945162342e+01 1.579619222546223796e+02
9.730032651583382375e+00 1.500234101550104810e+02
9.057603766665941691e+00 1.424142046814821754e+02
8.430578314452212396e+00 1.351268814412297559e+02
7.845978462996281877e+00 1.281536205428393487e+02
7.301014639937200457e+00 1.214862704572135783e+02
