2.162432712072971844e+04 2.148406713081871567e+04
2.185554115015513889e+04 2.170983844392760147e+04
2.207848656259927520e+04 2.192721612520144117e+04
2.229255136565677094e+04 2.213559116592282953e+04
2.249709287896269961e+04 2.233432640099241326e+04
2.269145750879527623e+04 2.252277514758678444e+04
2.287499206414648506e+04 2.270029189963116369e+04
2.304702513229601391e+04 2.286621385036134598e+04
2.320686474071599514e+04 2.301985861917642615e+04
2.335382488508010647e+04 2.316055065390187883e+04
2.348722097962197950e+04 2.328761691304905253e+04
2.360634298661467255e+04 2.340036079770475772e+04
2.371048643733630524e+04 2.349809246741127208e+04
2.379896503436935382e+04 2.358014120015480512e+04
2.387108878142851972e+04 2.364583431989627206e+04
2.392616901918014992e+04 2.369450219132595157e+04
2.396354687586813816e+04 2.372550585985061480e+04
2.398258780112866225e+04 2.373823198145483548e+04
2.398266119529891512e+04 2.373207352142639866e+04
2.396317323772756208e+04 2.370646123966321466e+04
2.392357804355438202e+04 2.366087451922398395e+04
2.386337044042898196e+04 2.359483549782643240e+04
2.378209398305269497e+04 2.350791654086059862e+04
2.367935508352012403e+04 2.339975304055466404e+04
2.355483286618601414e+04 2.327005393526770058e+04
2.340829117292263254e+04 2.311861483336572201e+04
2.323957109827136082e+04 2.294530838826515173e+04
2.304859775968069880e+04 2.275009069127441762e+04
2.283543364065864080e+04 2.253305635600809546e+04
2.260025586113451936e+04 2.229441446217695557e+04
2.234332430631260286e+04 2.203445505507829148e+04
2.206504933047387021e+04 2.175361763609591435e+04
2.176605381944449618e+04 2.145255383244611949e+04
2.144704656055730811e+04 2.113199839761396288e+04
2.110883340749266063e+04 2.079278008069960197e+04
2.075251329631670160e+04 2.043601869090422406e+04
2.037933250078150013e+04 2.006297797779483881e+04
1.999056811000715606e+04 1.967494817985410555e+04
1.958772054323172779e+04 1.927343850017057775e+04
1.917259872927637844e+04 1.886026201264364499e+04
1.874699855726237365e+04 1.843721394483931363e+04
1.831274477026332534e+04 1.800611327564407475e+04
1.787205442845781363e+04 1.756916402754827868e+04
1.742718836001757882e+04 1.712860883232031847e+04
1.698027360046990361e+04 1.668655281311524595e+04
1.653358895654378284e+04 1.624524594931185311e+04
1.608959361996391090e+04 1.580711168353986977e+04
1.565054644480020579e+04 1.537437170298648743e+04
1.521857149669564023e+04 1.494911006139274104e+04
1.479594652796381706e+04 1.453355420665220481e+04
1.438479720974856355e+04 1.412977902082980290e+04
1.398698856442589204e+04 1.373960222258716203e+04
1.360395118221886332e+04 1.336441109950396094e+04
1.323673135519072639e+04 1.300521299108413223e+04
1.288621853856829148e+04 1.266286300478093108e+04
1.255315417166293082e+04 1.233807017422397075e+04
1.223810883463587197e+04 1.203136822480309274e+04
1.194155325238314617e+04 1.174319511088006220e+04
1.166359735569842087e+04 1.147364265510300902e+04
1.140183770249852023e+04 1.122036563944259615e+04
1.115281305977184275e+04 1.097999124011423373e+04
1.091337352698737959e+04 1.074944815316377753e+04
1.068097826941538187e+04 1.052626755193592908e+04
1.045347315767983309e+04 1.030835902384296060e+04
1.022861170221912835e+04 1.009354067934444720e+04
1.000318948518788420e+04 9.878708559473256173e+03
9.773966256936599166e+03 9.660714875805397241e+03
9.537441574209953615e+03 9.436161504912815872e+03
9.289781306291171859e+03 9.201326584135640587e+03
9.027684664526641427e+03 8.952989262268374659e+03
8.748659132337643314e+03 8.688725766896002824e+03
8.451105784326047797e+03 8.406955173962554909e+03
8.135909761637419251e+03 8.108519600260550760e+03
7.805297955972680938e+03 7.795553565971264106e+03
7.463327044654802194e+03 7.471969917864950730e+03
7.114977124957462365e+03 7.142578798019292663e+03
6.766157462659774865e+03 6.813080078040426088e+03
6.422868583347439198e+03 6.489266219142493355e+03
6.090936484582789490e+03 6.176733669792099136e+03
5.775708503782906519e+03 5.880617969283848652e+03
5.482433106562177272e+03 5.605933658798882789e+03
5.215475039945713434e+03 5.356827953449920642e+03
4.978284548293611806e+03 5.136548264884411765e+03
4.771972425632326122e+03 4.946125341583130648e+03
4.595186201886370327e+03 4.784193235507469581e+03
4.443758711461752682e+03 4.646725283232094625e+03
4.311106300251341963e+03 4.527361752099324804e+03
4.189273608388304638e+03 4.418436473731986553e+03
4.069960579108417733e+03 4.311917263397381248e+03
3.945452427883640212e+03 4.200317079199835462e+03
3.809592149299129233e+03 4.077619497152026725e+03
3.658454725949512067e+03 3.939951779256102327e+03
3.491500891905791832e+03 3.786748364856033731e+03
3.311305891217106364e+03 3.620482656147508351e+03
3.123152317990038682e+03 3.446294839155336376e+03
2.934033270707214342e+03 3.270990079133137442e+03
2.751940208749044359e+03 3.102304566676064496e+03
2.584966074077985468e+03 2.948024096386765905e+03
2.439755636608494569e+03 2.814482461912630242e+03
2.318867674991807689e+03 2.704047519196496523e+03
2.219571438808819039e+03 2.614043899884808070e+03
2.135575904418562914e+03 2.538416415922074520e+03
2.059492656105142487e+03 2.470074122941036876e+03
1.983989398932286804e+03 2.401974189055383249e+03
1.902201628097159983e+03 2.327510443416449107e+03
1.809957115309542360e+03 2.242674864107490976e+03
1.708530841030774809e+03 2.148733779939718715e+03
1.603832439531184491e+03 2.051421009672501441e+03
1.502700101991552401e+03 1.957318943223704082e+03
1.410873435581869671e+03 1.871876731710396598e+03
1.332147579047311638e+03 1.798625974000875203e+03
1.266437426824283875e+03 1.737404009203501801e+03
1.209815909116368175e+03 1.684453174838681207e+03
1.156695254203773857e+03 1.634497197153023080e+03
1.101782463861831729e+03 1.582577496547534793e+03
1.042504656953511358e+03 1.526329381955461713e+03
9.806957671363384179e+02 1.467535665843649667e+03
9.203528166035777076e+02 1.409962141681638741e+03
8.650519388668457168e+02 1.356910566091177088e+03
8.168373580769944056e+02 1.310203775744683526e+03
7.746818968156753726e+02 1.268839265576848447e+03
7.354010747204557674e+02 1.229892654831157870e+03
6.962757938716798662e+02 1.190917531015283657e+03
6.563150509326068232e+02 1.151066810798401775e+03
6.168036903366516981e+02 1.111529991048963211e+03
5.799439556542223499e+02 1.074262501245533485e+03
5.466713686476418843e+02 1.040052646396887440e+03
5.163930063266815296e+02 1.008347198617226695e+03
4.876465272021898159e+02 9.778725400276324535e+02
4.594147606676568216e+02 9.477755112719688668e+02
4.319512122272676038e+02 9.182915865017465649e+02
4.061228640472668303e+02 8.901463344044994983e+02
3.823011337101638105e+02 8.636271040518781774e+02
3.601030589954285688e+02 8.384031108955041418e+02
3.389202737808836332e+02 8.139818860887259007e+02
3.185783807448219136e+02 7.902311410932404669e+02
2.993539813434761072e+02 7.673657124399053373e+02
2.814012378847426703e+02 7.454927487850995931e+02
2.645512245260702571e+02 7.244736698474840750e+02
2.485666218468956288e+02 7.041283343148977565e+02
2.334153538186670005e+02 6.844309523447510628e+02
2.191696339541352359e+02 6.654261920909581249e+02
2.057910772475871113e+02 6.470786089063806230e+02
1.931690812337367049e+02 6.293064941925944140e+02
1.812527568000964209e+02 6.120708775548048379e+02
1.700425945607377685e+02 5.953654605821346877e+02
1.595024126631918193e+02 5.791603072739660547e+02
1.495776781158469646e+02 5.634158611919657460e+02
1.402318767846689695e+02 5.481040366688055201e+02
1.314446351802357356e+02 5.332068811289569794e+02
1.231848928078415213e+02 5.187013074377505291e+02
1.154222309009821572e+02 5.045652308940663033e+02
1.081279258282304738e+02 4.907781358200874138e+02
1.012748568659578439e+02 4.773209864923251757e+02
9.483741894224215230e+01 4.641761446706852894e+02
8.879144008195399351e+01 4.513272930735769251e+02
8.311415897754343973e+01 4.387594754507989023e+02
7.778441520441148782e+01 4.264595997311670885e+02
7.278228484132561960e+01 4.144158709105208800e+02
6.808887454545683227e+01 4.026174417926997080e+02
6.368627690811884179e+01 3.910543631031151790e+02
5.955752736059690733e+01 3.797175368770085129e+02
5.568656229280172454e+01 3.685986721300681097e+02
5.205817709415850914e+01 3.576902524661183520e+02
4.865793691699149548e+01 3.469858877540223716e+02
4.547213885238011954e+01 3.364803482589148302e+02
4.248785024656571352e+01 3.261689755461119944e+02
3.969287385665705870e+01 3.160476110529118614e+02
3.707570930149683619e+01 3.061125658818565398e+02
3.462551629826715782e+01 2.963605913286211830e+02
3.233207961881561232e+01 2.867888500669412792e+02
3.018577729147685673e+01 2.773950953848134873e+02
2.817755412307316476e+01 2.681783990557451034e+02
2.629888431960522155e+01 2.591382962541075017e+02
2.454174039046101541e+01 2.502744312668568796e+02
2.289856617827382124e+01 2.415865407560995095e+02
2.136225118775200116e+01 2.330744374861735935e+02
1.992610616221226749e+01 2.247379944442213571e+02
1.858383976296806139e+01 2.165771637806695082e+02
1.732953427801847113e+01 2.085927930191921575e+02
1.615762527274269544e+01 2.007865103715454893e+02
1.506288443476323202e+01 1.931597235253234430e+02
1.404040060805507295e+01 1.857135725009214866e+02
1.308556167937643799e+01 1.784489328499902854e+02
1.219403741440232558e+01 1.713664194519446085e+02
1.136176320004629403e+01 1.644663908890200048e+02
1.058492419460337430e+01 1.577492128816374759e+02
9.859939713319153753e+00 1.512159102424185733e+02
9.183451132817381790e+00 1.448672858590461772e+02
8.552309221965927577e+00 1.387036875894720254e+02
7.963561717748039115e+00 1.327250323016520213e+02
7.414441590634226920e+00 1.269308301429810797e+02
6.902355964725792603e+00 1.213202089138477930e+02
6.424875628814226580e+00 1.158919543005974049e+02
5.979724699398486720e+00 1.106447852745957334e+02
5.564771551845953290e+00 1.055772806704144955e+02
5.178020523452190105e+00 1.006876515776089747e+02
4.817603611786935858e+00 9.597376455071719192e+01
4.481772638301559475e+00 9.143317239821294606e+01
4.168891867786215677e+00 8.706314412306998918e+01
