1.821913443147230282e+04 1.809625766176007892e+04
1.844081597816506473e+04 1.831301407660124823e+04
1.865672251929290360e+04 1.852387108399087811e+04
1.886631447963850587e+04 1.872829324151487162e+04
1.906904508604030343e+04 1.892573857527969085e+04
1.926435368150208888e+04 1.911565193814919985e+04
1.945165099090599324e+04 1.929745042307601034e+04
1.963034052346001772e+04 1.947054465854467708e+04
1.979982224157524251e+04 1.963434253408433142e+04
1.995947009124865508e+04 1.978822743212887508e+04
2.010864429718525935e+04 1.993157027839407965e+04
2.024670943328605426e+04 2.006374719125702177e+04
2.037302301341208295e+04 2.018412850935855386e+04
2.048692571496800520e+04 2.029206941794368322e+04
2.058776791950876213e+04 2.038693575864792365e+04
2.067491125162583194e+04 2.046810563166026986e+04
2.074770653003765983e+04 2.053494831208457981e+04
2.080551523531496787e+04 2.058684500256875253e+04
2.084772484386986616e+04 2.062320367419601462e+04
2.087374029220481316e+04 2.064345130446800249e+04
2.088298496459388480e+04 2.064703500273983445e+04
2.087491993847189951e+04 2.063344014516325478e+04
2.084904880672373838e+04 2.060219536951094778e+04
2.080492049193428102e+04 2.055287636597989331e+04
2.074213486767174618e+04 2.048511023096120334e+04
2.066034875859247768e+04 2.039858098222487388e+04
2.055930286462506410e+04 2.029305735667000408e+04
2.043882073712188867e+04 2.016839134493443999e+04
2.029879170731769045e+04 2.002449996225017458e+04
2.013920497840276221e+04 1.986139953288628385e+04
1.996020224781607612e+04 1.967925872320772760e+04
1.976200592854536808e+04 1.947832545704967924e+04
1.954492036582849323e+04 1.925892778945624377e+04
1.930945789187949049e+04 1.902160033814264898e+04
1.905626787407710799e+04 1.876701262049117577e+04
1.878605391084662915e+04 1.849588562067746898e+04
1.849970741702735540e+04 1.820912510223449135e+04
1.819839330359740416e+04 1.790790688806134494e+04
1.788331399240723840e+04 1.759344083853577104e+04
1.755572769170603351e+04 1.726698915393078278e+04
1.721718146101352613e+04 1.693009939674033012e+04
1.686929438997494071e+04 1.658438751575972128e+04
1.651364756364940695e+04 1.623142784313529046e+04
1.615215012336157633e+04 1.587311608252009319e+04
1.578705254293994403e+04 1.551168236105967844e+04
1.542048305277939289e+04 1.514923193286339301e+04
1.505435556229672511e+04 1.478765640248802447e+04
1.469020654335238760e+04 1.442847784505172604e+04
1.432939432546826902e+04 1.407304052156512626e+04
1.397322549460206938e+04 1.372263418395608824e+04
1.362388379453764173e+04 1.337940720620905086e+04
1.328410486064166435e+04 1.304604766852923058e+04
1.295636207357169224e+04 1.272498453328588948e+04
1.264243993783768019e+04 1.241797058802640277e+04
1.234289902262181749e+04 1.212555873581824198e+04
1.205807103411231765e+04 1.184807783109199772e+04
1.178806133816045804e+04 1.158563629648132701e+04
1.153192300298633199e+04 1.133731539501201405e+04
1.128840171141142309e+04 1.110189607139663349e+04
1.105621662631665458e+04 1.087813353699310392e+04
1.083346964513222338e+04 1.066418206631658359e+04
1.061813475599366211e+04 1.045806923997876402e+04
1.040815109884562298e+04 1.025778578997241675e+04
1.020105463829653854e+04 1.006092634403210650e+04
9.994436856236990934e+03 9.865132272011191162e+03
9.785509585670228262e+03 9.667665083223415422e+03
9.571196572175602341e+03 9.465491751279912933e+03
9.348508081403311735e+03 9.255648669828768107e+03
9.114277746545341870e+03 9.034984399666202080e+03
8.865768551616789409e+03 8.800747714504055693e+03
8.601143637653583937e+03 8.551066415475106623e+03
8.319388430946759399e+03 8.284859678148774037e+03
8.021457164239478516e+03 8.002996043431776343e+03
7.709466091987997061e+03 7.707488753693054605e+03
7.387344390904975626e+03 7.402160388080915254e+03
7.059768644268552634e+03 7.091583251835640112e+03
6.732280736410787540e+03 6.781199052226682397e+03
6.410395209191364302e+03 6.476435173931012287e+03
6.099585134230695985e+03 6.182686667985084568e+03
5.805032614693556752e+03 5.905052400820639377e+03
5.531470054437714680e+03 5.648200768996704937e+03
5.282611828184554724e+03 5.415794272646979152e+03
5.061210982894036533e+03 5.210551872997652936e+03
4.867624943586360132e+03 5.032846993471031965e+03
4.700297250391581656e+03 4.881165596150782221e+03
4.554658920922768630e+03 4.751028356005529531e+03
4.424584381860151552e+03 4.636385379360712250e+03
4.302378840187586320e+03 4.529592318413742760e+03
4.180366711501547798e+03 4.422951026450063182e+03
4.051464444926370106e+03 4.309274656064029841e+03
3.910271180574478421e+03 4.183004628584541024e+03
3.753850231696381343e+03 4.041030978443454387e+03
3.582255331219323580e+03 3.883274399402288509e+03
3.398852540881524419e+03 3.713064378452129858e+03
3.209477850287621095e+03 3.536280830098813112e+03
3.021508247741499872e+03 3.360397257265836743e+03
2.842929632295324154e+03 3.193504797938817319e+03
2.681311329586979355e+03 3.043240702953454274e+03
2.541988823211228009e+03 2.914961671519270567e+03
2.426100415260497812e+03 2.809809838585996204e+03
2.330061898848213332e+03 2.724198382146805670e+03
2.247026727291829502e+03 2.651258239509985742e+03
2.169152172987958693e+03 2.583077863131708455e+03
2.088949740182033565e+03 2.512036742253714692e+03
2.000274699463513571e+03 2.431824620205571591e+03
1.900561129950349596e+03 2.339779975901133184e+03
1.792677756841846531e+03 2.238840859464013647e+03
1.683443962497603252e+03 2.136010425261215460e+03
1.580168833540810738e+03 2.038755455648612951e+03
1.488520375441876013e+03 1.952803886358223963e+03
1.411245542865407742e+03 1.880881181887046978e+03
1.346769581081180831e+03 1.821360080556984940e+03
1.289881777311540873e+03 1.768981418447160650e+03
1.234123830981693118e+03 1.717243462401285342e+03
1.174499807574065471e+03 1.661127343678732359e+03
1.109802046378261593e+03 1.599465135101707347e+03
1.043284696757880283e+03 1.535598213106020012e+03
9.798546014106608482e+02 1.474478564991449502e+03
9.232895423115783160e+02 1.419846905875217999e+03
8.747537829991830449e+02 1.372796986002072344e+03
8.318753331720348569e+02 1.330944432991023405e+03
7.906242914019159116e+02 1.290328422747144714e+03
7.482794623934084939e+02 1.248324089474616358e+03
7.047445028381767997e+02 1.204901203300176348e+03
6.623968486016576662e+02 1.162407167090238545e+03
6.237720019145220931e+02 1.123268893510193038e+03
5.893736248626565839e+02 1.087922768461695568e+03
5.577981690976993150e+02 1.055011753786824102e+03
5.270745576172186020e+02 1.022697171366841758e+03
4.964549352676461353e+02 9.903224264571548474e+02
4.668391597448205630e+02 9.587457100763720064e+02
4.394099113685734324e+02 9.290375836774421714e+02
4.143133332940835771e+02 9.013028148299455324e+02
3.907106710164224523e+02 8.747837452821819397e+02
3.678690902463431485e+02 8.488497195116177636e+02
3.458736494607157397e+02 8.235905701644298915e+02
3.252564066727509839e+02 7.994569272370854378e+02
3.060929370725342551e+02 7.764970717273210994e+02
2.880063408514069465e+02 7.543931506643750708e+02
2.707234559572396506e+02 7.329279563671227606e+02
2.543523226348794992e+02 7.121878553501794613e+02
2.390168204241277863e+02 6.922606498730141311e+02
2.245952738964706725e+02 6.730455177321816791e+02
2.109322054630817718e+02 6.544239148903562864e+02
1.980246690017243907e+02 6.363900974307083516e+02
1.858972515579673654e+02 6.189539861760830490e+02
1.744785199464515699e+02 6.020594980080634286e+02
1.637187665140531863e+02 5.856682873296135767e+02
1.535835587111145060e+02 5.697516340157684454e+02
1.440403732364649727e+02 5.542820256224408695e+02
1.350580560194982525e+02 5.392338179499539592e+02
1.266067880511167658e+02 5.245831308413752367e+02
1.186580546692646152e+02 5.103077439881720920e+02
1.111846130395300349e+02 4.963870007566945901e+02
1.041603782918372616e+02 4.828016163260041935e+02
9.756006908832054592e+01 4.695331482914203889e+02
9.135955747830033147e+01 4.565643528154903379e+02
8.553598452161867272e+01 4.438793205731868738e+02
8.006770094870293519e+01 4.314634059487971740e+02
7.493420994554848846e+01 4.193031607728455015e+02
7.011611217881458913e+01 4.073862722859809651e+02
6.559505516408906090e+01 3.957015277708512144e+02
6.135372222356855332e+01 3.842392006893473990e+02
5.737576823363878731e+01 3.729909072743621437e+02
5.364572887695069170e+01 3.619490952317952974e+02
5.014897736985294330e+01 3.511069826418027446e+02
4.687168451887461629e+01 3.404585169877507269e+02
4.380078027176634237e+01 3.299983355548004056e+02
4.092391672039352102e+01 3.197217280097270873e+02
3.822942510520228865e+01 3.096250185611168604e+02
3.570627328231044828e+01 2.997060959710017869e+02
3.334405264509392453e+01 2.899633621378602584e+02
3.113294903426994864e+01 2.803955255195211862e+02
2.906371165550851288e+01 2.710015755193845166e+02
2.712762340960708585e+01 2.617807572125150273e+02
2.531647258670694711e+01 2.527325464077021593e+02
2.362252560207383922e+01 2.438568229404637293e+02
2.203849962857687927e+01 2.351551067043418186e+02
2.055753974294929165e+01 2.266295050412081196e+02
1.917319660687388705e+01 2.182819345111037705e+02
1.787940415541740791e+01 2.101141114270197647e+02
1.667045838127063817e+01 2.021275473451142375e+02
1.554099717589188856e+01 1.943235452151210154e+02
1.448598114275695004e+01 1.867032220655727883e+02
1.350067412066874795e+01 1.792683587827017107e+02
1.258062608446181230e+01 1.720214293057905479e+02
1.172165863304666367e+01 1.649644435426057498e+02
1.091984947077509283e+01 1.580988939426439401e+02
1.017151759509712861e+01 1.514257777374548368e+02
9.473209273945185416e+00 1.449456198156214555e+02
8.821684775687456792e+00 1.386584961097937310e+02
8.213905514632594773e+00 1.325642255300334682e+02
7.647021590954119930e+00 1.266627536906650704e+02
7.118361601999859900e+00 1.209536364035399174e+02
6.625422231947259100e+00 1.154359379315982750e+02
6.165858175944873842e+00 1.101082673690457909e+02
5.737472630119002659e+00 1.049688145190923336e+02
5.338208318514212181e+00 1.000153851042840927e+02
4.966138988661919385e+00 9.524544179536884769e+01
4.619461062518134042e+00 9.065619990540309914e+01
