2.963676720472141460e+04 2.945735961984399182e+04
2.992214371459403264e+04 2.973566132280003876e+04
3.019287286681999103e+04 2.999914699061528154e+04
3.044790909782632662e+04 3.024677446741942185e+04
3.068619899801967767e+04 3.047749515225048162e+04
3.090662418149277801e+04 3.069019893218415018e+04
3.110804799652531801e+04 3.088375966446902385e+04
3.128934794588520890e+04 3.105706676317812526e+04
3.144937779588240301e+04 3.120898751646601158e+04
3.158695628704591581e+04 3.133835594992415645e+04
3.170092988776128550e+04 3.144403542946523157e+04
3.179016762869691593e+04 3.152491382961420095e+04
3.185349857207562673e+04 3.157984242943083518e+04
3.188977811255565757e+04 3.160770112501794574e+04
3.189792251988563294e+04 3.160743246126137819e+04
3.187686524786098016e+04 3.157799954290118330e+04
3.182555909521605645e+04 3.151838840963647453e+04
3.174304468242945222e+04 3.142767460024331012e+04
3.162844932843541028e+04 3.130502271670417758e+04
3.148095186137877681e+04 3.114965402353011814e+04
3.129983783821155521e+04 3.096089854292137170e+04
3.108452471071502441e+04 3.073821911581290624e+04
3.083456207032578823e+04 3.048121511743211522e+04
3.054964143358925503e+04 3.018963149867879110e+04
3.022961341359510698e+04 2.986337181971246173e+04
2.987451778126713180e+04 2.950252967379747133e+04
2.948464052484981949e+04 2.910744969767635484e+04
2.906045516995864818e+04 2.867866266717005783e+04
2.860262081212755584e+04 2.821688183878986820e+04
2.811215011220744782e+04 2.772317536887028473e+04
2.759035371273279816e+04 2.719890818761890478e+04
2.703869071010580956e+04 2.664558735754044028e+04
2.645890816189759789e+04 2.606500282432412496e+04
2.585327072191539264e+04 2.545945924675057540e+04
2.522417495561164105e+04 2.483138475065660896e+04
2.457411500796596374e+04 2.418329527783613230e+04
2.390622256823295538e+04 2.351833279141045568e+04
2.322395396566483760e+04 2.283995241491807974e+04
2.253064524644736230e+04 2.215147879401708633e+04
2.182984459250444706e+04 2.145643552055899272e+04
2.112566886094440997e+04 2.075889807396133983e+04
2.042201217509203343e+04 2.006271087752210951e+04
1.972256745660994056e+04 1.937150703573225474e+04
1.903194000629078437e+04 1.868978977570987990e+04
1.835485166214527271e+04 1.802216117014067640e+04
1.769540650702286075e+04 1.737261170989786842e+04
1.705699402776467468e+04 1.674442145443669870e+04
1.644225240594856587e+04 1.614012210748196958e+04
1.585334551368348730e+04 1.556178126278179479e+04
1.529238791569664681e+04 1.501140908325487544e+04
1.476356495394387457e+04 1.449296555768229882e+04
1.427143531591139072e+04 1.401075863064761870e+04
1.381972255204414614e+04 1.356830024879043958e+04
1.340865797665589525e+04 1.316571074205536024e+04
1.303558882400079347e+04 1.280030857878507595e+04
1.269801458023243504e+04 1.246957086661379981e+04
1.239330834018857240e+04 1.217086167688038222e+04
1.211873202085456251e+04 1.190144467116210944e+04
1.187163711911449354e+04 1.165867981245027477e+04
1.164796929762720356e+04 1.143860354381653815e+04
1.144311432260970651e+04 1.123672977892577183e+04
1.125206860961510574e+04 1.104822663405704589e+04
1.106837795889902918e+04 1.086693185846404958e+04
1.088550180095243923e+04 1.068662009039689110e+04
1.069549884229729105e+04 1.049980929473174183e+04
1.049012186271961400e+04 1.029875983782276307e+04
1.026156920122012343e+04 1.007621627035009988e+04
1.000272644638776910e+04 9.825613211789124762e+03
9.708499788176517541e+03 9.542322733334638542e+03
9.376122003955635591e+03 9.223929650337131534e+03
9.005994314055566065e+03 8.870991744038587058e+03
8.601661524135655782e+03 8.487004650033259168e+03
8.169459311905186041e+03 8.078042933910394822e+03
7.717680068505203963e+03 7.651966412673919876e+03
7.256406620928303710e+03 7.218260109481063409e+03
6.796659640747659068e+03 6.787207973527185459e+03
6.350816091793511077e+03 6.370277022016637602e+03
5.930328639634273713e+03 5.978020444565698199e+03
5.546956094331909298e+03 5.621132564120116513e+03
5.209675887708364826e+03 5.307731909072785129e+03
4.924799461956189589e+03 5.043334921554578614e+03
4.694124159045950364e+03 4.829335676618616162e+03
4.515548975121213516e+03 4.663491885680447012e+03
4.382299006078232196e+03 4.539359195361375896e+03
4.284741964685532366e+03 4.447914688526594546e+03
4.209965720032066201e+03 4.377259793703254218e+03
4.143309253638221890e+03 4.313990622344717849e+03
4.069348365496666702e+03 4.244095265371051937e+03
3.973753224995128221e+03 4.154626664759191954e+03
3.845871952545552176e+03 4.036032989086452744e+03
3.680413999576319384e+03 3.883661387571886735e+03
3.478639388847932878e+03 3.698825846259212085e+03
3.248704703161493853e+03 3.489102328373319324e+03
3.005208678036146466e+03 3.267821823764391866e+03
2.766878793579866397e+03 3.051872069302201453e+03
2.552121958072433699e+03 2.857649787200880382e+03
2.374121074081924235e+03 2.696685038035238449e+03
2.238218877107842673e+03 2.573407724057276027e+03
2.142612275997606048e+03 2.485913917018666325e+03
2.079762807192927994e+03 2.427320342261053611e+03
2.036418113265516695e+03 2.385830350044652732e+03
1.994705337065782260e+03 2.345691884210123590e+03
1.937344851256036918e+03 2.291751662681255311e+03
1.854218448739634141e+03 2.215218986129916630e+03
1.745067805254446739e+03 2.116037810305048879e+03
1.618365241120642850e+03 2.001834284430987282e+03
1.489056356063652629e+03 1.885774684498155239e+03
1.373565532287904034e+03 1.782056884992664664e+03
1.282966854108420421e+03 1.699994894440098506e+03
1.219662628260926567e+03 1.641354623990260961e+03
1.177339076643493854e+03 1.600532769299484471e+03
1.142779715680641857e+03 1.566204175800849953e+03
1.101903237454196415e+03 1.526446345148355249e+03
1.046730426804091621e+03 1.474609890733195925e+03
9.780289702585713485e+02 1.411515995394332549e+03
9.046711241206303384e+02 1.344763577641919255e+03
8.387405622818805568e+02 1.284418915688971765e+03
7.876243031001030204e+02 1.236422321870873020e+03
7.507042213391207497e+02 1.200058991334723942e+03
7.207031314007547280e+02 1.169274154871998007e+03
6.882432211933969484e+02 1.136458166994758585e+03
6.486288235399484847e+02 1.097916750336686619e+03
6.045205040486360986e+02 1.055909080393276327e+03
5.626707598028159509e+02 1.015850184017757783e+03
5.284110779286005481e+02 9.818542834663269332e+02
5.014344401448787494e+02 9.535502416579630562e+02
4.768642173459346623e+02 9.271002664899046977e+02
4.502369891292461261e+02 8.991095996323314239e+02
4.213787573189917453e+02 8.695204487353756804e+02
3.937197546590276147e+02 8.409446518683467957e+02
3.700769566661639942e+02 8.154256669032780565e+02
3.498386519993232469e+02 7.924419310212048231e+02
3.302172642034870478e+02 7.699507291627246559e+02
3.099122344285070199e+02 7.470506440339059964e+02
2.901364967237166184e+02 7.246221369034076361e+02
2.724631331077346772e+02 7.037377591416685618e+02
2.566297501299024475e+02 6.841788482735789785e+02
2.413297800844208609e+02 6.650541896304242755e+02
2.262468489340369899e+02 6.461661825334482501e+02
2.121283963473196081e+02 6.280001921284097079e+02
1.992771854312892970e+02 6.107292006078403119e+02
1.871562042864046305e+02 5.940036653090506888e+02
1.754878918026819861e+02 5.776542881557704732e+02
1.644729565013153092e+02 5.617956593219457773e+02
1.541659543533709495e+02 5.464489966290390157e+02
1.445203121114624025e+02 5.315838652302760465e+02
1.354826718513604362e+02 5.171658784547263394e+02
1.270050734290014702e+02 5.031631894554461724e+02
1.190443671402685624e+02 4.895463258818891177e+02
1.115616947493330855e+02 4.762880400464147215e+02
1.045221564715572526e+02 4.633632795347452316e+02
9.789826853276200325e+01 4.507524660745858682e+02
9.166915598136252186e+01 4.384416594057619250e+02
8.581486691501382325e+01 4.264180835801323610e+02
8.031606426702037993e+01 4.146698036141116290e+02
7.515405089598579025e+01 4.031856809798723589e+02
7.031078833721872456e+01 3.919553316667117997e+02
6.576890980405080711e+01 3.809690865886262827e+02
6.151152683039911295e+01 3.702178754029980610e+02
5.752153974216212617e+01 3.596928940299182500e+02
5.378254290390852077e+01 3.493858820111232149e+02
5.027912343567577835e+01 3.392892184055800726e+02
4.699680133541104254e+01 3.293958879863416200e+02
4.392197314812928965e+01 3.196994489159295654e+02
4.104185907262826305e+01 3.101940017943086900e+02
3.834445630363574509e+01 3.008741747643769031e+02
3.581858374554878566e+01 2.917355643744338067e+02
3.345382634399300059e+01 2.827747364183284162e+02
3.124036719441759047e+01 2.739885903414284485e+02
2.916894933668494971e+01 2.653743017093885328e+02
2.723084688289306143e+01 2.569293033501205628e+02
2.541783739297577682e+01 2.486512669775107156e+02
2.372217546316810299e+01 2.405380852722099689e+02
2.213656233538850771e+01 2.325879623716341200e+02
2.065410420138507064e+01 2.247997980050019464e+02
1.926831256013605298e+01 2.171727352098414201e+02
1.797308998402668223e+01 2.097059684788669642e+02
1.676270782722793484e+01 2.023987333982650227e+02
1.563178510866311299e+01 1.952502966851963606e+02
1.457526851705507553e+01 1.882599465747585157e+02
1.358841350463736575e+01 1.814269985642741005e+02
1.266676697900586390e+01 1.747512559039121243e+02
1.180615027706370768e+01 1.682330118030460255e+02
1.100264231164246809e+01 1.618724229790832965e+02
1.025256443424239450e+01 1.556694735227083868e+02
9.552466175251499436e+00 1.496239776317218002e+02
8.899111767990062205e+00 1.437355826879896483e+02
8.289467417544857497e+00 1.380037726649064780e+02
7.720689075491654840e+00 1.324279970970686122e+02
7.190110405083919076e+00 1.270081307457240172e+02
6.695232982179506465e+00 1.217439582900270523e+02
6.233716481930378528e+00 1.166349774484404094e+02
5.803369084563864355e+00 1.116804146386253791e+02
5.402138432295996218e+00 1.068792407476850173e+02
5.028103108113572084e+00 1.022301868811153582e+02
4.679464601391496892e+00 9.773176535306026835e+01
4.354539536628895924e+00 9.338244955618834808e+01
4.051752587659980698e+00 8.918068586573518530e+01
3.769630070628872787e+00 8.512468906106282418e+01
3.506793635192011926e+00 8.121244952067419831e+01
