1.805294881619766238e+04 1.795303307048476927e+04
1.824302627021398439e+04 1.813923282775978441e+04
1.842615168797074512e+04 1.831838951923294007e+04
1.860181945348146837e+04 1.848999927481747363e+04
1.876950121545791262e+04 1.865353718390914219e+04
1.892865894751482847e+04 1.880846972088634357e+04
1.907875557447825850e+04 1.895426485781767769e+04
1.921924111279113640e+04 1.909037827362084863e+04
1.934954659325934335e+04 1.921624733301262313e+04
1.946910771125296378e+04 1.933131468025807771e+04
1.957736367925094964e+04 1.943502721260370527e+04
1.967373495054852538e+04 1.952681436446285807e+04
1.975764529611471517e+04 1.960610977735879715e+04
1.982853430181172371e+04 1.967236358578617001e+04
1.988584114627281451e+04 1.972502671068226846e+04
1.992900404278854694e+04 1.976355040477037255e+04
1.995748558220843552e+04 1.978741097927739975e+04
1.997077111326584782e+04 1.979610839147761362e+04
1.996835124458154314e+04 1.978914962692619883e+04
1.994974581920351557e+04 1.976607175619298869e+04
1.991451465002706755e+04 1.972645233767110039e+04
1.986225321622748015e+04 1.966990611171891578e+04
1.979259701754234993e+04 1.959608918839113176e+04
1.970523307964117703e+04 1.950470940644672737e+04
1.959990793554018092e+04 1.939553472618657179e+04
1.947644019870170450e+04 1.926840696387244679e+04
1.933471266022159398e+04 1.912323216576940831e+04
1.917467535888824568e+04 1.895998323300646007e+04
1.899639036015375677e+04 1.877874617292972471e+04
1.880002035784609689e+04 1.857970794182380632e+04
1.858579508189366607e+04 1.836312127547651471e+04
1.835405746582708525e+04 1.812935143186846835e+04
1.810533314584985783e+04 1.787894662257126765e+04
1.784022263083169673e+04 1.761252803865549504e+04
1.755939674370878492e+04 1.733078489578676454e+04
1.726375774888401065e+04 1.703463658082541588e+04
1.695434881450382090e+04 1.672514113313258713e+04
1.663223519103189392e+04 1.640337541526496352e+04
1.629863582016741748e+04 1.607056665237656671e+04
1.595504443944168088e+04 1.572821332916383653e+04
1.560295346044732833e+04 1.537780895689997305e+04
1.524385655848753413e+04 1.502084444783778417e+04
1.487954940923369577e+04 1.465910656804356950e+04
1.451189858120012104e+04 1.429444858268433018e+04
1.414265632059489872e+04 1.392860672414925648e+04
1.377365745829612024e+04 1.356339402146031898e+04
1.340691314416882778e+04 1.320079267820935274e+04
1.304428206671470616e+04 1.284263140370543442e+04
1.268748678099683457e+04 1.249060103484918545e+04
1.233833541004869403e+04 1.214646809925598609e+04
1.199853251908530183e+04 1.181189401384662779e+04
1.166957943454731139e+04 1.148834005424037605e+04
1.135266148120856269e+04 1.117695248327708214e+04
1.104864455380734580e+04 1.087855891707965930e+04
1.075826248050626600e+04 1.059385898517677742e+04
1.048210025394997865e+04 1.032340619637273812e+04
1.022045832589379643e+04 1.006746665149424734e+04
9.973525514181559629e+03 9.826197433236873621e+03
9.741306397058588118e+03 9.599580405664046339e+03
9.522005732214547606e+03 9.385855924137535112e+03
9.312783090756640377e+03 9.182252036808600678e+03
9.111028230067619006e+03 8.986220310132628583e+03
8.914617477261810564e+03 8.795695296258558301e+03
8.721787755222163469e+03 8.608967363757752537e+03
8.530766761143651820e+03 8.424318148258769725e+03
8.339007803798511304e+03 8.239293652125550580e+03
8.143857374976308165e+03 8.051334736757275095e+03
7.942556839467810278e+03 7.857788373657896955e+03
7.732048678727865081e+03 7.655727497138436775e+03
7.509705197336612400e+03 7.442630055287467258e+03
7.273688548289216669e+03 7.216757314606171349e+03
7.022869754645220382e+03 6.977039811872757127e+03
6.758117580899465793e+03 6.724337307151165987e+03
6.481539792437122742e+03 6.460695769807875877e+03
6.196537328318000618e+03 6.189392895488509566e+03
5.907319809479768082e+03 5.914477848409661419e+03
5.618656964745589903e+03 5.640514767345975088e+03
5.335423023717446995e+03 5.372161539469690069e+03
5.062259311314892329e+03 5.113822580459192977e+03
4.803390446135234015e+03 4.869498700057397400e+03
4.562949584860471077e+03 4.643073584902273069e+03
4.344318427792668444e+03 4.437704848049334032e+03
4.150019476365754599e+03 4.255700137976140468e+03
3.980823212759278249e+03 4.097732853675542174e+03
3.835148320967960444e+03 3.962216695772635376e+03
3.709493939891127866e+03 3.845778424544884729e+03
3.598156741610824611e+03 3.742967131433365466e+03
3.494675961085968083e+03 3.647638690262085674e+03
3.392313010967734499e+03 3.553390204639242711e+03
3.285044226094067653e+03 3.454513468739574819e+03
3.168164174407512292e+03 3.346543808002993956e+03
3.038964296358027241e+03 3.226920598065745708e+03
2.897468513853743843e+03 3.095682984186559679e+03
2.746130754060050094e+03 2.955173223616634004e+03
2.589517003784319968e+03 2.809740073988111817e+03
2.433354858239777514e+03 2.664807219833749059e+03
2.284008778062393958e+03 2.526361641612614676e+03
2.147815863975808043e+03 2.400324706856435569e+03
2.029782588013298209e+03 2.291313264112997331e+03
1.931336827103324140e+03 2.200576074688334302e+03
1.849772967202238078e+03 2.125520437895160740e+03
1.779702792618700414e+03 2.061077166893498998e+03
1.715113865391417221e+03 2.001624593777615019e+03
1.650270466479382094e+03 1.941817091316529513e+03
1.579960757728574436e+03 1.876811656416776259e+03
1.501366207653825086e+03 1.804014628270317644e+03
1.416156938511189082e+03 1.725024647876286508e+03
1.329405868721407614e+03 1.644588663397313439e+03
1.246427748934972669e+03 1.567631668861343542e+03
1.171612740556761310e+03 1.498166663148403359e+03
1.107500146779736951e+03 1.438460275186969284e+03
1.053519124844594444e+03 1.387923452655784104e+03
1.006221945452291152e+03 1.343366858515651984e+03
9.611550999462269829e+02 1.300723477214518425e+03
9.143615393407175134e+02 1.256415100961848566e+03
8.642912976051139822e+02 1.209076361120439060e+03
8.128180570658269062e+02 1.160440914349219611e+03
7.631478915894756483e+02 1.113409649492061362e+03
7.179022198280515568e+02 1.070308081232480163e+03
6.783601745804501206e+02 1.032228451403368354e+03
6.433623780332014803e+02 9.981007141741578153e+02
6.103460277193012189e+02 9.656492661973146596e+02
5.773749738558510671e+02 9.331874290956583309e+02
5.439447669057134362e+02 9.003016159955802777e+02
5.112485647012827030e+02 8.680457305665800050e+02
4.809259323097764991e+02 8.378239927945814998e+02
4.534814009619243507e+02 8.100411063305288053e+02
4.283011786915082553e+02 7.841519296411863706e+02
4.042502511531079108e+02 7.591940510344008999e+02
3.806821607070926348e+02 7.346365935075220932e+02
3.579103463292150309e+02 7.107475855409664973e+02
3.365752757172260772e+02 6.880470267597307839e+02
3.168561062258862648e+02 6.666650215294836244e+02
2.983908906192389736e+02 6.462986177693127274e+02
2.807529478941205525e+02 6.266060813918348913e+02
2.638659900505984979e+02 6.075287485835785901e+02
2.479512079875523511e+02 5.892340528349245687e+02
2.330740042075343865e+02 5.717628533380791396e+02
2.190799717100806276e+02 5.549907765575102303e+02
2.058056303163188261e+02 5.387924128251825096e+02
1.932455880495983536e+02 5.231603108601299255e+02
1.814414914160083470e+02 5.081184539117174381e+02
1.703451062705092340e+02 4.936261683113360732e+02
1.598744478320838027e+02 4.796214702546598119e+02
1.499969024442779073e+02 4.660776303313543849e+02
1.407073305502289315e+02 4.529858528312203703e+02
1.319689092871147125e+02 4.403168303683720524e+02
1.237424707926146965e+02 4.280405955682082890e+02
1.160008019043125103e+02 4.161355460883141859e+02
1.087210117737429727e+02 4.045828032278173509e+02
1.018781492806809155e+02 3.933631161889009036e+02
9.544726762074886039e+01 3.824578395817733849e+02
8.940476244056316091e+01 3.718495969468791600e+02
8.372830796883049231e+01 3.615222067591521409e+02
7.839679210528406372e+01 3.514606119157542139e+02
7.339025456142687176e+01 3.416508144891255370e+02
6.868983088380255708e+01 3.320798236045089311e+02
6.427780351049649710e+01 3.227359150110033852e+02
6.013754548341606920e+01 3.136086326955626760e+02
5.625331091020470353e+01 3.046883068532757193e+02
5.261018499856801611e+01 2.959659821808897959e+02
4.919404661898245479e+01 2.874333794599894532e+02
4.599153204879350909e+01 2.790828593383708949e+02
4.298999990208906041e+01 2.709073880912152390e+02
4.017748550280830244e+01 2.629006127808594329e+02
3.754263381266041932e+01 2.550571780184143904e+02
3.507471666607160188e+01 2.473722998400801885e+02
3.276361618529764286e+01 2.398415983164809120e+02
3.059979284052394988e+01 2.324610745284832944e+02
2.857425497979414075e+01 2.252270883681235034e+02
2.667852977625626210e+01 2.181363370801948349e+02
2.490463572276372162e+01 2.111858539976271061e+02
2.324505945808094154e+01 2.043733470283820282e+02
2.169272928442181936e+01 1.976970901819608173e+02
2.024098776518717457e+01 1.911555328772498683e+02
1.888356912466981186e+01 1.847472719900493416e+02
1.761457786984013296e+01 1.784710384781551227e+02
1.642846845382247523e+01 1.723256843374263667e+02
1.532002593882927322e+01 1.663101700282194315e+02
1.428434652660169846e+01 1.604237549925262556e+02
1.331681842511141589e+01 1.546663421729728043e+02
1.241310858975916531e+01 1.490378996282890682e+02
1.156914749362206152e+01 1.435383337297217281e+02
1.078111402369618865e+01 1.381674854862241091e+02
1.004542117341996210e+01 1.329251271839563060e+02
9.358702494628658997e+00 1.278109593469798284e+02
8.717799190064718928e+00 1.228246568824814631e+02
8.119747169885705773e+00 1.179663633230401985e+02
7.561766181413585031e+00 1.132363934769818599e+02
7.041249610747237320e+00 1.086348414537693685e+02
6.555754170845935924e+00 1.041615829860930091e+02
6.102990152024212911e+00 9.981628468452903746e+01
5.680812217643140372e+00 9.559841349002500976e+01
5.287210715359563551e+00 9.150724753781022969e+01
4.920303221110945202e+00 8.754206353070065916e+01
4.578326642470502250e+00 8.370228774472832356e+01
4.259630500975505996e+00 7.998713555240419737e+01
3.962670099886663078e+00 7.639558024354566612e+01
3.686000016640408994e+00 7.292637098492235737e+01
3.428267974838058230e+00 6.957805049327073732e+01
