1.850335305302142297e+04 1.838038100877041506e+04
1.874068409032774434e+04 1.861260124728873416e+04
1.897223584897212277e+04 1.883889961058400513e+04
1.919745517981048397e+04 1.905872353625724281e+04
1.941575388398877840e+04 1.927148746154100809e+04
1.962652207376826846e+04 1.947658560364339428e+04
1.982914398944426648e+04 1.967340704463545626e+04
2.002298562460806716e+04 1.986132338360197537e+04
2.020738587389613531e+04 2.003967993354352438e+04
2.038168061206730272e+04 2.020781983562773166e+04
2.054520117321564976e+04 2.036508268237653101e+04
2.069724352745306533e+04 2.051077435411385886e+04
2.083709475635022318e+04 2.064419310822518673e+04
2.096405038699086435e+04 2.076464667107654896e+04
2.107739523863810973e+04 2.087143359501993473e+04
2.117640105282488366e+04 2.096384105044153330e+04
2.126035701669875561e+04 2.104117476424418055e+04
2.132856596951478423e+04 2.110275544802751392e+04
2.138031682274061313e+04 2.114789213610582738e+04
2.141491928943272796e+04 2.117591602880509527e+04
2.143171858321462787e+04 2.118619487098450190e+04
2.143007901389932522e+04 2.117811753950951606e+04
2.140939134269603164e+04 2.115110122105515256e+04
2.136909767775908404e+04 2.110461522608876112e+04
2.130869449940697086e+04 2.103818443132117682e+04
2.122773202287940148e+04 2.095138964440611016e+04
2.112582659803589195e+04 2.084387838014342924e+04
2.100266937453591891e+04 2.071537313729219750e+04
2.085805381884301460e+04 2.056570020924333585e+04
2.069187040649140181e+04 2.039478347224132085e+04
2.050409381727837172e+04 2.020263021194701287e+04
2.029482721363303426e+04 1.998937590955977430e+04
2.006434818189576617e+04 1.975533065258304487e+04
1.981302942245006852e+04 1.950089789456997096e+04
1.954134996323494124e+04 1.922658529535886555e+04
1.925004697408866923e+04 1.893315709638741464e+04
1.894000846220393942e+04 1.862152567458029444e+04
1.861218505020640441e+04 1.829266251392773484e+04
1.826775347836140281e+04 1.794776142206045188e+04
1.790818235205881865e+04 1.758830376586729108e+04
1.753496807158664524e+04 1.721579421150644703e+04
1.714968724603279406e+04 1.683181258291216000e+04
1.675433989860285146e+04 1.643835445225800504e+04
1.635100055162188073e+04 1.603748425929934274e+04
1.594166086362136411e+04 1.563117919908426848e+04
1.552853070375811330e+04 1.522162753225490269e+04
1.511402280279337901e+04 1.481121333452739600e+04
1.470037968480319796e+04 1.440214751184513807e+04
1.428983455674334073e+04 1.399662544914352475e+04
1.388507543734003957e+04 1.359728106195600049e+04
1.348865975873886237e+04 1.320661505601608951e+04
1.310283664607810897e+04 1.282682224004002092e+04
1.272927177174035205e+04 1.245952360800316637e+04
1.236916966547734410e+04 1.210588710291903953e+04
1.202356128606142556e+04 1.176690967846863350e+04
1.169376711070800411e+04 1.144386413446506231e+04
1.138205754455552415e+04 1.113893575279962533e+04
1.109061015967379353e+04 1.085421992531210162e+04
1.082088774816527439e+04 1.059112084481370766e+04
1.057123365565899076e+04 1.034801620229149194e+04
1.033898242065331760e+04 1.012230629644940382e+04
1.012169676624923886e+04 9.911616387408626906e+03
9.917161978106123570e+03 9.713799455587615739e+03
9.723344191031555965e+03 9.526888042665592366e+03
9.538047415111304872e+03 9.348760520921516218e+03
9.358210061202178622e+03 9.176466115276280107e+03
9.180748809038455875e+03 9.007030232834627895e+03
9.002064581299762722e+03 8.836983031411893535e+03
8.818105905467784396e+03 8.662415737899369560e+03
8.624885005808349888e+03 8.479471871799029032e+03
8.418087324223331962e+03 8.283977064182001413e+03
8.193930744740022419e+03 8.072251580819893206e+03
7.949929173744234504e+03 7.841871492310549002e+03
7.684655853417475555e+03 7.591417562957181872e+03
7.398862735761598742e+03 7.321589890455769819e+03
7.094707802665886447e+03 7.034440391614901273e+03
6.776535780120554591e+03 6.734152564177636123e+03
6.449651197018982202e+03 6.425839033239533819e+03
6.120329928677897442e+03 6.115554518410135643e+03
5.794933252659140635e+03 5.809433967923722776e+03
5.480023888570276540e+03 5.513801677916063454e+03
5.182088555672114126e+03 5.234870475899881058e+03
4.907271671714294826e+03 4.978522057726460844e+03
4.660482099344380913e+03 4.749424383563383344e+03
4.445498570287931216e+03 4.551142806091555940e+03
4.263176577495619313e+03 4.384456734746141592e+03
4.112081428330325252e+03 4.247946103722599219e+03
3.987369468621311626e+03 4.136963493802722951e+03
3.882394550343994524e+03 4.045122378549952828e+03
3.788589409169481769e+03 3.964191328597838037e+03
3.697011270894563950e+03 3.885522587564244986e+03
3.598878634408790731e+03 3.800554760124937729e+03
3.486841336905091794e+03 3.702047193921673625e+03
3.356139398926029571e+03 3.585235448589996849e+03
3.205438167327617521e+03 3.448696129500093775e+03
3.037343779450565307e+03 3.294918350492680474e+03
2.857706925997402323e+03 3.129618479624479278e+03
2.674899952053290690e+03 2.961003535466550147e+03
2.498889185507936418e+03 2.798814636295818673e+03
2.339742799058995388e+03 2.652803400456469262e+03
2.204834856210872204e+03 2.530021015073219587e+03
2.096485059533685217e+03 2.432621334776530148e+03
2.011765099161337503e+03 2.357733596435994059e+03
1.944179111189276682e+03 2.299096911027690112e+03
1.885361527357136993e+03 2.248654894336169946e+03
1.825802390553388022e+03 2.197190715630642899e+03
1.756558572973331138e+03 2.135963988127542052e+03
1.672995468128129460e+03 2.060411192580695570e+03
1.577064585597664518e+03 1.972451595210343385e+03
1.475472211559664856e+03 1.878693934230031800e+03
1.376689276339329126e+03 1.787419988873340117e+03
1.288632342487348069e+03 1.706253756368087124e+03
1.216308082398684746e+03 1.639906008979373610e+03
1.159434510221006576e+03 1.588003280278134980e+03
1.113064937474867293e+03 1.545772469045220305e+03
1.069732042235108565e+03 1.506079769061607522e+03
1.022241914675386965e+03 1.462070331351214691e+03
9.676325457217178609e+02 1.410965829756279845e+03
9.083186692500091794e+02 1.355153537652309751e+03
8.495532429360880542e+02 1.299682919518236986e+03
7.968872078267670531e+02 1.249767402607055374e+03
7.532008961322479763e+02 1.208009166034127929e+03
7.167872716694243991e+02 1.172734160405534794e+03
6.832501360205377523e+02 1.139846300111817754e+03
6.484467266801316327e+02 1.105557391056212964e+03
6.109914522926669633e+02 1.068668690265346640e+03
5.731284370303147853e+02 1.031291574358372827e+03
5.381701877515797605e+02 9.964212101814039215e+02
5.077561614107613082e+02 9.654666747196399683e+02
4.809756391823393074e+02 9.375627267260559847e+02
4.553415977896448794e+02 9.105166919480633396e+02
4.292640778484588964e+02 8.829839770312617020e+02
4.033010540824471946e+02 8.554881160505341313e+02
3.790146788899783132e+02 8.293612679655429929e+02
3.571908553714908976e+02 8.052279343924529940e+02
3.371120137850041942e+02 7.824657075393473633e+02
3.176856288597087428e+02 7.601878251410849998e+02
2.986486826214791677e+02 7.382048550962117588e+02
2.806459343314197099e+02 7.170309708330374860e+02
2.640633651943570612e+02 6.969479299348857921e+02
2.485913834774850670e+02 6.777042803449845678e+02
2.337648026501476579e+02 6.589540983226897879e+02
2.195979082093617762e+02 6.407125636164688558e+02
2.063318464386846642e+02 6.231453325135510113e+02
1.939365950670598693e+02 6.062201047079956879e+02
1.821995810027902394e+02 5.897875195279137870e+02
1.710657808918654723e+02 5.738095245929004022e+02
1.606030713927609099e+02 5.583235883360248408e+02
1.507887748058711566e+02 5.433080009024613446e+02
1.415354206467897882e+02 5.287054340590465245e+02
1.328110189175583571e+02 5.144904382004873469e+02
1.245904146047790277e+02 5.006425301479987411e+02
1.168491130196317158e+02 4.871426020739843352e+02
1.095633211638991895e+02 4.739728438316273014e+02
1.027099809845420566e+02 4.611166708118676638e+02
9.626679518271836855e+01 4.485586568193214703e+02
9.021196530534017199e+01 4.362842414906752424e+02
8.452332383222355361e+01 4.242788797478858669e+02
7.917953703466302784e+01 4.125288512997240105e+02
7.416047322035993261e+01 4.010215330404142833e+02
6.944713681461730914e+01 3.897453424507344266e+02
6.502160595342611771e+01 3.786896843835655204e+02
6.086697344743607374e+01 3.678449008818550396e+02
5.696729699176151485e+01 3.572022463640971637e+02
5.330767536180762534e+01 3.467543482767970886e+02
4.987415803112646984e+01 3.364950990407091922e+02
4.665354406471949034e+01 3.264190485910942243e+02
4.363334062601408903e+01 3.165213438447052567e+02
4.080172993714974439e+01 3.067976955052588437e+02
3.814753739578483760e+01 2.972443457389359764e+02
3.566020083856019340e+01 2.878580366079758619e+02
3.332972935867582720e+01 2.786362498739593434e+02
3.114665017336464103e+01 2.695778210133566404e+02
2.910202202134628635e+01 2.606820434119627521e+02
2.718741730971777670e+01 2.519484097984383766e+02
2.539489471924821018e+01 2.433765915368184949e+02
2.371697311838412503e+01 2.349664182153772458e+02
2.214660673426062942e+01 2.267178575463527466e+02
2.067716173990902107e+01 2.186310669317631721e+02
1.930239676179376573e+01 2.107074299325061872e+02
1.801643991655053867e+01 2.029491331227379476e+02
1.681376558794853793e+01 1.953581473109442186e+02
1.568917530221424883e+01 1.879361966705697000e+02
1.463777963771000223e+01 1.806847583853270294e+02
1.365498103916692685e+01 1.736050629612782359e+02
1.273645749685767470e+01 1.666980956880118470e+02
1.187814589353698302e+01 1.599649985664137262e+02
1.107622572080741463e+01 1.534076911908926490e+02
1.032710848407285553e+01 1.470277944357146680e+02
9.627424943582097328e+00 1.408264378838995299e+02
8.974012411851841620e+00 1.348042830534284349e+02
8.363902735325908111e+00 1.289615471081473004e+02
7.794310927193550675e+00 1.232980269121126469e+02
7.262624385586141429e+00 1.178131541846189094e+02
6.766392400588348011e+00 1.125063346529628205e+02
6.303316803520138123e+00 1.073767776157671392e+02
5.871243171408644379e+00 1.024232689520178923e+02
5.468152242597872359e+00 9.764420005185350249e+01
5.092151810290691749e+00 9.303760057267906802e+01
4.741469074099346592e+00 8.860117046586177025e+01
