1.550016919009172670e+04 1.538543985188936131e+04
1.573215602337401469e+04 1.561241753165461523e+04
1.596071276670360749e+04 1.583580991766552870e+04
1.618537909368742658e+04 1.605515623579987732e+04
1.640566028918664597e+04 1.626996338810656198e+04
1.662104171571704865e+04 1.647971958757094762e+04
1.683099853653465470e+04 1.668390353108894851e+04
1.703498389684393260e+04 1.688197264706874557e+04
1.723242674845115835e+04 1.707336097753837748e+04
1.742274837609948372e+04 1.725749570685108847e+04
1.760535707864944197e+04 1.743379205929746240e+04
1.777962525642539549e+04 1.760163101166387787e+04
1.794491485210943574e+04 1.776038424240117456e+04
1.810058641030659055e+04 1.790942306276007730e+04
1.824598073815777025e+04 1.804810065268047401e+04
1.838042491254914421e+04 1.817575801859174680e+04
1.850325272502027656e+04 1.829174398773488792e+04
1.861379640139260300e+04 1.839540728453615520e+04
1.871137048732862240e+04 1.848608103648157339e+04
1.879530145063340387e+04 1.856311156154411219e+04
1.886493421638866857e+04 1.862586481052054296e+04
1.891961550806087689e+04 1.867371056783022868e+04
1.895870826287567616e+04 1.870603638307339861e+04
1.898160875931873306e+04 1.872226407041507628e+04
1.898774682932923679e+04 1.872185037425361952e+04
1.897658725631763809e+04 1.870428865664162004e+04
1.894764160197466481e+04 1.866911969940750714e+04
1.890047683637316368e+04 1.861594022509354545e+04
1.883473545877392826e+04 1.854442356213905077e+04
1.875012749894193257e+04 1.845431084584613563e+04
1.864642895438950654e+04 1.834540891776358330e+04
1.852352914477888771e+04 1.821763770807320907e+04
1.838143903901772501e+04 1.807103827216810532e+04
1.822024283304791606e+04 1.790572377301291999e+04
1.804013471837562975e+04 1.772191586493617433e+04
1.784152256526987549e+04 1.752004768897470058e+04
1.762491165323507812e+04 1.730064757641312099e+04
1.739088039426812247e+04 1.706431458990828833e+04
1.714025229376415882e+04 1.681188913919494007e+04
1.687403824164997786e+04 1.654439514030724968e+04
1.659328183638264090e+04 1.626288606857663035e+04
1.629919120815796850e+04 1.596857558411153514e+04
1.599332116470932851e+04 1.566301776645390055e+04
1.567724788679197991e+04 1.534778413725312748e+04
1.535254512909530058e+04 1.502444022414155734e+04
1.502107517389009990e+04 1.469483471966532306e+04
1.468478576101285216e+04 1.436089743770305540e+04
1.434551825601621567e+04 1.402444888984272075e+04
1.400532245538652569e+04 1.368751213998130879e+04
1.366661267250276615e+04 1.335246712656152522e+04
1.333164470468097898e+04 1.302153327800899206e+04
1.300240048404735353e+04 1.269665810935193622e+04
1.268029975008180554e+04 1.237924157759719492e+04
1.236649125810286750e+04 1.207041682821681206e+04
1.206203099689167720e+04 1.177122295911544097e+04
1.176871753438704400e+04 1.148342764918848479e+04
1.148908100717050729e+04 1.120951659200926406e+04
1.122543730543568017e+04 1.095176379506775265e+04
1.097888963747964772e+04 1.071126107829311150e+04
1.074806177531453795e+04 1.048668664657716909e+04
1.053133420163625487e+04 1.027648211265701502e+04
1.032712403218401050e+04 1.007912795427668607e+04
1.013374734264122708e+04 9.893013583307225417e+03
9.949593947069250135e+03 9.716599927362984090e+03
9.772643446060181304e+03 9.547946558059691597e+03
9.600318540857533662e+03 9.384566972814998735e+03
9.430056822456501322e+03 9.223981465306556856e+03
9.258721212661050231e+03 9.063132158316804635e+03
9.083076507008450790e+03 8.898848765049740905e+03
8.899645709781565529e+03 8.727695469810099894e+03
8.704688894367016474e+03 8.545943680239975947e+03
8.494879767492115207e+03 8.350239957404894085e+03
8.267428414626923768e+03 8.137720243845589721e+03
8.020523085183359399e+03 7.906461499596928661e+03
7.754148563902433125e+03 7.656307372756602490e+03
7.469574625260871471e+03 7.388373104806254560e+03
7.170107370258480842e+03 7.105824235956818484e+03
6.860084609461138825e+03 6.812874727432965301e+03
6.545041642628110822e+03 6.514973362485491634e+03
6.230871249028154125e+03 6.217954759198330066e+03
5.923611177655473512e+03 5.927831050411968135e+03
5.629464603273052489e+03 5.650788351015455191e+03
5.354035891486118999e+03 5.392450965948099110e+03
5.102422701698888886e+03 5.157930420879773010e+03
4.878660454693215797e+03 4.951323457791140754e+03
4.684546184171974346e+03 4.774501030639205965e+03
4.519920949513195410e+03 4.627423209927844255e+03
4.381369760649828095e+03 4.506803582749322231e+03
4.263390565612416140e+03 4.407245963072436098e+03
4.158445774773959783e+03 4.321236484489193572e+03
4.058085235860563444e+03 4.240204750916526791e+03
3.953908926873488781e+03 4.155459417402174040e+03
3.838401301207599772e+03 4.059028954905759292e+03
3.706228251431611625e+03 3.945062851660067281e+03
3.555069912905734782e+03 3.810795170106103342e+03
3.386226287843543105e+03 3.657298323767937745e+03
3.204535676191924267e+03 3.489490273383849853e+03
3.017447269112680715e+03 3.315156348368386716e+03
2.834085506479036212e+03 3.143917238063545028e+03
2.664024575641785304e+03 2.985878393704145765e+03
2.515429155237758096e+03 2.849638821545838709e+03
2.392548447024060806e+03 2.739692255434619256e+03
2.294272788520853283e+03 2.654972624302186432e+03
2.214974692623845840e+03 2.589710076860023491e+03
2.146550106047647660e+03 2.535471960481197129e+03
2.079906169848792160e+03 2.482612948046977181e+03
2.006119739583029286e+03 2.421449010096913753e+03
1.919052511991023039e+03 2.345146167646852973e+03
1.818471812828925295e+03 2.253291968647647082e+03
1.710086313817333803e+03 2.152063775185492887e+03
1.602370496426173304e+03 2.050716556255349133e+03
1.503648119406281467e+03 1.958286712049886546e+03
1.419970016276802198e+03 1.881267223965783160e+03
1.352726042364273781e+03 1.821124156075793280e+03
1.297966044689511364e+03 1.773638477845381203e+03
1.248467191845722937e+03 1.731078780073713006e+03
1.196449715028492164e+03 1.685042022794207924e+03
1.137303067119403522e+03 1.630515379622644332e+03
1.072094984739180063e+03 1.568700910573376177e+03
1.006059747226080731e+03 1.505351298859489361e+03
9.451606127891146798e+02 1.446921695578109393e+03
8.934099006679986132e+02 1.397654750734798199e+03
8.503614361741042558e+02 1.357007045248159784e+03
8.116723137286965084e+02 1.320348545876484650e+03
7.725271120996065974e+02 1.282605121845287840e+03
7.305248899972864365e+02 1.241310799118727573e+03
6.871538782624910482e+02 1.198126308606218572e+03
6.461618779031273334e+02 1.157011419497989209e+03
6.100317427956649681e+02 1.120497714585388167e+03
5.784059664863092394e+02 1.088156743652409887e+03
5.487448584967071383e+02 1.057390502783747479e+03
5.187676463472395199e+02 1.025945960846084517e+03
4.885136281810729884e+02 9.939360362371864994e+02
4.597370791531178611e+02 9.631289779961394970e+02
4.336991454698361395e+02 9.347289082136753677e+02
4.099725467063376527e+02 9.082891783202325087e+02
3.871937932122681900e+02 8.825233656348287923e+02
3.647597050695186454e+02 8.569087446262340109e+02
3.432792881633137085e+02 8.320310443541505947e+02
3.234145084255401343e+02 8.084758766158718117e+02
3.049717542474956531e+02 7.860533722340024951e+02
2.873368359000785404e+02 7.642374053369915146e+02
2.703750438247836883e+02 7.429314863066305179e+02
2.543994404073360727e+02 7.223959592865872992e+02
2.394862616996547047e+02 7.026807055367755765e+02
2.253782241658857117e+02 6.835804211812634321e+02
2.119412930904691734e+02 6.649971839098582223e+02
1.992736992681436163e+02 6.470002234958577674e+02
1.873743049866878323e+02 6.295823006524973380e+02
1.761416496912080731e+02 6.126699529153534058e+02
1.655337878857083354e+02 5.962278913675550029e+02
1.555219147333920944e+02 5.802306908662702654e+02
1.460779490412654980e+02 5.646546044776622466e+02
1.371745791329626911e+02 5.494774660635060854e+02
1.287853001763380405e+02 5.346786000323587587e+02
1.208844350861588168e+02 5.202387212169472832e+02
1.134464604020930665e+02 5.061384699893844754e+02
1.064457301171735537e+02 4.923574808971372931e+02
9.985780990672871837e+01 4.788767478151630144e+02
9.365955537284469301e+01 4.656788058567902340e+02
8.782904822715538273e+01 4.527476512300493710e+02
8.234553540123621929e+01 4.400686667148069660e+02
7.718937096188949454e+01 4.276285520873110499e+02
7.234199368116279061e+01 4.154153079555817953e+02
6.778600384585583072e+01 4.034183832259121800e+02
6.350495512557262856e+01 3.916284105990352487e+02
5.948324524376030809e+01 3.800370542120128334e+02
5.570607905321477915e+01 3.686369582142014565e+02
5.215943279300468305e+01 3.574216972378914079e+02
4.883001947065198323e+01 3.463857283464546413e+02
4.570525407965374143e+01 3.355243980040102088e+02
4.277319517206798594e+01 3.248350297368813813e+02
4.002252251217898760e+01 3.143166832958931423e+02
3.744253724833608743e+01 3.039688594874800742e+02
3.502313213403840564e+01 2.937914134186102615e+02
3.275476171714117868e+01 2.837845229129258655e+02
3.062841382195108864e+01 2.739486570544545430e+02
2.863558228356123081e+01 2.642845457558439080e+02
2.676824128281964121e+01 2.547940402408253533e+02
2.501882102541607011e+01 2.454815478548657666e+02
2.338018284785086820e+01 2.363515791842421265e+02
2.184559638725294661e+01 2.274082462581141328e+02
2.040871802685864722e+01 2.186552615052166573e+02
1.906357034674580575e+01 2.100959378880982342e+02
1.780452254262677059e+01 2.017331901972173682e+02
1.662627142719858853e+01 1.935696978787799196e+02
1.552382094912662502e+01 1.856092174632680383e+02
1.449246762961343116e+01 1.778556501714768956e+02
1.352778643765739197e+01 1.703121306655311002e+02
1.262561533529132696e+01 1.629810517774042751e+02
1.178204058582874048e+01 1.558641006724622571e+02
1.099338281349775315e+01 1.489622959197705256e+02
1.025618377284721916e+01 1.422760292177489987e+02
9.567193334973596919e+00 1.358053425363363544e+02
8.923357503978770922e+00 1.295500458594047188e+02
8.321807992092566053e+00 1.235093534485619529e+02
7.759851582024825056e+00 1.176818946631650107e+02
7.234959985349401101e+00 1.120657615683794290e+02
6.744760247795363206e+00 1.066585556162022499e+02
6.287025674922515961e+00 1.014574331829170433e+02
