1.991452900561577553e+04 1.974054661749073421e+04
2.019695514152635224e+04 2.001566079223975248e+04
2.047438443418545285e+04 2.028558245983702000e+04
2.074621693990785570e+04 2.054971436603234179e+04
2.101183812627695443e+04 2.080744572168471132e+04
2.127059742375885980e+04 2.105813320095394374e+04
2.152182020794524942e+04 2.130111190156074736e+04
2.176482264594950539e+04 2.153570885312620157e+04
2.199889881296824387e+04 2.176123047983267315e+04
2.222330935592763853e+04 2.197695160863949422e+04
2.243730788192287582e+04 2.218214135138226993e+04
2.264014214951914619e+04 2.237606446021561715e+04
2.283102933490971554e+04 2.255795801635790122e+04
2.300917599119455190e+04 2.272705054335383466e+04
2.317379461887883008e+04 2.288257787985984032e+04
2.332408903444353564e+04 2.302376950168712938e+04
2.345924851242831573e+04 2.314984316377147843e+04
2.357847687525111542e+04 2.326003257052764093e+04
2.368099480115401821e+04 2.335358980202605017e+04
2.376602436353704252e+04 2.342977132315283234e+04
2.383280916104602511e+04 2.348785678777866269e+04
2.388062750884014531e+04 2.352716144542322945e+04
2.390879425183852436e+04 2.354703886995787980e+04
2.391666510770619425e+04 2.354688534457410424e+04
2.390364550991228316e+04 2.352614718470279331e+04
2.386920239672175376e+04 2.348433246527381561e+04
2.381289137706818656e+04 2.342103883919519649e+04
2.373434019860588523e+04 2.333593578595856161e+04
2.363324775970092014e+04 2.322876298028566816e+04
2.350944918805950874e+04 2.309939522193966695e+04
2.336291664244873755e+04 2.294784280743946510e+04
2.319369982989288474e+04 2.277419149882370039e+04
2.300197238465999544e+04 2.257864835240897810e+04
2.278814905470811573e+04 2.236165792220555886e+04
2.255274971941746116e+04 2.212376651128663070e+04
2.229637469001156569e+04 2.186559732537890523e+04
2.201991748901967003e+04 2.158806165169842643e+04
2.172450246746862831e+04 2.129229638525489281e+04
2.141129109912538115e+04 2.097947131367983457e+04
2.108159045950242944e+04 2.065089733564555354e+04
2.073704979604204345e+04 2.030822236986689677e+04
2.037935512914713036e+04 1.995312653969818348e+04
2.001020542593233768e+04 1.958729867034233757e+04
1.963178726180485319e+04 1.921291077635228794e+04
1.924653609382548166e+04 1.883237939259500126e+04
1.885676369262672961e+04 1.844799368104413225e+04
1.846458850491552948e+04 1.806185242551143165e+04
1.807186852020252263e+04 1.767580424707506972e+04
1.768031834840105148e+04 1.729155273692587798e+04
1.729164722142033861e+04 1.691079364978315789e+04
1.690849517880966596e+04 1.653615545834624209e+04
1.653383024286394357e+04 1.617059504807428493e+04
1.617035455397539226e+04 1.581680308868028624e+04
1.582008035148947420e+04 1.547680077060459553e+04
1.548404988232393589e+04 1.515167403446309618e+04
1.516311874214080126e+04 1.484232401719992413e+04
1.485773047979003422e+04 1.454924708489803743e+04
1.456691784339183869e+04 1.427156069316481262e+04
1.428941899974070657e+04 1.400809154885201133e+04
1.402385349297995708e+04 1.375754491793037414e+04
1.376805388188521283e+04 1.351784338622421819e+04
1.351975902389010298e+04 1.328680850022360028e+04
1.327657741532059663e+04 1.306211480763305008e+04
1.303565612264320953e+04 1.284094995925845978e+04
1.279420619817896113e+04 1.262054273746180661e+04
1.254894412873099282e+04 1.239757207107737486e+04
1.229636483333368597e+04 1.216844444555369591e+04
1.203295800146649708e+04 1.192949980954508646e+04
1.175497476373505015e+04 1.167674736048762134e+04
1.145916620233801768e+04 1.140664603246253500e+04
1.114316127828637946e+04 1.111646686678581318e+04
1.080556001241538434e+04 1.080443538142776379e+04
1.044725117731697719e+04 1.047111756716324453e+04
1.007045392725834245e+04 1.011846542115316697e+04
9.679731162632775522e+03 9.750928811692856470e+03
9.280583519305646405e+03 9.374000117772140584e+03
8.879742559364131012e+03 8.994560401940760130e+03
8.483997299909793583e+03 8.619636159741972733e+03
8.100121374060924609e+03 8.256331372857001043e+03
7.734585164442770292e+03 7.911506503379565402e+03
7.393222823289716871e+03 7.591436247418302628e+03
7.080794731226223121e+03 7.301333422593439536e+03
6.800929182745109756e+03 7.045298587306480840e+03
6.554406275459687095e+03 6.824477769140718010e+03
6.339827138762737377e+03 6.637738155308042224e+03
6.151906479270729506e+03 6.479762675136412327e+03
5.983346755306679370e+03 6.342946613040853663e+03
5.824711048110500087e+03 6.217139162842724545e+03
5.666400620964196605e+03 6.091694517085737971e+03
5.499520681140409579e+03 5.956410226835651883e+03
5.317146166046660255e+03 5.802982755230836119e+03
5.115432441456388915e+03 5.626426827638847499e+03
4.894212542616622159e+03 5.425933428864854250e+03
4.657436959326989381e+03 5.205573001526956432e+03
4.412394830314059618e+03 4.973494611050118692e+03
4.168366631088902068e+03 4.740361194853856432e+03
3.935401352892702562e+03 4.517879236445593961e+03
3.723019097504181900e+03 4.317233072120287943e+03
3.538281283703657664e+03 4.146824374349477694e+03
3.383245893050780523e+03 4.009338636700744701e+03
3.253850390367016644e+03 3.900389862548897781e+03
3.141434927742889613e+03 3.810118447921280222e+03
3.035760493693020180e+03 3.726535380172406803e+03
2.927190025635061374e+03 3.638008230845883190e+03
2.807932586929367517e+03 3.534818880481249835e+03
2.674411848743403425e+03 3.412261847565391690e+03
2.529803449364570497e+03 3.274017765853293895e+03
2.382834122056561228e+03 3.130781374568405226e+03
2.243274351731567549e+03 2.994613110154431070e+03
2.118631469362696407e+03 2.874770563428946389e+03
2.012603344130365485e+03 2.775835202502570155e+03
1.923477270584087591e+03 2.695819590112586866e+03
1.844502617863684463e+03 2.626575208535856291e+03
1.767253228189634910e+03 2.557788067951451467e+03
1.685091044399151770e+03 2.481232402637412633e+03
1.596040222609014791e+03 2.394462510531239332e+03
1.504223448289021007e+03 2.302685596850401453e+03
1.416342015100103708e+03 2.214291207242866676e+03
1.337515130153511336e+03 2.135602513981891207e+03
1.269392955160996053e+03 2.068604205346018716e+03
1.209039421754301884e+03 2.009697866218270519e+03
1.150991745077446012e+03 1.952264845399863816e+03
1.091467853557229319e+03 1.891794344584876853e+03
1.030273752131228775e+03 1.828185897449153799e+03
9.705209313792306602e+02 1.765305789214264450e+03
9.157674999469717250e+02 1.707424539798907290e+03
8.668227429119683620e+02 1.655449724692600057e+03
8.217848584238516878e+02 1.607124745125640402e+03
7.779614097855049977e+02 1.559369208403245011e+03
7.342458807868714530e+02 1.511017298872976198e+03
6.918412173469962454e+02 1.463530019664724705e+03
6.524368730469502680e+02 1.418818398143799413e+03
6.162781943084174827e+02 1.377121879819287415e+03
5.822290982697398931e+02 1.337200915978193734e+03
5.492248108022854467e+02 1.297966807677338920e+03
5.173808341695317949e+02 1.259600168642991548e+03
4.874412698029985336e+02 1.222883448381312519e+03
4.595544030708799141e+02 1.187950955716282806e+03
4.331883415987426815e+02 1.154279866239514149e+03
4.079478327888294871e+02 1.121516124444771322e+03
3.839813568456753501e+02 1.089816094054632913e+03
3.614816530743856333e+02 1.059349294014686620e+03
3.402838635284757629e+02 1.029963301934651099e+03
3.201613337008562326e+02 1.001468813605184778e+03
3.011109167155491377e+02 9.738647665893544172e+02
2.831767001944716640e+02 9.471771273059590612e+02
2.662557846436799878e+02 9.213181532949712391e+02
2.502707709511477105e+02 8.962247083166328139e+02
2.351884563895448537e+02 8.718650889170405662e+02
2.209631786475883359e+02 8.481944433711188367e+02
2.075502973228571761e+02 8.251699357481237485e+02
1.949071908415332928e+02 8.027517984218590072e+02
1.829931878226034314e+02 7.809031484106404832e+02
1.717694990616938640e+02 7.595898187607592718e+02
1.611991486868623724e+02 7.387801383554289032e+02
1.512468579483913231e+02 7.184426687739598947e+02
1.418789845965395386e+02 6.985458803213317651e+02
1.330635281036371396e+02 6.790607789833904917e+02
1.247700670739977227e+02 6.599609415644458750e+02
1.169696939358346981e+02 6.412223855189263304e+02
1.096349514180908500e+02 6.228234481439401407e+02
1.027397708340375999e+02 6.047446738352467719e+02
9.625941196259572052e+01 5.869688114791572389e+02
9.017040277989718788e+01 5.694817861737998328e+02
8.445048480727703577e+01 5.522720269439398635e+02
7.907856048444068620e+01 5.353295479060562911e+02
7.403464046036320667e+01 5.186458546542656904e+02
6.929979267429949630e+01 5.022138666955478925e+02
6.485609323937806892e+01 4.860278411581466571e+02
6.068657910549407575e+01 4.700832973389834706e+02
5.677519977661294348e+01 4.543779409890592547e+02
5.310676330280131197e+01 4.389156332976041313e+02
4.966690682341462804e+01 4.237020931570858124e+02
4.644206073584697947e+01 4.087429515333250265e+02
4.341940906783747067e+01 3.940437193810288363e+02
4.058685151932034074e+01 3.796097576176219377e+02
3.793296712933781123e+01 3.654462479757664823e+02
3.544697951425906268e+01 3.515581683436862477e+02
3.311872118807776388e+01 3.379519342998550542e+02
3.093859891098628268e+01 3.246376404584683542e+02
2.889756995279240215e+01 3.116248243887875446e+02
2.698711395800613388e+01 2.989217397107133820e+02
2.519920500358054127e+01 2.865353970984117495e+02
2.352628498653404066e+01 2.744716084619270760e+02
2.196123829017701823e+01 2.627350338688535771e+02
2.049736764204053330e+01 2.513292504166320782e+02
1.912836977813960004e+01 2.402575783280771304e+02
1.784831365738121889e+01 2.295232230164152156e+02
1.665162189341170773e+01 2.191281934574555805e+02
1.553305110111058340e+01 2.090733009140512024e+02
1.448767309653149482e+01 1.993582414224013633e+02
1.351085706546127874e+01 1.899816779603148120e+02
1.259825265725735299e+01 1.809413217757949894e+02
1.174577385528305307e+01 1.722340138278848087e+02
1.094958258855693778e+01 1.638558196329357202e+02
1.020607516093513567e+01 1.558020961195110772e+02
9.511869703004556698e+00 1.480675511384833385e+02
8.863793219099912690e+00 1.406463148971422186e+02
8.258869318162409101e+00 1.335320087872393060e+02
7.694306617840535267e+00 1.267178111078327731e+02
