1.896618390323503627e+04 1.880947005634989910e+04
1.923198547896948730e+04 1.906873879079988183e+04
1.949328398305178052e+04 1.932332961651144069e+04
1.974952876941132126e+04 1.957269412792404546e+04
2.000014264653561258e+04 1.981625945082567705e+04
2.024451191265960006e+04 2.005341937390592648e+04
2.048200989559403388e+04 2.028355589423581114e+04
2.071199639315543027e+04 2.050603856493561398e+04
2.093379592574295020e+04 2.072020330282488067e+04
2.114671603533222878e+04 2.092537036406413608e+04
2.135005896654482422e+04 2.112085584367819320e+04
2.154310190211092413e+04 2.130595293209321244e+04
2.172509357444857960e+04 2.147992882778829880e+04
2.189528266947568045e+04 2.164205197750019943e+04
2.205291479241825800e+04 2.179158934043542467e+04
2.219721012793053524e+04 2.192778534356078308e+04
2.232739082057146879e+04 2.204988801861013417e+04
2.244269230134308236e+04 2.215715989025000817e+04
2.254234485710542140e+04 2.224886083522113040e+04
2.262558000617286598e+04 2.232425425613540210e+04
2.269165540623570996e+04 2.238263063353999678e+04
2.273985481988660831e+04 2.242330796480190838e+04
2.276948201863145732e+04 2.244562682994795250e+04
2.277987926558236359e+04 2.244896707222366604e+04
2.277043613817224104e+04 2.243275610374819371e+04
2.274060162319664596e+04 2.239648154667501149e+04
2.268988644550041863e+04 2.233969298439255726e+04
2.261786311879619825e+04 2.226200117453815983e+04
2.252419515696339295e+04 2.216310786591039141e+04
2.240866813122029271e+04 2.204283749053578504e+04
2.227114680955763470e+04 2.190109222256776047e+04
2.211158648254162108e+04 2.173786251348330552e+04
2.193013744236514322e+04 2.155332974373016987e+04
2.172708036773513231e+04 2.134780212480467526e+04
2.150277190180790785e+04 2.112166080026968848e+04
2.125776722894072736e+04 2.087548223729154779e+04
2.099287646786629557e+04 2.061009425626190932e+04
2.070897807618664956e+04 2.032638906365839284e+04
2.040705847666616683e+04 2.002536246618974110e+04
2.008846797328127650e+04 1.970836831605689076e+04
1.975467619144552009e+04 1.937687488603295424e+04
1.940715942780455953e+04 1.903235287141334265e+04
1.904768413079594029e+04 1.867655908009655104e+04
1.867830436688035115e+04 1.831153387848881903e+04
1.830101150381674597e+04 1.793925102833506753e+04
1.791782239471973662e+04 1.756170749476737547e+04
1.753107555446023980e+04 1.718122313484548067e+04
1.714305927958800748e+04 1.680006551385360581e+04
1.675591006717299024e+04 1.642034844573775263e+04
1.637176553075979609e+04 1.604419386865266279e+04
1.599271767839672248e+04 1.567368332117068894e+04
1.562067721724096918e+04 1.531071561694257070e+04
1.525761319190701579e+04 1.495725202823824657e+04
1.490592358529043850e+04 1.461569555488080005e+04
1.456787194346263823e+04 1.428831747776511111e+04
1.424528719009757333e+04 1.397696168812637916e+04
1.393845751021509750e+04 1.368196648011266916e+04
1.364709040107308465e+04 1.340310125270554454e+04
1.337076845417643744e+04 1.314001152302138871e+04
1.310821402896219843e+04 1.289149819989625030e+04
1.285787723477762847e+04 1.265609207341970068e+04
1.261806744901849379e+04 1.243217828977958197e+04
1.238638964999505879e+04 1.221743299459433001e+04
1.216041861203183180e+04 1.200949010164014362e+04
1.193732913917624683e+04 1.180555692319859736e+04
1.171392669128332636e+04 1.160243952134303981e+04
1.148694854027560723e+04 1.139683757659765251e+04
1.125258329373861125e+04 1.118483309475966053e+04
1.100715896820401395e+04 1.096259839389625631e+04
1.074701082715141638e+04 1.072623005886100509e+04
1.046890037822877639e+04 1.047219753705095718e+04
1.017078308208000817e+04 1.019812923140372368e+04
9.851662119990311112e+03 9.902688595402718420e+03
9.512614437133051979e+03 9.586673692461192331e+03
9.156100389191324211e+03 9.252327427759992133e+03
8.786621718709098786e+03 8.904072734461386062e+03
8.409606553928129870e+03 8.547359007816088706e+03
8.031489277575256892e+03 8.188773092418807209e+03
7.659038603838025665e+03 7.835324038554986146e+03
7.298998412247434317e+03 7.494074824052308031e+03
6.957738409240158035e+03 7.171752543214334764e+03
6.641190961072668870e+03 6.874696609268698012e+03
6.353941552440354826e+03 6.607886783867101258e+03
6.099186758773204929e+03 6.374910606643822575e+03
5.877207483806617347e+03 6.176332583950095795e+03
5.685967902758207856e+03 6.010298096766100571e+03
5.520023705220193733e+03 5.871304889727135560e+03
5.371882210141520773e+03 5.751548402425755739e+03
5.232478513470852704e+03 5.641334159843097041e+03
5.092331448476447804e+03 5.530231755748281103e+03
4.942797255405512260e+03 5.408430750967756467e+03
4.777039980366467717e+03 5.267861219596862611e+03
4.591333692393860474e+03 5.103791439487001298e+03
4.385880985790405248e+03 4.915936054395704559e+03
4.164843030862744854e+03 4.708639241565882003e+03
3.935738935044780646e+03 4.490273561290957332e+03
3.708289996687938128e+03 4.271897799964495789e+03
3.493057452036789982e+03 4.065618091781888779e+03
3.299660071055889603e+03 3.882500507972465130e+03
3.134428395803305648e+03 3.729908472424497631e+03
2.998329772064153985e+03 3.609170362396530891e+03
2.886606172322704424e+03 3.515129865175749728e+03
2.790536095617040701e+03 3.438015857279339798e+03
2.699813738670075509e+03 3.365992153706199133e+03
2.604262090181149233e+03 3.287039659040553033e+03
2.495892165350433515e+03 3.191441910833048951e+03
2.372100497918294423e+03 3.075819161388089015e+03
2.237366836120645530e+03 2.945399312074569934e+03
2.100954776144139942e+03 2.811291468958631867e+03
1.972866640469951790e+03 2.685493708244669506e+03
1.860954508627734640e+03 2.577352675033260311e+03
1.768550298389878435e+03 2.490821579878549983e+03
1.692810285159434670e+03 2.422599654458191253e+03
1.625971110313737654e+03 2.363577145793962245e+03
1.558870721747917742e+03 2.302884103471416893e+03
1.484720450509157672e+03 2.232385801118574818e+03
1.402641890681376253e+03 2.151070685970411887e+03
1.317913868846172818e+03 2.065383227533025092e+03
1.237763580762976517e+03 1.984025961683468495e+03
1.167881143979633180e+03 1.913709401667462316e+03
1.109372706057928781e+03 1.855649241320596502e+03
1.058021784152195778e+03 1.804868343610977035e+03
1.007627518375771274e+03 1.754150131679933111e+03
9.542321778336028046e+02 1.698976890122194618e+03
8.983623228975038728e+02 1.640114322560910750e+03
8.442638009183164058e+02 1.582569984364266247e+03
7.958654778519010051e+02 1.530810974016162845e+03
7.536636447699304426e+02 1.485307558822266401e+03
7.149493774003524322e+02 1.442985666317926871e+03
6.763946764110294225e+02 1.400212198808119865e+03
6.371690190465362775e+02 1.356197662901985041e+03
5.992079089708601032e+02 1.313127932710464165e+03
5.645979678748101378e+02 1.273217192497671022e+03
5.333637349285337450e+02 1.236429662182704305e+03
5.037833687625969219e+02 1.200975581226090071e+03
4.746412623625856213e+02 1.165679340295021120e+03
4.464044737762314412e+02 1.131068717660605898e+03
4.201808412694240360e+02 1.098225274763837660e+03
3.960100077775448995e+02 1.067152500581128152e+03
3.730561449425423461e+02 1.037068009340428716e+03
3.508905831183043915e+02 1.007612634103668825e+03
3.298983811952007841e+02 9.791413439799536036e+02
3.103536905355369413e+02 9.518729417582171664e+02
2.919519173187273964e+02 9.255412570217862367e+02
2.744041151394524150e+02 8.999194084167122583e+02
2.578123539724068110e+02 8.750873446356546310e+02
2.422653213206476153e+02 8.510978518841073992e+02
2.275944260733409692e+02 8.278196480467253195e+02
2.137345599230750963e+02 8.052001397918991188e+02
2.006697825149180403e+02 7.832202193675118451e+02
1.883591233687724014e+02 7.618421048266487787e+02
1.767625776174754435e+02 7.410299516252539433e+02
1.658419933835601512e+02 7.207504821397981232e+02
1.555610036593762118e+02 7.009727667856482185e+02
1.458849081598035582e+02 6.816665144591867147e+02
1.367806247955096524e+02 6.628021104929093781e+02
1.282166907308701411e+02 6.443522615020958710e+02
1.201631995977908645e+02 6.262919500407602982e+02
1.125917372966475369e+02 6.085983149171447621e+02
1.054753195102106389e+02 5.912505401195561490e+02
9.878833095772858996e+01 5.742297512814550373e+02
9.250646611990873680e+01 5.575189624136246493e+02
8.660667004146849024e+01 5.411033037934846561e+02
8.106708470279338030e+01 5.249697070982709874e+02
7.586699666931414754e+01 5.091066209139148100e+02
7.098678508381345864e+01 4.935039328402668843e+02
6.640787142635647911e+01 4.781528958122514155e+02
6.211267103687236357e+01 4.630460564801625765e+02
5.808454638023292915e+01 4.481771851934560686e+02
5.430775929382279088e+01 4.335421963883288754e+02
5.076742137264215415e+01 4.191416016962022013e+02
4.744946231614747489e+01 4.049771508121026500e+02
4.434059213180481862e+01 3.910508369290584483e+02
4.142826217088916252e+01 3.773648599006668292e+02
3.870062778983516694e+01 3.639215896851299590e+02
3.614651259319213494e+01 3.507235301479763052e+02
3.375537416822863435e+01 3.377733071818257713e+02
3.151726760612174871e+01 3.250756753239197110e+02
2.942281270905310464e+01 3.126386403874822690e+02
2.746317134931994985e+01 3.004696984720033583e+02
2.563001929820979186e+01 2.885754437074450607e+02
2.391551861780535404e+01 2.769615885077786288e+02
2.231229136674942382e+01 2.656329861196060165e+02
2.081339456990781400e+01 2.545936552598318769e+02
1.941229631344371498e+01 2.438468807842193655e+02
1.810285165940101848e+01 2.333964748230467876e+02
1.687928180444215442e+01 2.232463736561158782e+02
1.573615513482787520e+01 2.133994105629944897e+02
1.466836773240207847e+01 2.038573376213360575e+02
1.367112482777022819e+01 1.946208921568133121e+02
1.273992321093530045e+01 1.856898635490404104e+02
1.187053455680549163e+01 1.770631599446271878e+02
1.105898937542773197e+01 1.687389015666766170e+02
1.030156071679089358e+01 1.607146369310466412e+02
9.594751422159411902e+00 1.529872644718347772e+02
8.935281467715235237e+00 1.455530092100317745e+02
8.320075172073146064e+00 1.384074883712005999e+02
7.746249102600804903e+00 1.315457751724296998e+02
7.211100649152725417e+00 1.249624602137618865e+02
6.712097231875309156e+00 1.186517102834320099e+02
