2.420494723364192032e+04 2.405650709883377931e+04
2.445927872017334084e+04 2.430495453809362152e+04
2.470300113824096115e+04 2.454264846884504004e+04
2.493531032813445927e+04 2.476878783241889323e+04
2.515536347578458299e+04 2.498253552089036020e+04
2.536231255754885569e+04 2.518305042410149690e+04
2.555530800424150948e+04 2.536949086670246106e+04
2.573345725151138322e+04 2.554097327437875720e+04
2.589585025827958816e+04 2.569659772833237002e+04
2.604158994937791067e+04 2.583547840956335494e+04
2.616976971877023607e+04 2.595672161323108594e+04
2.627945901932190827e+04 2.605941173233169320e+04
2.636975004444340811e+04 2.614265723475134655e+04
2.643975783232718823e+04 2.620559090743589331e+04
2.648857855161110274e+04 2.624732922077449257e+04
2.651533213765764958e+04 2.626701415956734854e+04
2.651918821311527790e+04 2.626383868611278376e+04
2.649934195509703932e+04 2.623702383751067828e+04
2.645501694155602672e+04 2.618582169492597677e+04
2.638550667781652373e+04 2.610955537768153590e+04
2.629017761828744551e+04 2.600762258270384700e+04
2.616845991341843546e+04 2.587948815027262754e+04
2.601987209478766454e+04 2.572470642565942399e+04
2.584403434307695352e+04 2.554293384969360341e+04
2.564069208637400152e+04 2.533395493456082477e+04
2.540971673682802066e+04 2.509768192003149670e+04
2.515109650270715792e+04 2.483414306891206434e+04
2.486498220047576251e+04 2.454352964865883405e+04
2.455174629140863544e+04 2.422625660764289205e+04
2.421189404433483287e+04 2.388286984411273079e+04
2.384607249684169074e+04 2.351405456063617748e+04
2.345525211728285649e+04 2.312081927456709673e+04
2.304060778484029652e+04 2.270437433480271648e+04
2.260340390813637350e+04 2.226601489256749119e+04
2.214519084311295956e+04 2.180731798955059639e+04
2.166789718742538389e+04 2.133023471375541703e+04
2.117349435299674224e+04 2.083675273310485136e+04
2.066406138842943619e+04 2.032896029020460264e+04
2.014223217227981877e+04 1.980949042734617979e+04
1.961073744594082018e+04 1.928106526344539452e+04
1.907219600436662950e+04 1.874628858129665969e+04
1.852952561133989366e+04 1.820805194406202645e+04
1.798590596841016304e+04 1.766949809754899616e+04
1.744427453167091880e+04 1.713352357330978339e+04
1.690758035133914746e+04 1.660302532851757860e+04
1.637942952108152713e+04 1.608152741031137884e+04
1.586321675398266416e+04 1.557233942031893275e+04
1.536188891882459211e+04 1.507832799557738508e+04
1.487765790072201344e+04 1.460163139574156776e+04
1.441217212684804144e+04 1.414383127307496216e+04
1.396681883591568112e+04 1.370625427701191802e+04
1.354348946534953393e+04 1.329070021194125366e+04
1.314542449254977873e+04 1.290024530352658985e+04
1.277565405622034086e+04 1.253776409239496570e+04
1.243614611901576063e+04 1.220510709439028324e+04
1.212494081801228276e+04 1.190031481668360357e+04
1.183901961444960398e+04 1.162040476853534892e+04
1.157562420733635008e+04 1.136265410171315671e+04
1.133211610165898128e+04 1.112447071330497238e+04
1.110603669975227785e+04 1.090344338579708165e+04
1.089463955191336936e+04 1.069689483974099494e+04
1.069400589269862758e+04 1.050104265850660704e+04
1.050019589995556817e+04 1.031208948212773794e+04
1.030846849646483679e+04 1.012550084478809003e+04
1.011347982032726395e+04 9.936187372236481679e+03
9.909789332544620265e+03 9.738983145205356777e+03
9.691264901277167155e+03 9.528103706639230950e+03
9.452346084236003662e+03 9.298309007806110458e+03
9.188693498887178066e+03 9.045563703969572089e+03
8.897212909127505554e+03 8.767004494905782849e+03
8.577427967817733588e+03 8.462280204029988454e+03
8.230698167150225345e+03 8.132758537782680833e+03
7.861407713927398618e+03 7.782676617125627672e+03
7.475430480777323282e+03 7.417649787819647827e+03
7.080336668723814000e+03 7.044873830435390119e+03
6.684177970336746512e+03 6.671962298079443826e+03
6.295582729314180142e+03 6.307042988033945221e+03
5.923525941332272851e+03 5.958486771769239567e+03
5.576644458362866317e+03 5.634333717668457211e+03
5.262495573902363503e+03 5.341525384508261595e+03
4.987441940675974365e+03 5.085856972578544628e+03
4.754416671378441606e+03 4.869886173779366800e+03
4.563716309782066674e+03 4.693698971964344310e+03
4.411136845310960780e+03 4.553229026598985001e+03
4.290008301494415718e+03 4.442138906416076679e+03
4.190566987828447964e+03 4.351289667415091571e+03
4.101752966661397295e+03 4.270379673471474234e+03
4.011765728454423879e+03 4.188453077233105432e+03
3.909360518340299222e+03 4.095094248353858802e+03
3.785617219592734727e+03 3.982052207830383850e+03
3.635281724520024454e+03 3.844481353731989202e+03
3.458084540571703201e+03 3.682193097703163403e+03
3.258632332641497669e+03 3.499540864369996143e+03
3.045885173406386912e+03 3.304898515500130998e+03
2.832228494029582635e+03 3.109755032878563270e+03
2.631801044400713181e+03 2.927100679959030913e+03
2.457067729445319401e+03 2.768226883922055549e+03
2.315091092940430372e+03 2.639387005315501028e+03
2.206197022813435069e+03 2.540679773670161467e+03
2.125235924713450004e+03 2.467276576061954074e+03
2.063369751834733961e+03 2.411083208555703550e+03
2.008745079154982250e+03 2.361333489611137793e+03
1.947930422726828965e+03 2.305857500093651652e+03
1.870437022230627917e+03 2.235171064417411799e+03
1.773360361875588069e+03 2.146708123527066618e+03
1.661506582434709571e+03 2.044934063967073143e+03
1.544581270591458178e+03 1.938718486291410954e+03
1.434181295260687421e+03 1.838506705286732085e+03
1.340493119863497441e+03 1.753297584975710151e+03
1.267858780822695735e+03 1.686767397193763827e+03
1.213708080546569818e+03 1.636479092199762817e+03
1.170066355927814584e+03 1.595308615014747375e+03
1.126210681922054164e+03 1.553797427366163674e+03
1.073963631295990808e+03 1.504796502075092349e+03
1.011913669608749046e+03 1.447161968996329051e+03
9.446481486283947788e+02 1.385018368521016555e+03
8.800618380716807678e+02 1.325279277189580171e+03
8.252914945732038632e+02 1.274034544993195141e+03
7.820562426016761037e+02 1.232622066314916992e+03
7.465200962278934185e+02 1.197665743607513832e+03
7.123213262740326854e+02 1.163739209256069671e+03
6.744700855941620148e+02 1.126671937696574560e+03
6.329523450880606106e+02 1.086537196341417712e+03
5.918491548214611839e+02 1.046795332260426221e+03
5.553779482193443755e+02 1.010907933297347768e+03
5.248584718536760647e+02 9.798732349782187612e+02
4.979020188095781805e+02 9.516850734770447389e+02
4.710095670876198142e+02 9.235203916256876937e+02
4.429055988513364923e+02 8.944037388089011529e+02
4.151535912432735813e+02 8.656094455114218817e+02
3.899775936427234910e+02 8.388642539032236982e+02
3.678013187159498329e+02 8.144482975674443423e+02
3.471827467072719742e+02 7.912294071620732439e+02
3.267098725254655278e+02 7.681503110773221579e+02
3.066262915623883600e+02 7.454123840787444806e+02
2.879523990587486537e+02 7.237612353386768973e+02
2.709755842110243975e+02 7.033797142492786634e+02
2.550010015476973138e+02 6.837568976288920339e+02
2.395228001198333345e+02 6.645412107253072236e+02
2.247982243394803277e+02 6.459120219434838646e+02
2.111473470420060892e+02 6.280746533596521886e+02
1.983914886886564659e+02 6.108979077661844030e+02
1.862359775271849003e+02 5.941865996103579164e+02
1.747262900015786897e+02 5.779670494970864638e+02
1.639685338464165056e+02 5.622975540970321617e+02
1.538546079413990242e+02 5.471068220839772493e+02
1.443238492718577390e+02 5.323515987436009027e+02
1.353476536892790136e+02 5.180093582296343584e+02
1.268983931448374420e+02 5.040590641960779976e+02
1.189493322710177381e+02 4.904810147978109853e+02
1.114746504219983620e+02 4.772567657861566772e+02
1.044494567944341838e+02 4.643690590272068448e+02
9.784955754393045879e+01 4.518016057458108889e+02
9.165064564383834522e+01 4.395384704914063718e+02
8.582936788594624034e+01 4.275645957523556149e+02
8.036367014309614376e+01 4.158659816465578842e+02
7.523272870854631833e+01 4.044296290876110902e+02
7.041688497594225282e+01 3.932434865677877269e+02
6.589758340445044382e+01 3.822964002675733468e+02
6.165731594266178917e+01 3.715780832831492830e+02
5.767965449880542650e+01 3.610795190677416713e+02
5.394918057171647519e+01 3.507929188567601386e+02
5.045131896481796474e+01 3.407111350849693849e+02
4.717229097970574259e+01 3.308275984018227405e+02
4.409907577435647141e+01 3.211362869819063803e+02
4.121937322301610607e+01 3.116316970692241739e+02
3.852156824834688109e+01 3.023088146304730230e+02
3.599468959379154853e+01 2.931631938305703784e+02
3.362835687457393874e+01 2.841912662142820523e+02
3.141277795422596597e+01 2.753899268330094401e+02
2.933872682834134338e+01 2.667563754074423628e+02
2.739751320607956231e+01 2.582880959273414305e+02
2.558095355774229773e+01 2.499828367407594385e+02
2.388134357010892472e+01 2.418385910982230484e+02
2.229143201839239907e+01 2.338535988463301578e+02
2.080439731501785516e+01 2.260268019625358704e+02
1.941382340399992756e+01 2.183577628238710417e+02
1.811367553459979618e+01 2.108461020962894565e+02
1.689827897106864896e+01 2.034914625560965646e+02
1.576229885966104938e+01 1.962934992740694042e+02
1.470072112079559545e+01 1.892518701459960369e+02
1.370883432159214799e+01 1.823662267844454448e+02
1.278221168008067821e+01 1.756364299212423532e+02
1.191669280392182628e+01 1.690631423649023191e+02
1.110837132046971476e+01 1.626470392695609632e+02
1.035358096736280942e+01 1.563885732294267541e+02
9.648881568860801394e+00 1.502879790690152788e+02
8.991045776369638531e+00 1.443452790264353496e+02
8.377046535526178062e+00 1.385602883070031623e+02
7.804045226310160288e+00 1.329326439060157270e+02
7.269380156432236006e+00 1.274622466106506238e+02
6.770556130085833679e+00 1.221491496124700120e+02
6.305234834522916110e+00 1.169930946252920876e+02
5.871225414612334603e+00 1.119935114060732673e+02
5.466475568424280063e+00 1.071495362725634521e+02
5.089063150667698210e+00 1.024600305869442565e+02
4.737188257221021104e+00 9.792359913219945611e+01
4.409165608908576672e+00 9.353867070293306085e+01
4.103417201745807930e+00 8.930365560898529509e+01
3.818466236340815279e+00 8.521675751240334762e+01
