3.146924495785641557e+04 3.129875387575074274e+04
3.167966874739597552e+04 3.150303860175404407e+04
3.187166875441217417e+04 3.168879455034768762e+04
3.204425693299867271e+04 3.185503992605698659e+04
3.219644180224802767e+04 3.200079135188600412e+04
3.232719188557529196e+04 3.212502892463618991e+04
3.243549479167321260e+04 3.222675335244615781e+04
3.252036818610896444e+04 3.230499658525901395e+04
3.258081037816771277e+04 3.235877291044726371e+04
3.261583036850776625e+04 3.238710882536088320e+04
3.262449091544961993e+04 3.238908577604333186e+04
3.260588506828220488e+04 3.236381757842609659e+04
3.255911313211751985e+04 3.231042827383637632e+04
3.248334501512459246e+04 3.222811280897161123e+04
3.237782906367157193e+04 3.211614591586949609e+04
3.224186027807059509e+04 3.197385248471365776e+04
3.207481404357823703e+04 3.180063970176481234e+04
3.187617448890144078e+04 3.159602409770505255e+04
3.164553798263837234e+04 3.135963704948129089e+04
3.138261832283415060e+04 3.109123070756285233e+04
3.108725880023573700e+04 3.079068666123419462e+04
3.075945029548577077e+04 3.045803440233416768e+04
3.039938560511610194e+04 3.009350920714216409e+04
3.000741849639098291e+04 2.969750724505285325e+04
2.958404963974565544e+04 2.927056958509976903e+04
2.913004918179371816e+04 2.881350787413027138e+04
2.864645889057885142e+04 2.832740598180780580e+04
2.813445021706997431e+04 2.781347352846968715e+04
2.759540473279569414e+04 2.727312689310551650e+04
2.703115209616328502e+04 2.670822972651758027e+04
2.644366896094522235e+04 2.612078754622912675e+04
2.583500776700012648e+04 2.551287522280326448e+04
2.520769027209744672e+04 2.488703091606475209e+04
2.456456750983435631e+04 2.424611530158936876e+04
2.390842861620050826e+04 2.359291975679146344e+04
2.324225218542251241e+04 2.293041541202182634e+04
2.256962462735800364e+04 2.226216750336388941e+04
2.189402086163715285e+04 2.159162275314487124e+04
2.121872506182972938e+04 2.092203077081590163e+04
2.054747268718807754e+04 2.025707344993447259e+04
1.988406597051367862e+04 1.960048888832888042e+04
1.923189748817708460e+04 1.895560581124191594e+04
1.859436334775636715e+04 1.832574076776243965e+04
1.797521718983565370e+04 1.771453875980026714e+04
1.737778342099672591e+04 1.712522141672277576e+04
1.680485930386757900e+04 1.656049119534411511e+04
1.625855050371440120e+04 1.602235053700396384e+04
1.574049225512226440e+04 1.551233587317104320e+04
1.525202776605301551e+04 1.503170407061620608e+04
1.479456243047441239e+04 1.458174967019621909e+04
1.436971762931673038e+04 1.416394489127226552e+04
1.397891174660624711e+04 1.377957336926188327e+04
1.362213861502071450e+04 1.342854747790593865e+04
1.329516791391989318e+04 1.310669155841408246e+04
1.299327905526114046e+04 1.280936041208573261e+04
1.271225373906771347e+04 1.253240676467578305e+04
1.244850222192067486e+04 1.227231752207597128e+04
1.219877231003071756e+04 1.202591380736605242e+04
1.195910954527554713e+04 1.178936424378732045e+04
1.172411793319651224e+04 1.155748835159125520e+04
1.148846833039117519e+04 1.132518024121121198e+04
1.124568469925305544e+04 1.108630116634078877e+04
1.098896295270125847e+04 1.083442885822176686e+04
1.071199006601041219e+04 1.056364972044038768e+04
1.040894926134401430e+04 1.026858248828529941e+04
1.007574446788465502e+04 9.945478106195918372e+03
9.711564903793745543e+03 9.593750080041503679e+03
9.317515581231014949e+03 9.214592023537896239e+03
8.897981308495647681e+03 8.812300432945898137e+03
8.458895836711364609e+03 8.392580379561843074e+03
8.008646238767990326e+03 7.963411860932892523e+03
7.556067451278971021e+03 7.533138363004422899e+03
7.110550984193260774e+03 7.110566424283532797e+03
6.681470785178110418e+03 6.704429547917595301e+03
6.278262187567374895e+03 6.323475876410820092e+03
5.909908439683546021e+03 5.975905866919066284e+03
5.583959029896562242e+03 5.668598193456738045e+03
5.304534673561291129e+03 5.405151339462605392e+03
5.073163658481826133e+03 5.186738677878702219e+03
4.886000249215219810e+03 5.009570703289731682e+03
4.736481113373499284e+03 4.867350279001882882e+03
4.614220801470585684e+03 4.750350186456570555e+03
4.507555704064212478e+03 4.647730740659952062e+03
4.403665718098096477e+03 4.547698188020731322e+03
4.290265066659206241e+03 4.439049806992723461e+03
4.156933501534536845e+03 4.312359943275569094e+03
3.997026990167498752e+03 4.161719267807062351e+03
3.808970105643685201e+03 3.985867370612068044e+03
3.596131381754093582e+03 3.788026827665646579e+03
3.366412229857377952e+03 3.575506405938621356e+03
3.131719195977259005e+03 3.359166401823722026e+03
2.906655854808316690e+03 3.152167736428433727e+03
2.705392393909396105e+03 2.967157029044234150e+03
2.537637752685724990e+03 2.812654605301329866e+03
2.405611776017485226e+03 2.690399723008211822e+03
2.305013016579763189e+03 2.596331429520106212e+03
2.227791019528555807e+03 2.523116599743472307e+03
2.162993083880375252e+03 2.460939233591862376e+03
2.097074213070375663e+03 2.397797868866635326e+03
2.017658329293994711e+03 2.322832208814193109e+03
1.919021552544765427e+03 2.231127550675704242e+03
1.803985410293888890e+03 2.125309205676513557e+03
1.680857828256423318e+03 2.012775254582745447e+03
1.560569720515124800e+03 1.903108936726519687e+03
1.454059759513495692e+03 1.805752473980292280e+03
1.367787074280427760e+03 1.726138838839834079e+03
1.301366995110718790e+03 1.663754345264223730e+03
1.248777362079535123e+03 1.613288875622684600e+03
1.200222963279519718e+03 1.566301586325509561e+03
1.146344439313473913e+03 1.514837136847582542e+03
1.083649593225967237e+03 1.456013198578234324e+03
1.014750006738924412e+03 1.392138432923906066e+03
9.459188955850189586e+02 1.328552076243171541e+03
8.844608676430538026e+02 1.271343372650608217e+03
8.339299959496099746e+02 1.223368696160261834e+03
7.923371498771605275e+02 1.182868449195085532e+03
7.545725887240905649e+02 1.145570552883752953e+03
7.153793819588328233e+02 1.107169446873016341e+03
6.729858496710536429e+02 1.066272135564126756e+03
6.299891708252976059e+02 1.025030393990875837e+03
5.901586920569752692e+02 9.864759423034943211e+02
5.556231073393621500e+02 9.522567871584111572e+02
5.254417316941185163e+02 9.215636330586424947e+02
4.967449641604123372e+02 8.921070524509673305e+02
4.676392476021667335e+02 8.624179140450052046e+02
4.386460536632201865e+02 8.329225766665936135e+02
4.114693299320214805e+02 8.049296475044212684e+02
3.870584750969607626e+02 7.791326152049902021e+02
3.647046757606884171e+02 7.549646463342314746e+02
3.431749013999873341e+02 7.314932922454852360e+02
3.221470089245304393e+02 7.084846643827672779e+02
3.022440942052821242e+02 6.863930881884301698e+02
2.839120418839722788e+02 6.655251254404776091e+02
2.668548059517058277e+02 6.456514001146684905e+02
2.505757439102060573e+02 6.264134218907087188e+02
2.350519522521846909e+02 6.077922864174576034e+02
2.205175831509318982e+02 5.899410390979837757e+02
2.069562619140331492e+02 5.728370071846773044e+02
1.941516704549652559e+02 5.563274139884007354e+02
1.820329831258791842e+02 5.403602603515871579e+02
1.706581061827396013e+02 5.249659980710268883e+02
1.599884609676408616e+02 5.101122757350518668e+02
1.499572316937153857e+02 4.957509291715918494e+02
1.405197524358850103e+02 4.818486872704835946e+02
1.316445900816984533e+02 4.683803176396555727e+02
1.233018954780143019e+02 4.553223818706023280e+02
1.154630437737730801e+02 4.426529463018923138e+02
1.081006189196867950e+02 4.303514886554915506e+02
1.011883945111844270e+02 4.183988117137977270e+02
9.470131143457767564e+01 4.067769634243484802e+02
8.861523852544745239e+01 3.954691330606029283e+02
8.290650240219112277e+01 3.844595127076278231e+02
7.755259775745888362e+01 3.737333255261300451e+02
7.253230620685042140e+01 3.632767902259732296e+02
6.782562600990199542e+01 3.530770648256787467e+02
6.341370543929514980e+01 3.431221942015266109e+02
5.927877961925839401e+01 3.334010610815320206e+02
5.540411485026651661e+01 3.239033686496647988e+02
5.177403069889601284e+01 3.146201603110123983e+02
4.837381585678870977e+01 3.055436719596427224e+02
4.518958820240217733e+01 2.966666992903278697e+02
4.220824933787880440e+01 2.879825444167236128e+02
3.941744463593954606e+01 2.794849884742655490e+02
3.680552499294024926e+01 2.711682655006748632e+02
3.436151024080209027e+01 2.630270374833348228e+02
3.207504695755429935e+01 2.550564836055274043e+02
2.993635642060134927e+01 2.472526027598091503e+02
2.793623089996863484e+01 2.396117969435823909e+02
2.606601021116623329e+01 2.321307264942191466e+02
2.431755110773881157e+01 2.248062938098544521e+02
2.268319824237494942e+01 2.176356276008852149e+02
2.115575662640108590e+01 2.106160676411905683e+02
1.972846561471863325e+01 2.037451599872828751e+02
1.839497645458677511e+01 1.970208951822570498e+02
1.714932824649351062e+01 1.904416749063532563e+02
1.598592283561728777e+01 1.840059968962193864e+02
1.489950385262126531e+01 1.777124302113650174e+02
1.388513700875805412e+01 1.715596065766693528e+02
1.293819143899186308e+01 1.655462120293078385e+02
1.205432204394584694e+01 1.596709788720242500e+02
1.122945216993939077e+01 1.539327693434024980e+02
1.045975585177588485e+01 1.483308856008128771e+02
9.741645572853004253e+00 1.428647007059427665e+02
9.071758968499162634e+00 1.375335166540256751e+02
8.446945320755755660e+00 1.323365635636609454e+02
7.864252816009909886e+00 1.272729991334966542e+02
7.320916526015659009e+00 1.223419083397646290e+02
6.814347067219824083e+00 1.175423119245743067e+02
6.342119685374549398e+00 1.128734494135008504e+02
5.901964214070907211e+00 1.083347907090228688e+02
5.491755917641187423e+00 1.039256532588028108e+02
5.109506553179405053e+00 9.964518574472587886e+01
4.753355935275359379e+00 9.549237678979615396e+01
4.421563996638172789e+00 9.146606370606623670e+01
4.112503317356623000e+00 8.756494125531291672e+01
3.824652024215254631e+00 8.378762030617791368e+01
3.556586896997373959e+00 8.013284409709794431e+01
3.306977511218514465e+00 7.659927262520899660e+01
3.074580529900095005e+00 7.318539205802397873e+01
2.858234188634062090e+00 6.988952894979742325e+01
