3.208285108673784634e+04 3.192448043551692535e+04
3.232819765195334548e+04 3.216363623551843193e+04
3.255472769258707558e+04 3.238382179525606625e+04
3.276127827581731253e+04 3.258387944762301413e+04
3.294670248814372462e+04 3.276266872135615267e+04
3.310982960301089770e+04 3.291902653425265453e+04
3.324944800825636048e+04 3.305175020554981893e+04
3.336437472580643953e+04 3.315966710865191999e+04
3.345344824591781799e+04 3.324162780337544973e+04
3.351544867755211453e+04 3.329642732299245836e+04
3.354917706439951871e+04 3.332288374044113152e+04
3.355349754231327097e+04 3.331987997935543535e+04
3.352727922519207641e+04 3.328630718183132558e+04
3.346939802180186234e+04 3.322106675594557601e+04
3.337882146145334264e+04 3.312315357258589211e+04
3.325459643279474403e+04 3.299164458235848724e+04
3.309578267780354508e+04 3.282563523339172389e+04
3.290154514130300959e+04 3.262432861422281348e+04
3.267118775261379051e+04 3.238706832161211423e+04
3.240411018111107478e+04 3.211329949998483426e+04
3.209982943823653113e+04 3.180258929568752501e+04
3.175803893548366614e+04 3.145468151096644942e+04
3.137861559367591690e+04 3.106950611499946535e+04
3.096162109341770702e+04 3.064718523450539578e+04
3.050731923745330278e+04 3.018804263860723586e+04
3.001619161642883410e+04 2.969261802392416575e+04
2.948902184615251463e+04 2.916175865219801926e+04
2.892685822507086414e+04 2.859657724942430286e+04
2.833095412636745823e+04 2.799838566652420559e+04
2.770289044082241890e+04 2.736882109531042443e+04
2.704469283649526915e+04 2.670996686061474975e+04
2.635856583086707906e+04 2.602407629344349334e+04
2.564690808729972196e+04 2.531358697301820939e+04
2.491273024832833471e+04 2.458154333508740820e+04
2.415930905450872160e+04 2.383124589274836762e+04
2.338990957308943325e+04 2.306597006986133783e+04
2.260823343199312512e+04 2.228941296794013761e+04
2.181858380656391455e+04 2.150585755561818951e+04
2.102506809609240736e+04 2.071937862629133451e+04
2.023170970559258058e+04 1.993395258680308325e+04
1.944331951797776128e+04 1.915431449068220900e+04
1.866457741652625919e+04 1.838505685259485472e+04
1.789961920374105466e+04 1.763022537404914328e+04
1.715289993932631114e+04 1.689415297027187989e+04
1.642919836241931262e+04 1.618146670653999718e+04
1.573253637527827232e+04 1.549605031069010874e+04
1.506638070736165719e+04 1.484123235813423344e+04
1.443429112796442496e+04 1.422038724989547700e+04
1.383927003707649965e+04 1.363634598372877554e+04
1.328365375263356873e+04 1.309130082555225454e+04
1.276953592536289943e+04 1.258715953075434663e+04
1.229879499302471777e+04 1.212558821905683908e+04
1.187289524135561987e+04 1.170787386010583214e+04
1.149193080152501534e+04 1.133397283496013551e+04
1.115385112118121106e+04 1.100173584811583714e+04
1.085663429660245856e+04 1.070905163132224334e+04
1.059756175891099338e+04 1.045315275146830572e+04
1.037226430374948541e+04 1.022969485675117357e+04
1.017659408422403612e+04 1.003455307234373686e+04
1.000585365864677260e+04 9.863109004149078828e+03
9.854672799624495383e+03 9.710134723301523991e+03
9.717529487610205251e+03 9.570282197678676312e+03
9.586573775925335212e+03 9.436084050468889473e+03
9.453418351485801395e+03 9.299608937612978480e+03
9.308902016697607905e+03 9.152301361358842769e+03
9.143264106397671640e+03 8.985140831514710953e+03
8.947751075344442143e+03 8.790129939646889397e+03
8.715080447034086319e+03 8.560757462198780559e+03
8.440439435347539984e+03 8.292835192676668157e+03
8.123017736731454534e+03 7.985949036614929355e+03
7.764555345708960886e+03 7.642007951917345054e+03
7.369827945671509951e+03 7.265712860953184645e+03
6.946252055871028460e+03 6.864110324309540374e+03
6.503948402620296292e+03 6.446673164454144171e+03
6.054505194748020585e+03 6.024129571789237161e+03
5.610295356607057329e+03 5.607849999996336919e+03
5.185600461950747558e+03 5.210807485717153213e+03
4.793006392751381100e+03 4.844441404230282387e+03
4.444308709417976388e+03 4.519244991232190841e+03
4.148056211768723188e+03 4.242832015265244991e+03
3.908218403025943189e+03 4.018450471297273452e+03
3.725006807170585489e+03 3.845982130382471041e+03
3.593793287647257330e+03 3.720845683425131938e+03
3.506742739583165985e+03 3.635618616910888250e+03
3.452907006081558393e+03 3.580124735398163921e+03
3.418294613740191835e+03 3.541621590501654282e+03
3.387287738686927696e+03 3.506081115568441874e+03
3.343508603675171798e+03 3.459015200395745069e+03
3.272645207631749599e+03 3.387960970206667298e+03
3.164415144122687252e+03 3.284148812096431811e+03
3.014451632046373561e+03 3.144071955357618208e+03
2.825705593025141297e+03 2.970654007376438130e+03
2.609377047901895821e+03 2.773959996748270896e+03
2.383596397513959346e+03 2.569942789365159115e+03
2.169107124479342019e+03 2.376664030584020566e+03
1.983378361449381828e+03 2.209162286675308678e+03
1.836609545523076349e+03 2.076016083537498616e+03
1.731934704273704256e+03 1.979611887954103395e+03
1.666730956943115871e+03 1.917348608818564571e+03
1.631972509707483368e+03 1.881179694393468708e+03
1.611934576817330935e+03 1.857480267241622869e+03
1.587562277837078454e+03 1.830018007027862495e+03
1.543366015996723036e+03 1.785801318429342018e+03
1.471597667392622725e+03 1.718517542483663874e+03
1.373549196207654404e+03 1.629514580171330408e+03
1.259987529780463092e+03 1.528036061010399635e+03
1.147751359640405326e+03 1.428229002017526227e+03
1.052345764912434333e+03 1.342900367560021550e+03
9.826653309347967706e+02 1.279191261988594533e+03
9.390621281101660998e+02 1.237115994520175263e+03
9.128374021035982651e+02 1.209317577920799977e+03
8.901091960111266417e+02 1.184367692848003571e+03
8.585086828795496103e+02 1.152253657064807840e+03
8.116779719320169306e+02 1.107973575994451949e+03
7.522584097913004371e+02 1.053832843454811382e+03
6.908970895512807147e+02 9.984719929782411327e+02
6.386266182173974357e+02 9.506473325072093985e+02
6.007751336156856041e+02 9.144211971682792637e+02
5.751987003324663874e+02 8.879336619964229840e+02
5.537064363902719606e+02 8.646798351275986079e+02
5.279886806162244284e+02 8.382100821655434402e+02
4.952809056130972749e+02 8.064781856422276860e+02
4.592162907878845317e+02 7.723689585061999878e+02
4.264918321435942516e+02 7.410038118904790281e+02
4.010846828015672259e+02 7.153122176065566009e+02
3.814244447634147264e+02 6.940147928002654680e+02
3.626835085557925140e+02 6.734710462052235016e+02
3.414560751107689498e+02 6.511900039937615929e+02
3.185104934277016469e+02 6.277871820427459397e+02
2.972306232589708088e+02 6.057341266060701628e+02
2.796153712531587985e+02 5.864257588675696979e+02
2.644127545378959212e+02 5.689192008740071742e+02
2.492157463953899139e+02 5.515043446132523286e+02
2.333655948995906897e+02 5.337414956272660902e+02
2.182440266215073734e+02 5.165955672951225779e+02
2.049762829545470595e+02 5.008145772767977064e+02
1.929942834516841685e+02 4.859891624171106628e+02
1.812361136644115334e+02 4.714064326591906706e+02
1.696969456300172965e+02 4.570695026904378437e+02
1.590439920559692268e+02 4.434065081218498108e+02
1.493465411842481103e+02 4.304467430623912492e+02
1.401316833357375060e+02 4.178852159061289058e+02
1.312626412099568540e+02 4.056359087456481234e+02
1.229530898240725207e+02 3.938232094461330348e+02
1.151815503119418764e+02 3.824271071848665429e+02
1.079073904351322994e+02 3.714205277020504354e+02
1.010929581303983440e+02 3.607780326511712587e+02
9.470408477079732279e+01 3.504760084734740531e+02
8.870972983391118305e+01 3.404925412078386557e+02
8.308166425714020420e+01 3.308073024156669248e+02
7.779418785355781552e+01 3.214014451213428742e+02
7.282453252571498581e+01 3.122581132157508250e+02
6.815506928396486330e+01 3.033647978115961337e+02
6.377004130836305507e+01 2.947107902229643059e+02
5.965426327134878903e+01 2.862860213605823674e+02
5.579312733693174664e+01 2.780810253605777689e+02
5.217260618528635518e+01 2.700869061021782045e+02
4.877925268251402713e+01 2.622953057525709255e+02
4.560019025660771064e+01 2.546983730227336480e+02
4.262277291864215556e+01 2.472886163361163483e+02
3.983451922231313347e+01 2.400588328381180077e+02
3.722366606144566958e+01 2.330022693904948596e+02
3.477917220580205537e+01 2.261126135784507198e+02
3.249067413767463819e+01 2.193839694651518357e+02
3.034844461128141191e+01 2.128108346240528874e+02
2.834335376416735031e+01 2.063880783440763196e+02
2.646684375473780548e+01 2.001109720303747963e+02
2.471096504279944739e+01 1.939755154624322415e+02
2.306827605638756395e+01 1.879781554119095972e+02
2.153176857956852430e+01 1.821155578960875232e+02
2.009484431586904662e+01 1.763845938529934472e+02
1.875129283995726936e+01 1.707823267227007022e+02
1.749527058397541879e+01 1.653060005044654588e+02
1.632128078511143343e+01 1.599530286126247347e+02
1.522414743241631996e+01 1.547210522673799176e+02
1.419899150989284031e+01 1.496080005097344667e+02
1.324123011942886663e+01 1.446119301123397634e+02
1.234656149467515007e+01 1.397309952453587130e+02
1.151094855437373710e+01 1.349634396675986636e+02
1.073060335931002562e+01 1.303075892033253069e+02
1.000197242744542692e+01 1.257618444984287436e+02
9.321722907220731713e+00 1.213246887412261970e+02
8.686729956022940513e+00 1.169948498641192316e+02
8.094064050947388012e+00 1.127712076107666945e+02
7.540978910783707967e+00 1.086526474068767243e+02
7.024900517503621877e+00 1.046380544569584288e+02
6.543416766548197927e+00 1.007263109546673689e+02
6.094267704658181906e+00 9.691629348628350726e+01
5.675336324364085527e+00 9.320687064951560785e+01
5.284639676194835545e+00 8.959698903639376510e+01
4.920320316539243954e+00 8.608584735451606207e+01
4.580639287287525896e+00 8.267262797382906570e+01
4.263968974390365041e+00 7.935643584389771377e+01
3.968786232824927040e+00 7.613630164894782126e+01
3.693665916888806411e+00 7.301118503813685834e+01
3.437274793343088941e+00 6.997997792184361288e+01
3.198365812055831814e+00 6.704151528295487594e+01
2.975772640471677111e+00 6.419473546987205737e+01
2.768404631219375300e+00 6.143864890684311320e+01
2.575242159890084537e+00 5.877216375452649544e+01
