2.757545214962433602e+04 2.746857144861157576e+04
2.773059325874412752e+04 2.761991264917180524e+04
2.786917649502276981e+04 2.775462964565318180e+04
2.799039629208383121e+04 2.787192030250585231e+04
2.809346153323562612e+04 2.797099773160424593e+04
2.817754743944706570e+04 2.805104355497053984e+04
2.824183156697519735e+04 2.811124314702544507e+04
2.828552556688352706e+04 2.815081671293040199e+04
2.830784541910148255e+04 2.816898981633588483e+04
2.830799970361476517e+04 2.816498181730944634e+04
2.828524367944811456e+04 2.813805955395864657e+04
2.823887360788453225e+04 2.808753194171560244e+04
2.816816749156814330e+04 2.801269207016212022e+04
2.807244730613806678e+04 2.791287826535385102e+04
2.795111008580973430e+04 2.778750464197518522e+04
2.780359195468958933e+04 2.763602673887311903e+04
2.762937361222850450e+04 2.745794699062091968e+04
2.742803229566238588e+04 2.725286480794077579e+04
2.719923677704055808e+04 2.702047243376570987e+04
2.694272001954832012e+04 2.676053010293020634e+04
2.665832434167941756e+04 2.647290794561227085e+04
2.634601764119555082e+04 2.615760143474639699e+04
2.600589663649454815e+04 2.581473828768236854e+04
2.563819154199034529e+04 2.544458155821100081e+04
2.524327077564694628e+04 2.504753082047003045e+04
2.482167629083163411e+04 2.462415960749018996e+04
2.437416745137683029e+04 2.417526216784764983e+04
2.390164752411494919e+04 2.370177402827360493e+04
2.340516994044627427e+04 2.320477764627114084e+04
2.288609669902966561e+04 2.268566571125664632e+04
2.234598725336480129e+04 2.214602614196048307e+04
2.178648885571965366e+04 2.158752876031965934e+04
2.120952447820741872e+04 2.101211554372225874e+04
2.061738872199184334e+04 2.042209759135426430e+04
2.001239860823152412e+04 1.981980136879912970e+04
1.939694313430084730e+04 1.920761795106498539e+04
1.877392683267978646e+04 1.858844679196295692e+04
1.814631778839281105e+04 1.796524379617023442e+04
1.751692067462741034e+04 1.734079466707153188e+04
1.688886407858108942e+04 1.671819666377739486e+04
1.626559712423736892e+04 1.610085588844002086e+04
1.565023563932244906e+04 1.549184263297682446e+04
1.504573835514489292e+04 1.489406318619089507e+04
1.445549291585904029e+04 1.431083066818972111e+04
1.388258484078651236e+04 1.374515633723314750e+04
1.332963101162246494e+04 1.319958838269051739e+04
1.279934030994788372e+04 1.267674199768483231e+04
1.229436992886979715e+04 1.217916756146652733e+04
1.181686525333346799e+04 1.170892101747993547e+04
1.136842075408997880e+04 1.126751254183813580e+04
1.095001007131939150e+04 1.085581674492348247e+04
1.056229767510181046e+04 1.047441278935580158e+04
1.020573436985445005e+04 1.012367900584943709e+04
9.880502868520929042e+03 9.803700090157524755e+03
9.586638794082336972e+03 9.514405470214240268e+03
9.324100228005670942e+03 9.255661976632662117e+03
9.090428355687201474e+03 9.025007575825777167e+03
8.880259243312139006e+03 8.817174600441474468e+03
8.688557822799517453e+03 8.627216869983552897e+03
8.511401408435174744e+03 8.451282284846516632e+03
8.346084177722883396e+03 8.286718334539149510e+03
8.190010629221541421e+03 8.130985970452019501e+03
8.038445995942578520e+03 7.979531590381467140e+03
7.885271290806701472e+03 7.826501866906140094e+03
7.724465815188513261e+03 7.666166406971322431e+03
7.549419784752369196e+03 7.492318205857971407e+03
7.354071736470400538e+03 7.299287715277745519e+03
7.134039354414768241e+03 7.083066100751067097e+03
6.886457116526338723e+03 6.841102077678955538e+03
6.611077658338046604e+03 6.573326391762763706e+03
6.310394032895802411e+03 6.282262723085920697e+03
5.988741212957009338e+03 5.972125602845754656e+03
5.652451326614418576e+03 5.648982689070536253e+03
5.308259508224711681e+03 5.319227503203015658e+03
4.963165060109011392e+03 4.989466073146244526e+03
4.625190685573046721e+03 4.667195003329248721e+03
4.302920001882464021e+03 4.360412365108437371e+03
4.004978324923881701e+03 4.077083926209113088e+03
3.738784953400271661e+03 3.824037693031501931e+03
3.509883993416784051e+03 3.606230113010586138e+03
3.321297818827310493e+03 3.426341236264073359e+03
3.171686054465597863e+03 3.282908910660071797e+03
3.057709193601617699e+03 3.172631214548471235e+03
2.972406250717268904e+03 3.088894595421304530e+03
2.907598986828476882e+03 3.023999858718562791e+03
2.853378006579436715e+03 2.968751762935159604e+03
2.799346698229392587e+03 2.913610385645474707e+03
2.735348508062246310e+03 2.849356238639208641e+03
2.653323053117115251e+03 2.768786768135772490e+03
2.548368725916232961e+03 2.667622245113263489e+03
2.419426840072682808e+03 2.545080827480393054e+03
2.269380086917075005e+03 2.403938988616796905e+03
2.105344492062233257e+03 2.250725301348374614e+03
1.938208264777904560e+03 2.095284476826613172e+03
1.781148193576483436e+03 1.949429388228496691e+03
1.645085624727666072e+03 1.822831046293341160e+03
1.535594265839796890e+03 1.720332181571887304e+03
1.452965762429806773e+03 1.642018946974668552e+03
1.393972776907252410e+03 1.584842322963136212e+03
1.352825312172124541e+03 1.543518763559186027e+03
1.319895616424360924e+03 1.509454117443382756e+03
1.283532298986397109e+03 1.472393021165324626e+03
1.235047681944804026e+03 1.424798707011436136e+03
1.171689215506791243e+03 1.364389219576692312e+03
1.095749756896184408e+03 1.293285982789972195e+03
1.013515042014005189e+03 1.217035771141077703e+03
9.341182290403152138e+02 1.143568162531699045e+03
8.657489136586933682e+02 1.079898196654785352e+03
8.123991218907743814e+02 1.029350030008213935e+03
7.735242098094241783e+02 9.913290756443569762e+02
7.440356752757229515e+02 9.613884498937577519e+02
7.160582135711157434e+02 9.327895197543557515e+02
6.835767806738012951e+02 9.004620666707818373e+02
6.446047118114483965e+02 8.627942893801046012e+02
6.008638147064120858e+02 8.213000023798175562e+02
5.575236536728639294e+02 7.803366540659702650e+02
5.197913086152257165e+02 7.442157608086405389e+02
4.895080005760341919e+02 7.143980364718663623e+02
4.651996857201874604e+02 6.895976176070473684e+02
4.430401888189808233e+02 6.666335029388457087e+02
4.193919935723552044e+02 6.425385148557347748e+02
3.935811779098482930e+02 6.167955834333617986e+02
3.674115421074616279e+02 5.908885661866232795e+02
3.434327351699745350e+02 5.668638160806750648e+02
3.229947035317014752e+02 5.457686688896552596e+02
3.052229745864494816e+02 5.268724387412777332e+02
2.881878067710827622e+02 5.086348772495488220e+02
2.708381558039093306e+02 4.902363883179087338e+02
2.535568452620673838e+02 4.719856964808125781e+02
2.375028601033012308e+02 4.547777145723406989e+02
2.231449351394373650e+02 4.389562940853003283e+02
2.100131599999867547e+02 4.241460440038515571e+02
1.973212035238364876e+02 4.097453977412834547e+02
1.849593220887332734e+02 3.956730583716435490e+02
1.733049826822605155e+02 3.822080891060563772e+02
1.626035418134756867e+02 3.695230147376774994e+02
1.526403110827341720e+02 3.574516617450790932e+02
1.431391020714808917e+02 3.457894294582548014e+02
1.341089613239009850e+02 3.345404201802990087e+02
1.256705624051456454e+02 3.237858754262572916e+02
1.178036036513647389e+02 3.135055961225388614e+02
1.103812326119779641e+02 3.036069622216922994e+02
1.033787283888046460e+02 2.940698009789411458e+02
9.681084266038338626e+01 2.848998744895715163e+02
9.066124886766114344e+01 2.760828737952673464e+02
8.487378624856710019e+01 2.675778035945176612e+02
7.943675602310520389e+01 2.593732316640437716e+02
7.433731293131100415e+01 2.514581675411696153e+02
6.955501733945199305e+01 2.438167476021010884e+02
6.507050350036486464e+01 2.364340234428683516e+02
6.086558822644833811e+01 2.292960224883923956e+02
5.692319720976208686e+01 2.223896835359778379e+02
5.322729610083850105e+01 2.157027972831390628e+02
4.976282602687967938e+01 2.092239514064902153e+02
4.651572129168732772e+01 2.029426136318028284e+02
4.347302303558016945e+01 1.968494129287292083e+02
4.062254826519627926e+01 1.909356683241244639e+02
3.795278135243898987e+01 1.851932341726382276e+02
3.545284233298986010e+01 1.796144683007561298e+02
3.311245631498092479e+01 1.741922022699404522e+02
3.092192399243335288e+01 1.689197135868433293e+02
2.887209200360612371e+01 1.637907042704432854e+02
2.695428962254753458e+01 1.587994138929987571e+02
2.516030830584994149e+01 1.539406012289351509e+02
2.348242545524264102e+01 1.492093486318134978e+02
2.191337987993648895e+01 1.446010337981238933e+02
2.044634570240114257e+01 1.401113130541978649e+02
1.907490763492301156e+01 1.357361055616341332e+02
1.779303756226536493e+01 1.314715783721782429e+02
1.659507312511206933e+01 1.273141644772576342e+02
1.547570037679966504e+01 1.232607166089571109e+02
1.442992982626062037e+01 1.193083441319690650e+02
1.345307569678094062e+01 1.154543137121165302e+02
1.254073843168701252e+01 1.116960399194922218e+02
1.168878813823380902e+01 1.080310764801007508e+02
1.089334891973062192e+01 1.044571079173011015e+02
1.015078405211695944e+01 1.009719420036074666e+02
9.457681821477141426e+00 9.757355609730238655e+01
8.810842189861995521e+00 9.426013159448669398e+01
8.207264578108841135e+00 9.102994122945425204e+01
7.644136052743024656e+00 8.788133039548573322e+01
7.118820133757798985e+00 8.481271211018461997e+01
6.628846228715670641e+00 8.182256219715387147e+01
6.171899661195388909e+00 7.890941467684319832e+01
5.745812170008846920e+00 7.607186391135641657e+01
5.348552087834359980e+00 7.330863069123620335e+01
4.978216664276764014e+00 7.061851950713756310e+01
4.633024967668812444e+00 6.800035851766192252e+01
4.311310389763712614e+00 6.545299615926610670e+01
4.011513576058844954e+00 6.297529894199261236e+01
3.732175772917361911e+00 6.056614937845011326e+01
3.471932568419787923e+00 5.822444404985602517e+01
3.229507955138023245e+00 5.594912816225173202e+01
3.003708700914160090e+00 5.373926975390619987e+01
2.793419311639259384e+00 5.159394559652560019e+01
2.597597168801726752e+00 4.951221380153003082e+01
2.415267922372828391e+00 4.749311453514386017e+01
2.245521163176785961e+00 4.553567078509559707e+01
2.087506358673296702e+00 4.363888917598072936e+01
1.940429033212690335e+00 4.180176420095641276e+01
