3.597738137663605448e+04 3.583063793769166659e+04
3.609886987670263625e+04 3.594773367977450835e+04
3.619804921509319684e+04 3.604250804781328043e+04
3.627405616982837091e+04 3.611410665798812988e+04
3.632604706675076159e+04 3.616169596683456621e+04
3.635315282409706560e+04 3.618442041220233659e+04
3.635453640639036166e+04 3.618145766864716279e+04
3.632941092307469080e+04 3.615203610282290902e+04
3.627699427572119021e+04 3.609539039246590983e+04
3.619652458288966591e+04 3.601077671977016871e+04
3.608731011280922394e+04 3.589752175399914267e+04
3.594870555270600744e+04 3.575499982777541300e+04
3.578006190616441745e+04 3.558258460550691234e+04
3.558080711318729300e+04 3.537972717052407097e+04
3.535046418541461026e+04 3.514597377671860158e+04
3.508861371763475472e+04 3.488093118066679745e+04
3.479491845549715072e+04 3.458428980269630119e+04
3.446916081106388447e+04 3.425585890861180087e+04
3.411123625453547720e+04 3.389556200157989952e+04
3.372114408758049831e+04 3.350342989491553453e+04
3.329901739366383845e+04 3.307962590846008970e+04
3.284513452527029585e+04 3.262445711408003262e+04
3.235995014952965357e+04 3.213841043186422030e+04
3.184407928594340046e+04 3.162213291873247726e+04
3.129828207400074461e+04 3.107641301556090912e+04
3.072353968376867124e+04 3.050226007976056644e+04
3.012109796708395515e+04 2.990095004583282935e+04
2.949233654657787702e+04 2.927388758424079060e+04
2.883879595975868870e+04 2.862263347739667006e+04
2.816240805462310891e+04 2.794914089336672623e+04
2.746528260513998976e+04 2.725553648872588747e+04
2.674958286118567048e+04 2.654399282988016421e+04
2.601781453315359977e+04 2.581702059455294147e+04
2.527286844707813361e+04 2.507751190206787214e+04
2.451758693721569944e+04 2.432830250810983489e+04
2.375486967612673106e+04 2.357227754358010861e+04
2.298819230887937010e+04 2.281289004813388965e+04
2.222100623308031572e+04 2.205356237564931871e+04
2.145652345242524825e+04 2.129747187660275813e+04
2.069829566002552383e+04 2.054812211176793789e+04
1.995012949360779021e+04 1.980926088740823616e+04
1.921541165420745529e+04 1.908421709345615091e+04
1.849731491220747921e+04 1.837610011377217961e+04
1.779935025924910587e+04 1.768833407367733889e+04
1.712465875107886677e+04 1.702397789056046531e+04
1.647587543527612070e+04 1.638559457437467063e+04
1.585552759682224496e+04 1.577561573307543767e+04
1.526595120763474370e+04 1.519627144218102148e+04
1.470901569377344458e+04 1.464934646767041704e+04
1.418594678265887160e+04 1.413599175789376568e+04
1.369702527773480142e+04 1.365640393830017274e+04
1.324226087922979059e+04 1.321052269415746377e+04
1.282149849506008650e+04 1.279813799260457381e+04
1.243387718618330837e+04 1.241833093598928281e+04
1.207817627802458628e+04 1.206982363084915050e+04
1.175321828804498728e+04 1.175139208231455268e+04
1.145545890390581008e+04 1.145953322727200066e+04
1.117827382712692634e+04 1.118776696770515264e+04
1.091542180896438003e+04 1.092998088048799218e+04
1.066219394117825323e+04 1.068156853892979234e+04
1.041568362258311208e+04 1.043970269665118758e+04
1.017315662724239701e+04 1.020172555590255615e+04
9.929264567002406693e+03 9.962491615174731123e+03
9.676950569448801616e+03 9.715222224995990473e+03
9.409857238024962498e+03 9.453820718287210184e+03
9.122422838852420682e+03 9.173033653058582786e+03
8.810212454030353911e+03 8.868675649332499233e+03
8.471844119642340956e+03 8.539532503494338016e+03
8.108203668200740140e+03 8.186566053334899152e+03
7.722798733870610704e+03 7.813226633362447501e+03
7.321776859794005759e+03 7.425491044305385003e+03
6.911944509703816948e+03 7.029921095211320790e+03
6.500790701591129618e+03 6.633708420913751070e+03
6.095756182442027239e+03 6.243955081425612661e+03
5.704346836824877755e+03 5.867800476857223657e+03
5.334437245478966361e+03 5.512673208551635071e+03
4.994021191156541136e+03 5.186099802145454305e+03
4.690088254003955626e+03 4.894577775641127118e+03
4.427607249563306141e+03 4.642694355083587652e+03
4.207499147699089008e+03 4.431128662511870971e+03
4.028387333526505245e+03 4.258434219119706540e+03
3.883905833806093597e+03 4.118472238455538900e+03
3.766303713967844033e+03 4.003803285231826976e+03
3.665512869290269464e+03 3.904904700902870900e+03
3.571224547692163014e+03 3.812067981109354150e+03
3.472984192065150182e+03 3.715522950619683797e+03
3.361987206753090504e+03 3.607109242619124871e+03
3.231886242166865486e+03 3.480989911417952044e+03
3.080572361710144378e+03 3.335326511361731718e+03
2.909520536250252462e+03 3.171607283826147068e+03
2.723477453324187081e+03 2.994343640442375090e+03
2.530308865747117125e+03 2.810913920395894820e+03
2.340987598205598715e+03 2.631469365586699951e+03
2.167391066614508418e+03 2.466932068041213824e+03
2.019004081749283159e+03 2.325916723179115252e+03
1.898972384878628645e+03 2.211149481116090101e+03
1.804849224388447965e+03 2.120242370238842796e+03
1.731377261370642373e+03 2.048256332819272757e+03
1.671695709301562601e+03 1.988849644948053538e+03
1.616351069611855792e+03 1.933389597265699422e+03
1.554889685475706756e+03 1.872419395738152389e+03
1.481083033469818474e+03 1.800379594447509817e+03
1.395333973033903249e+03 1.717731537821487109e+03
1.302192636724077829e+03 1.628658736141676854e+03
1.208316471831375566e+03 1.539186797722162964e+03
1.121550426835903409e+03 1.456322135190991730e+03
1.047782081932912661e+03 1.385238854118852942e+03
9.884002646717045764e+02 1.327062060474873761e+03
9.409563602488083234e+02 1.279521906924413770e+03
8.998375018246790660e+02 1.237602886096642806e+03
8.581362950880443350e+02 1.195222567204428742e+03
8.120759677347348315e+02 1.149108255206852391e+03
7.620416106560304570e+02 1.099651237489852292e+03
7.107460591016622402e+02 1.049253242678209972e+03
6.626038387251202266e+02 1.001740707112575819e+03
6.209847014407603183e+02 9.599747253065258974e+02
5.858369980782390485e+02 9.238482397127444301e+02
5.548983404984463732e+02 8.913811560233959881e+02
5.250137221911456891e+02 8.598763699227650932e+02
4.940825430362505131e+02 8.275729156091703089e+02
4.626848648202013692e+02 7.949828129733524520e+02
4.326611725643831505e+02 7.636526486683656003e+02
4.055004950430201234e+02 7.348028943317084440e+02
3.814300471720873702e+02 7.085901221374494980e+02
3.592746089950617261e+02 6.840251021973715524e+02
3.377397458558416474e+02 6.600464086479435082e+02
3.165987037035253024e+02 6.364757874872539105e+02
2.964134644193685517e+02 6.137670152353052799e+02
2.778275263714887728e+02 5.924237395558824346e+02
2.607598186119940920e+02 5.723660411232923479e+02
2.447405692563957302e+02 5.532137165161976782e+02
2.293777834493834291e+02 5.346579079872816465e+02
2.147875590594455559e+02 5.167863128304687734e+02
2.011663016148292797e+02 4.997429450104950206e+02
1.885013253323784284e+02 4.835093071411789083e+02
1.765864853345192671e+02 4.679238734488164368e+02
1.653125454172609068e+02 4.529014279102830756e+02
1.547175940018904043e+02 4.384655687562178628e+02
1.448099865969116138e+02 4.246166653601345615e+02
1.355189173241678020e+02 4.112985904456446633e+02
1.267835716221752591e+02 3.984635327541282663e+02
1.185808129079508006e+02 3.860915999429830094e+02
1.108927659231198533e+02 3.741655500491204975e+02
1.036881522615469038e+02 3.626607636409228235e+02
9.692533528055577108e+01 3.515448438414417183e+02
9.058865950775728493e+01 3.408040991107942546e+02
8.465272430246074009e+01 3.304183441435395139e+02
7.909180697703820329e+01 3.203676056932206961e+02
7.388322549469596368e+01 3.106346713095452969e+02
6.900563656387058131e+01 3.012034850031160431e+02
6.443891746144869614e+01 2.920590280575125348e+02
6.016410143898804108e+01 2.831872542328698614e+02
5.616331618071718879e+01 2.745750296323696489e+02
5.241972519456013657e+01 2.662100768313372328e+02
4.891748415150798479e+01 2.580810458298200842e+02
4.564171888300695912e+01 2.501778168370710489e+02
4.257842759507165908e+01 2.424910284823498046e+02
3.971442123672392199e+01 2.350119039470730513e+02
3.703728054172113815e+01 2.277322170676300459e+02
3.453531501170462548e+01 2.206442604797589411e+02
3.219752377868339011e+01 2.137408156405761872e+02
3.001355770759513675e+01 2.070151328181183601e+02
2.797366627660884575e+01 2.004611664716956341e+02
2.606866612687365503e+01 1.940735651347792157e+02
2.428993329847365601e+01 1.878473065751882416e+02
2.262937238026642817e+01 1.817776585195621522e+02
2.107938583283615230e+01 1.758601617349626736e+02
1.963284496553173497e+01 1.700906139107631532e+02
1.828306248753229113e+01 1.644650542885088385e+02
1.702376740181278691e+01 1.589797960115439253e+02
1.584908428373363876e+01 1.536316407325661544e+02
1.475350565019939175e+01 1.484176497051365686e+02
1.373186811006622143e+01 1.433350153137629093e+02
1.277933199940000719e+01 1.383810521330930783e+02
1.189136213820048660e+01 1.335531885943707380e+02
1.106370964954477820e+01 1.288489590099132158e+02
1.029239477221233656e+01 1.242659970603450290e+02
9.573689354692275444e+00 1.198021197680065484e+02
8.904101091874883522e+00 1.154553709908685022e+02
8.280361572198216891e+00 1.112238515423776022e+02
7.699412763888358491e+00 1.071056977248546929e+02
7.158394032498848425e+00 1.030990777451780787e+02
6.654629916587734506e+00 9.920218833911386014e+01
6.185618620500543230e+00 9.541325160100033997e+01
5.749021112086897034e+00 9.173052797610655773e+01
5.342650372255935309e+00 8.815244310777099201e+01
4.964462309201861601e+00 8.467749364860020478e+01
4.612547146879796500e+00 8.130415528313129414e+01
4.285120911549201494e+00 7.803088231425159904e+01
3.980517430055494188e+00 7.485610832994983355e+01
3.697180815011001709e+00 7.177824696085453127e+01
3.433658408830087883e+00 6.879569289719242420e+01
3.188594124299171551e+00 6.590689480342082618e+01
2.960722189114163516e+00 6.311044889095548172e+01
2.748861409665804167e+00 6.040492035652218306e+01
2.551909710265319653e+00 5.778881661886128285e+01
2.368838996382380380e+00 5.526059224628089339e+01
2.198690338657364407e+00 5.281865379714481179e+01
2.040569458633465061e+00 5.046136456433492867e+01
1.893642488489853282e+00 4.818705650729492618e+01
