1.882654031285774545e+04 1.873427701691840412e+04
1.901254245371390425e+04 1.891670332687354676e+04
1.919018167078175247e+04 1.909068260470899622e+04
1.935885488874611474e+04 1.925561421541238451e+04
1.951794180801899347e+04 1.941088163567336233e+04
1.966682326732726506e+04 1.955587007505803558e+04
1.980487474059547094e+04 1.968995996966287566e+04
1.993143674482161805e+04 1.981249749777482066e+04
2.004584765468830301e+04 1.992282735907554161e+04
2.014745651533288765e+04 2.002030559776235168e+04
2.023560302882116957e+04 2.010428002191711857e+04
2.030962209222685851e+04 2.017409474900693385e+04
2.036886955783652593e+04 2.022911557928374168e+04
2.041271478685871989e+04 2.026872279736235942e+04
2.044051592639325463e+04 2.029228708801329049e+04
2.045165663677034900e+04 2.029920555011463875e+04
2.044555774072461645e+04 2.028891319726277652e+04
2.042166124271561421e+04 2.026086795065184560e+04
2.037944032497810622e+04 2.021456033879067036e+04
2.031842087819701919e+04 2.014953414191623961e+04
2.023818395284847429e+04 2.006538942628378936e+04
2.013836586173115211e+04 1.996178367740543763e+04
2.001866910828075925e+04 1.983844103683366484e+04
1.987887031178091638e+04 1.969515996952635032e+04
1.971884790384761072e+04 1.953184273028705866e+04
1.953857492047412234e+04 1.934848707746593209e+04
1.933810555645546265e+04 1.914517127658433310e+04
1.911761893160117324e+04 1.892209885302713155e+04
1.887746528299405691e+04 1.867964580307519282e+04
1.861808464145399921e+04 1.841827658909192542e+04
1.834001451657157668e+04 1.813855151858530735e+04
1.804403791440809437e+04 1.784127650705423366e+04
1.773108403428799284e+04 1.752740208171459381e+04
1.740213491972225893e+04 1.719792858026262547e+04
1.705837353005729892e+04 1.685405464898546415e+04
1.670127344000806625e+04 1.649726697844231603e+04
1.633233003148609896e+04 1.612907024443975752e+04
1.595308779607607175e+04 1.575101394248097677e+04
1.556547937085792364e+04 1.536502932023068024e+04
1.517152550298983988e+04 1.497313089500199203e+04
1.477314868318206209e+04 1.457723131867004122e+04
1.437243198716245024e+04 1.417939682125440413e+04
1.397168431160770888e+04 1.378191162212778363e+04
1.357304792670115785e+04 1.338689130038716758e+04
1.317858379928140130e+04 1.299636539685560274e+04
1.279073914047761718e+04 1.261273055091090464e+04
1.241187853744135464e+04 1.223829721231162330e+04
1.204407716181199430e+04 1.187509004915405058e+04
1.168892186696344470e+04 1.152464782652826398e+04
1.134753210802857393e+04 1.118804455187137137e+04
1.102084800727568654e+04 1.086617950874905728e+04
1.070988659372366783e+04 1.056002125682842234e+04
1.041642192636894106e+04 1.027125137666714727e+04
1.014223305813724801e+04 1.000155472808525701e+04
9.888648024214860925e+03 9.752182482461093969e+03
9.654312187871077185e+03 9.521778343349733404e+03
9.436471291023304730e+03 9.307626509953299319e+03
9.232599672964266574e+03 9.107237184858588080e+03
9.040490085696214010e+03 8.918441756626798451e+03
8.858176801114159389e+03 8.739313505237851132e+03
8.683652802735456135e+03 8.567891125724630911e+03
8.514060680083626721e+03 8.401411229158175047e+03
8.346419756959756342e+03 8.236996765978667099e+03
8.177412977580091137e+03 8.071466734606609862e+03
8.003154595898939988e+03 7.901120019798877365e+03
7.819919373983363585e+03 7.722416101469820205e+03
7.623804538061017411e+03 7.531685352787530064e+03
7.411353293513051540e+03 7.325685104898899226e+03
7.180517081152885112e+03 7.102546576139309764e+03
6.930363965501229359e+03 6.861464203502466262e+03
6.661882972949750183e+03 6.603464268548652399e+03
6.377502235303660200e+03 6.330930342073756947e+03
6.081391530247989976e+03 6.047878091169619438e+03
5.778687172477991226e+03 5.759218597821163712e+03
5.475189288054588360e+03 5.470453036657409939e+03
5.176716431686053511e+03 5.187076089392279755e+03
4.889276141974949496e+03 4.914724142673040660e+03
4.618644260379722255e+03 4.658773585098100739e+03
4.370409529918036242e+03 4.424384685267013083e+03
4.148816468051078118e+03 4.215444889788062937e+03
3.956866292030746536e+03 4.034618358637649635e+03
3.794993512624073446e+03 3.882187214612690696e+03
3.661172028309305006e+03 3.756111078884468043e+03
3.550646738227036167e+03 3.651852065577398207e+03
3.456936614801886662e+03 3.563283797971533204e+03
3.372117180438139258e+03 3.483006442714739933e+03
3.288058875155565147e+03 3.403470904290506951e+03
3.196933253411941223e+03 3.317457666873871403e+03
3.092463946488578586e+03 3.219228224185192175e+03
2.970834437887484455e+03 3.105335542186848670e+03
2.831493263849597497e+03 2.975358384685597230e+03
2.677341582836554153e+03 2.832054210990695992e+03
2.514048134668529656e+03 2.680694191965400023e+03
2.349416157732594002e+03 2.528461887355255385e+03
2.192573153472536887e+03 2.383690141922398652e+03
2.052393924717581285e+03 2.254390456630684639e+03
1.934799990679524853e+03 2.145820179780579565e+03
1.840953656977059609e+03 2.058895181375604807e+03
1.767508935123841866e+03 1.990462614830353459e+03
1.708333566111792834e+03 1.934900185727670078e+03
1.655820633239162362e+03 1.885315386118327751e+03
1.601395240617796617e+03 1.834002057918043647e+03
1.537434047784416634e+03 1.774161238967139752e+03
1.460768580253275104e+03 1.703027250185250523e+03
1.374042183979255924e+03 1.623046348420259619e+03
1.283598416011823019e+03 1.539936119804448481e+03
1.196826968518796093e+03 1.460275021391250903e+03
1.120512149355645079e+03 1.390014332300223714e+03
1.058390327765982875e+03 1.332347261867426823e+03
1.009434502945838744e+03 1.286264582497120273e+03
9.688563282789662026e+02 1.247501569065918602e+03
9.299629972471647079e+02 1.210191872739527071e+03
8.868164879417417978e+02 1.169188813413698426e+03
8.376623707824672920e+02 1.123025997274442034e+03
7.851436077540460019e+02 1.074049175269728266e+03
7.339243367209686539e+02 1.026301267201819201e+03
6.886433915499552540e+02 9.837275510540971482e+02
6.511873948749890815e+02 9.478663803757223150e+02
6.195458246134749061e+02 9.169461991390779758e+02
5.898599143455592184e+02 8.876799692492111262e+02
5.588088087573968323e+02 8.572880723499221176e+02
5.257067227119637209e+02 8.252342301374792441e+02
4.927889341219785706e+02 7.934060367757722361e+02
4.627254352237335411e+02 7.640019699881495399e+02
4.365834230743557214e+02 7.378594588370963265e+02
4.132979166867727372e+02 7.140716983348169151e+02
3.907621067868149680e+02 6.909194516212579629e+02
3.679004517928178757e+02 6.675502611143436980e+02
3.453982180750574003e+02 6.445266458928833799e+02
3.245185463004971211e+02 6.228450432902063767e+02
3.057250471106746659e+02 6.028474624964184159e+02
2.882949250104559837e+02 5.839521119283039070e+02
2.713850373546155765e+02 5.655053671264437298e+02
2.549221715501576284e+02 5.474564256023132884e+02
2.394454881652105200e+02 5.302109362547251976e+02
2.251809928778395431e+02 5.139259877464105557e+02
2.118155505820474218e+02 4.983591116593248671e+02
1.990128787216436592e+02 4.832613361214351357e+02
1.868334738686862977e+02 4.686750284751537947e+02
1.754490179800149576e+02 4.547165914581090647e+02
1.647941452839868361e+02 4.413323402695460800e+02
1.547032030462985972e+02 4.284027669922891732e+02
1.451545555588729712e+02 4.159098540893684230e+02
1.361935896443498848e+02 4.038791926046083631e+02
1.277754542480582245e+02 3.922758512313992014e+02
1.198385091060345786e+02 3.810553725317148519e+02
1.123693942996258244e+02 3.702053077536725141e+02
1.053443444352769234e+02 3.597067312455550336e+02
9.873852446011467521e+01 3.495403649742929133e+02
9.252837705318847838e+01 3.396881737635238778e+02
8.669156458655666597e+01 3.301332862849080243e+02
8.120691319871929181e+01 3.208599221136216784e+02
7.605436119947215445e+01 3.118533339973417355e+02
7.121494536067274339e+01 3.030999167674257819e+02
6.667073446533608205e+01 2.945871073528133479e+02
6.240474066106477125e+01 2.863031601185779209e+02
5.840087482061775148e+01 2.782370933970775582e+02
5.464390493061294762e+01 2.703786455735485674e+02
5.111941596607077543e+01 2.627182341474142504e+02
4.781377122938828705e+01 2.552469175567504465e+02
4.471407082459284510e+01 2.479564687876393805e+02
4.180810861117012678e+01 2.408395541704657035e+02
3.908435129046304723e+01 2.338893935087346279e+02
3.653190762540963732e+01 2.270996623662285003e+02
3.414049604656543124e+01 2.204644673086299917e+02
3.190041364533487567e+01 2.139783224703574263e+02
2.980250651324343991e+01 2.076361273324598358e+02
2.783814100477726328e+01 2.014331630792983390e+02
2.599917225956651023e+01 1.953652846307387563e+02
2.427792117943960193e+01 1.894288044141608225e+02
2.266715361354682656e+01 1.836202964842078700e+02
2.116005656065846807e+01 1.779365775950537341e+02
1.975021542291843701e+01 1.723746928341046214e+02
1.843159235699490850e+01 1.669319017904145994e+02
1.719850567777732309e+01 1.616056654937923440e+02
1.604560979772411500e+01 1.563937245597140304e+02
1.496787612273866763e+01 1.512942007242412217e+02
1.396057658912657296e+01 1.463053712948161831e+02
1.301926700146360005e+01 1.414256237592343268e+02
1.213977102850746270e+01 1.366534468550996166e+02
1.131816502353321141e+01 1.319874219240462310e+02
1.055076363236221759e+01 1.274262145444236012e+02
9.834105995334653016e+00 1.229685946784837114e+02
9.164941546824866947e+00 1.186136699739972755e+02
8.540218858415734360e+00 1.143607179735174242e+02
7.957074985416332069e+00 1.102090089456042534e+02
7.412824415846874793e+00 1.061578006648330046e+02
6.904948613184922479e+00 1.022063354420517385e+02
6.431086134817356914e+00 9.835383735838520636e+01
5.989023295218723675e+00 9.459951125404433014e+01
5.576685098162234233e+00 9.094271760803427185e+01
5.192126779503121625e+00 8.738309684725257398e+01
4.833526481217133686e+00 8.392021967703651342e+01
4.499177872559421587e+00 8.055354827131407092e+01
4.187483131266352743e+00 7.728244060914784086e+01
3.896946327872265137e+00 7.410615490874494071e+01
3.626167191722710292e+00 7.102385414446472112e+01
3.373835198950677405e+00 6.803464352930154746e+01
3.138723815493763336e+00 6.513777462601250079e+01
2.919685523839303798e+00 6.233247553969022192e+01
