2.979432656878635316e+04 2.963628231585257527e+04
3.002626390191682003e+04 2.986257172431297658e+04
3.024295362339509666e+04 3.007351808161251392e+04
3.044349214890588701e+04 3.026822419115784214e+04
3.062693343986996842e+04 3.044575357396208346e+04
3.079233328911663557e+04 3.060517299210225974e+04
3.093876156559217634e+04 3.074556422037196899e+04
3.106525579996801025e+04 3.086597812664494995e+04
3.117083828765305589e+04 3.096545169147353590e+04
3.125456159507613847e+04 3.104305313147866036e+04
3.131548788769314706e+04 3.109786190804071157e+04
3.135265455300741451e+04 3.112893539787815826e+04
3.136513769838926601e+04 3.113537088603160737e+04
3.135206203349943462e+04 3.111631536040583524e+04
3.131254874505721455e+04 3.107091537548420092e+04
3.124575290890652468e+04 3.099835335298457358e+04
3.115090663245092583e+04 3.089788937147133765e+04
3.102729835732422725e+04 3.076884216297582680e+04
3.087425947332619398e+04 3.061057694087226264e+04
3.069121820714569549e+04 3.042255609825844294e+04
3.047770839391960544e+04 3.020434817703933368e+04
3.023335606454061053e+04 2.995561825355473411e+04
2.995790223191569021e+04 2.967614729545918817e+04
2.965121976770806941e+04 2.936584687578301964e+04
2.931334248536873201e+04 2.902479184276116212e+04
2.894447467351513842e+04 2.865323023628952069e+04
2.854496523408017310e+04 2.825155197322436652e+04
2.811534123648706372e+04 2.782032336516067153e+04
2.765641495779062461e+04 2.736039924424357378e+04
2.716917042683896580e+04 2.687280300907725905e+04
2.665473205212665198e+04 2.635869297252451724e+04
2.611457005088705046e+04 2.581957260972477889e+04
2.555045226273472144e+04 2.525724077045931335e+04
2.496422678952637580e+04 2.467356873849800468e+04
2.435796589216743087e+04 2.407064548228031344e+04
2.373425090313498367e+04 2.345106548667903917e+04
2.309572059742894999e+04 2.281747232759813778e+04
2.244501362125465312e+04 2.217250016028787650e+04
2.178531383624682712e+04 2.151931760828728511e+04
2.112003944225936721e+04 2.086131826539345639e+04
2.045239362833427367e+04 2.020167356218671557e+04
1.978570072560319750e+04 1.954366471418589572e+04
1.912372387852682732e+04 1.889099677544126826e+04
1.846992728007642290e+04 1.824707319110910248e+04
1.782750998425454236e+04 1.761502751292605899e+04
1.720024740016087162e+04 1.699853457105720008e+04
1.659184070837630861e+04 1.640118751790003080e+04
1.600544148669982860e+04 1.582604270002513294e+04
1.544350656130323296e+04 1.527546349008720972e+04
1.490778619615954995e+04 1.475110437160063157e+04
1.439966884911264424e+04 1.425427308476719190e+04
1.392051771620119689e+04 1.378624874338110203e+04
1.347279106323297492e+04 1.334932512525557104e+04
1.305899039053622619e+04 1.294583848717654837e+04
1.268100508606197582e+04 1.257754985177500748e+04
1.233700417261958137e+04 1.224260726040183181e+04
1.202277529447411871e+04 1.193684184500801530e+04
1.173447212783226860e+04 1.165644536998266085e+04
1.146866492249385192e+04 1.139803252133398382e+04
1.122227130169563316e+04 1.115856822935431228e+04
1.099223119731288534e+04 1.093504556359670823e+04
1.077410506303219154e+04 1.072315711454850134e+04
1.056311683377541885e+04 1.051827838982576395e+04
1.035401025322893292e+04 1.031534897271504269e+04
1.014038223959556854e+04 1.010825323379893052e+04
9.916028750176566973e+03 9.891070241017068838e+03
9.674353910402571273e+03 9.657569254777186870e+03
9.409293056178952611e+03 9.402027174323107829e+03
9.116771927162464635e+03 9.120665998813117767e+03
8.794488018704125352e+03 8.811400573183014785e+03
8.442831863084433280e+03 8.474718821631622632e+03
8.064558292598479966e+03 8.113351057459783988e+03
7.665017120753177551e+03 7.732468821317398579e+03
7.251365356121730656e+03 7.338936771314359248e+03
6.831965711482668667e+03 6.940712739612884434e+03
6.415507421056355270e+03 6.546031411396297699e+03
6.011333014207639280e+03 6.163694296516624490e+03
5.628640095869485776e+03 5.802302517611749863e+03
5.276706768880369964e+03 5.470451895062904441e+03
4.962787371365846411e+03 5.174842772513346063e+03
4.692452730753230753e+03 4.920466494716213674e+03
4.467678666543108193e+03 4.709005320127859704e+03
4.286790093466403050e+03 4.538661297982609540e+03
4.144332245349772165e+03 4.404189167043414272e+03
4.032109037405410163e+03 4.297800689929249529e+03
3.939411646602105066e+03 4.209472012866542173e+03
3.854547994875737913e+03 4.128313965836988245e+03
3.765269484823220864e+03 4.042998213642452356e+03
3.660609942368451811e+03 3.943444905148752241e+03
3.532341083778191660e+03 3.822142555755688591e+03
3.376579652690805233e+03 3.675628889784431067e+03
3.194501939797973137e+03 3.505137941644797593e+03
2.992031795140249415e+03 3.316261106331631254e+03
2.779377762304075986e+03 3.118482265609148726e+03
2.570126289461376018e+03 2.924296376014759062e+03
2.378725925229135100e+03 2.746820912323082666e+03
2.216212742534433801e+03 2.595924010578455636e+03
2.087298828438580585e+03 2.475661147431263544e+03
1.990350906886445955e+03 2.384331769519620593e+03
1.919276766245809540e+03 2.316268312928999421e+03
1.864648649620936339e+03 2.262890285313807453e+03
1.813852995199766610e+03 2.212850613489171337e+03
1.753681500549542761e+03 2.154358008143432926e+03
1.675801350093943483e+03 2.080058428436210306e+03
1.579805134095690391e+03 1.989729650904786240e+03
1.471635591886165457e+03 1.888809648793531778e+03
1.361361385706203464e+03 1.786321777874817371e+03
1.260421126280625231e+03 1.692342530171475119e+03
1.177330446510414276e+03 1.614212172602741475e+03
1.114348762581691517e+03 1.553709261478033113e+03
1.067590493395080330e+03 1.507287217029859903e+03
1.028408418737671809e+03 1.467366751449375897e+03
9.866818915149923441e+02 1.425209830860245347e+03
9.363859647981354328e+02 1.375707721889080858e+03
8.777686039647768439e+02 1.319190308258418781e+03
8.159460177578590674e+02 1.260122774024932824e+03
7.586267611896647622e+02 1.205053908059033802e+03
7.113347474637903360e+02 1.158544307297363048e+03
6.741219786837276615e+02 1.120504637050158863e+03
6.427319019177301698e+02 1.087304035321270476e+03
6.112924252145364790e+02 1.054071763018731872e+03
5.762329192031301091e+02 1.017926318914722856e+03
5.387375811343738405e+02 9.799088042395070488e+02
5.026870421406169385e+02 9.431945580891705276e+02
4.713791569340431806e+02 9.103926914469356007e+02
4.451299993305262319e+02 8.816784625499830099e+02
4.213162620656501645e+02 8.549303666639465291e+02
3.971708398943528664e+02 8.279864514137958622e+02
3.722630644111663401e+02 8.005480560165627821e+02
3.482274500730933369e+02 7.738902975802031960e+02
3.267345970928274141e+02 7.492604465082524712e+02
3.076570862647924400e+02 7.265221960595930568e+02
2.896366888799995536e+02 7.046463434025672541e+02
2.717713380364049272e+02 6.829783629178666615e+02
2.545156120685535655e+02 6.618575774577434458e+02
2.386398661562644463e+02 6.418247349925856042e+02
2.241433814032122029e+02 6.228580436213061375e+02
2.104061740660106352e+02 6.045158222008635676e+02
1.971669587861645141e+02 5.866201270483733197e+02
1.846970491427981642e+02 5.693509806270423041e+02
1.731552153041360214e+02 5.528024566192744942e+02
1.623334026923175202e+02 5.368296190381794304e+02
1.520511698828563283e+02 5.213135244173793126e+02
1.423724242876802180e+02 5.062901680626119969e+02
1.333457564890174751e+02 4.917813661198994168e+02
1.248575828871262985e+02 4.777131720226498146e+02
1.168759528401889867e+02 4.640615259819093126e+02
1.093812789612180296e+02 4.508106640041609694e+02
1.023460376581513742e+02 4.379402951606314787e+02
9.574404888124487911e+01 4.254314229607295488e+02
8.955045146986977045e+01 4.132662851878971537e+02
8.374165128459499385e+01 4.014282809867576702e+02
7.829527013628946008e+01 3.899019030373854093e+02
7.319009247236193971e+01 3.786726805251670385e+02
6.840589002017827625e+01 3.677273774661974244e+02
6.392337077893617447e+01 3.570539951596960009e+02
5.972432623210091407e+01 3.466413539856624766e+02
5.579158813271344997e+01 3.364790215357083412e+02
5.210897320153001289e+01 3.265572712404442086e+02
4.866123048141315621e+01 3.168670433482691351e+02
4.543399123951484597e+01 3.073999080522330019e+02
4.241372921747736768e+01 2.981481441794492753e+02
3.958774181518928259e+01 2.891051237496864701e+02
3.694407161213224811e+01 2.802648326560401415e+02
3.447145398026073337e+01 2.716216618680607553e+02
3.215928030234112356e+01 2.631703840293855023e+02
2.999756289037787482e+01 2.549061310750864493e+02
2.797690154155184672e+01 2.468243727461675689e+02
2.608845133535099237e+01 2.389209063246614164e+02
2.432388473368433068e+01 2.311920797414909430e+02
2.267536498982870796e+01 2.236347442158542265e+02
2.113552793913029504e+01 2.162459556149576940e+02
1.969745565140910770e+01 2.090229468005866806e+02
1.835465101024777823e+01 2.019631141323854706e+02
1.710101361890832905e+01 1.950640044307742187e+02
1.593081697260530127e+01 1.883233023888728894e+02
1.483868660964198760e+01 1.817389260358621357e+02
1.381957915596386677e+01 1.753092714262952541e+02
1.286876377414944450e+01 1.690328521278959784e+02
1.198180400605428098e+01 1.629081968857506979e+02
1.115454039777620743e+01 1.569338439377436032e+02
1.038307407840436802e+01 1.511083356373929405e+02
9.663751245550194824e+00 1.454302133864021300e+02
8.993148445636821364e+00 1.398980373762909153e+02
8.368057818100647083e+00 1.345107346966578632e+02
7.785474563814250182e+00 1.292674516184443974e+02
7.242585524958435883e+00 1.241672190893075935e+02
6.736757510935702520e+00 1.192089471779210612e+02
6.265526271467664721e+00 1.143914292697620425e+02
5.826586108097092875e+00 1.097133464165573145e+02
5.417780089649606445e+00 1.051732720659112204e+02
5.037090675123533146e+00 1.007698228875781439e+02
4.682630837134161617e+00 9.650187288822587561e+01
4.352636361564232281e+00 9.236817546479686314e+01
4.045458226204348584e+00 8.836730359764875686e+01
3.759555353129872213e+00 8.449766261457850192e+01
3.493487795960297237e+00 8.075750277337195371e+01
3.245910337504160470e+00 7.714493162713515062e+01
3.015566454931447815e+00 7.365794026749996704e+01
2.801282494122210753e+00 7.029454695336954728e+01
