2.712192404633347178e+04 2.696904794612155820e+04
2.736889536141871577e+04 2.721027752293054436e+04
2.760287029356833227e+04 2.743839187684484205e+04
2.782295295591570903e+04 2.765250166882678968e+04
2.802823444015302084e+04 2.785170616416984194e+04
2.821781137711768315e+04 2.803511109218150887e+04
2.839074979445735516e+04 2.820179274366977188e+04
2.854608088942940230e+04 2.835079384219765052e+04
2.868285086180754661e+04 2.848117316251536977e+04
2.880011290720986653e+04 2.859199785278366471e+04
2.889688698856898191e+04 2.868230420322407372e+04
2.897221117965274243e+04 2.875114803368806679e+04
2.902515890635573669e+04 2.879762169079043088e+04
2.905479412224422049e+04 2.882081057648722344e+04
2.906018901301693040e+04 2.881981054702417532e+04
2.904047312933650392e+04 2.879377585036390155e+04
2.899481968960750237e+04 2.874190636077439558e+04
2.892242046881039641e+04 2.866342393623534372e+04
2.882254054656981316e+04 2.855762480111205878e+04
2.869453123681845318e+04 2.842389227961692450e+04
2.853781168121818337e+04 2.826168124781933511e+04
2.835189080837893198e+04 2.807053818405012134e+04
2.813639048150099188e+04 2.785012224211045759e+04
2.789106199656129320e+04 2.760022403763526381e+04
2.761579790340166437e+04 2.732077866153214563e+04
2.731062268378625595e+04 2.701185191826060691e+04
2.697571408954403887e+04 2.667366190054261460e+04
2.661148829916967952e+04 2.630666835237572013e+04
2.621853010436638942e+04 2.591149822602393397e+04
2.579756266702761059e+04 2.548891304345616300e+04
2.534960188321593523e+04 2.503996673368125266e+04
2.487595447227081604e+04 2.456600312666793616e+04
2.437803376794397263e+04 2.406846673545172962e+04
2.385745771771079671e+04 2.354900152554733722e+04
2.331631385350101846e+04 2.300971861195112069e+04
2.275679947091433496e+04 2.245283195547332070e+04
2.218115192922728602e+04 2.188058747138683611e+04
2.159211600379163428e+04 2.129572962029303744e+04
2.099272672358078853e+04 2.070128444030786704e+04
2.038588609919303417e+04 2.010013731480236675e+04
1.977463338776500677e+04 1.949530114066485112e+04
1.916245810271360097e+04 1.889022686344259637e+04
1.855264431998306463e+04 1.828815477322736115e+04
1.794829496974733775e+04 1.769213707891821468e+04
1.735320354068886445e+04 1.710588467716058221e+04
1.677119540345613495e+04 1.653312980736012105e+04
1.620559818214383085e+04 1.597711397104400567e+04
1.565905155898064550e+04 1.544039540343541739e+04
1.513346911105533400e+04 1.492481020694610925e+04
1.463041745704078130e+04 1.443185688508015119e+04
1.415157016093862330e+04 1.396312988423183015e+04
1.370024909310628755e+04 1.352178144655785218e+04
1.327988445117742594e+04 1.311106746136356196e+04
1.289318716386152846e+04 1.273355878238311016e+04
1.253931223222880726e+04 1.238836462050356931e+04
1.221519141249754466e+04 1.207242890643917053e+04
1.191799703024660266e+04 1.178293672088877065e+04
1.164498059550446669e+04 1.151716223751842153e+04
1.139350479609068316e+04 1.127249622628320139e+04
1.116093614410974806e+04 1.104634059971477836e+04
1.094339741916646199e+04 1.083492015061693746e+04
1.073672100697429414e+04 1.063418641600452429e+04
1.053628413190286847e+04 1.043967535520911952e+04
1.033643027513930247e+04 1.024596630419293979e+04
1.013153381563157745e+04 1.004767509986875484e+04
9.915051022869300141e+03 9.838593040734042006e+03
9.680611800749404210e+03 9.612682261109725005e+03
9.422827813096493628e+03 9.364887765429759384e+03
9.137401504858944463e+03 9.091203130703750503e+03
8.822315395358446040e+03 8.789814136072123802e+03
8.477694382628465974e+03 8.460944869229479082e+03
8.106519780586225352e+03 8.107527275737887066e+03
7.713981630649187537e+03 7.734573308088375597e+03
7.307196809435507021e+03 7.348890444109961209e+03
6.894188944258718038e+03 6.958112781773917050e+03
6.483924951592389334e+03 6.570729597163542167e+03
6.085661475796603554e+03 6.195440568325965614e+03
5.709092384368505918e+03 5.841297893180970277e+03
5.362697141757508689e+03 5.516182172407385224e+03
5.054357652151527873e+03 5.227303019332950498e+03
4.789039164497363345e+03 4.979156996694236113e+03
4.568810191367596417e+03 4.773445703254793443e+03
4.391682800277275419e+03 4.608138809083136039e+03
4.252493208477085318e+03 4.478231583547878472e+03
4.142585389301389114e+03 4.375558254970345843e+03
4.051529621117756960e+03 4.290339766546806459e+03
3.967213865532919044e+03 4.211315708085860024e+03
3.877381677587289232e+03 4.127143718252879808e+03
3.770884121841516844e+03 4.027544636915631145e+03
3.639496996848830804e+03 3.904983353115467708e+03
3.479602465215007214e+03 3.756221918123119394e+03
3.292649205898050241e+03 3.582717604031548944e+03
3.085125728074096514e+03 3.390583187468294000e+03
2.868041787778717207e+03 3.190066283642287999e+03
2.655670745458986403e+03 2.994298007373950895e+03
2.462544723006639742e+03 2.816491718461286382e+03
2.299581091559724882e+03 2.666430641347727487e+03
2.171292914728643154e+03 2.547986523274975752e+03
2.075718088776154218e+03 2.459160689993106644e+03
2.006217801473955205e+03 2.393797289885526880e+03
1.952467416287855485e+03 2.342505867248621144e+03
1.900945013605954500e+03 2.293098249081695030e+03
1.838085396936359075e+03 2.233411996557313614e+03
1.755763296621666086e+03 2.156232674221470916e+03
1.654150087389624787e+03 2.061847632162087848e+03
1.540255856261424469e+03 1.956678750040931391e+03
1.425229682355416799e+03 1.850759138303121517e+03
1.321292843780278190e+03 1.754897724076685563e+03
1.237106451973770390e+03 1.676579631594221155e+03
1.174415133739905968e+03 1.617128357298428455e+03
1.128303380574904850e+03 1.572085573359376212e+03
1.088901198389429737e+03 1.532779421772103206e+03
1.045345310400361541e+03 1.489782870516725325e+03
9.916289055509623722e+02 1.437974336680992337e+03
9.286911394135379396e+02 1.378292570493543735e+03
8.629081577002109498e+02 1.316323945774747017e+03
8.030030892781998091e+02 1.259521502930095721e+03
7.546091272175049198e+02 1.212546429985184432e+03
7.171393166332754845e+02 1.174758406405419009e+03
6.852675386178231065e+02 1.141607394373170791e+03
6.522713585958231306e+02 1.107490714600971387e+03
6.146315633816416266e+02 1.069561608201993749e+03
5.743016581095860147e+02 1.029515812295695014e+03
5.360493967709296612e+02 9.912776113044351405e+02
5.035307292781616297e+02 9.577500948806876977e+02
4.765890978565340106e+02 9.287172777680565332e+02
4.518170645786419186e+02 9.014189132719299096e+02
4.260807046038105454e+02 8.733989350266464271e+02
3.992660104653687654e+02 8.446168675264383410e+02
3.736258404169520304e+02 8.168379023651449415e+02
3.510679831347247841e+02 7.914900432983614564e+02
3.311519411181101304e+02 7.681909817221236381e+02
3.120659038988948168e+02 7.455683033116170009e+02
2.928916353068899525e+02 7.229601733227533487e+02
2.744025576075605954e+02 7.009445259703172724e+02
2.575756479709563109e+02 6.802092110847684125e+02
2.422507455097150171e+02 6.606145858364587866e+02
2.275892971835880303e+02 6.415662806676873515e+02
2.133686453585322340e+02 6.229165440514377678e+02
2.000260883076025209e+02 6.049582071516687165e+02
1.877296255749060379e+02 5.877887712509864286e+02
1.761521053019302769e+02 5.711851599963968056e+02
1.650982293743755918e+02 5.550207615624476603e+02
1.547191201470559179e+02 5.393852409195826567e+02
1.450131835207423876e+02 5.242714508285575903e+02
1.358865174023939630e+02 5.096154909549625813e+02
1.273046683639851153e+02 4.953913982715488373e+02
1.192380133601065637e+02 4.815769706566160266e+02
1.116582800277565326e+02 4.681514233114053241e+02
1.045385077886051590e+02 4.550953041830119901e+02
9.785300797525219707e+01 4.423904154628523315e+02
9.157731723131459489e+01 4.300197417367141952e+02
8.568796244759347758e+01 4.179674191662900853e+02
8.016243656684889629e+01 4.062186762657983650e+02
7.497943210136290304e+01 3.947597261802645221e+02
7.011880056425638941e+01 3.835777089144043543e+02
6.556149600773277086e+01 3.726606402358173682e+02
6.128952083304671561e+01 3.619973637378188869e+02
5.728587381585887073e+01 3.515775057792008624e+02
5.353450005416056001e+01 3.413915522561386524e+02
5.002024249225424057e+01 3.314312311234403978e+02
4.672879726893410890e+01 3.216890158765828005e+02
4.364667033802226825e+01 3.121579130058285614e+02
4.076113562820980718e+01 3.028314327699325759e+02
3.806019506797284890e+01 2.937035613112838632e+02
3.553254041434170318e+01 2.847687339677140699e+02
3.316751670027687027e+01 2.760218199940495651e+02
3.095508447593233115e+01 2.674583595304698633e+02
2.888578745311235352e+01 2.590745228106725335e+02
2.695072476307925058e+01 2.508667765461519252e+02
2.514152083240054480e+01 2.428318494004562922e+02
2.345029653763102928e+01 2.349667143344748013e+02
2.186964178288733507e+01 2.272685715008061891e+02
2.039258944200025780e+01 2.197348316596428219e+02
1.901259011811251298e+01 2.123632113313647380e+02
1.772348738487359299e+01 2.051520339010973260e+02
1.651949740968334268e+01 1.980998215584806701e+02
1.539518827353927222e+01 1.912051592042798518e+02
1.434545980407439458e+01 1.844666851759363624e+02
1.336552447032089219e+01 1.778830823174380669e+02
1.245088929027254387e+01 1.714530693976468001e+02
1.159733862831195417e+01 1.651754142587917613e+02
1.080091657294347840e+01 1.590493426045043748e+02
1.005791217796598858e+01 1.530744312566382632e+02
9.364846568744528810e+00 1.472501510254964785e+02
8.718459178685089128e+00 1.415758498854369236e+02
8.115694689909791038e+00 1.360507548967633227e+02
7.553690706647360642e+00 1.306739743857243923e+02
7.029766123821969082e+00 1.254445003835490695e+02
6.541410006506911401e+00 1.203613631075577501e+02
6.086270943334024963e+00 1.154239728846608699e+02
5.662147810071805232e+00 1.106316330683371518e+02
5.266980675828182967e+00 1.059834237468732425e+02
4.898842110885055945e+00 1.014782147034380415e+02
4.555929001730187444e+00 9.711467834574848723e+01
4.236554845783490286e+00 9.289130256101553584e+01
3.939142478385499135e+00 8.880641469297323454e+01
3.662216937133772721e+00 8.485836546153821303e+01
3.404399212302915423e+00 8.104547218168718814e+01
3.164400527049584522e+00 7.736586304347851240e+01
