3.170722624484416156e+04 3.156066597676400124e+04
3.188786032775839703e+04 3.173616952157377091e+04
3.204987593417759490e+04 3.189297245081267101e+04
3.219237310991235790e+04 3.203017995836711998e+04
3.231446682847820921e+04 3.214691322239127112e+04
3.241523384078682284e+04 3.224225814540358260e+04
3.249375426211299055e+04 3.231530582487996799e+04
3.254914519685557752e+04 3.236518527017104861e+04
3.258052902683192951e+04 3.239103205082306522e+04
3.258702242217209277e+04 3.239197749337769710e+04
3.256779298573792767e+04 3.236720483359511491e+04
3.252205261913214417e+04 3.231594292234681780e+04
3.244899298016133980e+04 3.223740336590391234e+04
3.234785315871455168e+04 3.213084673909224875e+04
3.221795353012584019e+04 3.199561576185453669e+04
3.205865833859897248e+04 3.183109976890366670e+04
3.186938050430366275e+04 3.163673954129399135e+04
3.164963706684748831e+04 3.141208047656001509e+04
3.139904592261651487e+04 3.115677024459164750e+04
3.111729885849924540e+04 3.087053480679565473e+04
3.080420582788004685e+04 3.055321892428850697e+04
3.045971232757905818e+04 3.020480251279845834e+04
3.008390785702919675e+04 2.982541320760901726e+04
2.967702955174796443e+04 2.941532846883146340e+04
2.923946302894525434e+04 2.897497221289619119e+04
2.877178063377103899e+04 2.850495518069159880e+04
2.827479853617385379e+04 2.800613567144436820e+04
2.774949055094690630e+04 2.747952662741647146e+04
2.719698911567365576e+04 2.692629561426503642e+04
2.661876561115073855e+04 2.634795051568193958e+04
2.601652223295881777e+04 2.574622761599445585e+04
2.539205474162673272e+04 2.512294987359036531e+04
2.474744171182655919e+04 2.448021836423222339e+04
2.408519578047130562e+04 2.382056515358000252e+04
2.340786541838789708e+04 2.314655003164361915e+04
2.271805746777741660e+04 2.246078251832593014e+04
2.201893639579941373e+04 2.176642095631221673e+04
2.131378627438833792e+04 2.106673482124542716e+04
2.060571113676120513e+04 2.036480571243667146e+04
1.989811252284664442e+04 1.966399880774256599e+04
1.919481323544649422e+04 1.896808551599370185e+04
1.849930215119693094e+04 1.828049990813653130e+04
1.781484957021861192e+04 1.760445080335275270e+04
1.714518343126819309e+04 1.694357856582583918e+04
1.649377976286381454e+04 1.630126935217275968e+04
1.586360140826565475e+04 1.568040310952231994e+04
1.525762960368105996e+04 1.508385338522342863e+04
1.467885430366583387e+04 1.451448194753093048e+04
1.412973467765742134e+04 1.397463833326652093e+04
1.361214159065820604e+04 1.346609366195989605e+04
1.312719027640959212e+04 1.298984841532699465e+04
1.267562933168160453e+04 1.254654972476809962e+04
1.225798081491449193e+04 1.213663467288585707e+04
1.187445893199716011e+04 1.176021064213809223e+04
1.152507135709621616e+04 1.141716539206673770e+04
1.120976843694283707e+04 1.110734528262893218e+04
1.092627065214345748e+04 1.082845894746665181e+04
1.066861803101049554e+04 1.057467413257629778e+04
1.043103465825450257e+04 1.034033974938017309e+04
1.020889541552322589e+04 1.012093322563224137e+04
9.999113921258294795e+03 9.913446443499280576e+03
9.798872013281596082e+03 9.715136433384506745e+03
9.603352389616853543e+03 9.521385313263730495e+03
9.405922011087604915e+03 9.325872777928938376e+03
9.200151115753909835e+03 9.122492865319649354e+03
8.979031138781769187e+03 8.904680218637924554e+03
8.736056386356718576e+03 8.666362383532668900e+03
8.466545208737263238e+03 8.403254467839302379e+03
8.167605370406362454e+03 8.112794277074084675e+03
7.838974975064961654e+03 7.794896037905989033e+03
7.483713262496294192e+03 7.452621477008565307e+03
7.106670453449021807e+03 7.090663514352664606e+03
6.715065635070958706e+03 6.715917912753441669e+03
6.316448772814981567e+03 6.335532900519660870e+03
5.918661164225539324e+03 5.956891496156939866e+03
5.530194630781386877e+03 5.587912957409204864e+03
5.160285417359232270e+03 5.237176057329027572e+03
4.818007691617406635e+03 4.913031083704506273e+03
4.511383143211422976e+03 4.622829776057576964e+03
4.246212938050684897e+03 4.371718652776402450e+03
4.025845260347352905e+03 4.162634618325024348e+03
3.848588193215764022e+03 3.993776535032484389e+03
3.710517386637852724e+03 3.861281243094295860e+03
3.603560744188068384e+03 3.757532257452407976e+03
3.518374160364626277e+03 3.673778557110499605e+03
3.443798533909738580e+03 3.599719236251925850e+03
3.368460473839167662e+03 3.524952206702933381e+03
3.281430526268706217e+03 3.439576250032548160e+03
3.174360590966834934e+03 3.336139378718311491e+03
3.042498900085230161e+03 3.210494941222999842e+03
2.885495662105329302e+03 3.062503181681420756e+03
2.707195457444486237e+03 2.895811743180308895e+03
2.515604516957337637e+03 2.717753052225772535e+03
2.322422378242095874e+03 2.538905371433855635e+03
2.141733622320385166e+03 2.371869475500034696e+03
1.985242802024737784e+03 2.226970412076354478e+03
1.858810947586682460e+03 2.109258976826774415e+03
1.762145030191480373e+03 2.018261592950556405e+03
1.690841224028428087e+03 1.949873539675261327e+03
1.638058090834087579e+03 1.897895584420657315e+03
1.593341273053699524e+03 1.853038100426228311e+03
1.544200135859024158e+03 1.804340262102115275e+03
1.481445629303421128e+03 1.743847236322262461e+03
1.402798029067838115e+03 1.669701392500111297e+03
1.311685310634409461e+03 1.585018608663518762e+03
1.215314047407740418e+03 1.496142834422426631e+03
1.123397888057056889e+03 1.411481848080241207e+03
1.044477788401570251e+03 1.338308683536314220e+03
9.822924020505913631e+02 1.279685876657346626e+03
9.355536726088222395e+02 1.234362418765185794e+03
8.984488310825524877e+02 1.197287879939861796e+03
8.624214676723493085e+02 1.161183042585164003e+03
8.211864840583936029e+02 1.120784602709654564e+03
7.733190369941597737e+02 1.074972902709855816e+03
7.212231886983711320e+02 1.025833427127358846e+03
6.704467275685817640e+02 9.780111704465340381e+02
6.263764557881906967e+02 9.359209185423574127e+02
5.905252031493866980e+02 9.007210349161185832e+02
5.608519440461184331e+02 8.706598092444335180e+02
5.332183265925865499e+02 8.423300595873522525e+02
5.039476890727399905e+02 8.127693726375788401e+02
4.726735209581556205e+02 7.817218723624937411e+02
4.415823127162903461e+02 7.509620277685976362e+02
4.132599009164376298e+02 7.225310825209924133e+02
3.888633334357361946e+02 6.972977922502071806e+02
3.672513081967192079e+02 6.743260461352325592e+02
3.463802318952569408e+02 6.520123682892906345e+02
3.253177051286834853e+02 6.296467247607787385e+02
3.046245051967018185e+02 6.076690520412756769e+02
2.854873471332372219e+02 5.869721818171703944e+02
2.682466851067193829e+02 5.677894199432807909e+02
2.523310039610238960e+02 5.496750111399024945e+02
2.369478669542267539e+02 5.320384369939636144e+02
2.220765187228416266e+02 5.148656240406425013e+02
2.081136478491560240e+02 4.984385866722876699e+02
1.952486475302087854e+02 4.828805248176765303e+02
1.832186273252983142e+02 4.679945602776911073e+02
1.717603190617065252e+02 4.535917167119412170e+02
1.609080212366017690e+02 4.396919494989255668e+02
1.507693527111814547e+02 4.263618719999625455e+02
1.412941951038298214e+02 4.135601014392854040e+02
1.323621334726619239e+02 4.012013818885296246e+02
1.239384606348966713e+02 3.892587555455341999e+02
1.160448065246255993e+02 3.777401705143335562e+02
1.086461651452606816e+02 3.666194419021693989e+02
1.016869814891139612e+02 3.558565467114729586e+02
9.515542969135555040e+01 3.454404378038275354e+02
8.902928479232460290e+01 3.353534893162617436e+02
8.328336570807449846e+01 3.255766880912548231e+02
7.789499787840063050e+01 3.160935498007203819e+02
7.284283528401617502e+01 3.068887312394015794e+02
6.810674654906738112e+01 2.979479070660715934e+02
6.366774965897386807e+01 2.892577075233174924e+02
5.950794994831576901e+01 2.808056607015221857e+02
5.561048120934187011e+01 2.725801389422003354e+02
5.195947437653664025e+01 2.645704559153637092e+02
4.854006861215295743e+01 2.567672468367683791e+02
4.533826464469074580e+01 2.491619139208788454e+02
4.234085276046521074e+01 2.417464250914652553e+02
3.953537275982193222e+01 2.345132820934921085e+02
3.691007559559420059e+01 2.274554904686334567e+02
3.445388665037710041e+01 2.205665312357634775e+02
3.215636974897423528e+01 2.138403465010080993e+02
3.000767328132508638e+01 2.072716200912782938e+02
2.799850358792989979e+01 2.008557298792005383e+02
2.612011977848664301e+01 1.945883659271820250e+02
2.436430400783525840e+01 1.884654950599641268e+02
2.272333201800323721e+01 1.824833446070979619e+02
2.118994520438707596e+01 1.766383868322491253e+02
1.975732413692982448e+01 1.709273240023173912e+02
1.841906378130158473e+01 1.653471461114626493e+02
1.716915068431074687e+01 1.598953588866577036e+02
1.600193913278686964e+01 1.545696952569156508e+02
1.491212946118883842e+01 1.493680028336705448e+02
1.389474797478911050e+01 1.442882352371903778e+02
1.294512795244570036e+01 1.393284437562674327e+02
1.205889167715981891e+01 1.344867693217609599e+02
1.123193342224499602e+01 1.297614395629908586e+02
1.046040274042380247e+01 1.251509054891425023e+02
9.740689396291186242e+00 1.206538356623340462e+02
9.069409919679380039e+00 1.162689231272816812e+02
8.443394057476190540e+00 1.119948705895267693e+02
7.859671937254180563e+00 1.078303870859786286e+02
7.315461958057965397e+00 1.037741848636050292e+02
6.808159370558466428e+00 9.982497646608744901e+01
6.335325340346663836e+00 9.598151889849063423e+01
5.894676194584888229e+00 9.224279116019972946e+01
5.484074656680933302e+00 8.860779421914091358e+01
5.101521110456411101e+00 8.507546753596469102e+01
4.745145066522661104e+00 8.164469098591304430e+01
4.413197132122187227e+00 7.831428692710719019e+01
4.104041456771777341e+00 7.508302236650375505e+01
3.816148622039248206e+00 7.194961514480361586e+01
3.548088771366979532e+00 6.891288312363190016e+01
3.298525340388970051e+00 6.597176060789385588e+01
3.066209437963308027e+00 6.312509120254689066e+01
2.849974299776235842e+00 6.037162040655115902e+01
2.648730060521188090e+00 5.771000299197601180e+01
2.461458845556265373e+00 5.513881026372578731e+01
2.287210163520025485e+00 5.265653718253083326e+01
