2.942589801427719794e+04 2.918728080634162325e+04
2.974632138174658394e+04 2.949830152981025458e+04
3.005396310073791028e+04 2.979632526761528061e+04
3.034782573543067338e+04 3.008036425859689552e+04
3.062689936687064619e+04 3.034942037042163065e+04
3.089017199103614257e+04 3.060249484553395087e+04
3.113658954322656427e+04 3.083854855758084159e+04
3.136506717530668539e+04 3.105651334357084488e+04
3.157453012178591598e+04 3.125533276394946370e+04
3.176390135203524187e+04 3.143395025723336948e+04
3.193207556318398565e+04 3.159128400193779453e+04
3.207796539028108600e+04 3.172627209376657265e+04
3.220051068301918713e+04 3.183788172223214860e+04
3.229863867944728554e+04 3.192507057546171563e+04
3.237129104834013924e+04 3.198681333500496112e+04
3.241746041937147311e+04 3.202213734880883567e+04
3.243618099196495677e+04 3.203011402142723819e+04
3.242652069017721806e+04 3.200985167263540643e+04
3.238761784393240305e+04 3.196053057191899279e+04
3.231869211771762639e+04 3.188141377512175313e+04
3.221904957554452631e+04 3.177185364824198041e+04
3.208809185970436374e+04 3.163129963736146237e+04
3.192532541924194084e+04 3.145930640949091321e+04
3.173040321727145056e+04 3.125557638712530388e+04
3.150314243883678500e+04 3.101997742825068053e+04
3.124348336950245721e+04 3.075249977748485617e+04
3.095152425916179345e+04 3.045329069526648163e+04
3.062764929737161219e+04 3.012278289054056950e+04
3.027241017318550803e+04 2.976157452799176826e+04
2.988648679836424344e+04 2.937038913859938111e+04
2.947089599058864042e+04 2.895028373027231646e+04
2.902696983454512520e+04 2.850262636567935988e+04
2.855613128672607490e+04 2.802887137986963353e+04
2.806002293051775632e+04 2.753068713981247492e+04
2.754081284957941898e+04 2.701025967753595614e+04
2.700077231031956399e+04 2.646987176699409611e+04
2.644220337312340416e+04 2.591183064298302997e+04
2.586794415254627529e+04 2.533896833360576056e+04
2.528113690599394249e+04 2.475441103654590188e+04
2.468479138964648519e+04 2.416114651160758876e+04
2.408205047178967652e+04 2.356228720467717358e+04
2.347651267338179605e+04 2.296138912266197076e+04
2.287159765363831684e+04 2.236182422200785368e+04
2.227054059817429879e+04 2.176677492515295671e+04
2.167710416503905799e+04 2.117993306487674636e+04
2.109509022113811807e+04 2.060502105963492068e+04
2.052789732068613375e+04 2.004535906055511441e+04
1.997821345664767432e+04 1.950356895345724115e+04
1.944787670168909244e+04 1.898144149071270294e+04
1.893844170770802521e+04 1.848048707266227939e+04
1.845148771676069737e+04 1.800223581720361108e+04
1.798972385795665832e+04 1.754931071147371404e+04
1.755602821496752222e+04 1.712449639290861887e+04
1.715274711545185346e+04 1.673006141809327164e+04
1.677827681614077301e+04 1.636444680366778266e+04
1.642812507981937233e+04 1.602329653388933184e+04
1.609808714532102567e+04 1.570253638644514285e+04
1.578450437176137348e+04 1.539863590215739714e+04
1.548417360817922417e+04 1.510851631320930392e+04
1.519392758274121479e+04 1.482913278361064840e+04
1.490934284105289407e+04 1.455622982247664186e+04
1.462564084255374837e+04 1.428520390333061368e+04
1.433770139248361738e+04 1.401111187083620644e+04
1.403940425414985111e+04 1.372803124919631227e+04
1.372490368202944774e+04 1.343028235625375783e+04
1.338822624009632091e+04 1.311204182358647995e+04
1.302400297850022253e+04 1.276803791834508593e+04
1.262917364211816130e+04 1.239522692479202669e+04
1.220266671348792079e+04 1.199247458870474657e+04
1.174634246358338896e+04 1.156149946494687720e+04
1.126466668903693426e+04 1.110656279755566538e+04
1.076461913002489928e+04 1.063438581155919019e+04
1.025496495478731231e+04 1.015345208768867269e+04
9.745279395919553281e+03 9.673036579775423888e+03
9.245147364057907907e+03 9.202437732888751270e+03
8.764284945757737660e+03 8.751072251397035870e+03
8.311857285886086174e+03 8.327810197186328878e+03
7.896736623732762382e+03 7.941198883614113583e+03
7.525631799201707508e+03 7.597732440447961380e+03
7.202845041413976105e+03 7.301518772034129142e+03
6.928934094592027577e+03 7.053117278062371952e+03
6.699654652304571755e+03 6.848430506144502033e+03
6.506842944348869423e+03 6.679602666140808651e+03
6.338984042615731596e+03 6.535489996127226732e+03
6.182744806815614538e+03 6.403109976187040047e+03
6.024618253872962669e+03 6.269171294404402943e+03
5.852115272683583498e+03 6.121222817565785590e+03
5.655781928288320159e+03 5.949676794772512039e+03
5.430404042446180938e+03 5.749064432817533998e+03
5.176570310803648681e+03 5.519726655162258794e+03
4.900325831389062841e+03 5.267537943132982946e+03
4.611962633647542134e+03 5.002704983004294263e+03
4.324758602197595792e+03 4.738471690324517112e+03
4.053728075575033017e+03 4.489764619414666413e+03
3.812834337989997493e+03 4.270357751392269165e+03
3.610860438762742888e+03 4.088854382970110237e+03
3.448499284411713234e+03 3.945893372426082806e+03
3.318666659570496904e+03 3.834509927268069987e+03
3.209887933965506363e+03 3.743441944596686426e+03
3.109034940829331845e+03 3.659718569584098077e+03
3.002253870242360790e+03 3.569489492935042563e+03
2.878036906585519318e+03 3.461105659418835785e+03
2.732834830184835027e+03 3.330892637405618188e+03
2.572904920211773060e+03 3.185141505130849964e+03
2.409934672009399947e+03 3.035661615982570765e+03
2.256358712173940603e+03 2.894925090768256723e+03
2.122501682570648427e+03 2.773141092508967631e+03
2.012931932209343813e+03 2.674710895057468861e+03
1.924384108955400279e+03 2.596323926762126121e+03
1.847720015765097287e+03 2.528940576350624269e+03
1.771707938560877665e+03 2.461471112927949889e+03
1.687501814756250042e+03 2.385183575169325195e+03
1.593817708389660083e+03 2.298882531432746873e+03
1.496523102371362938e+03 2.208477439844628861e+03
1.403703607230872194e+03 2.121975483788873134e+03
1.322256170103513114e+03 2.046048979157018948e+03
1.253992014798076980e+03 1.982328806570781808e+03
1.194391660813305634e+03 1.926370226032261826e+03
1.136816854441826081e+03 1.871787711460606488e+03
1.076571188609880437e+03 1.814153051419846179e+03
1.013686175536550195e+03 1.753608701886504605e+03
9.525001672898619063e+02 1.694335406055431804e+03
8.971008216466806289e+02 1.640142559155845902e+03
8.483417443130889524e+02 1.591738064974747431e+03
8.038201502631102358e+02 1.546852534401906041e+03
7.601625118516918747e+02 1.502425263142627500e+03
7.162558529896565460e+02 1.457519423055272455e+03
6.737090713679738201e+02 1.413624297306995459e+03
6.344428936585866268e+02 1.372422074348191245e+03
5.987159993576605075e+02 1.334088463982103349e+03
5.650895645805659342e+02 1.297365689888429415e+03
5.324043032073359427e+02 1.261294448187864418e+03
5.008529054107528964e+02 1.226063757465225763e+03
4.713141764668075666e+02 1.192388588204706821e+03
4.439084897110839165e+02 1.160339347129129010e+03
4.180193458697692677e+02 1.129417691238415273e+03
3.932256921976736521e+02 1.099305659044391177e+03
3.697266090383944288e+02 1.070155341736440050e+03
3.477236736498485357e+02 1.042101612979777656e+03
3.270220146695210701e+02 1.014990828385016243e+03
3.073843138329324347e+02 9.886522683695154683e+02
2.888211848972976554e+02 9.630877591002777081e+02
2.713739496543419136e+02 9.383128016506168478e+02
2.549355185537689010e+02 9.142483859773921040e+02
2.394298340911857679e+02 8.908385143896813361e+02
2.248143037999509772e+02 8.680484442732546313e+02
2.110427339226289689e+02 8.458405218157037098e+02
1.980708862705111812e+02 8.241796659070154192e+02
1.858564545971807149e+02 8.030332472038036258e+02
1.743590127511284606e+02 7.823709529632021713e+02
1.635399613094225231e+02 7.621646624004645219e+02
1.533624652348324844e+02 7.423883215646028475e+02
1.437910876493843091e+02 7.230174225121261316e+02
1.347917231690036033e+02 7.040288075363176858e+02
1.263320159640938840e+02 6.854011614920639204e+02
1.183813117855133186e+02 6.671149650237659898e+02
1.109105772945757309e+02 6.491524093813770833e+02
1.038923226255974157e+02 6.314973163782467509e+02
9.730052709106976749e+01 6.141350628238377567e+02
9.111058535555628168e+01 5.970527412245187406e+02
8.529929373452134200e+01 5.802398916150669947e+02
7.984471042546169883e+01 5.636875584252670706e+02
7.472607017503887050e+01 5.473878966845418290e+02
6.992372836043132622e+01 5.313341170056355622e+02
6.541910719794292106e+01 5.155204317831449998e+02
6.119464403525236662e+01 4.999420023090947893e+02
5.723374065917928277e+01 4.845949664826922003e+02
5.352069626281453196e+01 4.694779650057323011e+02
5.004066909203836389e+01 4.545917675408258560e+02
4.677965449385812491e+01 4.399375339506854061e+02
4.372444229134670479e+01 4.255167102549758056e+02
4.086257522345233895e+01 4.113309943046794501e+02
3.818230930358915032e+01 3.973823016311151832e+02
3.567257602660156834e+01 3.836727319435744334e+02
3.332294590910633048e+01 3.702054956488994435e+02
3.112359344214516810e+01 3.569866927382008726e+02
2.906526583412528453e+01 3.440225027298672558e+02
2.713925216682510566e+01 3.313185493520274463e+02
2.533735376435276265e+01 3.188799012233952794e+02
2.365185602713251711e+01 3.067110740482597180e+02
2.207550166977925699e+01 2.948160342911210705e+02
2.060146507586827980e+01 2.831983438916371938e+02
1.922332581161619203e+01 2.718626733234476092e+02
1.793504739597841180e+01 2.608139564495888862e+02
1.673095754521190770e+01 2.500561738980617292e+02
1.560572742927516643e+01 2.395923717909949744e+02
1.455435198636502925e+01 2.294247051948400156e+02
1.357213128320826812e+01 2.195544826742075202e+02
1.265465286812733225e+01 2.099822131695377720e+02
1.179777451270992827e+01 2.007079069149518773e+02
1.099760800870604527e+01 1.917313438635430884e+02
1.025050551367530360e+01 1.830515681037490481e+02
9.553045534341885414e+00 1.746668690701310709e+02
8.902019516497823304e+00 1.665748396011323393e+02
8.294419181854719270e+00 1.587724330265648405e+02
7.727424573726642265e+00 1.512560190303252057e+02
7.198392679828165441e+00 1.440214437782633752e+02
6.704846213785681464e+00 1.370641184913198174e+02
6.244464152061134143e+00 1.303790386854985570e+02
5.815072618648536640e+00 1.239608113288946640e+02
