1.870574908109928947e+04 1.854802659558646701e+04
1.898183888442707030e+04 1.881737917508132887e+04
1.925389824137627875e+04 1.908250582251190281e+04
1.952136478604155127e+04 1.934284817004347860e+04
1.978366254505838879e+04 1.959783509023336956e+04
2.004018911445215781e+04 1.984687011061960948e+04
2.029030465196241857e+04 2.008932064673575223e+04
2.053335546256604357e+04 2.032454130678781075e+04
2.076867374468399794e+04 2.055187381426404318e+04
2.099555264005710706e+04 2.077062317210098627e+04
2.121326546737828539e+04 2.098007626371878723e+04
2.142108002995123024e+04 2.117951570379958866e+04
2.161823983104593572e+04 2.136820192499335099e+04
2.180395824079190425e+04 2.154536772415566520e+04
2.197744840291700893e+04 2.171024709620615977e+04
2.213792084615615022e+04 2.186207310461701491e+04
2.228455658778774523e+04 2.200005239948402232e+04
2.241653678945978027e+04 2.212339364615979503e+04
2.253305731672796537e+04 2.223132154033443658e+04
2.263331012244489830e+04 2.232305943313096213e+04
2.271648697136572810e+04 2.239783303429645093e+04
2.278180769888119903e+04 2.245489721002180158e+04
2.282852063251276195e+04 2.249353671565864352e+04
2.285589307586086215e+04 2.251305785951395956e+04
2.286323296025632590e+04 2.251280849632889294e+04
2.284989939386714104e+04 2.249218800548812578e+04
2.281531372674525119e+04 2.245065919727961955e+04
2.275896368101926782e+04 2.238775187235537305e+04
2.268040428337452977e+04 2.230306254813902706e+04
2.257928391254883900e+04 2.219628040013436475e+04
2.245538126323053802e+04 2.206722421477119133e+04
2.230856288577796295e+04 2.191579900259869828e+04
2.213878946784014261e+04 2.174200179154409125e+04
2.194622328291799931e+04 2.154602828758362375e+04
2.173117642637355311e+04 2.132822084273350629e+04
2.149404307981480088e+04 2.108900064477455817e+04
2.123541195718693780e+04 2.082897910763500113e+04
2.095615958867786685e+04 2.054905006447537016e+04
2.065724340315158042e+04 2.025018390355647352e+04
2.033971936457483389e+04 1.993344501836709242e+04
2.000502154868883736e+04 1.960026968420660705e+04
1.965473956903641010e+04 1.925224432058571983e+04
1.929046271437036557e+04 1.889095050027123580e+04
1.891405771369416834e+04 1.851824226518524301e+04
1.852775299193932733e+04 1.813633009968555780e+04
1.813371449557051164e+04 1.774735784018763297e+04
1.773408961030243518e+04 1.735344801549515978e+04
1.733133918963728865e+04 1.695703761521217166e+04
1.692789319666806477e+04 1.656053085810017728e+04
1.652600836098058062e+04 1.616615641301545656e+04
1.612798996838729181e+04 1.577619673630138641e+04
1.573618394943244130e+04 1.539298064107572282e+04
1.535272685870023270e+04 1.501862645002450336e+04
1.497971330926618793e+04 1.465521396092723808e+04
1.461964035650514234e+04 1.430523988313937843e+04
1.427488727689413645e+04 1.397108716350504437e+04
1.394744295531459284e+04 1.365475466674982454e+04
1.363775670421289033e+04 1.335674129891203484e+04
1.334549920504793226e+04 1.307678650100643790e+04
1.307025779461580169e+04 1.281454735510788487e+04
1.281078648960766441e+04 1.256886786809946170e+04
1.256545220529437574e+04 1.233821251345025303e+04
1.233253469150102137e+04 1.212095486812090894e+04
1.210951068465165554e+04 1.191466617086900260e+04
1.189374932573972183e+04 1.171679997512563932e+04
1.168226810201274566e+04 1.152443343296665626e+04
1.147157532755487227e+04 1.133410066551358796e+04
1.125813803623187778e+04 1.114225619488883240e+04
1.103773304016189650e+04 1.094458546133401433e+04
1.080620991286372737e+04 1.073678963395770006e+04
1.055941550548364830e+04 1.051446986860060315e+04
1.029355774397723508e+04 1.027351752696952462e+04
1.000607414829241316e+04 1.001100477175503693e+04
9.695548351769961300e+03 9.725124128784287677e+03
9.362693864741893776e+03 9.416253752945840461e+03
9.009823285732903969e+03 9.086436545663333163e+03
8.641415417292108032e+03 8.740031676619566497e+03
8.263056542163141785e+03 8.382621116471735149e+03
7.881510260707415910e+03 8.021117075654836299e+03
7.503960764337173714e+03 7.662953268977074913e+03
7.137804882881251615e+03 7.315875960540138294e+03
6.790027573296895753e+03 6.987260698048319682e+03
6.467374912308196144e+03 6.684303846708488891e+03
6.175194635835459849e+03 6.412796174253679965e+03
5.917425901936335322e+03 6.177116455905405928e+03
5.694977629982668077e+03 5.978520780822628694e+03
5.506294251870135668e+03 5.815708198643304968e+03
5.346071962184271797e+03 5.683397962277763327e+03
5.206817629272819431e+03 5.573870645984141447e+03
5.079011485267872558e+03 5.477024825108325786e+03
4.952455372162065942e+03 5.381699731739961862e+03
4.817432328874969244e+03 5.276901477225221242e+03
4.665801973396609355e+03 5.153038896441506040e+03
4.492532435465767776e+03 5.003797933788236151e+03
4.296658018718811036e+03 4.827446064141809074e+03
4.081582767084602892e+03 4.627381049667714251e+03
3.854648335916921042e+03 4.411763983185473080e+03
3.626023764207738168e+03 4.192223259609339948e+03
3.407312798701397696e+03 3.982145426608663911e+03
3.209608330949259198e+03 3.794354894745091315e+03
3.040861241297427114e+03 3.638095674719244471e+03
2.903451773814273110e+03 3.516307219975740736e+03
2.793537367698685102e+03 3.424887508094798250e+03
2.702685344961880674e+03 3.354434819994318332e+03
2.620154548372522640e+03 3.292647292945321169e+03
2.534520198951726343e+03 3.226026179155283444e+03
2.435911287205368808e+03 3.142521969936597998e+03
2.319811254122408172e+03 3.036341506809361817e+03
2.189473952048932460e+03 2.911206211132569024e+03
2.054017565907401604e+03 2.778146267543022532e+03
1.924371116102221322e+03 2.650419074415044179e+03
1.810089371617082179e+03 2.539502988489522068e+03
1.716374623041457426e+03 2.451579915072144104e+03
1.641727153983546486e+03 2.384900314156081549e+03
1.578754580045751254e+03 2.330754073330823303e+03
1.517449528026976395e+03 2.277217075106360880e+03
1.449250333986925853e+03 2.213951571009155487e+03
1.371496315947470066e+03 2.137750744682787172e+03
1.288462195522761476e+03 2.053912729613198735e+03
1.208017904014312762e+03 1.972039281868899025e+03
1.137257307454775628e+03 1.900589531248103185e+03
1.078905151178213828e+03 1.842675147497192029e+03
1.029536603846760727e+03 1.794183104023093165e+03
9.824731500637896033e+02 1.747277642908481766e+03
9.323869016038340760e+02 1.695799924345101999e+03
8.785317554689642066e+02 1.639047606444300300e+03
8.249593449888501482e+02 1.581879775460155315e+03
7.765131966316068883e+02 1.529867332146791796e+03
7.348424697945765729e+02 1.484770028740565976e+03
6.976856845077214757e+02 1.443967231591732570e+03
6.611384144266719431e+02 1.403156143759224733e+03
6.234160504369077671e+02 1.360508074758639623e+03
5.861091157112942938e+02 1.317874429934924137e+03
5.518175060117295061e+02 1.278041336350681604e+03
5.212599217363588195e+02 1.241686028279412767e+03
4.928118987219392011e+02 1.207096741703173848e+03
4.647621364315922392e+02 1.172596216620135920e+03
4.371870802399332092e+02 1.138343300804979435e+03
4.113834959537983309e+02 1.105613858606642680e+03
3.877796898468773747e+02 1.074772364362848975e+03
3.655713261257070030e+02 1.045058905905571009e+03
3.440493751139649703e+02 1.015868774442098015e+03
3.234976688409107624e+02 9.874765911734908741e+02
3.043720650458000136e+02 9.602539903965364374e+02
2.864706909220412285e+02 9.340164434179495174e+02
2.693908778074389829e+02 9.084511128383027199e+02
2.531656379815614457e+02 8.835894074675015872e+02
2.379619121342627750e+02 8.595406221711291437e+02
2.236661049437964834e+02 8.362122938502460556e+02
2.101628700171540913e+02 8.135232874399605407e+02
1.974059036859032403e+02 7.914321494006269404e+02
1.853649829038905352e+02 7.699079583895016867e+02
1.740098213022842515e+02 7.489218776851066650e+02
1.633102439094046758e+02 7.284470348919250000e+02
1.532363395387777985e+02 7.084584025068714936e+02
1.437570948783344704e+02 6.889303425729430046e+02
1.348391709961510116e+02 6.698339032823213302e+02
1.264505656178399704e+02 6.511418312715188677e+02
1.185610520416124842e+02 6.328292290496341366e+02
1.111420816967573444e+02 6.148734338111170246e+02
1.041666920970752983e+02 5.972539048393355188e+02
9.760941988249258827e+01 5.799521183660414181e+02
9.144622764363506917e+01 5.629514952272709252e+02
8.565468481439106085e+01 5.462380988305726532e+02
8.021385644788583136e+01 5.298005727065076371e+02
7.510388432493749633e+01 5.136290518864436763e+02
7.030592202151385095e+01 4.977150294387998883e+02
6.580209227880708056e+01 4.820512851376882395e+02
6.157544546329713597e+01 4.666318155893343373e+02
5.760991914943463144e+01 4.514517654323878446e+02
5.389029273773621043e+01 4.365076955850503850e+02
5.040209263259311001e+01 4.218007955084218565e+02
4.713159823737306198e+01 4.073348825630144461e+02
4.406585068347671097e+01 3.931138501874829103e+02
4.119261494208979002e+01 3.791415979078091709e+02
3.850034289522219666e+01 3.654220005176696873e+02
3.597813803797427568e+01 3.519588778811407224e+02
3.361572175812406016e+01 3.387559654614188958e+02
3.140340179823054001e+01 3.258176874534437388e+02
2.933204386127010466e+01 3.131521653196649595e+02
2.739303927807793215e+01 3.007678278669789051e+02
2.557827602809083700e+01 2.886720124332628075e+02
2.388011229440056127e+01 2.768709955809191570e+02
2.229135126342831086e+01 2.653700271183762425e+02
2.080521712221667840e+01 2.541733664986025190e+02
1.941533220408639693e+01 2.432843227147969003e+02
1.811569393453644139e+01 2.327058299291902870e+02
1.690065273488909625e+01 2.224411477861932553e+02
1.576489577334393744e+01 2.124925806445365595e+02
1.470342866295628781e+01 2.028613216038676512e+02
1.371155753703859581e+01 1.935475250930554694e+02
1.278487204665468191e+01 1.845503794751959106e+02
1.191922923915154264e+01 1.758681791992486012e+02
1.111073824960886292e+01 1.674983975590222087e+02
1.035574482462621937e+01 1.594378102311716816e+02
9.650817670860499575e+00 1.516825661523652400e+02
8.992736946513979035e+00 1.442281775020988448e+02
8.378481977555711779e+00 1.370695811927599834e+02
7.805219546139142039e+00 1.302012032179790992e+02
7.270292821957081486e+00 1.236170203403484180e+02
