3.078493890892082345e+04 3.066178837606238449e+04
3.098867100483726608e+04 3.086117562067031758e+04
3.117420335221520872e+04 3.104229396525344055e+04
3.134047118608216988e+04 3.120408554144173468e+04
3.148638179199315346e+04 3.134546637345081763e+04
3.161086574364387343e+04 3.146537659518990404e+04
3.171284972608584212e+04 3.156275353057445682e+04
3.179121685219398933e+04 3.163649240521915635e+04
3.184488148933232515e+04 3.168552064853098273e+04
3.187279856514232961e+04 3.170880726614403829e+04
3.187388995699734005e+04 3.170529072447358340e+04
3.184709306502595427e+04 3.167392678222324685e+04
3.179141925269919739e+04 3.161374596477337036e+04
3.170591715904084049e+04 3.152381810568266883e+04
3.158964095417134376e+04 3.140322171232839537e+04
3.144173978480153164e+04 3.125113105173867734e+04
3.126146763489477235e+04 3.106682609773607692e+04
3.104812821661564885e+04 3.084964063895815707e+04
3.080112819962154026e+04 3.059901307938178070e+04
3.052002139128160343e+04 3.031452861648543330e+04
3.020449707143861451e+04 2.999591046174099029e+04
2.985437797944529302e+04 2.964301912522845669e+04
2.946965993780889039e+04 2.925588691953535454e+04
2.905052917376303594e+04 2.883473568281716143e+04
2.859740340999215550e+04 2.838002341240395617e+04
2.811090534921149447e+04 2.789241215779261984e+04
2.759185114455613802e+04 2.737275334072822079e+04
2.704136513120937161e+04 2.682220721103710457e+04
2.646089738862202285e+04 2.624226075128748926e+04
2.585206735015980303e+04 2.563456392214254447e+04
2.521672673871445295e+04 2.500099351357829073e+04
2.455723490239856619e+04 2.434393431686548502e+04
2.387613856780003698e+04 2.366595177026245801e+04
2.317605525405420849e+04 2.296967273372644559e+04
2.246011842199516832e+04 2.225823286946749431e+04
2.173190592680006012e+04 2.153520487995236181e+04
2.099488322060099381e+04 2.080403956472616483e+04
2.025258431920728981e+04 2.006824670698646878e+04
1.950916259992984487e+04 1.933194507446089483e+04
1.876861469777377715e+04 1.859908965745596652e+04
1.803462097070415984e+04 1.787331264725745496e+04
1.731160654180415077e+04 1.715896280343865146e+04
1.660436946286912280e+04 1.646074399288612767e+04
1.591702856021758998e+04 1.578268822037484642e+04
1.525301119568905597e+04 1.512813992481193782e+04
1.461507101250918640e+04 1.449976512224635189e+04
1.400539845586818592e+04 1.389967739539468857e+04
1.342586773435559917e+04 1.332968003416453394e+04
1.288016181439489992e+04 1.279329984742081797e+04
1.237276438318992768e+04 1.229483009658250921e+04
1.190729347746229541e+04 1.183774014615353917e+04
1.148477561171184425e+04 1.142295843489215440e+04
1.110310266076650078e+04 1.104832291517976046e+04
1.076013565074993676e+04 1.071165262663329668e+04
1.045362662594971334e+04 1.041066560987777302e+04
1.018104511741030365e+04 1.014280250826239717e+04
9.940052223140610295e+03 9.905697325792951233e+03
9.727225762199084784e+03 9.695944173087975287e+03
9.538322801400199751e+03 9.509347399661084637e+03
9.369011715764068867e+03 9.341636319793708026e+03
9.213466535851559456e+03 9.187133607259504060e+03
9.065681348409209022e+03 9.040000582201950238e+03
8.918399855366034899e+03 8.893244937149835096e+03
8.763570099201109770e+03 8.739146367619927332e+03
8.593270326249044956e+03 8.570157361092482461e+03
8.399713701235288681e+03 8.378919272976592765e+03
8.176424046505038859e+03 8.159360336902834206e+03
7.918816066885490727e+03 7.907268560606614301e+03
7.624775109558578151e+03 7.620793047037563156e+03
7.295391451529541882e+03 7.301154798958871652e+03
6.934371589541618050e+03 6.952036759366710612e+03
6.547901375244835435e+03 6.579452878368612801e+03
6.144182845473545967e+03 6.191288639339073598e+03
5.732778406378864020e+03 5.796665867473269827e+03
5.325201287641209092e+03 5.406492409559631596e+03
4.932417540298730273e+03 5.031121788196575835e+03
4.566452040123828738e+03 4.681791871195040585e+03
4.237255231246847870e+03 4.367808644574945902e+03
3.952913364641893168e+03 4.096576715359730770e+03
3.717914891906907997e+03 3.872161893830898862e+03
3.533062566106097620e+03 3.695072581350509608e+03
3.395236313927007359e+03 3.562180391982360106e+03
3.298371024358061732e+03 3.467577980687557556e+03
3.233006573678850145e+03 3.402263924132212196e+03
3.187584757318685206e+03 3.355339940963108347e+03
3.148483027164501891e+03 3.314100587710787750e+03
3.101393786641609040e+03 3.265326962122070199e+03
3.033294423262418604e+03 3.197103795949559753e+03
2.934347898334589900e+03 3.100540489244414857e+03
2.799848935737913052e+03 2.971526052897654608e+03
2.631388705733977531e+03 2.811747132900071392e+03
2.437480815779179011e+03 2.629188943630134418e+03
2.232756568262852852e+03 2.437338687585183379e+03
2.034966858126698980e+03 2.252413271973311112e+03
1.860206724544656026e+03 2.088982018183681248e+03
1.718919144018582301e+03 1.956355655469911653e+03
1.615049593900786249e+03 1.857885581812133523e+03
1.546970207652996805e+03 1.791861177569043548e+03
1.507576227405249028e+03 1.751664508789773663e+03
1.483949905247006882e+03 1.725544813879297408e+03
1.459594732858959787e+03 1.698688589180891768e+03
1.419760296089689973e+03 1.657995487592064137e+03
1.356132496193889210e+03 1.596214770186030364e+03
1.268677417637962890e+03 1.513509790868996561e+03
1.165701717532276007e+03 1.417412642651212082e+03
1.061728182237997544e+03 1.320834155436036099e+03
9.712728601067525460e+02 1.236508430461196440e+03
9.034360029819216606e+02 1.172260719293758029e+03
8.596501684194513473e+02 1.129135320856668159e+03
8.333120853041717737e+02 1.101205746997492952e+03
8.122070799494232460e+02 1.077789079668099021e+03
7.843085775653228211e+02 1.048511201382735635e+03
7.427774185878799926e+02 1.007586044319236635e+03
6.888820809382521020e+02 9.562460789730300803e+02
6.316377526163433913e+02 9.022964948657709101e+02
5.817604835369362490e+02 8.548411606115180348e+02
5.451777409217221475e+02 8.187831270513214577e+02
5.207943092235842641e+02 7.930572764115753444e+02
5.014623627069223630e+02 7.715838018582202267e+02
4.788724061616381391e+02 7.474317558231152816e+02
4.494232701447229488e+02 7.176840617891443799e+02
4.159666233218983393e+02 6.847806943621740174e+02
3.849391490304240051e+02 6.540310467134830787e+02
3.608483091177402571e+02 6.290540838493851652e+02
3.428392529932881416e+02 6.090695298559774074e+02
3.262596710349540672e+02 5.902838030521417068e+02
3.072621585238098305e+02 5.696347016566132879e+02
2.860842727529447416e+02 5.473597644599831256e+02
2.661226483532681186e+02 5.261607920982150972e+02
2.497757014720475865e+02 5.078840928950978082e+02
2.361376404443316517e+02 4.917782118486510399e+02
2.225936291703071674e+02 4.758115840073164122e+02
2.081467503594650452e+02 4.592404301982450647e+02
1.941437330830013082e+02 4.431007209416487171e+02
1.819927587045985149e+02 4.284356069259417268e+02
1.712626626081306824e+02 4.148990459996489335e+02
1.607147130777820792e+02 4.015716977474536407e+02
1.501934923488891798e+02 3.883480547543057355e+02
1.404736455610138250e+02 3.757858494562366900e+02
1.317644131687077333e+02 3.640210213236674122e+02
1.235091816366306574e+02 3.526536951500322061e+02
1.154931828395079805e+02 3.415334812426637541e+02
1.079771108191373798e+02 3.308311848823302057e+02
1.009911245061581013e+02 3.205684023949159496e+02
9.448260687848097916e+01 3.107086810709491829e+02
8.840529459948228919e+01 3.012185074960551674e+02
8.271857181064054032e+01 2.920671384324638211e+02
7.738676945099838633e+01 2.832263825929401264e+02
7.237859854177108332e+01 2.746704417199231898e+02
6.767035886546801748e+01 2.663793081179468345e+02
6.324731186892643109e+01 2.583411033704658735e+02
5.909576186495875305e+01 2.505453363657049977e+02
5.520223495931653446e+01 2.429820839959088232e+02
5.155353348550431036e+01 2.356419591384112664e+02
4.813678194785335762e+01 2.285160805972379308e+02
4.493946511991907755e+01 2.215960448661303701e+02
4.194933905131134821e+01 2.148737942863458557e+02
3.915359782614250150e+01 2.083407892243299386e+02
3.653966605893486985e+01 2.019885435373276437e+02
3.409579169388518238e+01 1.958091209494056955e+02
3.181099492273379070e+01 1.897951070963236475e+02
2.967501554501452077e+01 1.839395789009248006e+02
2.767826409238953289e+01 1.782360758599977828e+02
2.581177690511595912e+01 1.726785747125814225e+02
2.406725137460686170e+01 1.672617433509957436e+02
2.243706348142300655e+01 1.619811837359554261e+02
2.091405541523506528e+01 1.568328268816324282e+02
1.949148782310546224e+01 1.518128358584430941e+02
1.816301785699462101e+01 1.469175923853843244e+02
1.692267816468051578e+01 1.421436840507489023e+02
1.576485680099258602e+01 1.374878921206071141e+02
1.468427558626050278e+01 1.329471938240098154e+02
1.367595047288364363e+01 1.285188796648517666e+02
1.273519130419400902e+01 1.242004638808598429e+02
1.185760136439071921e+01 1.199895806674500278e+02
1.103906003701466787e+01 1.158839750953391246e+02
1.027570621677072360e+01 1.118814956707144859e+02
9.563922662959399190e+00 1.079800872088527228e+02
8.900321248701970944e+00 1.041777841948233885e+02
8.281730245839534987e+00 1.004727668326019767e+02
7.705182433847615364e+00 9.686343227149080803e+01
7.167899673419484863e+00 9.334824002526062259e+01
6.667280955146366317e+00 8.992568326227203102e+01
6.200891616150769892e+00 8.659428548053718089e+01
5.766453173732770665e+00 8.335259736282650067e+01
5.361833743715791023e+00 8.019919380909954043e+01
4.985038934524612664e+00 7.713268047831759588e+01
4.634202511116560785e+00 7.415179565406421602e+01
4.307578978838214390e+00 7.125535141219106094e+01
4.003536756954991560e+00 6.844214528776934969e+01
3.720551028306293251e+00 6.571095866566690802e+01
3.457197003752591868e+00 6.306055699805466475e+01
3.212143592230262357e+00 6.048969011007665841e+01
2.984147453314968335e+00 5.799709265534786340e+01
2.772047296505264047e+00 5.558154125141803092e+01
2.574758479430639735e+00 5.324194345408687923e+01
2.391268415859755692e+00 5.097718428437223537e+01
2.220631996193618285e+00 4.878609910780586034e+01
2.061967229022014347e+00 4.666747753697899981e+01
1.914451153521649740e+00 4.462006727978977239e+01
