9.958912585421150652e+03 9.939881320915905235e+03
1.003358254283027054e+04 1.001387209834346868e+04
1.010350085015716832e+04 1.008309821580939206e+04
1.016836626376847562e+04 1.014725930344599146e+04
1.022787940006724966e+04 1.020605695909292263e+04
1.028173950508773123e+04 1.025919152116978512e+04
1.032963544486695901e+04 1.030635307934070079e+04
1.037125926778127905e+04 1.034723502179657771e+04
1.040630894232042920e+04 1.038153678185770332e+04
1.043447214834674560e+04 1.040894776325455314e+04
1.045543466995930248e+04 1.042915568776642067e+04
1.046889449969710222e+04 1.044186060796562560e+04
1.047455447067531168e+04 1.044676764070285208e+04
1.047211460480499591e+04 1.044357942224556064e+04
1.046129124358876652e+04 1.043201504546412980e+04
1.044181876708194613e+04 1.041181179307191087e+04
1.041343454076219314e+04 1.038271038002923706e+04
1.037589287035318739e+04 1.034446869407833401e+04
1.032897603705812980e+04 1.029687266548637672e+04
1.027248871306444926e+04 1.023973097913885431e+04
1.020625760356409592e+04 1.017287480248384054e+04
1.013014432378178935e+04 1.009617021488427599e+04
1.004404873039540507e+04 1.000952163392747752e+04
9.947912006612870755e+03 9.912875426683242040e+03
9.841717523671512026e+03 9.806220178327623216e+03
9.725492990607139291e+03 9.689588614649537703e+03
9.599329241037818065e+03 9.563077000267434414e+03
9.463378738324801816e+03 9.426843490976816611e+03
9.317838875443178040e+03 9.281090721719096109e+03
9.162973483842026326e+03 9.126087579466071475e+03
8.999153479459169830e+03 8.962210424434346351e+03
8.826798184869978286e+03 8.789883440659301414e+03
8.646370126396897831e+03 8.609573255894218164e+03
8.458465897878404576e+03 8.421880479528805154e+03
8.263765215855819406e+03 8.227488320188822399e+03
8.062958932687973174e+03 8.027090035314264242e+03
7.856830811383419132e+03 7.821470870345920048e+03
7.646324876408408272e+03 7.611575541958050053e+03
7.432373368331617712e+03 7.398335865013852526e+03
7.215905853045752337e+03 7.182679751663641582e+03
6.998044024512255419e+03 6.965725356143321733e+03
6.779929486193700541e+03 6.748609570234099920e+03
6.562614545952961635e+03 6.532379318710737607e+03
6.347221498548065938e+03 6.318149300647176460e+03
6.134969456443014678e+03 6.107128721489245436e+03
5.926948615468496428e+03 5.900398145402885348e+03
5.724166296691235402e+03 5.698954503011593260e+03
5.527736323440571141e+03 5.503896296954600075e+03
5.338675261537195183e+03 5.316225102756676279e+03
5.157838226465627486e+03 5.136783003648421072e+03
4.985893313964617846e+03 4.966223330440204336e+03
4.823349797399353520e+03 4.805039669328542914e+03
4.670618302732217671e+03 4.653629555862665256e+03
4.528034566390337204e+03 4.512315150164391525e+03
4.395885722225913923e+03 4.381364167420173544e+03
4.274410475342979225e+03 4.260997468790232233e+03
4.163640684505841818e+03 4.151233864452341550e+03
4.062396960459574984e+03 4.050897773913524816e+03
3.969096980951355818e+03 3.958416307114828214e+03
3.882312032811882091e+03 3.872369007982188577e+03
3.800817416041668366e+03 3.791540718248983467e+03
3.723523683990752033e+03 3.714851426012230149e+03
3.649253720142301063e+03 3.641137047797615196e+03
3.576294593872436053e+03 3.568713425950118562e+03
3.502910054323200256e+03 3.495874697180033309e+03
3.427131989439836616e+03 3.420696294095789199e+03
3.346769479527408748e+03 3.341043372720626849e+03
3.259853645297061576e+03 3.255001690124493052e+03
3.164694960553695182e+03 3.160943805471039013e+03
3.060040190082520894e+03 3.057667296048578010e+03
2.945698805367632303e+03 2.945016262966030354e+03
2.822137850499597789e+03 2.823472431480643536e+03
2.690959946917042089e+03 2.694622352566287645e+03
2.554316518801354505e+03 2.560580885387058970e+03
2.414749644761256604e+03 2.423835293225256464e+03
2.274906698661865448e+03 2.286967404348467426e+03
2.137789801393766538e+03 2.152892198911160449e+03
2.006312164908656769e+03 2.024432722346519313e+03
1.883398033719046680e+03 1.904412880726100184e+03
1.771670635190910843e+03 1.795351396701816611e+03
1.673411166743935155e+03 1.699428811839483615e+03
1.589778427536958816e+03 1.617737256509173449e+03
1.520963742699296063e+03 1.550419154354610782e+03
1.465712475375751183e+03 1.496227861540950244e+03
1.421715991053558582e+03 1.452896205401483485e+03
1.385690425897963905e+03 1.417233758426673830e+03
1.353934917438989032e+03 1.385659021560143174e+03
1.322464388195809079e+03 1.354340774259972932e+03
1.287565755832149080e+03 1.319728168160367204e+03
1.246134818353331866e+03 1.278871286151621462e+03
1.196390018258394321e+03 1.230101582827349375e+03
1.138065181282278218e+03 1.173200798204699822e+03
1.072431837157714881e+03 1.109414491308609740e+03
1.002103653330811767e+03 1.041258727253537700e+03
9.308426490695651410e+02 9.723255034665712628e+02
8.631037467967247494e+02 9.068466785500280594e+02
8.031511457856541938e+02 8.488569627360776622e+02
7.537126251654825637e+02 8.009131189794812826e+02
7.151241520388836079e+02 7.632966033936460235e+02
6.858423441656584600e+02 7.345107102130401699e+02
6.632538992731124381e+02 7.120558126054216928e+02
6.439623946624074051e+02 6.927103071969038410e+02
6.238544937406051076e+02 6.726009780501614159e+02
5.992825892804648902e+02 6.483172173898400388e+02
5.688767327748965954e+02 6.186015612737368201e+02
5.338024165352079535e+02 5.845722962640852529e+02
4.967222511681886772e+02 5.487367084890718161e+02
4.609522742898828938e+02 5.141943629410950507e+02
4.296560721162196046e+02 4.838831952441799444e+02
4.045213225728664952e+02 4.593514258705146176e+02
3.851812890222281567e+02 4.402316676045441000e+02
3.696658148238553281e+02 4.246755154004196697e+02
3.550000557485049626e+02 4.099208634705179293e+02
3.385307203322441296e+02 3.935225454057202228e+02
3.194840437969427285e+02 3.747816679621071785e+02
2.988325014275932858e+02 3.546066651463011112e+02
2.784892793642494553e+02 3.347601838437851143e+02
2.605314676272566885e+02 3.171397356558344995e+02
2.458065822333590518e+02 3.025062708352728578e+02
2.335569411294046063e+02 2.901538748543472366e+02
2.222474161339246450e+02 2.786770903132724584e+02
2.104228948982929523e+02 2.667553980545912964e+02
1.977340494190149514e+02 2.540787649320989772e+02
1.850355477028013240e+02 2.414247209713860798e+02
1.733821930377085891e+02 2.297430272620356959e+02
1.632804943182867987e+02 2.194822718602230509e+02
1.543624712389683395e+02 2.103048070747489078e+02
1.458025219008635247e+02 2.014685648435421399e+02
1.371397072533282255e+02 1.925633694700401577e+02
1.285904038277186601e+02 1.837836381443856908e+02
1.206306481421581367e+02 1.755508042866721325e+02
1.134668694548455932e+02 1.680437125536754195e+02
1.068619189711792217e+02 1.610496003164435024e+02
1.004849659100406285e+02 1.542763265634056609e+02
9.428908766037703515e+01 1.476828629728515523e+02
8.845223975151908746e+01 1.414238978736466663e+02
8.307131931096422761e+01 1.355816863554518079e+02
7.804608982670262662e+01 1.300672726755022950e+02
7.325112171439853626e+01 1.247712784034214053e+02
6.869390733319205822e+01 1.196994970743407407e+02
6.443207614875159095e+01 1.149001598145461145e+02
6.044936186260356692e+01 1.103579596177079765e+02
5.668774383168319275e+01 1.060225204177164215e+02
5.313390472611337856e+01 1.018817486760683835e+02
4.979980948025105647e+01 9.794475088760013648e+01
4.667237765607129063e+01 9.419953577503798670e+01
4.372768453510856546e+01 9.062525058012690238e+01
4.095980012484812960e+01 8.721621379215355319e+01
3.836033200261721987e+01 8.396465656239415409e+01
3.591944391438125450e+01 8.086159750533337842e+01
3.362784721638663399e+01 7.789863540013024590e+01
3.147677542362667324e+01 7.506791128378866063e+01
2.945795601736361746e+01 7.236206983596831321e+01
2.756358371860578416e+01 6.977422377616375115e+01
2.578629803902684969e+01 6.729791788442544487e+01
2.411921016698607545e+01 6.492704114201653454e+01
2.255585901723893372e+01 6.265581358230238607e+01
2.109013397946224799e+01 6.047881987631967604e+01
1.971625632594259159e+01 5.839098608409873492e+01
1.842876340067769192e+01 5.638755606044136925e+01
1.722249338947766262e+01 5.446406966361497126e+01
1.609257066345814380e+01 5.261634261730878848e+01
1.503438751955644648e+01 5.084043303630907218e+01
1.404358049654266694e+01 4.913258421494160899e+01
1.311603312926492571e+01 4.748925933004172606e+01
1.224786718719438561e+01 4.590714119131513371e+01
1.143542987604569028e+01 4.438311759002108658e+01
1.067528165482370639e+01 4.291426773709803655e+01
9.964184643894377302e+00 4.149784970128288109e+01
9.299091597967940714e+00 4.013128927089755393e+01
8.677135373603245938e+00 3.881218104589713391e+01
8.095618985184627192e+00 3.753827706959649646e+01
7.552006208645074992e+00 3.630746382965018881e+01
7.043912598269460368e+00 3.511775320253910593e+01
6.569096958336031022e+00 3.396727465289813352e+01
6.125453252674065929e+00 3.285426796579611874e+01
5.711002932674772659e+00 3.177707647041486894e+01
5.323887610558306172e+00 3.073414679885610568e+01
4.962362004534752735e+00 2.972404314971689132e+01
4.624787643457189290e+00 2.874541873416978532e+01
4.309626753557432188e+00 2.779700243895695522e+01
4.015436395267320435e+00 2.687759437329725642e+01
3.740862916844866604e+00 2.598606169090026441e+01
3.484636709514699060e+00 2.512133466640959512e+01
3.245567236942612066e+00 2.428240350417359039e+01
3.022537981785065497e+00 2.346833014789761407e+01
2.814502077857198525e+00 2.267824549142264701e+01
2.620478637790473631e+00 2.191132658382365861e+01
2.439548801473927053e+00 2.116679285568514857e+01
2.270851979604298965e+00 2.044390370209643137e+01
2.113582312177929357e+00 1.974195619710951632e+01
1.966985330556544342e+00 1.906028293121536166e+01
1.830354787284156792e+00 1.839825313027411724e+01
1.703029600910623387e+00 1.775528344876654785e+01
1.584391185093440679e+00 1.713082277215128713e+01
1.473860863930370302e+00 1.652434468039606230e+01
1.370897391518996589e+00 1.593534602838466974e+01
1.274994618430720816e+00 1.536334560141133920e+01
1.185679296966469565e+00 1.480788283801694583e+01
1.102509016018936139e+00 1.426851676944115788e+01
