2.257599622836100389e+04 2.245168697757510381e+04
2.278540225785788425e+04 2.265639495834495756e+04
2.298428356545286078e+04 2.285047843609414485e+04
2.317193080498481504e+04 2.303323262493621223e+04
2.334761852103257843e+04 2.320393822047318099e+04
2.351062599124692133e+04 2.336188138697405884e+04
2.366022117510403768e+04 2.350633778020623504e+04
2.379564040577592459e+04 2.363655236435187908e+04
2.391612801578596191e+04 2.375177893035826492e+04
2.402094101420838342e+04 2.385128485793937216e+04
2.410931962210771235e+04 2.393432237436270952e+04
2.418051043992282939e+04 2.400015133951565440e+04
2.423378880213438606e+04 2.404806121294974218e+04
2.426843950824062267e+04 2.407735240221573622e+04
2.428374776584075153e+04 2.408732757033602684e+04
2.427903910905522207e+04 2.407733059615349703e+04
2.425368306559874691e+04 2.404675038431680878e+04
2.420707594277053795e+04 2.399500492453293191e+04
2.413866440572389183e+04 2.392156371494582709e+04
2.404796037153932775e+04 2.382596202818828533e+04
2.393454372067430450e+04 2.370780493884310636e+04
2.379806709039544512e+04 2.356677213855254740e+04
2.363826366528116341e+04 2.340262391584614306e+04
2.345496350302496285e+04 2.321521790130343652e+04
2.324813023465002334e+04 2.300454751450429103e+04
2.301782890565402704e+04 2.277070738738115688e+04
2.276422306341250078e+04 2.251388966647631969e+04
2.248766466741139811e+04 2.223447580956343154e+04
2.218867337160070383e+04 2.193301496254333324e+04
2.186785726296047869e+04 2.161014245321345516e+04
2.152599107875895061e+04 2.126665857459441759e+04
2.116414586567506922e+04 2.090365927662266040e+04
2.078348590510199938e+04 2.052233055719524054e+04
2.038525373028610557e+04 2.012393294337428961e+04
1.997104407824400914e+04 1.971007587594495999e+04
1.954264214733067274e+04 1.928255520327301565e+04
1.910181766619362315e+04 1.884314669729285743e+04
1.865055153128429447e+04 1.839383118415416902e+04
1.819121706919090502e+04 1.793697438954500467e+04
1.772612030915611831e+04 1.747487020680768910e+04
1.725750595699474798e+04 1.700974644503576201e+04
1.678796181667170822e+04 1.654416375517149572e+04
1.632007700030080741e+04 1.608067886990573788e+04
1.585622032794770530e+04 1.562162657380180826e+04
1.539892087965889004e+04 1.516948893136953120e+04
1.495096773539226706e+04 1.472699250199907328e+04
1.451486898905923772e+04 1.429658532117266441e+04
1.409274269704281141e+04 1.388032954403183794e+04
1.368602963341635405e+04 1.347961399218446059e+04
1.329584717239894235e+04 1.309550885185302286e+04
1.292317222951161966e+04 1.272894731860073080e+04
1.256949365104394928e+04 1.238134367914124414e+04
1.223675798391634999e+04 1.205454320972546702e+04
1.192669548252579443e+04 1.175018565546939681e+04
1.163942560234655684e+04 1.146834898194440211e+04
1.137190369941598146e+04 1.120603667054425023e+04
1.112092685050522414e+04 1.096010087175318222e+04
1.088364583431069332e+04 1.072774537538943878e+04
1.065763692230981542e+04 1.050660169726133063e+04
1.044066945269281678e+04 1.029449139490926609e+04
1.022994966491433661e+04 1.008870515504116884e+04
1.002199442663083573e+04 9.885881588249580091e+03
9.813364728786265914e+03 9.682705424303456311e+03
9.599829335072503454e+03 9.475130090593660498e+03
9.377124437496409882e+03 9.259082193889491464e+03
9.141071591331789023e+03 9.030594197484715551e+03
8.887641261947808744e+03 8.785860544509820102e+03
8.614008369679258976e+03 8.522231168873204297e+03
8.319141752059926148e+03 8.238797949032188626e+03
8.003457911533504557e+03 7.936019411034641962e+03
7.669759955302905837e+03 7.616644136696610985e+03
7.322117306067765639e+03 7.284600469861363308e+03
6.966485712885714747e+03 6.945603208443499170e+03
6.609216064123736942e+03 6.605709828741400088e+03
6.257022593869521188e+03 6.271295369949161795e+03
5.916557552519379897e+03 5.948641213995367252e+03
5.594240840737252256e+03 5.643786786464479519e+03
5.296355433736696796e+03 5.362562755999718320e+03
5.028126203075307785e+03 5.109824386944920661e+03
4.792903043177590916e+03 4.888582018566971783e+03
4.592277146668742716e+03 4.700206671278184331e+03
4.423982346778672763e+03 4.542434065725278742e+03
4.283653867706339952e+03 4.411048751186451227e+03
4.163792878868414846e+03 4.298941185980215778e+03
4.055831944032883257e+03 4.198036477305119661e+03
3.950440972642657016e+03 4.099586678888624192e+03
3.838778249466304260e+03 3.995342900716267650e+03
3.713479682961269646e+03 3.878455597758403201e+03
3.569749026424477961e+03 3.744497511760966972e+03
3.406561780879719208e+03 3.592581488200153217e+03
3.226548898421619924e+03 3.425224654473697228e+03
3.035604005859077915e+03 3.247977537334250883e+03
2.842047038721636000e+03 3.068611631367802602e+03
2.655772354711276876e+03 2.896283579577885575e+03
2.486677372465213011e+03 2.740070418590059035e+03
2.342262647757077502e+03 2.606765871433339726e+03
2.225037656650640201e+03 2.498523843959182159e+03
2.131888695537894819e+03 2.412357820501470087e+03
2.056120916609130290e+03 2.342055326485592104e+03
1.989436771724318078e+03 2.279992734093335457e+03
1.922601145017452609e+03 2.217737805386237596e+03
1.846853618265752857e+03 2.147332842148480722e+03
1.757494019622766473e+03 2.064558551119408548e+03
1.656386447744652287e+03 1.971191109670015749e+03
1.550178780200752726e+03 1.873334045669872921e+03
1.447072459634268625e+03 1.778428240078176259e+03
1.354565429590541726e+03 1.693180792270415168e+03
1.277554518931225857e+03 1.621877000371414852e+03
1.215813389235614977e+03 1.564196017817967913e+03
1.164597987791662945e+03 1.515829377541537042e+03
1.116827990468865664e+03 1.470456318147806542e+03
1.065622049246886490e+03 1.421998259315488895e+03
1.008021492428878105e+03 1.367898239668237693e+03
9.463111876957233335e+02 1.310238130064865118e+03
8.853992556644154774e+02 1.253360967163602936e+03
8.303627745392752786e+02 1.201673957461783402e+03
7.839673557581364776e+02 1.157500926052932982e+03
7.446922453012617780e+02 1.119450497827581330e+03
7.084636091302472778e+02 1.083984605504036153e+03
6.714965206127995998e+02 1.047875335782300908e+03
6.324328500975350380e+02 1.010008965341250700e+03
5.932316247338882249e+02 9.720800727652582509e+02
5.568888760592687959e+02 9.366031884581426539e+02
5.248584813112182701e+02 9.047493086346759128e+02
4.963706516957477106e+02 8.758343127862341362e+02
4.692382684301065865e+02 8.480410994502866515e+02
4.420142960755277954e+02 8.202013671806842012e+02
4.151353045729243263e+02 7.926879471418210414e+02
3.899326514457481494e+02 7.665677965291295095e+02
3.670817818979071490e+02 7.423534221461161451e+02
3.459844533730534408e+02 7.195497357907742071e+02
3.257115003338845440e+02 6.974261456105772368e+02
3.059991442644246717e+02 6.757847833731145784e+02
2.873653046494806631e+02 6.550192477621541229e+02
2.701177484585451225e+02 6.353478559266319508e+02
2.540073353972001655e+02 6.165713597891668769e+02
2.386439370174028340e+02 5.983981447212130433e+02
2.240160533523169022e+02 5.808179748251624233e+02
2.103013056427824665e+02 5.639507014244362608e+02
1.974702005172407269e+02 5.477659116950801490e+02
1.853493223915349688e+02 5.321370766732420634e+02
1.738790376087158052e+02 5.170192381653940856e+02
1.631027025428773243e+02 5.024351109275650060e+02
1.529844060034679103e+02 4.883544946994572342e+02
1.434597574178392563e+02 4.747301021964438519e+02
1.344942808764360791e+02 4.615352694116167527e+02
1.260586495663565074e+02 4.487461553728770696e+02
1.181247670501265219e+02 4.363404444480711390e+02
1.106657253040881557e+02 4.242972730415843898e+02
1.036557820846940814e+02 4.125971398519917557e+02
9.707033590683184343e+01 4.012218229736891431e+02
9.088589830311626372e+01 3.901543030946012891e+02
8.507985143410044770e+01 3.793786458976127847e+02
7.963019600967595579e+01 3.688798768961783026e+02
7.451605991896634862e+01 3.586440274670812300e+02
6.971772580213612969e+01 3.486580950767228728e+02
6.521657159093416567e+01 3.389099893351063315e+02
6.099501382919614656e+01 3.293884816877086337e+02
5.703645366079955181e+01 3.200831584027872623e+02
5.332523309770270004e+01 3.109844386482614595e+02
4.984664831622455239e+01 3.020840660250580072e+02
4.658685113216105833e+01 2.933747345021297406e+02
4.353275945203247232e+01 2.848496845035984393e+02
4.067201894851682198e+01 2.765026695223502315e+02
3.799296681548468513e+01 2.683279284741975061e+02
3.548459700374691295e+01 2.603201592905694497e+02
3.313652680336660694e+01 2.524744955630420975e+02
3.093895415070277721e+01 2.447867016915490694e+02
2.888262123677924365e+01 2.372533152340836864e+02
2.695880762823067656e+01 2.298712053978302094e+02
2.515930374477922982e+01 2.226375035881956421e+02
2.347638300636343089e+01 2.155495863543191319e+02
2.190277534632793177e+01 2.086050588232997427e+02
2.043164203474415785e+01 2.018017385930828596e+02
1.905655190097539631e+01 1.951377015078232091e+02
1.777145943951548901e+01 1.886116431786252576e+02
1.657068239778681118e+01 1.822225537845455960e+02
1.544888082042367472e+01 1.759694850363036096e+02
1.440103769714129633e+01 1.698515399836221604e+02
1.342244061135102839e+01 1.638678642109358350e+02
1.250866434248293757e+01 1.580176373330046999e+02
1.165555435524606942e+01 1.523000705820741416e+02
1.085920991718845663e+01 1.467147174127575511e+02
1.011596910821478268e+01 1.412615726960892175e+02
9.422396974471414666e+00 1.359405551000151320e+02
8.775272332718611068e+00 1.307514624085364403e+02
8.171575117046444348e+00 1.256939726748270658e+02
7.608474425407235842e+00 1.207676456507252709e+02
7.083317230899801586e+00 1.159719244861862819e+02
6.593617625615213917e+00 1.113062293977833974e+02
6.137046359848385535e+00 1.067703594835088694e+02
5.711421846575634120e+00 1.023640796792094818e+02
5.314701405422281866e+00 9.808692854076905121e+01
4.944972789275195346e+00 9.393823010847130206e+01
4.600446199259567770e+00 8.991710606358424229e+01
4.279446762286477579e+00 8.602248788567969484e+01
3.980407437730093534e+00 8.225313390902032040e+01
3.701862083839020823e+00 7.860779715875845852e+01
3.442439216913430133e+00 7.508523588890317058e+01
3.200856471021623406e+00 7.168401546475350017e+01
