2.599651626254557414e+04 2.585599170378521740e+04
2.621817378886274309e+04 2.607220101163522486e+04
2.642640762178394652e+04 2.627485453358216182e+04
2.662038255229412607e+04 2.646312127467260143e+04
2.679927102047484368e+04 2.663617874782288345e+04
2.696223134858820049e+04 2.679319112322653018e+04
2.710839311298882603e+04 2.693329458064655773e+04
2.723690011988789411e+04 2.705564052270622051e+04
2.734690896996763695e+04 2.715939430124724095e+04
2.743754396463817829e+04 2.724369069893262713e+04
2.750793927845091821e+04 2.730767578056761704e+04
2.755726471868078443e+04 2.735053247313302927e+04
2.758469305018322120e+04 2.737144855699272375e+04
2.758939911029910218e+04 2.736961594005312145e+04
2.757060952329511929e+04 2.734427964404119484e+04
2.752759559399020145e+04 2.729473111930322193e+04
2.745963360038279279e+04 2.722026993919265442e+04
2.736605935478044194e+04 2.712025687911159912e+04
2.724628871055471245e+04 2.699413400776216440e+04
2.709979949274835235e+04 2.684140859661963987e+04
2.692614376317969436e+04 2.666166480123877045e+04
2.672497561756612777e+04 2.645458950726993135e+04
2.649605786911333416e+04 2.621998026658098024e+04
2.623926751823080849e+04 2.595775284116820330e+04
2.595460101952081459e+04 2.566794277747087472e+04
2.564218563344748327e+04 2.535071626222225677e+04
2.530234259022349215e+04 2.500643681543459388e+04
2.493555598621148965e+04 2.463563155012120842e+04
2.454243579105767640e+04 2.423895124769309041e+04
2.412381139920078567e+04 2.381726595398635254e+04
2.368079267925896420e+04 2.337172708563156630e+04
2.321460512281841875e+04 2.290359777736944307e+04
2.272662064985751567e+04 2.241428335271575634e+04
2.221862170991811581e+04 2.190559745237236712e+04
2.169255568789986864e+04 2.137951353513603681e+04
2.115039903145681455e+04 2.083802747685352369e+04
2.059447816616324781e+04 2.028347738931169079e+04
2.002748406760583384e+04 1.971855756779584044e+04
1.945202880903247569e+04 1.914587619525959963e+04
1.887078216396552307e+04 1.856808985835262501e+04
1.828695972094464742e+04 1.798838447960421763e+04
1.770370102017976023e+04 1.740986243421663676e+04
1.712390559431396468e+04 1.683538122102483976e+04
1.655079516210895599e+04 1.626810002846795760e+04
1.598772697697057447e+04 1.571129900473515227e+04
1.543765679556601754e+04 1.516785904128074435e+04
1.490336252461164804e+04 1.464047393906477919e+04
1.438779708597474018e+04 1.413198468585046976e+04
1.389355441401691678e+04 1.364487868373601123e+04
1.342280894913975135e+04 1.318123236337221169e+04
1.297738802384449264e+04 1.274275667629620875e+04
1.255880742643827762e+04 1.233084856438683528e+04
1.216830345239859525e+04 1.194664026870894122e+04
1.180659453708211186e+04 1.159074947501637871e+04
1.147373379298311920e+04 1.126312309502735661e+04
1.116968072741731703e+04 1.096362389019144575e+04
1.089369357556769137e+04 1.069144940595455955e+04
1.064213693183274881e+04 1.044302520555502088e+04
1.041092888710472107e+04 1.021435528113742657e+04
1.019636917663111853e+04 1.000182237667612389e+04
9.995149298717220518e+03 9.802215368783119629e+03
9.804237390322919964e+03 9.612599347191822744e+03
9.620002939516207334e+03 9.429493679083989264e+03
9.437221057236947672e+03 9.247947724069324977e+03
9.250706865094685782e+03 9.063063183277901771e+03
9.054452955368471521e+03 8.869232863735136561e+03
8.842144285263679194e+03 8.660601003692298036e+03
8.608390370503806480e+03 8.432216356523516879e+03
8.349046837413938192e+03 8.180362645784279266e+03
8.061563844920209704e+03 7.902807936815683206e+03
7.746687911353644267e+03 7.600441343133888040e+03
7.406891507802264641e+03 7.275722362591441197e+03
7.047677346350415974e+03 6.933915785057580251e+03
6.675489002135962437e+03 6.581110383536044537e+03
6.297545665217518945e+03 6.224070618055831801e+03
5.921283371181978509e+03 5.869704909161856449e+03
5.555273985087351321e+03 5.525909549060222162e+03
5.207905778874987845e+03 5.200361387487469983e+03
4.887505110860150126e+03 4.900627016578866460e+03
4.601187535284622754e+03 4.633051013027758017e+03
4.354564615876636708e+03 4.402589370153023083e+03
4.149311816944619750e+03 4.210555829810914474e+03
3.984435217757941700e+03 4.055779156062016682e+03
3.854670963324805598e+03 3.933255852799212335e+03
3.752579685658383823e+03 3.836014427548063850e+03
3.668282111686276494e+03 3.754984129069547180e+03
3.591165560075140093e+03 3.680499392131948298e+03
3.510091613269199115e+03 3.602529882977060424e+03
3.415190625860751879e+03 3.512276168012486778e+03
3.298956392857521678e+03 3.403116311144664451e+03
3.158031126238739034e+03 3.272199064407401238e+03
2.993317860982541788e+03 3.120491849241241653e+03
2.809749701514781918e+03 2.952534435262442912e+03
2.615997204097586746e+03 2.776158210620611499e+03
2.424254619544762136e+03 2.602220815999407478e+03
2.247722172964426591e+03 2.442332106221353570e+03
2.096919737101503870e+03 2.305631751989636541e+03
1.976436527675362640e+03 2.195937850131672349e+03
1.884643714041190151e+03 2.111599595683105235e+03
1.816246169867087701e+03 2.047808077045139271e+03
1.763385874907507969e+03 1.997593351934949851e+03
1.714989717493672515e+03 1.951286342815995340e+03
1.659048188746429332e+03 1.898506013846360020e+03
1.587819820331925939e+03 1.832648227312807876e+03
1.500759702555570811e+03 1.753364834795039769e+03
1.402886895771842092e+03 1.665094790025540533e+03
1.302482142011089991e+03 1.575011275419909225e+03
1.209406507257705698e+03 1.491515985639069413e+03
1.131341358028935019e+03 1.421024080896050009e+03
1.070606541083473985e+03 1.365334884324650147e+03
1.024359829433462210e+03 1.321908068587792286e+03
9.855646752210593604e+02 1.284757363824576032e+03
9.454691757808739112e+02 1.246559772754954793e+03
8.987260926557842140e+02 1.202914474328535107e+03
8.453233181993149401e+02 1.153894470774726415e+03
7.890048026796581553e+02 1.102662859214531409e+03
7.359468330865239523e+02 1.054300969014805787e+03
6.909926120274092227e+02 1.012693554539741626e+03
6.544794233338454887e+02 9.780134080612774596e+02
6.232876490032803076e+02 9.476681997371144917e+02
5.928153032983467483e+02 9.179456008770702056e+02
5.599330334764864574e+02 8.863788412153578520e+02
5.253074805990073628e+02 8.535430524797650378e+02
4.917782448244842612e+02 8.216926476936989729e+02
4.618879127650472469e+02 7.927860111514625032e+02
4.361331523556562502e+02 7.671532362468087740e+02
4.127106245674488036e+02 7.433672392499370289e+02
3.895088445306701601e+02 7.198127222398857157e+02
3.660558123252463929e+02 6.961499252526455166e+02
3.433714312798072683e+02 6.731530315332396412e+02
3.226696263456714178e+02 6.517074039986630396e+02
3.039547852589151944e+02 6.317876660413517129e+02
2.863710727741349160e+02 6.127534239721042013e+02
2.692155946153457080e+02 5.940983698972446518e+02
2.527112761595289214e+02 5.759831817261674587e+02
2.373332316992409687e+02 5.587330403721427956e+02
2.231292683302216631e+02 5.423655320285379275e+02
2.097188417828164972e+02 5.266097563801827164e+02
1.968948665923892349e+02 5.113224422843967432e+02
1.847827644173438273e+02 4.965823710526843797e+02
1.734734011991693023e+02 4.824401648621185927e+02
1.628543181381177192e+02 4.688148912645714290e+02
1.527999092207249987e+02 4.556216002386365176e+02
1.433231003485504118e+02 4.428631418144947247e+02
1.344361220008521798e+02 4.305402082528805181e+02
1.260758610358284386e+02 4.186099476448472387e+02
1.181983331943499564e+02 4.070402532874260260e+02
1.107929298407881902e+02 3.958202115215427739e+02
1.038345384561600895e+02 3.849313013723519248e+02
9.729698219039515550e+01 3.743547650711637971e+02
9.115558786618234421e+01 3.640731075020936487e+02
8.538709996963497417e+01 3.540700194274670594e+02
7.996959962171884229e+01 3.443303066474591674e+02
7.488242823434413253e+01 3.348398245471850032e+02
7.010613310111754970e+01 3.255854604925485773e+02
6.562262611920219513e+01 3.165556626817510164e+02
6.141498882326578013e+01 3.077401624566638247e+02
5.746720009045604627e+01 2.991294114639557620e+02
5.376409018882014834e+01 2.907145298322473081e+02
5.029130186377988565e+01 2.824872702816854826e+02
4.703525270164146832e+01 2.744399843448250067e+02
4.398309876676407271e+01 2.665655905216178212e+02
4.112267964928010144e+01 2.588576860915003977e+02
3.844244662142947533e+01 2.513108280282243925e+02
3.593149628801459983e+01 2.439200799484690378e+02
3.357955169080468494e+01 2.366808820705630296e+02
3.137692874441317414e+01 2.295890304464924441e+02
2.931450429781392941e+01 2.226406570109063523e+02
2.738368575486533985e+01 2.158322103748492964e+02
2.557638233060943733e+01 2.091604517338148241e+02
2.388498028506743864e+01 2.026227240195912600e+02
2.230231580923731372e+01 1.962168771749124119e+02
2.082164720215512332e+01 1.899409440850567137e+02
1.943663145049594831e+01 1.837931153286936592e+02
1.814130210850793290e+01 1.777717270658042423e+02
1.693004829765472508e+01 1.718752492532936742e+02
1.579759477709817439e+01 1.661022741790026203e+02
1.473898280105948899e+01 1.604515952895083615e+02
1.374955152603073749e+01 1.549224736414826111e+02
1.282492198432225194e+01 1.495142953953067604e+02
1.196098124070079294e+01 1.442264509448628758e+02
1.115386708253628534e+01 1.390583293289981270e+02
1.039995352734572798e+01 1.340093129004595767e+02
9.695837108764965961e+00 1.290787722562562294e+02
9.038323869792437293e+00 1.242660710881049084e+02
8.424416098761600580e+00 1.195708576990196690e+02
7.851300884389310397e+00 1.149930628224746556e+02
7.316340527909801494e+00 1.105325076845313248e+02
6.817062175856468009e+00 1.061888833727213353e+02
6.351147955103251697e+00 1.019617542460043609e+02
5.916425665540827161e+00 9.785056155155729130e+01
5.510860001265307062e+00 9.385462723506924476e+01
5.132544200574545634e+00 8.997322796747410223e+01
4.779691955986711704e+00 8.620589607847220748e+01
4.450630414808081525e+00 8.255210899884625064e+01
4.143793386039053672e+00 7.901115083244118864e+01
3.857714789389626642e+00 7.558212415625544622e+01
3.591022487665749718e+00 7.226396191074395858e+01
3.342432481628332397e+00 6.905543918286711857e+01
3.110743444688311765e+00 6.595518662827689127e+01
