2.562974396105509732e+04 2.545067486369851031e+04
2.590951378406215372e+04 2.572333759697286951e+04
2.617842733745285295e+04 2.598497246336966418e+04
2.643562089665278108e+04 2.623472147498165214e+04
2.668020992782395479e+04 2.647170791339782954e+04
2.691130862926329064e+04 2.669505490074475529e+04
2.712800345223461409e+04 2.690385902559485839e+04
2.732933775357352351e+04 2.709717511407251732e+04
2.751435881584729214e+04 2.727406319899636583e+04
2.768211771622686138e+04 2.743358858497807887e+04
2.783163392026267320e+04 2.757478730819483462e+04
2.796193138580623054e+04 2.769670164803053194e+04
2.807205900788021972e+04 2.779840026751570622e+04
2.816105850502803150e+04 2.787894695409345513e+04
2.822796607291782129e+04 2.793740239404945896e+04
2.827185931311313107e+04 2.797287015519091074e+04
2.829185403657732968e+04 2.798449386515369406e+04
2.828707952792915239e+04 2.797143369860295570e+04
2.825671943324225867e+04 2.793290582217417250e+04
2.820002782469636441e+04 2.786819804992815261e+04
2.811632191862767286e+04 2.777666409626505992e+04
2.800499314766608950e+04 2.765773402154335781e+04
2.786552591707462489e+04 2.751093141569502041e+04
2.769751731208803540e+04 2.733589384148686077e+04
2.750070066399350617e+04 2.713239749119478438e+04
2.727492447050916962e+04 2.690033361499042803e+04
2.702016419205546481e+04 2.663971988366403093e+04
2.673661575569971319e+04 2.635079558901698692e+04
2.642464530167558041e+04 2.603396963402213078e+04
2.608473775994827520e+04 2.568976742934338836e+04
2.571762247411367207e+04 2.531895705160096259e+04
2.532434286862367298e+04 2.492261880227582151e+04
2.490605251030706131e+04 2.450193921982168467e+04
2.446405715113721817e+04 2.405825268682728711e+04
2.400011447244077863e+04 2.359334078710028189e+04
2.351614864928435782e+04 2.310914608342300198e+04
2.301411132473398902e+04 2.260763277746495078e+04
2.249635793729528814e+04 2.209116013014851706e+04
2.196564143372840408e+04 2.156247551425919664e+04
2.142463322611228432e+04 2.102423866223464574e+04
2.087605538861845343e+04 2.047915260960587693e+04
2.032310413641257401e+04 1.993038250724849058e+04
1.976889238250178096e+04 1.938100419733916351e+04
1.921633765470163053e+04 1.883389336535532493e+04
1.866887614819036753e+04 1.829242282240946224e+04
1.813019340635030312e+04 1.776019982106286625e+04
1.760358889325480050e+04 1.724044706337431853e+04
1.709177753344446683e+04 1.673580963151545802e+04
1.659665255616392824e+04 1.624812409838296480e+04
1.611978003598397299e+04 1.577890450229275666e+04
1.566268332874956104e+04 1.532961838997775703e+04
1.522830257930537664e+04 1.490308910998291867e+04
1.482007139762654879e+04 1.450261029415607300e+04
1.444094158476106168e+04 1.413101033102957808e+04
1.409091133375593927e+04 1.378825254172427049e+04
1.376690076690730348e+04 1.347131496108337888e+04
1.346592611043822399e+04 1.317727340638627538e+04
1.318517774374714645e+04 1.290338437676952708e+04
1.292197756468096668e+04 1.264704399401313094e+04
1.267375047014391203e+04 1.240575167342975510e+04
1.243691937328926360e+04 1.217605482264770944e+04
1.220737398166222010e+04 1.195399392993588663e+04
1.198083517418162955e+04 1.173545240141411705e+04
1.175198154215309114e+04 1.151532919881211274e+04
1.151554253921431518e+04 1.128856836049105732e+04
1.126563697414448325e+04 1.104954184490788066e+04
1.099638279427776797e+04 1.079261472114691969e+04
1.070299473225495603e+04 1.051320969911259999e+04
1.038191431316644776e+04 1.020792619291620758e+04
1.003166071146680042e+04 9.875352785357939865e+03
9.653210529019501337e+03 9.516443348057591720e+03
9.249958073835787218e+03 9.134461856438500035e+03
8.827813483137591902e+03 8.735093805178095863e+03
8.394175629496647161e+03 8.325435255761029111e+03
7.957380580732916314e+03 7.913475494516401341e+03
7.526350236528027381e+03 7.507741053951800495e+03
7.109968684859150926e+03 7.116698951249480160e+03
6.717491571280696917e+03 6.749104267319561586e+03
6.356850749777835517e+03 6.412465623066594162e+03
6.035105723828085502e+03 6.113355816192912243e+03
5.756776684014967941e+03 5.855981698237383171e+03
5.522864291840681290e+03 5.641151314710142287e+03
5.330731116690802992e+03 5.466285558960050366e+03
5.173869872539023163e+03 5.325142892423195008e+03
5.042691238669151971e+03 5.208611377499422815e+03
4.925832802318439462e+03 5.105887488348656916e+03
4.810843795077291361e+03 5.005122090468934402e+03
4.685881711669549077e+03 4.894989103544156933e+03
4.540880695836162886e+03 4.765794581336603187e+03
4.369501831641718127e+03 4.611381232836554773e+03
4.170367290650467112e+03 4.430355733840882749e+03
3.947199577191390745e+03 4.226254118749165173e+03
3.708335004035865040e+03 4.007093736068778526e+03
3.465756493164204130e+03 3.784388868119578547e+03
3.233650381336486589e+03 3.571673484479602394e+03
3.025675936088643539e+03 3.381856754320502205e+03
2.851342411244229424e+03 3.223807584852196669e+03
2.713152829120877414e+03 3.099731016966722109e+03
2.606638861672036910e+03 3.005310151217499879e+03
2.522805050770608887e+03 2.932040711828127314e+03
2.449927017699693806e+03 2.868872542739730761e+03
2.374457277914939368e+03 2.802992079666943482e+03
2.284173161609333874e+03 2.722777378919729472e+03
2.173532869147411930e+03 2.622945597192551304e+03
2.045968958271633483e+03 2.506809417713121547e+03
1.911030389176424933e+03 2.383524714476515783e+03
1.780603590219426906e+03 2.264375065103367888e+03
1.665971183917880580e+03 2.159896131524777502e+03
1.573422990817921118e+03 2.075809181961004469e+03
1.501924635137556379e+03 2.010998263222890046e+03
1.444129793983478748e+03 1.958567367575888511e+03
1.389251846778182198e+03 1.908496871775454110e+03
1.327427774153693008e+03 1.851658751496124296e+03
1.255259047130807403e+03 1.784975728767156397e+03
1.176585854458792937e+03 1.712116101569076363e+03
1.099101306892250477e+03 1.640238962841088778e+03
1.030758514735103063e+03 1.576575342046595097e+03
9.750668471093713379e+02 1.524176592717109315e+03
9.290692640009702927e+02 1.480255511140778708e+03
8.863346756935324038e+02 1.438995291189345608e+03
8.410144529506725348e+02 1.395200778889120329e+03
7.916500604235933451e+02 1.347665872424896861e+03
7.418692490869923404e+02 1.299682596639450139e+03
6.964146644354758564e+02 1.255406941186383165e+03
6.574454462448121603e+02 1.216631965609584313e+03
6.232803521247855087e+02 1.181829785588662617e+03
5.901972886494637578e+02 1.147808435508543653e+03
5.561163614419717760e+02 1.112855823521916818e+03
5.221332817403999798e+02 1.077944484799305883e+03
4.906095198352049920e+02 1.045031324529258200e+03
4.625485608582482087e+02 1.014887281580722970e+03
4.367204992669940680e+02 9.864786858413239088e+02
4.115021623782602092e+02 9.585167717275026007e+02
3.866922940417605332e+02 9.308708131448514678e+02
3.633246599011301896e+02 9.043451590287713771e+02
3.419294225134551652e+02 8.793172988294342076e+02
3.219480678539114820e+02 8.553472094782501927e+02
3.027057237587937379e+02 8.319405019425204273e+02
2.843084244357971784e+02 8.091793548958970632e+02
2.671406107138201946e+02 7.873251186502521932e+02
2.511180240852044108e+02 7.663035784218623121e+02
2.359081033793827089e+02 7.458838862925799731e+02
2.214703990228958901e+02 7.260371639182037597e+02
2.079309061480686296e+02 7.068357049657734024e+02
1.952136136702997931e+02 6.882218784390923929e+02
1.832310624792850717e+02 6.701359031203156746e+02
1.719354977477516400e+02 6.525429461063561121e+02
1.612932440108165508e+02 6.354156069341772763e+02
1.512718712367039302e+02 6.187283883695425857e+02
1.418400113158990337e+02 6.024575009643104977e+02
1.329673797743404862e+02 5.865807669928215091e+02
1.246247899635246341e+02 5.710775314206117628e+02
1.167841530278186895e+02 5.559285749423812604e+02
1.094178307972998709e+02 5.411156444274276964e+02
1.024983412578026361e+02 5.266211218568414552e+02
9.599961040349717223e+01 5.124286584044606343e+02
8.989703047901988953e+01 4.985231852767232112e+02
8.416738020862973713e+01 4.848908491774631102e+02
7.878874925251075467e+01 4.715189517018766878e+02
7.374046666986686205e+01 4.583958922164220553e+02
6.900307275059326173e+01 4.455112848360049043e+02
6.455840902537946135e+01 4.328566318494654297e+02
6.038936784386080348e+01 4.204245596269955172e+02
5.647976227164259910e+01 4.082084374640479609e+02
5.281428266794782900e+01 3.962023386250453427e+02
4.937845489717294356e+01 3.844010028442677935e+02
4.615860008548926885e+01 3.727997998323637034e+02
4.314179442191500868e+01 3.613947284616693310e+02
4.031580373472851164e+01 3.501830767574280117e+02
3.766905841164631141e+01 3.391632504881777663e+02
3.519065113363513575e+01 3.283339938691867701e+02
3.287030300300208552e+01 3.176943332348775471e+02
3.069832996715997808e+01 3.072435521378263843e+02
2.866561084469882914e+01 2.969811667592595654e+02
2.676355689140081751e+01 2.869069025120047058e+02
2.498408303205337688e+01 2.770212226159690658e+02
2.331958056328394235e+01 2.673261285855539882e+02
2.176289045427975921e+01 2.578237154855648328e+02
2.030727840626959591e+01 2.485158924416825812e+02
1.894641125597768294e+01 2.394043764621121682e+02
1.767433457084158377e+01 2.304906868911254207e+02
1.648545138452810832e+01 2.217761405120036784e+02
1.537450177396850926e+01 2.132619958162597129e+02
1.433654200830984493e+01 2.049505292397695655e+02
1.336692800401973713e+01 1.968442068887798371e+02
1.246129927980501151e+01 1.889449786558347171e+02
1.161556255513259117e+01 1.812542914176567876e+02
1.082587622030233021e+01 1.737731089206038178e+02
1.008863564591694661e+01 1.665019323074317583e+02
9.400459277879205544e+00 1.594408293178766769e+02
8.758174932787859746e+00 1.525898212270683700e+02
8.158807357020219087e+00 1.459489745707768407e+02
7.599567414215576910e+00 1.395178654698428033e+02
7.077841023924437813e+00 1.332955702783388290e+02
6.591178653647941310e+00 1.272807004439785601e+02
6.137285405479071976e+00 1.214714369947978980e+02
5.714011666371759723e+00 1.158655644987874638e+02
5.319344151405390519e+00 1.104605355848275394e+02
4.951397222314001922e+00 1.052535913642843752e+02
4.608405619951325249e+00 1.002416760153636659e+02
