1.557353072395561685e+04 1.549031045782085857e+04
1.576604736672754007e+04 1.567942496892323106e+04
1.595345673006421384e+04 1.586333947315180740e+04
1.613525226684227528e+04 1.604154928450445186e+04
1.631091226587298297e+04 1.621353535196198209e+04
1.647990849832819003e+04 1.637877259189428878e+04
1.664168899618305659e+04 1.653671271763894401e+04
1.679567778515006285e+04 1.668678401156158361e+04
1.694129615146376091e+04 1.682841258979947816e+04
1.707795663456044713e+04 1.696101655769625359e+04
1.720504189863996362e+04 1.708398528315281510e+04
1.732193180080659295e+04 1.719670610748951731e+04
1.742801124916097615e+04 1.729857213886827958e+04
1.752264675090174933e+04 1.738895929583263569e+04
1.760519632624076257e+04 1.746723612196366594e+04
1.767503340510568523e+04 1.753278730936474312e+04
1.773153793782580033e+04 1.758500515776326938e+04
1.777408221594826682e+04 1.762327590333017361e+04
1.780206147464050446e+04 1.764700955458115277e+04
1.781490026931864122e+04 1.765564622543469886e+04
1.781203761377113551e+04 1.764864222816195615e+04
1.779294218335131518e+04 1.762548467246800647e+04
1.775712824923494918e+04 1.758570674409182175e+04
1.770415903550585426e+04 1.752889178953049486e+04
1.763365045779940920e+04 1.745467744869586386e+04
1.754527785927042351e+04 1.736276098836117308e+04
1.743878643113297585e+04 1.725290976510758264e+04
1.731402233181448173e+04 1.712499365540272629e+04
1.717091370087351243e+04 1.697896461344419004e+04
1.700946384556415796e+04 1.681484903916444819e+04
1.682981499692561556e+04 1.663281256711739115e+04
1.663225479683601225e+04 1.643316635102112195e+04
1.641714592889529013e+04 1.621629498218407025e+04
1.618496917208753257e+04 1.598269967136004016e+04
1.593644811003618634e+04 1.573312378417058062e+04
1.567239998732133245e+04 1.546840204316417839e+04
1.539370292789899031e+04 1.518942719602432226e+04
1.510150596296814547e+04 1.489736004398104706e+04
1.479715411702392157e+04 1.459355412682090355e+04
1.448199162197078113e+04 1.427935867236189551e+04
1.415749522649459323e+04 1.395625125193865642e+04
1.382546879845536387e+04 1.362603130951325875e+04
1.348769279599751098e+04 1.329047123899933831e+04
1.314590404934120488e+04 1.295129603422960827e+04
1.280218244164085991e+04 1.261056441195449588e+04
1.245869254851955702e+04 1.227041432995560353e+04
1.211741799723212353e+04 1.193280168847727145e+04
1.178022947691864465e+04 1.159956695308931558e+04
1.144892905797929052e+04 1.127247881150993271e+04
1.112513515724948593e+04 1.095312304076948385e+04
1.081041212062290651e+04 1.064302806940163282e+04
1.050692622816000949e+04 1.034429796133209311e+04
1.021687202967990015e+04 1.005906056160267508e+04
9.942127297564469700e+03 9.789134931224587490e+03
9.683506292105756074e+03 9.535294284276780672e+03
9.441018428700130244e+03 9.297521096600607052e+03
9.214597057983548439e+03 9.075726591395516152e+03
9.003594690344649280e+03 8.869256698405964926e+03
8.806920966129204317e+03 8.677026466997778698e+03
8.623465536673256793e+03 8.497934611124806906e+03
8.451488554082432529e+03 8.330274112916100421e+03
8.289047799850321098e+03 8.172144039041816541e+03
8.133997702391638086e+03 8.021452326638249360e+03
7.983619602681415017e+03 7.875561939379334945e+03
7.835172796752788599e+03 7.731816329670986306e+03
7.685301599704325781e+03 7.586979710196927044e+03
7.530548565098864856e+03 7.437719900975293058e+03
7.367297594828410183e+03 7.280565682931394804e+03
7.191962773897627812e+03 7.112079289364231954e+03
7.001596557387862049e+03 6.929447403413250868e+03
6.793980984935489687e+03 6.730563780967042476e+03
6.568258962261335910e+03 6.514636073177481194e+03
6.324909849609427511e+03 6.282157488838063728e+03
6.066077490287264482e+03 6.035219711654808634e+03
5.795102989003297807e+03 5.777056881893408899e+03
5.516548294392929165e+03 5.512068423405722569e+03
5.235612618344363000e+03 5.245246223656430629e+03
4.958148549621045277e+03 4.982190604397488642e+03
4.689829321814435389e+03 4.728310508692474286e+03
4.436618255281204256e+03 4.489255844331419212e+03
4.203689573481791740e+03 4.269910377038810111e+03
3.995526060818836868e+03 4.074459151095711604e+03
3.814751667257526151e+03 3.905314796017510616e+03
3.662223358274242401e+03 3.763195741678133800e+03
3.536032262028111745e+03 3.646210700900381198e+03
3.432360476721030409e+03 3.550670395155738333e+03
3.345163440345091203e+03 3.470803528265328623e+03
3.267187803664482999e+03 3.399715278794292772e+03
3.190525725372242505e+03 3.329900183977473262e+03
3.107367851564745706e+03 3.253953244407624425e+03
3.011183377947414556e+03 3.165681810571487858e+03
2.897726610150601573e+03 3.061060694775752836e+03
2.765923618788602198e+03 2.939084001337131212e+03
2.618253898298403783e+03 2.802136567901728540e+03
2.460379940706506659e+03 2.655624542943445704e+03
2.300441780024610125e+03 2.507275704353928177e+03
2.147873003837928991e+03 2.365984961026540077e+03
2.011549369838622852e+03 2.240047339350975562e+03
1.897500501779987644e+03 2.135018211114648693e+03
1.807292665497307780e+03 2.052250397085111217e+03
1.738102482268582435e+03 1.989021576203361064e+03
1.683893447331291100e+03 1.939656724474722068e+03
1.636437292984704072e+03 1.896470280482478074e+03
1.586353545726409948e+03 1.850711591101357044e+03
1.525581279930346682e+03 1.794862673480215562e+03
1.450688950796731206e+03 1.725747558633667495e+03
1.364145572964160010e+03 1.645730581709005719e+03
1.272704291617862509e+03 1.561168576337594459e+03
1.184960425760658609e+03 1.480063180724577933e+03
1.108801004376631681e+03 1.409649433309052029e+03
1.048418861997770819e+03 1.353675147277586348e+03
1.002700200209492436e+03 1.311017624932205536e+03
9.660306547851307641e+02 1.276488318572031631e+03
9.304513783584742441e+02 1.242810476387852077e+03
8.889781940679067702e+02 1.203634025330818758e+03
8.395040689075634646e+02 1.157096578950639923e+03
7.851857081186673213e+02 1.106144941411132777e+03
7.321917716694002820e+02 1.056401921893009330e+03
6.865152803502097640e+02 1.013221190234702135e+03
6.503716383927280731e+02 9.784908683476021451e+02
6.211158013149188264e+02 9.497814751049968436e+02
5.934936147406523332e+02 9.224117610405196501e+02
5.629962953625374666e+02 8.924262443215545773e+02
5.289520485396116101e+02 8.592963336357845492e+02
4.946220294162735627e+02 8.259254873909114849e+02
4.639629699025529135e+02 7.957395878230831840e+02
4.385354438618409745e+02 7.700221379089475704e+02
4.165278046738126818e+02 7.471696260316217604e+02
3.946738782267701140e+02 7.243999156702931259e+02
3.714301984138263037e+02 7.004455044589478803e+02
3.480782508455892525e+02 6.764162548680651526e+02
3.268529291288492118e+02 6.541621043451092419e+02
3.084574401491507842e+02 6.342216027874178508e+02
2.915447375984690552e+02 6.154714371880139652e+02
2.746000228262139444e+02 5.966992444675822753e+02
2.576879768117175331e+02 5.779785154794592472e+02
2.419390257378473166e+02 5.602006341335988964e+02
2.277998685780950723e+02 5.436910313338554488e+02
2.145722389908166576e+02 5.278988025260971426e+02
2.016162589086192725e+02 5.123444749102668538e+02
1.891885992280516575e+02 4.972257352996766713e+02
1.777352370798705579e+02 4.828616480112090699e+02
1.670991754321398730e+02 4.691267868556741973e+02
1.569084450997271176e+02 4.557550840745429923e+02
1.472037495634138793e+02 4.427756704027939350e+02
1.381682604071658318e+02 4.303076815803895556e+02
1.296925010464835566e+02 4.182708641352739392e+02
1.216859943864086659e+02 4.066028628205104383e+02
1.141319768062116111e+02 3.952894410062263546e+02
1.070138637619430995e+02 3.843153923991112606e+02
1.003145118821114892e+02 3.736662598860455660e+02
9.401610594853192993e+01 3.633281403535763729e+02
8.809756900820093506e+01 3.532854306377736293e+02
8.253669559567225633e+01 3.435219429529484501e+02
7.731252555019700878e+01 3.340225539599268245e+02
7.240530960695521401e+01 3.247731692257177087e+02
6.779643894608854282e+01 3.157606629944841643e+02
6.346837895644731731e+01 3.069728223802398475e+02
5.940460908443626664e+01 2.983982994128920723e+02
5.558972604978357879e+01 2.900268663471294985e+02
5.200944827891016331e+01 2.818495459153096476e+02
4.865026033443457720e+01 2.738580451707183556e+02
4.549934939810537315e+01 2.660446655802248870e+02
4.254457487991406595e+01 2.584022711598835826e+02
3.977443884764092275e+01 2.509242583876964261e+02
3.717805729751333388e+01 2.436045277246119269e+02
3.474512000878200269e+01 2.364375104004098773e+02
3.246582139670683631e+01 2.294183449182754941e+02
3.033088978860309126e+01 2.225426387632224134e+02
2.833158063834792628e+01 2.158063573958868062e+02
2.645964893986876376e+01 2.092058039862909595e+02
2.470732290720803803e+01 2.027375999249726135e+02
2.306727888173741547e+01 1.963986660120364434e+02
2.153261774964949993e+01 1.901862215052759382e+02
2.009684725238619407e+01 1.840980461388664651e+02
1.875385778132753600e+01 1.781323752984687587e+02
1.749789650611888803e+01 1.722876105088594443e+02
1.632354798803729423e+01 1.665622978793950324e+02
1.522571588618936289e+01 1.609551159374995279e+02
1.419960554264168096e+01 1.554648637714229551e+02
1.324070740574859251e+01 1.500904503868293318e+02
1.234477966418531736e+01 1.448311010879727689e+02
1.150783184344006749e+01 1.396865837649054924e+02
1.072611447324838174e+01 1.346567088817685089e+02
9.996105935388714059e+00 1.297412491033041135e+02
9.314499425266589583e+00 1.249399354330592331e+02
8.678190598889852225e+00 1.202524536172308416e+02
8.084265873688197601e+00 1.156784408208112751e+02
7.529991267125942578e+00 1.112175639410333332e+02
7.012801470574546059e+00 1.068699655044440533e+02
6.530290416925673469e+00 1.026358543112868063e+02
6.080202152697517626e+00 9.851525396744236218e+01
5.660421939156560001e+00 9.450800900492831147e+01
5.268967844715854554e+00 9.061379210750398272e+01
4.903982805000416612e+00 8.683211150887524354e+01
4.563727109729947884e+00 8.316232676414384173e+01
4.246570880112368940e+00 7.960387709190020189e+01
3.950987498314379565e+00 7.615626912135449800e+01
3.675547899928464091e+00 7.281880690580493365e+01
3.418914627042477505e+00 6.959059130652224212e+01
