2.153812841869398835e+04 2.134079405587607471e+04
2.184045844016322735e+04 2.163498712145843820e+04
2.213781751893747787e+04 2.192400332697956401e+04
2.242959131389202230e+04 2.220723268750515490e+04
2.271513813112643766e+04 2.248404032691339307e+04
2.299377262667924879e+04 2.275375219340265176e+04
2.326479334500422192e+04 2.301567978549726104e+04
2.352748495237544194e+04 2.326912210132768814e+04
2.378109473270075978e+04 2.351334310364351404e+04
2.402484830477151991e+04 2.374758696783383493e+04
2.425796522529748472e+04 2.397109320566284805e+04
2.447963985690871050e+04 2.418307885770828943e+04
2.468903047338221222e+04 2.438272845005956697e+04
2.488529341689325156e+04 2.456922623639117955e+04
2.506758333814115758e+04 2.474175663659814381e+04
2.523502717794161435e+04 2.489948026934731388e+04
2.538675039705481686e+04 2.504155853553770066e+04
2.552189292771685359e+04 2.516716862972583476e+04
2.563959124390251964e+04 2.527548732271645349e+04
2.573897878733940524e+04 2.536569160577038565e+04
2.581921625295578997e+04 2.543698670303434847e+04
2.587949384610300331e+04 2.548860863728392724e+04
2.591902282179438771e+04 2.551981755656246241e+04
2.593705472734633076e+04 2.552991469074808992e+04
2.593289214549410462e+04 2.551825217978667206e+04
2.590590184626051632e+04 2.548424738352684653e+04
2.585551926235864084e+04 2.542738674915345473e+04
2.578124723796431499e+04 2.534722281061601097e+04
2.568268243639617140e+04 2.524340044590159596e+04
2.555955976070354518e+04 2.511570140762813389e+04
2.541170486507258829e+04 2.496399561333412566e+04
2.523903698387004260e+04 2.478824335652884474e+04
2.504168159299938634e+04 2.458860715685787000e+04
2.481992473618464282e+04 2.436540574671843569e+04
2.457413603463154141e+04 2.411903696930208753e+04
2.430487792054007514e+04 2.385008606380374113e+04
2.401301719365966710e+04 2.355943617584287858e+04
2.369950924724114157e+04 2.324805353679845939e+04
2.336540818229915021e+04 2.291699757768547715e+04
2.301215992208868920e+04 2.256771339089624962e+04
2.264138859769830015e+04 2.220181839871496413e+04
2.225472244199453053e+04 2.182092874924438365e+04
2.185405225138244714e+04 2.142691958480609901e+04
2.144163901223125868e+04 2.102203360321975197e+04
2.101969593374817487e+04 2.060846117231830431e+04
2.059043394545468618e+04 2.018838820926116750e+04
2.015644748630982940e+04 1.976439129927417889e+04
1.972033700833516559e+04 1.933905291843407394e+04
1.928452929808574481e+04 1.891477923889320300e+04
1.885138474196039169e+04 1.849392197959281111e+04
1.842320027257771653e+04 1.807878273836060907e+04
1.800208256869366232e+04 1.767147110217761292e+04
1.759014917895485632e+04 1.727411489260375311e+04
1.719008565546440514e+04 1.688944322644838394e+04
1.680450330020045658e+04 1.652011886920009056e+04
1.643561398936961996e+04 1.616841019134558155e+04
1.608398068874336241e+04 1.583497002127851920e+04
1.574929088949378456e+04 1.551959094964022552e+04
1.543114251648294339e+04 1.522197416271117618e+04
1.512825998935412645e+04 1.494095379997343480e+04
1.483893596112067462e+04 1.467493070604159038e+04
1.456137748007883420e+04 1.442220811454095201e+04
1.429295990485623770e+04 1.418022885729018344e+04
1.403093861997444037e+04 1.394629269261409172e+04
1.377226753753411685e+04 1.371734665256221160e+04
1.351342888313341427e+04 1.348979578467339888e+04
1.325089966383682440e+04 1.325998208952013920e+04
1.298052417339090243e+04 1.302348117073827780e+04
1.269824381349506984e+04 1.277588700497915124e+04
1.240004988273951312e+04 1.251270803424483347e+04
1.208230897673490108e+04 1.222974057528062986e+04
1.174261646428647873e+04 1.192397230652431790e+04
1.137971564319494064e+04 1.159353529473183335e+04
1.099452663140801815e+04 1.123887089084766922e+04
1.058961304585984908e+04 1.086220376179137202e+04
1.016976747483120744e+04 1.046825742099214403e+04
9.740921828319669658e+03 1.006309656201641883e+04
9.310223227000873521e+03 9.654257975125965459e+03
8.885148893332769148e+03 9.249774636321038997e+03
8.473305822118993092e+03 8.857966309724453822e+03
8.081744691703392164e+03 8.486658673771218673e+03
7.717147130787846436e+03 8.143398582131926560e+03
7.384737697018118524e+03 7.834242798556179878e+03
7.088264110880228145e+03 7.563731262621552560e+03
6.828406574712846123e+03 7.333101904399877640e+03
6.603289753219580234e+03 7.140798436431860864e+03
6.407140025262881863e+03 6.980856611971459643e+03
6.231927029837972441e+03 6.844587358842964022e+03
6.067569435498309758e+03 6.720650235268786673e+03
5.903526333586222790e+03 6.596725027776944444e+03
5.730029074290032440e+03 6.460922672708948085e+03
5.539242221034767681e+03 6.303215773544957301e+03
5.326717375989377615e+03 6.117398857066178607e+03
5.092246051558801810e+03 5.902397130414980893e+03
4.840063046084663256e+03 5.662762848684840719e+03
4.578274489451502632e+03 5.408125021717358322e+03
4.317527980394900624e+03 5.151533806295345130e+03
4.069463110166992465e+03 4.907444930563608068e+03
3.844877624472617299e+03 4.689374700369248785e+03
3.651294259187272019e+03 4.506890589500395436e+03
3.490541212260793600e+03 4.362650101809327680e+03
3.357924861946590681e+03 4.251316133680393250e+03
3.243927689640878270e+03 4.161439889674046753e+03
3.137054470691328788e+03 4.078731150741420151e+03
3.025970199742448585e+03 3.988596938986196619e+03
2.901540605917101857e+03 3.878843424310984574e+03
2.760136139922740767e+03 3.744304752141859808e+03
2.605941069762925054e+03 3.590243503402901752e+03
2.449003497605639041e+03 3.429877800954091072e+03
2.300594033296386442e+03 3.278085682993083083e+03
2.169714533226417188e+03 3.146678980670764304e+03
2.060603116614867304e+03 3.041210550893917116e+03
1.970762381334317524e+03 2.958553803504864391e+03
1.891911505591938749e+03 2.888083820337066300e+03
1.813821578835431637e+03 2.816495118502406513e+03
1.728566133421823224e+03 2.733350983591499244e+03
1.634393981564006708e+03 2.636395235969854184e+03
1.536703029890325297e+03 2.532923703734929859e+03
1.443561552249791930e+03 2.433672617845801142e+03
1.361558042442172336e+03 2.347207441469040987e+03
1.292461179084557671e+03 2.275705442660972494e+03
1.232084740208512585e+03 2.213728513562130502e+03
1.173476456540943673e+03 2.152411959590506740e+03
1.111882529234059120e+03 2.085824646236256740e+03
1.047405081728380992e+03 2.014326283030800596e+03
9.845011432692458584e+02 1.943723238888605465e+03
9.277882287177408216e+02 1.879768864414184236e+03
8.781911365207033668e+02 1.823478524938510418e+03
8.329277451395188336e+02 1.771398520277368789e+03
7.882150121370996203e+02 1.719052732136989562e+03
7.427892032360065286e+02 1.665118907044847674e+03
6.986031589303489682e+02 1.612026768643738251e+03
6.580981564017059782e+02 1.562580767462126914e+03
6.215256375538954217e+02 1.516979543553889698e+03
5.870686733543756191e+02 1.473192518007660510e+03
5.532252294218318411e+02 1.429675116551937435e+03
5.203560951652220865e+02 1.386905157888538724e+03
4.897146642236077696e+02 1.346186533819324495e+03
4.614737616249611847e+02 1.307646077267688952e+03
4.347383299786202997e+02 1.270400746817228082e+03
4.089421162467853037e+02 1.233955883951548230e+03
3.844570948936081436e+02 1.198676481974963053e+03
3.616372839176552816e+02 1.164854358955917405e+03
3.401845900535753344e+02 1.132215172201135374e+03
3.197432966596389861e+02 1.100473126723104542e+03
3.003933644511091074e+02 1.069691665708101937e+03
2.822545464817377479e+02 1.039940796717579587e+03
2.651529810570493737e+02 1.011078893115901906e+03
2.490052319921702804e+02 9.830377176186340193e+02
2.337764670292176845e+02 9.557793496324427451e+02
2.194214716219815671e+02 9.292561202316114759e+02
2.058963729790143589e+02 9.034235608964754647e+02
1.931589055162246780e+02 8.782404993491514915e+02
1.811684056208050606e+02 8.536688573210678896e+02
1.698852861458715040e+02 8.296715140909316233e+02
1.592705983988237790e+02 8.062101214488337746e+02
1.492872006610664641e+02 7.832490896957936002e+02
1.398998436756763226e+02 7.607560194455322744e+02
1.310750858586181948e+02 7.387015357398788638e+02
1.227812115326338898e+02 7.170591343072761674e+02
1.149881521283336241e+02 6.958050382741872681e+02
1.076674140699271476e+02 6.749181355010240395e+02
1.007920845467933191e+02 6.543814150170502444e+02
9.433673583783620131e+01 6.341816171827945254e+02
8.827726470962959127e+01 6.143073762423463222e+02
8.259082951231182790e+01 5.947490454093976950e+02
7.725579344501397827e+01 5.754986033003840475e+02
7.225166966908982147e+01 5.565495618939830820e+02
6.755906826441957946e+01 5.378968755356423799e+02
6.315964107594006549e+01 5.195376875345855296e+02
5.903600857078352959e+01 5.014765829858621942e+02
5.517173572734587594e+01 4.837211648887759452e+02
5.155130072080272186e+01 4.662787607514745787e+02
4.816004924365124396e+01 4.491563756101757008e+02
4.498415066248156791e+01 4.323606646474832473e+02
4.201055604623435613e+01 4.158979072595508342e+02
3.922695801107193603e+01 3.997739831934982249e+02
3.662175071671787663e+01 3.839959114350709228e+02
3.418399038063260775e+01 3.685748410733402807e+02
3.190336540375469809e+01 3.535213620335601945e+02
2.977016381593541894e+01 3.388444676525517139e+02
2.777524110856515094e+01 3.245516144394188132e+02
2.590998959092942400e+01 3.106487853801701817e+02
2.416630921306310853e+01 2.971405561827178872e+02
2.253657976008386044e+01 2.840301792994338825e+02
2.101363271072353456e+01 2.713203604218377905e+02
1.959072600564625333e+01 2.590134669933951841e+02
1.826152295942744530e+01 2.471105100704683366e+02
1.702006963653546023e+01 2.356111565752799777e+02
1.586077317108519757e+01 2.245138291262116752e+02
1.477838120601679961e+01 2.138158048034239869e+02
1.376796240196915200e+01 2.035133122761948528e+02
1.282488782414049666e+01 1.936016234371076337e+02
1.194481198803469191e+01 1.840751107124898738e+02
1.112365735557510327e+01 1.749273583193264301e+02
1.035759986869206095e+01 1.661512770360562570e+02
9.643054020887847244e+00 1.577391859393008815e+02
8.976658725801382133e+00 1.496828898823345355e+02
8.355263965864558884e+00 1.419737530925437738e+02
7.775918182242228305e+00 1.346027687720830102e+02
