3.639985569039495022e+04 3.620244407808833057e+04
3.666944114597437874e+04 3.646469365567540808e+04
3.691804605755258672e+04 3.670581761365476268e+04
3.714442868010210805e+04 3.692458071299313451e+04
3.734728411299487925e+04 3.711968822590544005e+04
3.752527732341967931e+04 3.728981828621763270e+04
3.767710267884242057e+04 3.743367992341287027e+04
3.780144760654112179e+04 3.754997705188062537e+04
3.789695163261863490e+04 3.763736794002434181e+04
3.796229614226709964e+04 3.769455442737172416e+04
3.799621071082152775e+04 3.772028848698279762e+04
3.799738795776454936e+04 3.771328920025485422e+04
3.796455324811988248e+04 3.767231116930960707e+04
3.789652387035614083e+04 3.759620257523104374e+04
3.779215808049777115e+04 3.748385632220091065e+04
3.765033960803635273e+04 3.733419543426748714e+04
3.747007501485698594e+04 3.714626726149569004e+04
3.725049603537973599e+04 3.691924651345598977e+04
3.699080534979475487e+04 3.665238538827271259e+04
3.669034832833593100e+04 3.634508089025809750e+04
3.634865021965295455e+04 3.599691004718050681e+04
3.596540969913083973e+04 3.560762851031330501e+04
3.554050949485765886e+04 3.517718046425610373e+04
3.507404336366055213e+04 3.470571927777297242e+04
3.456634844634074398e+04 3.419364201511684223e+04
3.401806409493425599e+04 3.364165428672236885e+04
3.343006767543934257e+04 3.305069670627873711e+04
3.280347510496503673e+04 3.242194318252968151e+04
3.213984071641631090e+04 3.175700812478794614e+04
3.144106827976830391e+04 3.105785306438265252e+04
3.070924038230341102e+04 3.032660869681168333e+04
2.994681508155522897e+04 2.956577466747394647e+04
2.915684443777101478e+04 2.877844153235936392e+04
2.834250203547812634e+04 2.796780931838400284e+04
2.750709255106158162e+04 2.713719576575029714e+04
2.665472229370689092e+04 2.629070694902161995e+04
2.578975637561755138e+04 2.543269408438261235e+04
2.491636995886752993e+04 2.456730529298188776e+04
2.403909070580937987e+04 2.369902421598480578e+04
2.316299002964252213e+04 2.283286037154742735e+04
2.229274382284088279e+04 2.197341938853143802e+04
2.143287224080686065e+04 2.112513565289160397e+04
2.058907894412043970e+04 2.029357345477509443e+04
1.976683627261536458e+04 1.948405722437728036e+04
1.897077300174906850e+04 1.870108012228566440e+04
1.820461659769842663e+04 1.794823480805335930e+04
1.747127332536316317e+04 1.722829565964994981e+04
1.677304045351103196e+04 1.654344663039615989e+04
1.611258016115684040e+04 1.589620483048530514e+04
1.549509661855977902e+04 1.529147979219789886e+04
1.492551315530015927e+04 1.473391607480714811e+04
1.440740594471856093e+04 1.422687220226105273e+04
1.393956149021730562e+04 1.376903226940925379e+04
1.351867038358935133e+04 1.335704004028622512e+04
1.314172756580406894e+04 1.298785004573703554e+04
1.280552703439530706e+04 1.265822751113981576e+04
1.250694369206046031e+04 1.236502151104912264e+04
1.224273236746774637e+04 1.210497966987132895e+04
1.200778279554967776e+04 1.187308330656839098e+04
1.179678910647516022e+04 1.166413557548952303e+04
1.160345371818796775e+04 1.147203493341273133e+04
1.142003223132582207e+04 1.128935155689434396e+04
1.123853630588464148e+04 1.110845619762206661e+04
1.104909352754712745e+04 1.092002813048000098e+04
1.084187547987043035e+04 1.071482512417688122e+04
1.060746221961477568e+04 1.048409773401750317e+04
1.033741549397254130e+04 1.022006321408838448e+04
1.002588005841622726e+04 9.917448207655557781e+03
9.669513622889602630e+03 9.573354137878417532e+03
9.269104746972276189e+03 9.188785019083492443e+03
8.828597007579814090e+03 8.767664044967590598e+03
8.355427205326859621e+03 8.317157688940214939e+03
7.859058922341502694e+03 7.846249918469247859e+03
7.351149660329328071e+03 7.365923583492152829e+03
6.844961092922934768e+03 6.888539646441809055e+03
6.354771342278377233e+03 6.427352038165477097e+03
5.894385254542975417e+03 5.995042673628106058e+03
5.477326762905407122e+03 5.603961573530293208e+03
5.113655470482834971e+03 5.263163082216882685e+03
4.810336151972088373e+03 4.978769576777496695e+03
4.568734686247320496e+03 4.751712627865363174e+03
4.386460782857622689e+03 4.579440450138308734e+03
4.255862254123345338e+03 4.454624406810335131e+03
4.166266670418252943e+03 4.367226618403224165e+03
4.103564073609903971e+03 4.304189688567475969e+03
4.051135257532709602e+03 4.250322591254613144e+03
3.991475005652642722e+03 4.189776183723950453e+03
3.907964366915235587e+03 4.107646160465993489e+03
3.787908634778481428e+03 3.992691490637180323e+03
3.624523849178648106e+03 3.839073056268685832e+03
3.418480312577456971e+03 3.647677847561275030e+03
3.178706277704933200e+03 3.426787550749653292e+03
2.922153555298996707e+03 3.191777986744105874e+03
2.670580953462675097e+03 2.962114291908940686e+03
2.444706342125331048e+03 2.756107511548948878e+03
2.258910062712062881e+03 2.586254047354041177e+03
2.119315103051479582e+03 2.457617464593287878e+03
2.024813843013631185e+03 2.368856490580413720e+03
1.967753699180634612e+03 2.312942851711619824e+03
1.933338929969022502e+03 2.276734085426797265e+03
1.901423402997918174e+03 2.242604672334100542e+03
1.852790005392074818e+03 2.193917379013567370e+03
1.775774289517516308e+03 2.120731030199147426e+03
1.668740925570490617e+03 2.021882794123705253e+03
1.540365093362910784e+03 1.905118034479555490e+03
1.407617805731914586e+03 1.785181535313765380e+03
1.289009981531539779e+03 1.677865261730252996e+03
1.197163411888655446e+03 1.593669076390628334e+03
1.135485616153126330e+03 1.535154850264128072e+03
1.097450553691142659e+03 1.496550890798097726e+03
1.068614124794909230e+03 1.465608171724700924e+03
1.033554493065451879e+03 1.429452481579675577e+03
9.826689693483908741e+02 1.380220322183528651e+03
9.157559738204907944e+02 1.317951212390438741e+03
8.425531479316141485e+02 1.250848681964351499e+03
7.765423210771291451e+02 1.189972895152608316e+03
7.262617343711672220e+02 1.142104164650882467e+03
6.917992484300685874e+02 1.107088384508309673e+03
6.653958269754557477e+02 1.078545750996036077e+03
6.365703130954281050e+02 1.048093406028519439e+03
5.996913272754899253e+02 1.011359512901402582e+03
5.570565937008195760e+02 9.702902554723982576e+02
5.161129444524148084e+02 9.307681866384889418e+02
4.831415913504873174e+02 8.975861342602515833e+02
4.582249526304055394e+02 8.706689879481505159e+02
4.361704076880432126e+02 8.459774732275542419e+02
4.118282918761978522e+02 8.196365222421646877e+02
3.845747345384615414e+02 7.912528910212352002e+02
3.581377679757259216e+02 7.636327467426303883e+02
3.358550208443357405e+02 7.391823578287829832e+02
3.173381665265374636e+02 7.175437182093776300e+02
2.995105465331576511e+02 6.964777448439447198e+02
2.807099099810645271e+02 6.748299312430629016e+02
2.621553922767786844e+02 6.534814891962319052e+02
2.457127228226001421e+02 6.337050902648599049e+02
2.312456277338297070e+02 6.153676248435739353e+02
2.172910615331077508e+02 5.974700771991040256e+02
2.033791915553074432e+02 5.797118406509372335e+02
1.903300009148110519e+02 5.626289132409793865e+02
1.785770799469188717e+02 5.464800717226321467e+02
1.675423782122619230e+02 5.308858568302174490e+02
1.568631515967258565e+02 5.156210235383557574e+02
1.467869293375760549e+02 5.008281581283810624e+02
1.373967054104936381e+02 4.865513944964702659e+02
1.286312303164040145e+02 4.727519638012445284e+02
1.204360173369158105e+02 4.593940575082282862e+02
1.127625508093510120e+02 4.464446172560915329e+02
1.055675950787985045e+02 4.338731456321666542e+02
9.881258974152217434e+01 4.216515356063295599e+02
9.246347471717788835e+01 4.097542400961102658e+02
8.649530978651620217e+01 3.981630004325937762e+02
8.088917118396089734e+01 3.868650889824690466e+02
7.562674935927668685e+01 3.758486876910466208e+02
7.069023825540750749e+01 3.651027094777066964e+02
6.606237202765024108e+01 3.546167584523449250e+02
6.172645418183785893e+01 3.443810924091905576e+02
5.766637977080676336e+01 3.343865873997064568e+02
5.386632544924990640e+01 3.246245515446344712e+02
5.031011984994673725e+01 3.150863517865654444e+02
4.698235310132855602e+01 3.057638483237850551e+02
4.386858857003901591e+01 2.966494817471286183e+02
4.095530044612717546e+01 2.877362410547482909e+02
3.822981544706347989e+01 2.790176332242189687e+02
3.568025835874061613e+01 2.704876542038193179e+02
3.329550742096656535e+01 2.621407909111275103e+02
3.106525933881070500e+01 2.539725543898980789e+02
2.897993783593927120e+01 2.459793263471693479e+02
2.703052739896850198e+01 2.381577508324584471e+02
2.520853902439558780e+01 2.305046954652722491e+02
2.350598229373568415e+01 2.230172361725511507e+02
2.191533870265007167e+01 2.156926424247656087e+02
2.042953620604167853e+01 2.085283629489012469e+02
1.904191812418006435e+01 2.015220989178251330e+02
1.774620319332978369e+01 1.946720289062166671e+02
1.653648969672327951e+01 1.879764946429917529e+02
1.540724064224270506e+01 1.814338987682018285e+02
1.435326229696279121e+01 1.750426965789933149e+02
1.336968390585119337e+01 1.688013881009739237e+02
1.245193853501955950e+01 1.627085104868290273e+02
1.159574502964241738e+01 1.567626427703029037e+02
1.079709202108542421e+01 1.509626868570325939e+02
1.005222149378565355e+01 1.453078247923102140e+02
9.357612234600733103e+00 1.397971722475855358e+02
8.709965527376299477e+00 1.344297616892813494e+02
8.106191721224359270e+00 1.292045428165801297e+02
7.543397561816010288e+00 1.241203832342546747e+02
7.018874245917916532e+00 1.191760693561336666e+02
6.530085991999149186e+00 1.143704035799217706e+02
6.074658912071096317e+00 1.097025231721542156e+02
5.650371746879923052e+00 1.051715225470231729e+02
5.255146662973155358e+00 1.007763216543669245e+02
4.887040342113762037e+00 9.651567572072289636e+01
4.544235597397926263e+00 9.238818500537476552e+01
4.225033486985070752e+00 8.839230452574533103e+01
3.927845885877897736e+00 8.452635915578188985e+01
3.651188154208891756e+00 8.078872246658006873e+01
3.393672638690666155e+00 7.717782373114310701e+01
3.154003015087547990e+00 7.369193039835901970e+01
2.930968495806751228e+00 7.032914921521395968e+01
2.723438362214746000e+00 6.708744114492148469e+01
