1.624111392164917743e+04 1.616302197560430432e+04
1.641647776181456356e+04 1.633535448227468805e+04
1.658598115203604539e+04 1.650175317169522532e+04
1.674913193851432152e+04 1.666172851049713790e+04
1.690543363567959386e+04 1.681478705177193478e+04
1.705437963934409345e+04 1.696042566359182456e+04
1.719544153449218720e+04 1.709811988894538445e+04
1.732808778676578368e+04 1.722734261864780274e+04
1.745178635346014562e+04 1.734756675006820296e+04
1.756597925231557747e+04 1.745824021292689577e+04
1.767009582029934609e+04 1.755879907841150634e+04
1.776357311474171001e+04 1.764868768255890245e+04
1.784584553324895023e+04 1.772734853681610184e+04
1.791633357292941218e+04 1.779421140773913794e+04
1.797447060800724648e+04 1.784871957087828196e+04
1.801970521011180244e+04 1.789033216319041821e+04
1.805147542019580942e+04 1.791849928370016278e+04
1.806922983233745254e+04 1.793268255897607378e+04
1.807244673071774741e+04 1.793237380170232063e+04
1.806062361793360105e+04 1.791708524788590148e+04
1.803327308430395351e+04 1.788634580620534325e+04
1.798994803588296418e+04 1.783972510526945916e+04
1.793024610827997822e+04 1.777683802821935751e+04
1.785380537216356242e+04 1.769734182655911354e+04
1.776031514691385019e+04 1.760094560539184386e+04
1.764952399461732057e+04 1.748741756175932824e+04
1.752125487106208311e+04 1.735660148686729008e+04
1.737541050590012310e+04 1.720842222880567351e+04
1.721196262205700623e+04 1.704287291029835978e+04
1.703096975235056379e+04 1.686003308625004138e+04
1.683263107449419113e+04 1.666012443355002324e+04
1.661723390453341199e+04 1.644345582836178073e+04
1.638514010278110436e+04 1.621040886401777061e+04
1.613688758040022003e+04 1.596154107421720619e+04
1.587317411100795289e+04 1.569756916120386632e+04
1.559475257706604862e+04 1.541926207574602267e+04
1.530249676732989974e+04 1.512750724491434994e+04
1.499755015670676949e+04 1.482346050997392376e+04
1.468111497013299777e+04 1.450833314685035657e+04
1.435441780234041835e+04 1.418335698690993013e+04
1.401897526420392387e+04 1.385004963084077463e+04
1.367647292138100966e+04 1.351009351006134420e+04
1.332853084968368421e+04 1.316510197056853031e+04
1.297684205584210031e+04 1.281675676636649951e+04
1.262335738247513473e+04 1.246699168683477001e+04
1.226993481868672825e+04 1.211764507054349269e+04
1.191833317772506234e+04 1.177045304100640169e+04
1.157066308927194586e+04 1.142748917776859707e+04
1.122909679214581774e+04 1.109088263581510000e+04
1.089556374376878375e+04 1.076252251627676560e+04
1.057160688941558328e+04 1.044391453665555673e+04
1.025829139861466683e+04 1.013608988567915549e+04
9.956502401444642601e+03 9.839903349333550068e+03
9.667138454628304316e+03 9.556220356238962268e+03
9.391972764665484647e+03 9.286740833251422373e+03
9.132970199486353522e+03 9.033348479293465061e+03
8.891769053804622672e+03 8.797614717264686988e+03
8.668067165410491725e+03 8.579217382097278460e+03
8.459936326342791290e+03 8.376245300438191407e+03
8.265552237465215512e+03 8.186890904211841189e+03
8.083189980663237293e+03 8.009450304885767764e+03
7.911211326519965041e+03 7.842309845394224794e+03
7.748023782112568369e+03 7.683902422654331531e+03
7.591422216397747434e+03 7.532077301209109464e+03
7.438979555150191118e+03 7.384471665953134107e+03
7.288137868114222329e+03 7.238602792055743521e+03
7.135795994824321497e+03 7.091480308025477825e+03
6.978924873095011208e+03 6.940182420269972681e+03
6.814144320774342305e+03 6.781472081853043164e+03
6.638174475698148854e+03 6.612208977764762494e+03
6.448434018870452746e+03 6.429941552007886457e+03
6.243066094908325795e+03 6.232920951120376230e+03
6.021523609411532561e+03 6.020659931274994051e+03
5.784611631747653519e+03 5.793974421874764630e+03
5.534622029267659855e+03 5.555097041577864729e+03
5.275161144193752989e+03 5.307517452440810303e+03
5.010695525977052966e+03 5.055528298111654294e+03
4.746099796137708836e+03 4.803801192208428802e+03
4.486535641357800159e+03 4.557258458496329695e+03
4.237071262587155616e+03 4.320711964924204949e+03
4.002859151976442263e+03 4.099012641389063901e+03
3.788245244063258269e+03 3.896248998758664584e+03
3.597004640530968118e+03 3.715905190796843726e+03
3.431306940797608604e+03 3.559964485010565568e+03
3.291383357938634163e+03 3.428537619957661718e+03
3.175208307105902804e+03 3.319632168639589509e+03
3.078744123281040629e+03 3.229354029433766755e+03
2.996151730661063993e+03 3.152152547126750051e+03
2.920781973588173514e+03 3.081728612550520211e+03
2.845538794887688255e+03 3.011394706748261342e+03
2.763865605921479982e+03 2.934991423613688767e+03
2.670455905254051686e+03 2.847547320134408892e+03
2.562237993397847731e+03 2.746211691049960336e+03
2.439068024335213977e+03 2.630900061454768093e+03
2.303633833155871798e+03 2.504187799508627450e+03
2.161065024837619148e+03 2.370934528612473059e+03
2.018307664782220854e+03 2.237671186048689833e+03
1.883287123346113276e+03 2.111780279183382845e+03
1.763322282464728232e+03 2.000010106466225352e+03
1.663112967738981069e+03 1.906626933416316433e+03
1.583329669566646999e+03 1.832143316883374382e+03
1.520819763936846357e+03 1.773557468717111988e+03
1.470072758464622211e+03 1.725734945358945197e+03
1.424303538712817499e+03 1.682407347599322520e+03
1.376058460804895276e+03 1.636723386899919660e+03
1.319061097640803837e+03 1.582943819777095086e+03
1.251075192391900146e+03 1.519070267728696990e+03
1.174797121955788953e+03 1.447644051881015912e+03
1.095957714924358697e+03 1.373960683817063455e+03
1.021132071422256786e+03 1.304020141131009495e+03
9.561426772283435866e+02 1.243053140313176755e+03
9.037274762215195096e+02 1.193441821652936369e+03
8.625736309755517368e+02 1.153915380082496767e+03
8.281349127124558436e+02 1.120341339452583497e+03
7.944186957542041227e+02 1.087344754809680353e+03
7.564790567616812496e+02 1.050536522219137851e+03
7.132130549840836693e+02 1.008990441513754149e+03
6.673035666189434778e+02 9.651455511689166542e+02
6.230987621536954748e+02 9.228647277961166537e+02
5.846019134641104529e+02 8.856314224068269141e+02
5.530848883593174605e+02 8.544872588420485044e+02
5.264144219634270030e+02 8.275215222968136004e+02
5.009951136313605957e+02 8.016057592531492446e+02
4.739890057860813499e+02 7.743177022246475190e+02
4.451476600333614897e+02 7.454863843131892054e+02
4.167181404669328231e+02 7.170521573093363941e+02
3.911007513758556797e+02 6.910315082645034863e+02
3.690570606916251677e+02 6.680224262164783795e+02
3.493654724112333838e+02 6.469729207663767738e+02
3.300586072437515668e+02 6.262513738090311790e+02
3.103251048550362725e+02 6.052111510566968491e+02
2.909795905160179359e+02 5.845320305966429260e+02
2.732217528162688609e+02 5.651747967379869806e+02
2.573475277270911761e+02 5.473521130551368969e+02
2.425692944936069182e+02 5.304247072351876113e+02
2.281137548272969298e+02 5.137889288441190274e+02
2.140362454615442687e+02 4.974954556084269370e+02
2.008885742206250313e+02 4.819638471639084969e+02
1.888330548107748541e+02 4.673039275514591395e+02
1.775101514131810063e+02 4.532381784139820979e+02
1.666228927678334344e+02 4.395474787964916459e+02
1.562837769715171987e+02 4.263132361416920162e+02
1.466609595965511517e+02 4.136494560993415917e+02
1.376606808735288325e+02 4.014829024931143522e+02
1.291201031216999411e+02 3.896975757672951772e+02
1.210456516671521996e+02 3.782954606604506012e+02
1.134877870882042004e+02 3.673055107877582373e+02
1.063910729374059656e+02 3.566866555620465533e+02
9.969856027873430548e+01 3.463985242796296689e+02
9.340667220908021307e+01 3.364354014482773323e+02
8.749513623136033402e+01 3.267813621277659877e+02
8.194176597736638712e+01 3.174195092022059725e+02
7.672564005221947525e+01 3.083340663935438783e+02
7.182703022109333801e+01 2.995103082308909279e+02
6.722734246111082257e+01 2.909345076130308598e+02
6.290926146729233182e+01 2.825941823916093085e+02
5.885663814277769035e+01 2.744780211483603694e+02
5.505417181066371057e+01 2.665754738274345641e+02
5.148736044609897533e+01 2.588766902879514760e+02
4.814246559742150566e+01 2.513724802730601198e+02
4.500647832607050702e+01 2.440542759896532345e+02
4.206708617897071889e+01 2.369140970717551511e+02
3.931262707160546910e+01 2.299446008206922158e+02
3.673202861814162645e+01 2.231392489396841654e+02
3.431482774772052124e+01 2.164920172602380148e+02
3.205115199993481667e+01 2.099972996958781835e+02
2.993168909706136915e+01 2.036498850212222749e+02
2.794765787143801816e+01 1.974449348159103010e+02
2.609078050306121810e+01 1.913779624728151418e+02
2.435325617221583272e+01 1.854448300932462530e+02
2.272773766617930846e+01 1.796419537197228635e+02
2.120730614317344376e+01 1.739661915470616123e+02
1.978544642241812923e+01 1.684146289600449791e+02
1.845602521724864076e+01 1.629845595791476001e+02
1.721327044642311677e+01 1.576734718604635646e+02
1.605175153844766811e+01 1.524790361635175202e+02
1.496636068742382086e+01 1.473990926052053680e+02
1.395229400760836214e+01 1.424317483748231723e+02
1.300503356470781213e+01 1.375754996904128120e+02
1.212033387326354195e+01 1.328289645576076623e+02
1.129420687734152295e+01 1.281908321852767756e+02
1.052290729818201065e+01 1.236598554655971469e+02
9.802918743436178417e+00 1.192348437220698258e+02
9.130940543791666641e+00 1.149146557248296574e+02
8.503875140876736793e+00 1.106982301844738998e+02
7.918815246630453331e+00 1.065848637363020259e+02
7.373033606885589286e+00 1.025739972706349903e+02
6.863973134543011057e+00 9.866502070464875374e+01
6.389236834160350043e+00 9.485727061551267525e+01
5.946578276090732196e+00 9.115002985521100243e+01
5.533892599590799044e+00 8.754252735476428882e+01
5.149208014872317385e+00 8.403394082014386868e+01
4.790677545004744076e+00 8.062359028955160056e+01
4.456571390667302346e+00 7.731102687446787058e+01
4.145270239592822037e+00 7.409569490274330406e+01
3.855258553570301228e+00 7.097690481645200578e+01
3.585118199694112828e+00 6.795384057514431220e+01
3.333522450837747897e+00 6.502556706804097075e+01
3.099230335575183570e+00 6.219103751069464181e+01
2.881081268180150534e+00 5.944913552646567467e+01
