1.606773849923721173e+04 1.597703575885311511e+04
1.626222774701505477e+04 1.616781522868830871e+04
1.645122222015830630e+04 1.635300047869218361e+04
1.663421982318777373e+04 1.653209007610710614e+04
1.681070779042067079e+04 1.670457261937707881e+04
1.698014808626533704e+04 1.686991307877002328e+04
1.714199405300090802e+04 1.702756864421047794e+04
1.729569618864145014e+04 1.717699423993352320e+04
1.744068056929032537e+04 1.731762101978897772e+04
1.757635233965402222e+04 1.744885989581881950e+04
1.770211931489020935e+04 1.757012512298864385e+04
1.781738647664414384e+04 1.768082897655163470e+04
1.792153876605665209e+04 1.778036494571546427e+04
1.801396638350524154e+04 1.786813263895074488e+04
1.809407172631650974e+04 1.794354465878737756e+04
1.816124740309690242e+04 1.800600515696338698e+04
1.821488638347956294e+04 1.805491985836925596e+04
1.825440530131009291e+04 1.808971893784017084e+04
1.827923900347813105e+04 1.810985190709409653e+04
1.828882919960873187e+04 1.811477682974622439e+04
1.828264990544700777e+04 1.810398491796835515e+04
1.826021502214709471e+04 1.807700800001787866e+04
1.822107574407805077e+04 1.803341686139902595e+04
1.816482795214773432e+04 1.797282809861014539e+04
1.809112107830375680e+04 1.789491221078461967e+04
1.799967082421982923e+04 1.779940688487012449e+04
1.789027176683995640e+04 1.768613016411167700e+04
1.776278498342616876e+04 1.755496660268768755e+04
1.761714700096387969e+04 1.740587604882650339e+04
1.745342947815817752e+04 1.723895443728667669e+04
1.727180490828774782e+04 1.705439838264745777e+04
1.707251601696905709e+04 1.685247360921097788e+04
1.685595180823503688e+04 1.663359147144823146e+04
1.662269212333319956e+04 1.639835358489004648e+04
1.637338449008303724e+04 1.614742727027727233e+04
1.610876519587277471e+04 1.588156640644126674e+04
1.582984506316203260e+04 1.560179730585569814e+04
1.553774842110301506e+04 1.530925700675193366e+04
1.523361786056210076e+04 1.500509770219971688e+04
1.491882089783006995e+04 1.469069213717371531e+04
1.459499472776904076e+04 1.436767775059843007e+04
1.426374347399052385e+04 1.403765549914328221e+04
1.392668369814036305e+04 1.370223495845005345e+04
1.358572361457833176e+04 1.336331084069839017e+04
1.324276444900808747e+04 1.302276716764084995e+04
1.289958645897023962e+04 1.268236451180029871e+04
1.255822210644792176e+04 1.234410477914808871e+04
1.222094173732904346e+04 1.201021727997505513e+04
1.188981232314686167e+04 1.168272819085994888e+04
1.156659217247986453e+04 1.136335776944130339e+04
1.125249325805021726e+04 1.105328721275539101e+04
1.094849644991331297e+04 1.075346951726841507e+04
1.065550118532922170e+04 1.046477618798250478e+04
1.037512454470848024e+04 1.018876632950447129e+04
1.010952384383486060e+04 9.927516498837898325e+03
9.860629930642775435e+03 9.682884022219486724e+03
9.628997023911715587e+03 9.455387178391871203e+03
9.412844836446531190e+03 9.243272164699368659e+03
9.210280023756897208e+03 9.044677235291781471e+03
9.019527784419444288e+03 8.857861337560503671e+03
8.838880892519307963e+03 8.681157241710994640e+03
8.666730983846797244e+03 8.512995589268175536e+03
8.501028047830635842e+03 8.351387575860049765e+03
8.339261826598520202e+03 8.193906263477403627e+03
8.178929669460836521e+03 8.038134326565136689e+03
8.016946446303545599e+03 7.881108106804888848e+03
7.850197942314924148e+03 7.719836922030473943e+03
7.675372659638865116e+03 7.551152292542067698e+03
7.489054144364429703e+03 7.371791268252570262e+03
7.288382487662654057e+03 7.179028782692146706e+03
7.071219896795773820e+03 6.970846079965017452e+03
6.836537150961044972e+03 6.746281291176341256e+03
6.585096352406532787e+03 6.506102904229071100e+03
6.318872129081576531e+03 6.252228500777418958e+03
6.041540245373506878e+03 5.988208470601666704e+03
5.757564647789234186e+03 5.718329290909259726e+03
5.472184538686104133e+03 5.447609556685507414e+03
5.190823572606722337e+03 5.181223079888883149e+03
4.918857494923167906e+03 4.924284336230855843e+03
4.661764224454039322e+03 4.681957461992631579e+03
4.424321131943293040e+03 4.458751642795893531e+03
4.210635924589550996e+03 4.258477816676251678e+03
4.023597734445555034e+03 4.083809990790729444e+03
3.863739486673848660e+03 3.935156226330851950e+03
3.729680835146940808e+03 3.811137079590578196e+03
3.617247398526043071e+03 3.707737548269992203e+03
3.520593762507147403e+03 3.619389200197069840e+03
3.432556011678630057e+03 3.539288399955106797e+03
3.345514857737540751e+03 3.460216972393786818e+03
3.252315386944437250e+03 3.375390442493266619e+03
3.146991419312094422e+03 3.279144401750511406e+03
3.025954873914374275e+03 3.168073336946638847e+03
2.888588072704008937e+03 3.041591044621832225e+03
2.737419822419324191e+03 2.902107699672030776e+03
2.577751112839115194e+03 2.754671763604956141e+03
2.416833652524352601e+03 2.606158282867307662e+03
2.263007269619316503e+03 2.464422772533116586e+03
2.124346003917422877e+03 2.337011573514793781e+03
2.006677738400015187e+03 2.229305457355054841e+03
1.911596091541031001e+03 2.142695571592590113e+03
1.836138771113236999e+03 2.074340737496605470e+03
1.774361164825988681e+03 2.018655443161242374e+03
1.718919797111432672e+03 1.968773912312091170e+03
1.661860967946682877e+03 1.917265062161048263e+03
1.596083782044457621e+03 1.857492612514307666e+03
1.518279651489244316e+03 1.786379949999073006e+03
1.430694717068462069e+03 1.706069389516450428e+03
1.339497804839238142e+03 1.622365842417117847e+03
1.251953848711074670e+03 1.542041681044174538e+03
1.174530367059948276e+03 1.471044062481968240e+03
1.110950547686823938e+03 1.412720405318772919e+03
1.060289101836428699e+03 1.366137425713217226e+03
1.017851189755397058e+03 1.326942574900902855e+03
9.771391890082006739e+02 1.289175597635841314e+03
9.323710763739579761e+02 1.247563147509335295e+03
8.815914702156725298e+02 1.200363139306234189e+03
8.274511603819056518e+02 1.150049665942523916e+03
7.747167862306536108e+02 1.100981064243018864e+03
7.279120775592720065e+02 1.057213820354392737e+03
6.889961162930721912e+02 1.020438570833139124e+03
6.560067979166826717e+02 9.888417298743057700e+02
6.249528352728207210e+02 9.588512624740752699e+02
5.924991002728645526e+02 9.275294964125954493e+02
5.579304379287125357e+02 8.942906277179362178e+02
5.235107666529114567e+02 8.611581791841538234e+02
4.920762637263250099e+02 8.305976684775299645e+02
4.647134799588010878e+02 8.035067686899025148e+02
4.403003102324096290e+02 7.788824864907317078e+02
4.166311530635242661e+02 7.548364938824220189e+02
3.925629282500530621e+02 7.304231857198727766e+02
3.688323970872860968e+02 7.062848115856951381e+02
3.468229638298047348e+02 6.835696999118963504e+02
3.270214685556971403e+02 6.626533383077554618e+02
3.086417612547447220e+02 6.428749649742708243e+02
2.907641375985024865e+02 6.234940213828115247e+02
2.733128380310882335e+02 6.044614682866908879e+02
2.569062134443365721e+02 5.862644266313750450e+02
2.417943710960591375e+02 5.690835229038241323e+02
2.276232980641582913e+02 5.526358832205993394e+02
2.140157181346982043e+02 5.366358253796323652e+02
2.010508870886282864e+02 5.211435492298721783e+02
1.889340354926777366e+02 5.063031807899450882e+02
1.775906399498576320e+02 4.920524289871159453e+02
1.668300630815883778e+02 4.782524467443581671e+02
1.566330447499861691e+02 4.648875819540513703e+02
1.470618149349044188e+02 4.519948919987347153e+02
1.380644638109072844e+02 4.395338009669742974e+02
1.295846953278428089e+02 4.274638747648973549e+02
1.215925080154243290e+02 4.157614883873447980e+02
1.140636703820064497e+02 4.044065849622481323e+02
1.069748535769760025e+02 3.933804374991220811e+02
1.003035496691736768e+02 3.826655274661790145e+02
9.402807808533998468e+01 3.722454719761748834e+02
8.812758722415405543e+01 3.621049561394760303e+02
8.258176813457676246e+01 3.522294468874488871e+02
7.737044996160274479e+01 3.426047664007667208e+02
7.247440234982195761e+01 3.332176160721936640e+02
6.787544094843430287e+01 3.240556381514825830e+02
6.355637412756605187e+01 3.151073635206427070e+02
5.950095219836037330e+01 3.063621631053556484e+02
5.569381903095948871e+01 2.978102025673512117e+02
5.212047612568068189e+01 2.894424466617966232e+02
4.876732153855085983e+01 2.812510240358021747e+02
4.562153994464875240e+01 2.732289379811407457e+02
4.267100256131819691e+01 2.653697512601612516e+02
3.990423432429816586e+01 2.576675535521061988e+02
3.731038297490863442e+01 2.501169336846841134e+02
3.487918927827273308e+01 2.427129531076151068e+02
3.260095817625293790e+01 2.354511233312312584e+02
3.046651821299542817e+01 2.283275951895735716e+02
2.846719070258310325e+01 2.213392496511987133e+02
2.659478840460074878e+01 2.144833079226979180e+02
2.484159217341223780e+01 2.077572746702732616e+02
2.320032628752177217e+01 2.011589199230673444e+02
2.166413492629771653e+01 1.946862614169621395e+02
2.022655975176295229e+01 1.883375473431092644e+02
1.888151869592872956e+01 1.821113448396695276e+02
1.762328618916816225e+01 1.760069725772040101e+02
1.644647311891509744e+01 1.700240298857491439e+02
1.534600815817940855e+01 1.641621687831309941e+02
1.431712030879127973e+01 1.584210840698845004e+02
1.335532230796051145e+01 1.528005038978553216e+02
1.245639486226316528e+01 1.473001806165093797e+02
1.161637160315070183e+01 1.419199030400557149e+02
1.083152328692602495e+01 1.366599770372318403e+02
1.009834479018440945e+01 1.315211465099005181e+02
9.413544255842730024e+00 1.265040149341208604e+02
8.774030914980395224e+00 1.216090198438136554e+02
8.176903465158503082e+00 1.168364353395944164e+02
7.619439070785682944e+00 1.121863749433755828e+02
7.099082955826746755e+00 1.076587948413927478e+02
6.613438375262687963e+00 1.032536770163885507e+02
6.160256986993266182e+00 9.897137978114965051e+01
5.737430652563883626e+00 9.481210159594299114e+01
5.342983225920673540e+00 9.077576873806776803e+01
4.975062669175416730e+00 8.686205016645013188e+01
4.631933610573144122e+00 8.307037246743668391e+01
4.311970321992008692e+00 7.939993481186282054e+01
4.013650064342386692e+00 7.584974042622177137e+01
3.735546549485563528e+00 7.241877834813415404e+01
