2.949991155135571535e+04 2.927383153329731795e+04
2.980489779980242020e+04 2.957008209632755825e+04
3.009685762685812733e+04 2.985311649067297913e+04
3.037481316069588866e+04 3.012196699665027336e+04
3.063778063885895244e+04 3.037566164596269664e+04
3.088477179588010767e+04 3.061322533281553842e+04
3.111474848667480910e+04 3.083363474282380776e+04
3.132665482840153709e+04 3.103585042062783396e+04
3.151944732402193767e+04 3.121884679770245930e+04
3.169207057677826742e+04 3.138158868571798666e+04
3.184344667644755464e+04 3.152302111782131396e+04
3.197252172833042641e+04 3.164211482658948444e+04
3.207826461562883196e+04 3.173786517884343266e+04
3.215962586371737780e+04 3.180925231827505195e+04
3.221558295500269378e+04 3.185528541004293947e+04
3.224516535822758306e+04 3.187502711878863920e+04
3.224743418633627880e+04 3.186757449165948856e+04
3.222148749959143970e+04 3.183206426690831358e+04
3.216649723063752754e+04 3.176770823804299289e+04
3.208171548401163454e+04 3.167379991600277936e+04
3.196647470816828718e+04 3.154971609882092162e+04
3.182020311482004399e+04 3.139493026976114561e+04
3.164243668884675935e+04 3.120902394057021229e+04
3.143286199791076433e+04 3.099173087049302558e+04
3.119131189354694652e+04 3.074293188025729251e+04
3.091774103222725171e+04 3.046262856883629865e+04
3.061228561920657739e+04 3.015100337683253747e+04
3.027534532494851010e+04 2.980850201346477843e+04
2.990746191465630545e+04 2.943570992965925325e+04
2.950932538310849122e+04 2.903335784688372223e+04
2.908199876697563377e+04 2.860254668629183288e+04
2.862678155428820901e+04 2.814460989175391296e+04
2.814506253748264135e+04 2.766096548930541394e+04
2.763854208575227676e+04 2.715333749977008483e+04
2.710936847662396031e+04 2.662389122578335810e+04
2.655973853475076976e+04 2.607483439233518220e+04
2.599194941367099455e+04 2.550846825411698956e+04
2.540890950542071005e+04 2.492769430425063547e+04
2.481366538386091270e+04 2.433554415121025886e+04
2.420914144904490968e+04 2.373492131509730098e+04
2.359855315658647669e+04 2.312901084011611238e+04
2.298543772628869192e+04 2.252130954167672826e+04
2.237309632610893459e+04 2.191507389951136793e+04
2.176479081165066600e+04 2.131351337905028049e+04
2.116443641660340290e+04 2.072046982330867104e+04
2.057579083154509863e+04 2.013962304399666755e+04
2.000217479839689986e+04 1.957421845423829291e+04
1.944605093929106442e+04 1.902665830124001877e+04
1.890917246571452415e+04 1.849864844921428812e+04
1.839304418889470617e+04 1.799164904260992989e+04
1.789955107436320759e+04 1.750748412827659558e+04
1.743197179329330538e+04 1.704932348486117189e+04
1.699348361869881410e+04 1.662023733464113684e+04
1.658627956560418170e+04 1.622234119563931563e+04
1.620798139573263870e+04 1.585331001480125269e+04
1.585458982712875695e+04 1.550924592176323131e+04
1.552244218769871622e+04 1.518658240151317659e+04
1.520823581274108983e+04 1.488211787066892612e+04
1.490894900012448852e+04 1.459292914217584439e+04
1.462136415326357564e+04 1.431590519130321809e+04
1.434101504018828200e+04 1.404673293991444189e+04
1.406339423918614193e+04 1.378105465207800989e+04
1.378331045548015391e+04 1.351384950069834485e+04
1.349490762918091968e+04 1.323944642461004514e+04
1.319247176158541151e+04 1.295229615585400461e+04
1.286986361218241836e+04 1.264642808418734057e+04
1.252171788549685516e+04 1.231659324906645452e+04
1.214463973469479606e+04 1.195945355169150025e+04
1.173679935999980080e+04 1.157316366549365011e+04
1.129955901332691428e+04 1.115899270512870135e+04
1.083635121323122803e+04 1.072021287607710656e+04
1.035373924050283495e+04 1.026316063935877901e+04
9.859677488030447421e+03 9.795529742318607532e+03
9.363446625580141699e+03 9.326307755541733059e+03
8.874375757039917517e+03 8.864530153562433043e+03
8.402007139710638512e+03 8.419432920928358726e+03
7.955646720758652009e+03 7.999978982748838462e+03
7.544097006998643337e+03 7.614638875996232855e+03
7.174264426343263949e+03 7.270028966847333322e+03
6.851340206026131455e+03 6.971084458128324513e+03
6.576256949306393835e+03 6.718667776574407981e+03
6.346462728055197658e+03 6.510276593593086545e+03
6.154505889092124562e+03 6.338736200049733270e+03
5.990270756690157214e+03 6.194279329662999771e+03
5.840995390338324796e+03 6.064565349072693607e+03
5.693571969981024267e+03 5.936827785243389371e+03
5.535363340608526414e+03 5.798649057488723884e+03
5.356117394777391382e+03 5.639842855719215549e+03
5.149522976581272815e+03 5.454023142030408053e+03
4.914402575899831390e+03 5.239855751765433524e+03
4.655295835349790650e+03 5.001722303657332304e+03
4.381273730753394375e+03 4.748540629021057612e+03
4.104793442600106573e+03 4.492596555159058880e+03
3.840321279182259332e+03 4.248116739493480964e+03
3.602151842224944630e+03 4.029035741380246236e+03
3.400387042480117088e+03 3.845088480706268001e+03
3.237634139016548033e+03 3.698707775015650441e+03
3.108800828495255701e+03 3.584896621103153393e+03
3.003725780570950519e+03 3.493792076778848696e+03
2.909886410400617024e+03 3.413228304762270454e+03
2.813573114637186791e+03 3.329793751206743764e+03
2.702384904886731420e+03 3.231257046709447877e+03
2.570536761538834980e+03 3.111870753073901142e+03
2.421877907782920829e+03 2.975451190822096123e+03
2.266861201362988140e+03 2.832367474390125153e+03
2.117761544873412277e+03 2.694701543327183117e+03
1.985812000083412613e+03 2.573342322914555098e+03
1.877246521538181241e+03 2.474188393307902061e+03
1.790783708866772486e+03 2.395865873942735561e+03
1.718552568517040299e+03 2.330728891449122784e+03
1.649589822774321419e+03 2.268209923615087973e+03
1.573971114155621080e+03 2.198768799438037149e+03
1.488317748673349570e+03 2.119230164443047670e+03
1.396954281099086302e+03 2.033875805822401617e+03
1.307742512916935084e+03 1.950309958126470974e+03
1.228331251835308194e+03 1.875761161259893470e+03
1.162136709122791444e+03 1.813318756821953684e+03
1.105992122358253482e+03 1.759893941887671645e+03
1.053340310663483706e+03 1.709330764346576643e+03
9.985857979018049946e+02 1.656474170605424661e+03
9.403924631992900913e+02 1.600194041425959540e+03
8.824158780410316467e+02 1.543937805085003674e+03
8.292970232647209059e+02 1.491925754755926846e+03
7.828973038170221344e+02 1.445750216175901414e+03
7.414885395407986834e+02 1.403787094392638664e+03
7.014890546336073385e+02 1.362856752686936261e+03
6.609714571768573705e+02 1.321324823371242019e+03
6.210491558915488213e+02 1.280214273607276027e+03
5.839230012597577115e+02 1.241409070580017442e+03
5.504310106631883173e+02 1.205564971326981095e+03
5.193570450803581480e+02 1.171628397177035822e+03
4.892309363281024730e+02 1.138397980028820029e+03
4.598740886894580626e+02 1.105756935142507473e+03
4.322382130072377322e+02 1.074464096589950941e+03
4.067334873693415602e+02 1.044811669661036376e+03
3.828284016488286170e+02 1.016369173705589787e+03
3.599211921681620083e+02 9.886845526514692892e+02
3.381067862811015630e+02 9.618306053871032191e+02
3.176952671914702933e+02 9.360173645946790657e+02
2.985805745845565866e+02 9.111523114993258332e+02
2.804685230899893895e+02 8.870253244030287760e+02
2.633136473056910631e+02 8.636006809038668735e+02
2.472030651825432415e+02 8.409231404883827281e+02
2.320702222060229758e+02 8.189376534706466373e+02
2.178081725639947024e+02 7.975704906364330782e+02
2.043641147532401874e+02 7.767795894428930978e+02
1.916983997508376660e+02 7.565310255728345510e+02
1.797725533242674203e+02 7.367931987370561728e+02
1.685493198230331018e+02 7.175366996148802627e+02
1.579926953001697996e+02 6.987341871471443255e+02
1.480679508969666358e+02 6.803602751900302792e+02
1.387414758599713025e+02 6.623913088803293476e+02
1.299794988785295118e+02 6.448043197317977047e+02
1.217491949819620203e+02 6.275775564444953716e+02
1.140195676382894163e+02 6.106910226237454253e+02
1.067613587933083323e+02 5.941263955411759525e+02
9.994695475330524914e+01 5.778669443765601272e+02
9.355029701671476516e+01 5.618974534939015939e+02
8.754679966568509997e+01 5.462041598516852901e+02
8.191340640784342497e+01 5.307754291528120802e+02
7.662856283885199105e+01 5.156021057899801008e+02
7.167188961679161707e+01 5.006761710981585338e+02
6.702410259569488460e+01 4.859905583871617409e+02
6.266696155589202988e+01 4.715391038408218947e+02
5.858322074485865016e+01 4.573164985495591850e+02
5.475658121190934224e+01 4.433182414681763817e+02
5.117163531153683209e+01 4.295408873148091971e+02
4.781378031155622921e+01 4.159833957627967607e+02
4.466922521160427095e+01 4.026457659584321505e+02
4.172497139196325122e+01 3.895282955210038267e+02
3.896877045931135086e+01 3.766315484866095176e+02
3.638908405676033908e+01 3.639563246973156083e+02
3.397504560117929628e+01 3.515036294540459494e+02
3.171642396980199763e+01 3.392746927824040881e+02
2.960359174679964411e+01 3.272724426078298166e+02
2.762749185620236858e+01 3.155014969204952990e+02
2.577960231495778842e+01 3.039661804786625794e+02
2.405190652820209252e+01 2.926704033666945293e+02
2.243686529339440838e+01 2.816176596924364048e+02
2.092739020715704612e+01 2.708110274220307474e+02
1.951681841548226615e+01 2.602531693408795377e+02
1.819888751952491646e+01 2.499467870719639961e+02
1.696771002357098368e+01 2.398958507138976017e+02
1.581775613223156363e+01 2.301039943499628464e+02
1.474383435247337459e+01 2.205740508520082415e+02
1.374107188092040843e+01 2.113080867592606751e+02
1.280489604716693997e+01 2.023074382086240632e+02
1.193101676218174312e+01 1.935727476761590822e+02
1.111540988323949719e+01 1.851040307615184304e+02
1.035430093777554283e+01 1.769011672441913277e+02
9.644150611048402766e+00 1.689637582345014266e+02
8.981641343300545088e+00 1.612907173254690463e+02
8.363664077544349595e+00 1.538803078003739415e+02
7.787305734739302210e+00 1.467301934265725265e+02
7.249837397497880254e+00 1.398374883378598952e+02
6.748703165116062053e+00 1.331988058297884550e+02
6.281509421709651875e+00 1.268103295579761181e+02
5.846014650527838974e+00 1.206678926232419968e+02
5.440120725226872622e+00 1.147669586380594353e+02
5.061864193901625342e+00 1.091026541848793556e+02
