3.027741602564933783e+04 3.006430910683458933e+04
3.058887169601882124e+04 3.036759926046693363e+04
3.088754660480329767e+04 3.065793395086740566e+04
3.117247495970252203e+04 3.093435448054947119e+04
3.144264330912731384e+04 3.119585852316544333e+04
3.169703200127775926e+04 3.144143920411854197e+04
3.193461734522145707e+04 3.167008695718890885e+04
3.215431801947433632e+04 3.188073643800671562e+04
3.235503110336941609e+04 3.207230236779586630e+04
3.253566789105338103e+04 3.224371512685587368e+04
3.269512264108725503e+04 3.239389047051918533e+04
3.283225750054624950e+04 3.252171503281076730e+04
3.294596066868929483e+04 3.262610312729785073e+04
3.303514342957534973e+04 3.270599401101421972e+04
3.309868489559261070e+04 3.276029835427375656e+04
3.313549028569061193e+04 3.278795505277843768e+04
3.314452196542185993e+04 3.278796152984064975e+04
3.312476103885144403e+04 3.275933715581805882e+04
3.307521325996529777e+04 3.270112915598265681e+04
3.299496669296434266e+04 3.261246803440515578e+04
3.288319041505814675e+04 3.249256697704844555e+04
3.273911274969785882e+04 3.234070236220813968e+04
3.256206498512308099e+04 3.215625432884887050e+04
3.235149983281934692e+04 3.193872436138105695e+04
3.210700286571676406e+04 3.168774962040784521e+04
3.182829920631729328e+04 3.140310811495759481e+04
3.151525823250287795e+04 3.108472036707629741e+04
3.116793706581024526e+04 3.073269432912992124e+04
3.078663109130679368e+04 3.034737773121023929e+04
3.037180024710708676e+04 2.992927969256849974e+04
2.992408453297283995e+04 2.947908555634195727e+04
2.944449000039164093e+04 2.899784588395654282e+04
2.893426419796787013e+04 2.848684877434410373e+04
2.839478464525932213e+04 2.794750571855493035e+04
2.782777428147096361e+04 2.738156857100515117e+04
2.723539211951083780e+04 2.679122039537579622e+04
2.661987694093878599e+04 2.617871569326212557e+04
2.598362843527989753e+04 2.554646105678013191e+04
2.532971207167580724e+04 2.489751920692027852e+04
2.466133136456762077e+04 2.423508155611040274e+04
2.398159592644892837e+04 2.356223686997969708e+04
2.329400831402093900e+04 2.288245632756092164e+04
2.260240781964379130e+04 2.219953784984884260e+04
2.191037383663786386e+04 2.151701308324828278e+04
2.122155932529100028e+04 2.083847449459864583e+04
2.054052009586351051e+04 2.016838831498440413e+04
1.987157054366892044e+04 1.951097553191528641e+04
1.921847913698443153e+04 1.886991548690912532e+04
1.858420836734431941e+04 1.824809086184911939e+04
1.797107752039255865e+04 1.764774983983704806e+04
1.738104669349758478e+04 1.707078763527707270e+04
1.681677633794207577e+04 1.651976597216309892e+04
1.628280421245754951e+04 1.599904651821262451e+04
1.578332731075545780e+04 1.551266542340450542e+04
1.532126940767492124e+04 1.506342775422274644e+04
1.489543142530228943e+04 1.465011449011990408e+04
1.450344167433895564e+04 1.427036687647574217e+04
1.414304235084753054e+04 1.392194615880728452e+04
1.381157517335379453e+04 1.360223524677254500e+04
1.350641305672535782e+04 1.330865360468658218e+04
1.322459922045873827e+04 1.303831047103582932e+04
1.296181090079716523e+04 1.278700609938955131e+04
1.271371447581261600e+04 1.255052999454746532e+04
1.247508199809404869e+04 1.232382169190091008e+04
1.223998999853219539e+04 1.210115365707555065e+04
1.200223690868368249e+04 1.187652618320226975e+04
1.175443020074940796e+04 1.164279685642867116e+04
1.148950272561787642e+04 1.139311647944702963e+04
1.120076272526261710e+04 1.112100676215822750e+04
1.088252102900095088e+04 1.082092835873664080e+04
1.053140377380046448e+04 1.048959659639776510e+04
1.014602886410985593e+04 1.012562775917915496e+04
9.728622353963204660e+03 9.731159970736778632e+03
9.283641968632597127e+03 9.310478331776126652e+03
8.818391112779800096e+03 8.870650765401993340e+03
8.341446514840716191e+03 8.419968127894750069e+03
7.862698153137121153e+03 7.968003467738781183e+03
7.392950240838155878e+03 7.525155816922099802e+03
6.942982643963809096e+03 7.101805772077387701e+03
6.523278220146489730e+03 6.707943871386362844e+03
6.143544249113636397e+03 6.352805769586669157e+03
5.810780655560481136e+03 6.042944968598547348e+03
5.529404493450859263e+03 5.782449610293638216e+03
5.298892531692520606e+03 5.570683803607852496e+03
5.115393590733886413e+03 5.403876563612731843e+03
4.970466444082099770e+03 5.273935336780016769e+03
4.853045844893130379e+03 5.170296212649407607e+03
4.749903561910113240e+03 5.080324605003088436e+03
4.646673510717199861e+03 4.990256041071805157e+03
4.529674750211487662e+03 4.886899322816336280e+03
4.387503844358425340e+03 4.759171395337211834e+03
4.213351647811358816e+03 4.600398020351950436e+03
4.006243266372865037e+03 4.409588927995262566e+03
3.771260687093655633e+03 4.191688732958758919e+03
3.519094753856463740e+03 3.957132861381598104e+03
3.264959858856029314e+03 3.720700250879128816e+03
3.026139516033757445e+03 3.498985840079370519e+03
2.817709960494500137e+03 3.306245693963630401e+03
2.648476602199300032e+03 3.150614766320125000e+03
2.519440676819309829e+03 3.032804767776093286e+03
2.425029988923331985e+03 2.947404161977316562e+03
2.354810932453232908e+03 2.884527478886643621e+03
2.294221573098590397e+03 2.830433569325342887e+03
2.226669191887410761e+03 2.769412721220113326e+03
2.139086484754839603e+03 2.689045205909989818e+03
2.027292442749981092e+03 2.585399232900415882e+03
1.896451754502261565e+03 2.463535240664580670e+03
1.758193006397176077e+03 2.334656227169216436e+03
1.627256165617401848e+03 2.212707550025121236e+03
1.516530219797606833e+03 2.109584777909628883e+03
1.431696071514905270e+03 2.030278745050729640e+03
1.370095930212638677e+03 1.972097750678487955e+03
1.321957873013733888e+03 1.925944154576347501e+03
1.273857456314834280e+03 1.879483000812127784e+03
1.215275411970411596e+03 1.823123221547424464e+03
1.143841035020591335e+03 1.754846808363927721e+03
1.064976181212389292e+03 1.679802164099485935e+03
9.888962422040814317e+02 1.607335886623092392e+03
9.249208489984999915e+02 1.545697015542160443e+03
8.755826405746544197e+02 1.496902465492925785e+03
8.362738300413470824e+02 1.456713952853156798e+03
7.986930512892304250e+02 1.417811793728694511e+03
7.561213054505125228e+02 1.374421272493612378e+03
7.082625232680530871e+02 1.326442827154134875e+03
6.603410769646388871e+02 1.278469937763917414e+03
6.181654016420300195e+02 1.235388173960700442e+03
5.837381225991000520e+02 1.198725202718448600e+03
5.539685148257328819e+02 1.165805374534550538e+03
5.240688999463379787e+02 1.132705701318360298e+03
4.921198739146078651e+02 1.097957991783489661e+03
4.601845295755931033e+02 1.063287550994141384e+03
4.314583409077630449e+02 1.031189175892912317e+03
4.066761121500093736e+02 1.002143643737941943e+03
3.838370307084402953e+02 9.745705509601170888e+02
3.608716180624322192e+02 9.469383478228768354e+02
3.380631733424772278e+02 9.194988054305332525e+02
3.169469493372678244e+02 8.933573390215138943e+02
2.980252346236484300e+02 8.688223298809319886e+02
2.802876030844253137e+02 8.451648286419965643e+02
2.629464376658423816e+02 8.218604932708238948e+02
2.463915952247197936e+02 7.991753672683885270e+02
2.311639757525138918e+02 7.774389579067861860e+02
2.170165281119271867e+02 7.564729851908510909e+02
2.034894466909289861e+02 7.359930806939032664e+02
1.906395866323621533e+02 7.160285113360791911e+02
1.785954050549876229e+02 6.966395351149943735e+02
1.673228198529462531e+02 6.778012437603538274e+02
1.567624685446756985e+02 6.594746967483682738e+02
1.468606213233283029e+02 6.416239008406395214e+02
1.375685949911542423e+02 6.242156318548346690e+02
1.288422319308336910e+02 6.072192725682185710e+02
1.206414361419746939e+02 5.906066649963649979e+02
1.129309022784730558e+02 5.743530153787808104e+02
1.056837695885182882e+02 5.584407774267739342e+02
9.887609148777021062e+01 5.428554028202072459e+02
9.248474129510424291e+01 5.275834928969151179e+02
8.648742844153096598e+01 5.126127389430055246e+02
8.086270924913934266e+01 4.979318662101297832e+02
7.558999206689971118e+01 4.835305806027328117e+02
7.064951279404829165e+01 4.693995210756804113e+02
6.602172417509369495e+01 4.555302969720537476e+02
6.168743258017484976e+01 4.419154368509148298e+02
5.762855838988591017e+01 4.285482403774860813e+02
5.382810940236528552e+01 4.154227299859005029e+02
5.027011649326449572e+01 4.025336092149270257e+02
4.693957305647476375e+01 3.898762221052242580e+02
4.382237800264966410e+01 3.774465135277717991e+02
4.090531831938028517e+01 3.652413889755183050e+02
3.817610627444125981e+01 3.532597494293524960e+02
3.562319491053771969e+01 3.415010932920625351e+02
3.323570139663825529e+01 3.299650782117811332e+02
3.100337250178602844e+01 3.186514988115301890e+02
2.891655157464939307e+01 3.075602648581010499e+02
2.696614698601407412e+01 2.966913798971512506e+02
2.514360091077617554e+01 2.860449867650902434e+02
2.344084314912486278e+01 2.756224648463808649e+02
2.185027202230206456e+01 2.654260586233160666e+02
2.036474657391015342e+01 2.554577315231139778e+02
1.897756083312050990e+01 2.457191273974510750e+02
1.768241880736068339e+01 2.362115721484968276e+02
1.647341080175244699e+01 2.269360761394412123e+02
1.534499100312788222e+01 2.178933376205738170e+02
1.429195645254418601e+01 2.090841789879245596e+02
1.330942727219630051e+01 2.005103210548670916e+02
1.239282712289773158e+01 1.921731415469661215e+02
1.153786518127815519e+01 1.840734282786590938e+02
1.074051922393643821e+01 1.762114084285542503e+02
9.997019645510990316e+00 1.685867782396094867e+02
9.303834364203790841e+00 1.611987329854111408e+02
8.657654490050900264e+00 1.540460314646867346e+02
8.055379988092850496e+00 1.471274207619060235e+02
7.494107595021058721e+00 1.404414465826810954e+02
6.971119617642586697e+00 1.339861476420423969e+02
6.483872586381143499e+00 1.277590897354217958e+02
6.029986549265491824e+00 1.217574061267134908e+02
5.607234988332286285e+00 1.159778369417396533e+02
5.213535324513530078e+00 1.104167675329993870e+02
4.846939866044662537e+00 1.050702950557712825e+02
4.505627288652012119e+00 9.993429642837909910e+01
4.187895008983582024e+00 9.500439144742028930e+01
