1.773336385542585776e+04 1.762597191750880665e+04
1.794221581016516939e+04 1.783048903824497029e+04
1.814474738568522298e+04 1.802857555936888457e+04
1.834041085154832035e+04 1.821968505356329842e+04
1.852864946643992516e+04 1.840326281827578714e+04
1.870887875536543288e+04 1.857872843101025501e+04
1.888050302853454923e+04 1.874549142406100145e+04
1.904292531958430482e+04 1.890296072990219909e+04
1.919552799128669722e+04 1.905052537849483269e+04
1.933767073567305124e+04 1.918755255104653770e+04
1.946871709509051288e+04 1.931341404910293932e+04
1.958803072956392498e+04 1.942748274733447397e+04
1.969495504684151456e+04 1.952911276573245777e+04
1.978883945974396192e+04 1.961766523573034283e+04
1.986904873845450493e+04 1.969251752121305617e+04
1.993494218466277744e+04 1.975304300082454938e+04
1.998588192138419618e+04 1.979861924930322857e+04
2.002125732542738479e+04 1.982865193295565405e+04
2.004048087588734052e+04 1.984257101115707701e+04
2.004297805877396604e+04 1.983982126212023286e+04
2.002821136917649710e+04 1.981988533049101898e+04
1.999568822620108767e+04 1.978229150568464684e+04
1.994496247836470502e+04 1.972661618714771612e+04
1.987564025663296707e+04 1.965248910151997552e+04
1.978738627479046772e+04 1.955959881126258915e+04
1.967994257350727639e+04 1.944771204497112922e+04
1.955314333982907192e+04 1.931668888976367816e+04
1.940689404490496963e+04 1.916646050215558353e+04
1.924118474771723777e+04 1.899704229854531877e+04
1.905616157974932139e+04 1.880860634525705609e+04
1.885207411439606585e+04 1.860142752890683551e+04
1.862924571938613008e+04 1.837585314662966266e+04
1.838817662139852837e+04 1.813240632714649473e+04
1.812956100804315065e+04 1.787180285935373104e+04
1.785415469861786914e+04 1.759481783983773857e+04
1.756282672512608042e+04 1.730233702846277811e+04
1.725674906195391668e+04 1.699554623588921459e+04
1.693717770297238530e+04 1.667571208669350744e+04
1.660539001436416220e+04 1.634411922134375163e+04
1.626295500291733697e+04 1.600233873985378341e+04
1.591165739735981515e+04 1.565215238559088539e+04
1.555322399272772964e+04 1.529528058554721974e+04
1.518944435041377983e+04 1.493350215170806223e+04
1.482238934822592455e+04 1.456887074430647226e+04
1.445405637470091096e+04 1.420336343259265232e+04
1.408634298854626286e+04 1.383885442428706119e+04
1.372149022949880418e+04 1.347754914230295435e+04
1.336182900247446378e+04 1.312173617236731661e+04
1.300946150722547281e+04 1.277347611507685542e+04
1.266606632514452394e+04 1.243441122802039536e+04
1.233275831721673785e+04 1.210562892863961133e+04
1.201047589377306394e+04 1.178804220171373527e+04
1.170019279016996370e+04 1.148259538946415887e+04
1.140379641143136723e+04 1.119111271228115220e+04
1.112338448181322747e+04 1.091561979599679944e+04
1.086072683631884502e+04 1.065782410344491291e+04
1.061536278901242440e+04 1.041726208402129123e+04
1.038498322905784153e+04 1.019167148105416527e+04
1.016739659004895293e+04 9.978906380866474137e+03
9.960596763470704900e+03 9.777008833118821713e+03
9.762742007686127181e+03 9.584187060951120657e+03
9.572036710820204462e+03 9.398695259341153360e+03
9.386039996944387894e+03 9.218170340983097049e+03
9.202090884289180394e+03 9.040037782142890137e+03
9.017393417470069835e+03 8.861595435765466391e+03
8.828604225256691279e+03 8.679620923414000572e+03
8.632496609201145475e+03 8.491000216558366446e+03
8.425620472040072855e+03 8.292413871259928783e+03
8.204724642031573239e+03 8.080728176584996618e+03
7.967429775716197582e+03 7.853657677636591870e+03
7.712224249259801582e+03 7.609752456325174535e+03
7.439256852277389044e+03 7.349164354575821562e+03
7.150322544720033875e+03 7.073636022721766494e+03
6.848724436065150257e+03 6.786358458200172208e+03
6.539031302040908486e+03 6.491743390527692100e+03
6.226594383845496850e+03 6.194941966057900572e+03
5.917044186031959725e+03 5.901368910956478430e+03
5.616112422489588425e+03 5.616517790324794078e+03
5.329261526349639098e+03 5.345607896576800158e+03
5.061851618291427258e+03 5.093725406396936705e+03
4.818245454434117164e+03 4.865011558616781258e+03
4.601859861082511088e+03 4.662653105663249335e+03
4.414238581772193356e+03 4.488073363344611607e+03
4.254416715482058862e+03 4.340278331279152553e+03
4.118977902157021163e+03 4.215964873434721994e+03
4.002192641554573584e+03 4.109622448035443085e+03
3.896726856248520562e+03 4.014227588930970342e+03
3.794693620228744749e+03 3.922214420291462829e+03
3.688338290487747145e+03 3.826133439906344847e+03
3.571167566193710172e+03 3.719723579484377296e+03
3.438677756776895876e+03 3.598614214234312385e+03
3.289417905830609016e+03 3.461378381623540463e+03
3.125299369390374068e+03 3.309839105424377976e+03
2.951131552852476489e+03 3.148622996372882426e+03
2.773892183124051371e+03 2.984450210100706954e+03
2.601873066177366127e+03 2.825273806173961930e+03
2.443592628351468193e+03 2.679204415469911964e+03
2.305943916138511213e+03 2.552749240126681798e+03
2.192083146492105243e+03 2.448831676138115199e+03
2.100260765340278340e+03 2.365721367246884256e+03
2.024773562097820559e+03 2.297970768123258040e+03
1.958128829677038311e+03 2.238457062143738312e+03
1.892342324782915057e+03 2.179584714000916392e+03
1.819808379338525128e+03 2.114100274402963805e+03
1.735682449822769286e+03 2.037380846707734690e+03
1.640568371714213072e+03 1.950026605704194935e+03
1.540085685072013575e+03 1.857437237434366580e+03
1.441701310032407719e+03 1.766737112539637110e+03
1.352307217072044523e+03 1.684427308654035642e+03
1.276577420006733746e+03 1.614841928123126763e+03
1.215100051861443490e+03 1.558450549570912926e+03
1.163826623443970220e+03 1.511406577422407054e+03
1.116472637720541798e+03 1.467812581314621184e+03
1.066732634336716728e+03 1.421780343575606139e+03
1.011217739130997415e+03 1.370178818481938606e+03
9.514634867733574310e+02 1.314498972203390167e+03
8.920593380891940569e+02 1.259051962572384582e+03
8.377270186511520933e+02 1.208196222806554715e+03
7.913410951288668684e+02 1.164515305093822462e+03
7.520331894218976458e+02 1.127148159732537124e+03
7.160338410131759019e+02 1.092628204581865930e+03
6.796350889863795146e+02 1.057600679191202744e+03
6.412792241885146041e+02 1.020700282672904791e+03
6.024653306956399774e+02 9.833209486234788983e+02
5.661566929479024566e+02 9.481175449641521027e+02
5.339900643215139553e+02 9.165048341888309551e+02
5.053986444152612307e+02 8.879398178561365285e+02
4.783435907219284218e+02 8.606250824357773581e+02
4.512428578834317250e+02 8.332066459532709359e+02
4.243346381144072552e+02 8.059173104563842571e+02
3.989563909940442272e+02 7.799022035718829784e+02
3.758814029707501163e+02 7.557912082389498210e+02
3.546446573878207573e+02 7.331720515657380020e+02
3.342610559814274893e+02 7.112278242360538343e+02
3.143937350798187822e+02 6.896948778254841272e+02
2.955216892866571925e+02 6.689627625558221098e+02
2.780322491689373692e+02 6.493271348981789970e+02
2.617144594482185767e+02 6.306086821505745093e+02
2.461492449789503212e+02 6.124806203618954896e+02
2.312840413878402899e+02 5.949043199014151924e+02
2.173168372572928888e+02 5.780224404817912500e+02
2.042506095456077162e+02 5.618274078741878839e+02
1.919008425067360690e+02 5.461802779917163662e+02
1.801903809559035210e+02 5.310235465461979629e+02
1.691717439849419122e+02 5.163877687324766157e+02
1.588222442453745771e+02 5.022508731787731335e+02
1.490707806604035000e+02 4.885612490218776998e+02
1.398794921849287789e+02 4.752880056940550730e+02
1.312205370690325594e+02 4.624075077508597928e+02
1.230670353288616923e+02 4.498976745379129625e+02
1.153930761667805598e+02 4.377378838419637077e+02
1.081737210130980316e+02 4.259088835119880514e+02
1.013850019183550728e+02 4.143927098804573461e+02
9.500385021823414888e+01 4.031725534625456930e+02
8.900746612970387162e+01 3.922320985498133723e+02
8.337376445860340368e+01 3.815557785363574226e+02
7.808184991066009673e+01 3.711291563892112322e+02
7.311196468406114946e+01 3.609388692987427589e+02
6.844543062681781009e+01 3.509725706562173855e+02
6.406459409397427862e+01 3.412188760415646129e+02
5.995277393337119776e+01 3.316673157598365265e+02
5.609426889218823931e+01 3.223086147570562616e+02
5.247434091452814897e+01 3.131348947412092798e+02
4.907905194390126979e+01 3.041390163817458756e+02
4.589521308445588943e+01 2.953144695015560046e+02
4.291034939523422764e+01 2.866553404185311820e+02
4.011266595076253338e+01 2.781562806608095002e+02
3.749101515301937582e+01 2.698124768905015003e+02
3.503486077773501250e+01 2.616197173472653503e+02
3.273422600956720174e+01 2.535748597234547503e+02
3.057968856617181430e+01 2.456753602493201356e+02
2.856236444479570125e+01 2.379189878148608557e+02
2.667387963001528561e+01 2.303038023933166301e+02
2.490634308096386818e+01 2.228281345464070284e+02
2.325232098360195110e+01 2.154905652929122937e+02
2.170481224555300415e+01 2.082899238019093104e+02
2.025722588939513713e+01 2.012258207869165290e+02
1.890335872043547027e+01 1.942986525553035904e+02
1.763737313088146763e+01 1.875088566167163719e+02
1.645377699255367787e+01 1.808568567084925860e+02
1.534740460289131292e+01 1.743430535615680981e+02
1.431339857737788357e+01 1.679678160098443982e+02
1.334719264910772729e+01 1.617314724643992747e+02
1.244449461522142464e+01 1.556345576577032546e+02
1.160126912773234764e+01 1.496784677279667051e+02
1.081372570031148683e+01 1.438645740998893814e+02
1.007830537853749497e+01 1.381939682915727019e+02
9.391667368996072796e+00 1.326674691605859380e+02
8.750676382676660481e+00 1.272856306521483276e+02
8.152390658768380760e+00 1.220487500074691809e+02
7.594050599132269319e+00 1.169569106850072160e+02
7.073067570644302471e+00 1.120104576287553755e+02
6.587014067723642619e+00 1.072097943627368295e+02
6.133614605481009896e+00 1.025549627240066144e+02
5.710736653186351930e+00 9.804565325966531475e+01
5.316382063520948442e+00 9.368122731095095901e+01
4.948678984557105309e+00 8.946073902785178689e+01
4.605874228938580117e+00 8.538295748357160164e+01
4.286325901594756793e+00 8.144646388041513774e+01
3.988496448901535096e+00 7.764975513219135905e+01
