2.467756335807102369e+04 2.457730358564703783e+04
2.486662566006970883e+04 2.476264190366974799e+04
2.504201333023894767e+04 2.493423129471085849e+04
2.520290024569744128e+04 2.509124864850109952e+04
2.534844851557576840e+04 2.523286021053251534e+04
2.547777346932035653e+04 2.535818753750543692e+04
2.558999829272592615e+04 2.546636099729362468e+04
2.568426403594923249e+04 2.555652959037272740e+04
2.575968458231213663e+04 2.562781628392038328e+04
2.581537156122645320e+04 2.567934282505861847e+04
2.585047393242295948e+04 2.571026909929595422e+04
2.586415320492469982e+04 2.571976895209011491e+04
2.585555287717631654e+04 2.570700036301347791e+04
2.582386477958151954e+04 2.567117061745206956e+04
2.576833835897592508e+04 2.561154558960771465e+04
2.568823488864515821e+04 2.552740563642957568e+04
2.558286444247421969e+04 2.541808155982538301e+04
2.545162444631468315e+04 2.528299205745185100e+04
2.529398449791003804e+04 2.512163003864336133e+04
2.510947656392999852e+04 2.493355391347489422e+04
2.489774028041661586e+04 2.471843003425532515e+04
2.465853408479963036e+04 2.447604392784091760e+04
2.439174043638351941e+04 2.420630890942090628e+04
2.409737241084319612e+04 2.390926974382750632e+04
2.377558006948025286e+04 2.358510689886592445e+04
2.342669732026205020e+04 2.323418626069528909e+04
2.305126120844128309e+04 2.285707926943343773e+04
2.264995067954171463e+04 2.245449666033482208e+04
2.222361741294860258e+04 2.202731958882371691e+04
2.177344395505502325e+04 2.157676194939818743e+04
2.130079066354666429e+04 2.110421255200883388e+04
2.080712296780172983e+04 2.061116003545307103e+04
2.029423575660541246e+04 2.009941997859530966e+04
1.976426172921267789e+04 1.957114307873295547e+04
1.921936175265909333e+04 1.902850147328177627e+04
1.866183211739321996e+04 1.847379565234815163e+04
1.809453727895811971e+04 1.790988672498752931e+04
1.752038049264795700e+04 1.733966765098744872e+04
1.694212904564350174e+04 1.676588894642906234e+04
1.636288766120892251e+04 1.619162799971225832e+04
1.578600006229849532e+04 1.562019211262799035e+04
1.521450077174030048e+04 1.505457646134414426e+04
1.465140848737667511e+04 1.449774986067156533e+04
1.410045954583897583e+04 1.395336894176486021e+04
1.356510188977843791e+04 1.342480192581754636e+04
1.304824586419529260e+04 1.291488709762037251e+04
1.255216637016121422e+04 1.242582510303761956e+04
1.207860147387796678e+04 1.195928147812138377e+04
1.162893243335646184e+04 1.151657613709182624e+04
1.120487437715900160e+04 1.109934064684226360e+04
1.080958523416806929e+04 1.071057268252475296e+04
1.044599772967805075e+04 1.035305688119198203e+04
1.011610075761952066e+04 1.002866828525652454e+04
9.818276185982527750e+03 9.735751238581424332e+03
9.549677230616051020e+03 9.471450049606688481e+03
9.307741571656473752e+03 9.233193523408126566e+03
9.089974828074538891e+03 9.018483646640375810e+03
8.894053324736780269e+03 8.824993188543265205e+03
8.717470130988511301e+03 8.650226368004152391e+03
8.556437449129036395e+03 8.490467267811769489e+03
8.407088268411353056e+03 8.341929886057854674e+03
8.264755697489219529e+03 8.200090799673711444e+03
8.123917327059021773e+03 8.059637222088495037e+03
7.978918254958583930e+03 7.915154529263918448e+03
7.823131490696070614e+03 7.760362872671195873e+03
7.650269417019412685e+03 7.589327296928007854e+03
7.454946711361007146e+03 7.397042774959188137e+03
7.232850696323171178e+03 7.179540003937067922e+03
6.981939173288824350e+03 6.935048188225737249e+03
6.702031632359952710e+03 6.663554031438464335e+03
6.395858116928599884e+03 6.367801238044640741e+03
6.067957536794358020e+03 6.052206406549440544e+03
5.724827415811378160e+03 5.723002372650912548e+03
5.373840254882649788e+03 5.387195696659962778e+03
5.023391865111954758e+03 5.052718814799113716e+03
4.682619237530463579e+03 4.728122527846069715e+03
4.360783146192044114e+03 4.422049827984011245e+03
4.066313235580085802e+03 4.142288846956706038e+03
3.806783299937468200e+03 3.895790865017130272e+03
3.586756762125910882e+03 3.686651334789423800e+03
3.408364727880403279e+03 3.516657909187154019e+03
3.269713291114177991e+03 3.383847928243297247e+03
3.166546768386072472e+03 3.284053354773245246e+03
3.091391607884649602e+03 3.210174676954912684e+03
3.035058456496592953e+03 3.153580990637311970e+03
2.986682431319502484e+03 3.104189040256042517e+03
2.934660116737571116e+03 3.051353084351586858e+03
2.868189325711178299e+03 2.985268549251637978e+03
2.778723548688700248e+03 2.898279952458882235e+03
2.661734419275813252e+03 2.786457067953208934e+03
2.517386833290542199e+03 2.650148551652768674e+03
2.350913496052990467e+03 2.494264924520425211e+03
2.172411302213562067e+03 2.328056447069612659e+03
1.995640379770286017e+03 2.163986404557372680e+03
1.834629634863046931e+03 2.014633494301989913e+03
1.699693798289578581e+03 1.889138365357082648e+03
1.595448253080917766e+03 1.791460701466423416e+03
1.521269229506675856e+03 1.720836042220621266e+03
1.472370790227130556e+03 1.672799557135452233e+03
1.439777079203860694e+03 1.639224222687295196e+03
1.410748227939759090e+03 1.608761991243551847e+03
1.372282714072096951e+03 1.569974230577056915e+03
1.316123704268021129e+03 1.515714664208225940e+03
1.240870353343978650e+03 1.444912621214360570e+03
1.151533570719513364e+03 1.362099113513973862e+03
1.058317720185918006e+03 1.276262255744686854e+03
9.731801273318278618e+02 1.197789659259730342e+03
9.048826112652069469e+02 1.134167067262073942e+03
8.562319755959407530e+02 1.087656433974138963e+03
8.238016719233796721e+02 1.055153047387160314e+03
7.988041516139571740e+02 1.029029743210456672e+03
7.710377612283458575e+02 1.000571612102867221e+03
7.339928418950819378e+02 9.643111757524325185e+02
6.870135736867921423e+02 9.197994969167970112e+02
6.353895900209904539e+02 8.715883943968487984e+02
5.875630192936795311e+02 8.267818171833998804e+02
5.494823426580859405e+02 7.902816222611115791e+02
5.217163220500957550e+02 7.624505381541256384e+02
4.999710573749715081e+02 7.396491170519989282e+02
4.777193260890687725e+02 7.164796243698347098e+02
4.509338659496278297e+02 6.896820836773857764e+02
4.205613314364730400e+02 6.600909291524803848e+02
3.908613183976453342e+02 6.311905126750820045e+02
3.658769049976667702e+02 6.062101130419380297e+02
3.461674357102624526e+02 5.855337688654725525e+02
3.288517922182912230e+02 5.668219402554535691e+02
3.106718298324108787e+02 5.474964807528725714e+02
2.909053327069511283e+02 5.270191476614203339e+02
2.714989940243150386e+02 5.069289324766509708e+02
2.545641060093807653e+02 4.888456473646035079e+02
2.401515287149286451e+02 4.727734068756305419e+02
2.265610935775708015e+02 4.573958813387096143e+02
2.126497845142262975e+02 4.418541212872953565e+02
1.989231976835880573e+02 4.265379917536202470e+02
1.864660075380498370e+02 4.122475132365501054e+02
1.753580661374182625e+02 3.990231098033856370e+02
1.648051945656125383e+02 3.862752608866295532e+02
1.544311671611172301e+02 3.737339239272863551e+02
1.446222066870308538e+02 3.616749139852192911e+02
1.356679679178356821e+02 3.502942118174363486e+02
1.273020147799835371e+02 3.393972149357378498e+02
1.192706460498165484e+02 3.288064004401155671e+02
1.117031810146879849e+02 3.186073651924462524e+02
1.046391280175753025e+02 3.088224287126362810e+02
9.800942304021572227e+01 2.994001425868901833e+02
9.178546052665082300e+01 2.903180707267125058e+02
8.594252140533794204e+01 2.815568024515050638e+02
8.045744456158230662e+01 2.730982140160096492e+02
7.530852218901857498e+01 2.649253807689376004e+02
7.047540267880675913e+01 2.570224963685558350e+02
6.593905040429405062e+01 2.493748429571209044e+02
6.168216735949456364e+01 2.419691984316400806e+02
5.768875635877545704e+01 2.347935258313051747e+02
5.394363288648065691e+01 2.278365457144889206e+02
5.043238622115212877e+01 2.210876831467931538e+02
4.714134879441012060e+01 2.145370247443980247e+02
4.405756599166441845e+01 2.081752787278774974e+02
4.116876638248246678e+01 2.019937378271003183e+02
3.846328063501673711e+01 1.959843025787311603e+02
3.592994609972709696e+01 1.901395376765427443e+02
3.355822364827399440e+01 1.844524953764516795e+02
3.133818953875449509e+01 1.789166606809370137e+02
2.926050157672289131e+01 1.735259265861903373e+02
2.731636699332871743e+01 1.682745708337975543e+02
2.549751196308746870e+01 1.631572340455369954e+02
2.379615375512439357e+01 1.581689156848360085e+02
2.220498661567942733e+01 1.533051719910701536e+02
2.071714763233587675e+01 1.485620065835295804e+02
1.932617981149348552e+01 1.439356635727005198e+02
1.802600947154163080e+01 1.394226094603047272e+02
1.681092505405410975e+01 1.350195204735022685e+02
1.567555698753937143e+01 1.307232705002972466e+02
1.461485855973243986e+01 1.265309196058948089e+02
1.362408634243270988e+01 1.224397538188048884e+02
1.269878059279895055e+01 1.184473722909779951e+02
1.183475337495337065e+01 1.145515316962538748e+02
1.102807378652378745e+01 1.107501048022719488e+02
1.027505301937254067e+01 1.070410730411350499e+02
9.572230225785611779e+00 1.034225193841358390e+02
8.916359151329791288e+00 9.989262150665463480e+01
8.304395449702251852e+00 9.644965035787039653e+01
7.733484003075191460e+00 9.309204724414648524e+01
7.200948007601896350e+00 8.981839072342360453e+01
6.704279076539747528e+00 8.662730877781029903e+01
6.241127138504948491e+00 8.351747201495422246e+01
5.809290882704509329e+00 8.048758980494821458e+01
5.406708747707412499e+00 7.753640659755858167e+01
5.031450425289865080e+00 7.466269841781114280e+01
4.681708732714985999e+00 7.186530822697780252e+01
4.355791812391055728e+00 6.914323446361375147e+01
4.052116451196233093e+00 6.649550129847791879e+01
3.769201471975960782e+00 6.392112302922200229e+01
3.505661404885944687e+00 6.141910352691355257e+01
3.260200532380019833e+00 5.898843578476179772e+01
3.031607287194836520e+00 5.662810156720279053e+01
2.818748978246935710e+00 5.433707679287754644e+01
2.620566729286359475e+00 5.211444643433452484e+01
2.436070863470904069e+00 4.995937795591602537e+01
2.264336651767610675e+00 4.787099322833401516e+01
2.104500196148423541e+00 4.584836623621743712e+01
