1.841733291319480486e+04 1.829081487109562295e+04
1.864976959434739911e+04 1.851807943746094679e+04
1.887661050852329208e+04 1.873961186720149271e+04
1.909733023314473030e+04 1.895488793584982704e+04
1.931138255853207374e+04 1.916336409904377069e+04
1.951819047603516447e+04 1.936446829462153255e+04
1.971716928040279163e+04 1.955762165020180328e+04
1.990772689267451278e+04 1.974223869160671529e+04
2.008924389833335590e+04 1.991770755623331934e+04
2.026109010262573065e+04 2.008340648913884070e+04
2.042263624767512738e+04 2.023871552582626100e+04
2.057323444084666335e+04 2.038299750811328340e+04
2.071221269071512506e+04 2.051559286530174359e+04
2.083890502706259940e+04 2.063584904285801531e+04
2.095264984179993917e+04 2.074311899316800191e+04
2.105276753560318321e+04 2.083673961554428024e+04
2.113858619807376817e+04 2.091605674998556424e+04
2.120945366678657592e+04 2.098043695180181385e+04
2.126471695938313860e+04 2.102924781053009065e+04
2.130372585722783697e+04 2.106186152349567783e+04
2.132586162450313714e+04 2.107768262420197789e+04
2.133053605040017646e+04 2.107614733058149795e+04
2.131717994453731080e+04 2.105671302880749863e+04
2.128526545233554134e+04 2.101887928328034832e+04
2.123431552395959807e+04 2.096219692253338508e+04
2.116390777608266944e+04 2.088627299157540256e+04
2.107367912853642702e+04 2.079077487387467045e+04
2.096333068606615780e+04 2.067543395853394395e+04
2.083264598307506458e+04 2.054006426294192715e+04
2.068151601774213486e+04 2.038458814198040636e+04
2.050991099470818517e+04 2.020900638237745807e+04
2.031788603352791688e+04 2.001340352235230966e+04
2.010566351368050164e+04 1.979803096053312402e+04
1.987359230000609023e+04 1.956326525790218147e+04
1.962209532475284141e+04 1.930955474329085337e+04
1.935175882882651422e+04 1.903750882949091829e+04
1.906340552124717215e+04 1.874797105080271649e+04
1.875792838468685295e+04 1.844185194326129931e+04
1.843630573790804192e+04 1.812014385625225623e+04
1.809983295138190078e+04 1.778415225550228934e+04
1.774993571691980833e+04 1.743530876927453937e+04
1.738803920149537589e+04 1.707504039033088338e+04
1.701580000444159668e+04 1.670500034079021862e+04
1.663517631806981080e+04 1.632713765726787642e+04
1.624806899082122254e+04 1.594333998644226631e+04
1.585636649886462874e+04 1.555547861328119143e+04
1.546226068313775795e+04 1.516572267783872667e+04
1.506791820928429843e+04 1.477621262648742413e+04
1.467534920752965263e+04 1.438892999858835719e+04
1.428677012443700733e+04 1.400605557713740927e+04
1.390458960940896577e+04 1.362995593834070132e+04
1.353098839655070151e+04 1.326277020834516406e+04
1.316779733960283920e+04 1.290629213697172963e+04
1.281622384842674182e+04 1.256170487607363430e+04
1.247722872039599497e+04 1.222994878857717413e+04
1.215168732213469593e+04 1.191187922191331563e+04
1.184106132484053887e+04 1.160892175183743166e+04
1.154720937140686146e+04 1.132288912105911368e+04
1.127178406928434742e+04 1.105539523003765680e+04
1.101479552611881081e+04 1.080645457847449688e+04
1.077361018684513147e+04 1.057350365286445231e+04
1.054553667668886555e+04 1.035392167501759468e+04
1.032818240450777921e+04 1.014538216034627476e+04
1.011949589718324387e+04 9.945897182702881764e+03
9.917567168170062359e+03 9.753614205297497392e+03
9.719970506398691214e+03 9.566176186216458518e+03
9.523803145383910305e+03 9.380755775615136372e+03
9.326182958160492490e+03 9.194535430014688245e+03
9.123592765950385001e+03 9.004067469650774001e+03
8.912561989834610358e+03 8.805931064501131914e+03
8.689630854086324689e+03 8.596700024629784821e+03
8.451480480373718819e+03 8.373063693562455228e+03
8.195861366744973566e+03 8.132742553663549188e+03
7.921931317031565413e+03 7.874831751246601016e+03
7.630180527273769258e+03 7.599725315654918631e+03
7.323104079593993447e+03 7.309806627737996678e+03
7.004369240889595858e+03 7.008614745968963689e+03
6.679237968871179874e+03 6.701286047242313543e+03
6.353330933783705404e+03 6.393316319673967882e+03
6.032525885889011988e+03 6.090469894751402535e+03
5.722601511683415993e+03 5.798413608605573245e+03
5.429031257498593732e+03 5.522523260843585376e+03
5.157114913696989788e+03 5.267968608110975765e+03
4.911185707015459229e+03 5.039014093567242526e+03
4.694045644432717381e+03 4.838383309524593642e+03
4.506891895134950573e+03 4.667268209498512988e+03
4.347635506624388654e+03 4.523637094808243091e+03
4.212232398281529640e+03 4.403552043780629901e+03
4.093939111968486941e+03 4.300411033004640558e+03
3.985038630277596440e+03 4.206606806596289061e+03
3.877323848588748660e+03 4.113972835271465556e+03
3.763185113487966646e+03 4.014849035513415402e+03
3.636537830529890016e+03 3.903014925199921890e+03
3.493639599939591335e+03 3.774548673309801416e+03
3.334143354982413712e+03 3.628963016951690861e+03
3.160925352592015315e+03 3.469063869709211303e+03
2.979599454076923394e+03 3.300487546808193201e+03
2.797664082090348074e+03 3.130813756238190308e+03
2.623674892691812147e+03 2.968667566838572384e+03
2.465984146065170989e+03 2.822420313584208543e+03
2.330753386127905287e+03 2.698209367255448342e+03
2.219806752276460884e+03 2.597822437154349245e+03
2.129903884117595226e+03 2.518022275266674114e+03
2.054482203112740990e+03 2.452282443501323087e+03
1.985836746680109627e+03 2.392908727991396063e+03
1.916000235833164652e+03 2.331874156245557970e+03
1.837815203457812686e+03 2.261897850588800793e+03
1.747757606153241795e+03 2.179363758695229535e+03
1.648109886153968091e+03 2.086596246142223208e+03
1.545368608239109562e+03 1.990233446276474297e+03
1.446903706369223755e+03 1.897759434249421020e+03
1.359063817318828114e+03 1.815533773845001861e+03
1.285498547289747876e+03 1.747137091002045281e+03
1.225304728678162064e+03 1.691602431394311679e+03
1.173752983763816928e+03 1.644196035921218026e+03
1.124426871386017410e+03 1.598533898803532338e+03
1.071632299954654172e+03 1.548967611054386907e+03
1.013333276003666242e+03 1.493523729564213681e+03
9.521882195375602578e+02 1.434921949743669757e+03
8.928746753523563484e+02 1.377838628220623377e+03
8.395922085342450600e+02 1.326381012080263417e+03
7.942482251195958725e+02 1.282335942109414418e+03
7.550069951648210917e+02 1.243859159290169373e+03
7.180098874355396674e+02 1.207211956697258302e+03
6.801657243285101231e+02 1.169459387928499837e+03
6.407558138004516195e+02 1.129983217442272917e+03
6.018272264018930855e+02 1.090783213870807458e+03
5.660157484124727034e+02 1.054336825069215138e+03
5.342550709857035827e+02 1.021465797052976086e+03
5.055320254146521393e+02 9.911926387106937000e+02
4.778796091046874608e+02 9.617196014017982861e+02
4.502461402752289814e+02 9.321324085059986828e+02
4.232514902708255136e+02 9.030211555742293967e+02
3.980840281226376760e+02 8.754348695816229338e+02
3.751392203594473358e+02 8.496891308753312160e+02
3.537467556432104061e+02 8.251885384656870883e+02
3.331222956025602002e+02 8.012765495041363693e+02
3.131706734914188246e+02 7.778912121634303958e+02
2.943850784405500463e+02 7.554363917427336901e+02
2.769481144330152915e+02 7.340430224808058028e+02
2.605698602693570365e+02 7.134715322584049773e+02
2.449365498693506140e+02 6.934813236898146442e+02
2.300890716005252159e+02 6.741045566526593120e+02
2.161685319208372675e+02 6.554372243229585138e+02
2.031058592956518396e+02 6.374198517256890000e+02
1.907465599934895124e+02 6.199397014615534545e+02
1.790598691633150281e+02 6.029721903896464710e+02
1.680734853792072556e+02 5.865282374375508425e+02
1.577449473163804328e+02 5.705728406259376015e+02
1.480011122726920973e+02 5.550553076141703741e+02
1.388199771362632475e+02 5.399552923202826378e+02
1.301842733232910803e+02 5.252567402579088593e+02
1.220631880581899651e+02 5.109359942426556245e+02
1.144270557863315219e+02 4.969707417540550978e+02
1.072478925141363106e+02 4.833403211130627710e+02
1.004992999960233675e+02 4.700256286793246545e+02
9.415637553162865458e+01 4.570090330747552798e+02
8.819562736889328391e+01 4.442742960802424932e+02
8.259506905189910242e+01 4.318067029904147489e+02
7.733435966094540959e+01 4.195932944285787585e+02
7.239426050023907067e+01 4.076222985976562541e+02
6.775650716849811772e+01 3.958829806382363472e+02
6.340376945684914745e+01 3.843655895907046443e+02
5.931961215162486667e+01 3.730613080290503376e+02
5.548845678795923675e+01 3.619622040254028548e+02
5.189553332008783570e+01 3.510612776479263175e+02
4.852677640495457467e+01 3.403530182661292542e+02
4.536885637735782950e+01 3.298328929193808108e+02
4.240918658970808508e+01 3.194969470869635870e+02
3.963588585030940692e+01 3.093417679354973870e+02
3.703774226407001890e+01 2.993644503567605284e+02
3.460417868305377453e+01 2.895625635880613231e+02
3.232521987585371193e+01 2.799341477539730931e+02
3.019146601999010571e+01 2.704786159493859827e+02
2.819406202744740852e+01 2.611967642735313575e+02
2.632466196339779430e+01 2.520895114616456851e+02
2.457540176897279594e+01 2.431578047391418522e+02
2.293887366326012867e+01 2.344026032028053805e+02
2.140810173801181548e+01 2.258248616302481935e+02
1.997651870142611230e+01 2.174255148823261834e+02
1.863794165492210197e+01 2.092059783850954489e+02
1.738654727348509965e+01 2.011691701656081648e+02
1.621685851828352654e+01 1.933179366113527919e+02
1.512372674993776833e+01 1.856546855300574350e+02
1.410231322929015541e+01 1.781813963475914022e+02
1.314807157179502184e+01 1.708996312253298129e+02
1.225673111282815597e+01 1.638105470239898409e+02
1.142428112987711408e+01 1.569150000530578097e+02
1.064695580391257934e+01 1.502143368388486522e+02
9.921220162923649610e+00 1.437098600739859933e+02
9.243756767900570992e+00 1.374022864622070585e+02
8.611453035010860901e+00 1.312917743639595756e+02
8.021389242311888879e+00 1.253779584259625750e+02
7.470827188865571955e+00 1.196599842270072571e+02
6.957199462469556117e+00 1.141365455497074350e+02
6.478098728947236928e+00 1.088060575983032123e+02
6.031268100199282500e+00 1.036667224612351816e+02
5.614593056971679985e+00 9.871634052362477973e+01
5.226092934309144233e+00 9.395233021171111432e+01
4.863912813575192118e+00 8.937176541222630988e+01
