2.640589829304800878e+04 2.624727054430596399e+04
2.667185657815227023e+04 2.650710518063426571e+04
2.692617660745654575e+04 2.675516688487451756e+04
2.716797177253776317e+04 2.699057308957255009e+04
2.739634075717920132e+04 2.721242788694720730e+04
2.761032495549989835e+04 2.741978139169284259e+04
2.780895326002336878e+04 2.761167292280468246e+04
2.799125994932166941e+04 2.778714828881565700e+04
2.815624819369346005e+04 2.794522359430013967e+04
2.830289685287537577e+04 2.808489207549014100e+04
2.843020360992999122e+04 2.820516699977280587e+04
2.853716981823680180e+04 2.830506699566980751e+04
2.862275931912434316e+04 2.838357594058158065e+04
2.868595988919810043e+04 2.843970319875381756e+04
2.872579907658210868e+04 2.847249925278875162e+04
2.874130157086550025e+04 2.848101457267285514e+04
2.873151368642115631e+04 2.846432353894676999e+04
2.869554732991723722e+04 2.842156719741805500e+04
2.863256773775925467e+04 2.835194205060514651e+04
2.854177636292930038e+04 2.825468426840585016e+04
2.842246002404853061e+04 2.812911632969644779e+04
2.827400398475009933e+04 2.797465992867277237e+04
2.809588890420837561e+04 2.779083568729837862e+04
2.788770524905398997e+04 2.757727547205506198e+04
2.764916741670882766e+04 2.733373449530618382e+04
2.738014880920132418e+04 2.706012844512921220e+04
2.708070344716329419e+04 2.675655602324672509e+04
2.675102699226207551e+04 2.642325577798012455e+04
2.639148395031987820e+04 2.606063333036359472e+04
2.600274003161516157e+04 2.566939705433948984e+04
2.558564943166844023e+04 2.525044141648862569e+04
2.514119951165902239e+04 2.480478951830906590e+04
2.467070594988117227e+04 2.433379057570146688e+04
2.417582365245646361e+04 2.383913039667609701e+04
2.365829447276422798e+04 2.332257524115571141e+04
2.312005768725369853e+04 2.278608205699474638e+04
2.256362689896065422e+04 2.223217549324946231e+04
2.199162031151364863e+04 2.166347717115759224e+04
2.140662718652598778e+04 2.108257202051074273e+04
2.081165631307449803e+04 2.049245523632896948e+04
2.020998909749138329e+04 1.989638591266774165e+04
1.960471380118173693e+04 1.929742356047802605e+04
1.899908819023731485e+04 1.869878367527001683e+04
1.839717502948421679e+04 1.810446061519960858e+04
1.780280766703141126e+04 1.751821533506510241e+04
1.721937614543568634e+04 1.694336700538505829e+04
1.664973451722520622e+04 1.638270035035576802e+04
1.609628395378010282e+04 1.583855040137819924e+04
1.556108679184361245e+04 1.531291792353632991e+04
1.504685654656378392e+04 1.480841989340640976e+04
1.455782449061521038e+04 1.432912235521810908e+04
1.409783537434652135e+04 1.387871854975514179e+04
1.366965313129759306e+04 1.345985180028491959e+04
1.327313818657021875e+04 1.307231805616980273e+04
1.290736228082817070e+04 1.271514644341663006e+04
1.257128646843138631e+04 1.238726656006566736e+04
1.226307999058076530e+04 1.208683941825259535e+04
1.198081227072092406e+04 1.181193364132136958e+04
1.172220779583555122e+04 1.156029367066597661e+04
1.148385713639088681e+04 1.132857867334580078e+04
1.126235559646920592e+04 1.111345693333167765e+04
1.105343170701220333e+04 1.091078381172272020e+04
1.085222725049370820e+04 1.071586364768189196e+04
1.065352026533949902e+04 1.052366596976095570e+04
1.045095266793076007e+04 1.032810077415251362e+04
1.023826150424781372e+04 1.012317452988111472e+04
1.000889579769509328e+04 9.902658001819099809e+03
9.756881186522694406e+03 9.660872787307092949e+03
9.477596267265123970e+03 9.393472356182019212e+03
9.167898123454000597e+03 9.097513639969592987e+03
8.827548286226827258e+03 8.772855794869354213e+03
8.458380728502570491e+03 8.421315639690321404e+03
8.065096533931241538e+03 8.047454631436267846e+03
7.654027942564919613e+03 7.657359849368562209e+03
7.233192569374481536e+03 7.258713103444849366e+03
6.811902006935531972e+03 6.860373601622521164e+03
6.399741970314490572e+03 6.471446245836064918e+03
6.006731965856424722e+03 6.101352172308447734e+03
5.642468076118596400e+03 5.759104133542846284e+03
5.315215518345099554e+03 5.452342492336037139e+03
5.031275491197920019e+03 5.186865007085138132e+03
4.793353073687785582e+03 4.965006755637870810e+03
4.600984106619521299e+03 4.786162987153750692e+03
4.449603125963356433e+03 4.645881837838727733e+03
4.331459204246471927e+03 4.536793816794903250e+03
4.236311280644528779e+03 4.449233676882527106e+03
4.151813810553276198e+03 4.371630553104723731e+03
4.064970978432569609e+03 4.291829388348004613e+03
3.963348777643778249e+03 4.198214511237528313e+03
3.836981878775261521e+03 4.081488841394423162e+03
3.680331225186487700e+03 3.936521077852484723e+03
3.493263636170305745e+03 3.763265987585333278e+03
3.281359271097150213e+03 3.567047267893555727e+03
3.055447435806489011e+03 3.358088063406242327e+03
2.830337439449485373e+03 3.150240025565225096e+03
2.621929875354083833e+03 2.958205102100683234e+03
2.443155426740900566e+03 2.793767153451424292e+03
2.300769968099712514e+03 2.662913990139318230e+03
2.194664364581157315e+03 2.565316633484838803e+03
2.119071426708808303e+03 2.495532591486977708e+03
2.063573847609422955e+03 2.443964994815415594e+03
2.013810245457478686e+03 2.397486156587925052e+03
1.954405095162560428e+03 2.342074107802574417e+03
1.874519103204449038e+03 2.267877085439640268e+03
1.771864157822046536e+03 2.172910971736919691e+03
1.652462154244520207e+03 2.062824336092698104e+03
1.528214011011937146e+03 1.948563333251687936e+03
1.413347704975640909e+03 1.842988872083225488e+03
1.319081006324079453e+03 1.756019605262226150e+03
1.249433703009813826e+03 1.691005787164695221e+03
1.200266166363605862e+03 1.644072072590192192e+03
1.161220198733715051e+03 1.605947028467899827e+03
1.119405749676661799e+03 1.565226435393115935e+03
1.066017174157631644e+03 1.514204364333838839e+03
1.000218290793393749e+03 1.452283912550663899e+03
9.285613524899928279e+02 1.385365394797185900e+03
8.615653644173142993e+02 1.322655762481833335e+03
8.073481088764694960e+02 1.271053960112966706e+03
7.668736454220205587e+02 1.231198383498419389e+03
7.345434088154318033e+02 1.198185551878962997e+03
7.018583348517416880e+02 1.164779577266451724e+03
6.631559557128431379e+02 1.126271662341822321e+03
6.195522673005564229e+02 1.083721710934840985e+03
5.769159326472599787e+02 1.042088004458418936e+03
5.407723273723122475e+02 1.005874886318958261e+03
5.120379978315293101e+02 9.757064014401503300e+02
4.867416469250542264e+02 9.482839373320999812e+02
4.601961601786152869e+02 9.198533671377049359e+02
4.313356336146366061e+02 8.896379765140605969e+02
4.029566676766336855e+02 8.598912695689654129e+02
3.782078832118612013e+02 8.330319913538990022e+02
3.571411719876131770e+02 8.090256527886359663e+02
3.372680657142893210e+02 7.859471562735553789e+02
3.167888649431678232e+02 7.624707500948156849e+02
2.965274928135816026e+02 7.392386881637725082e+02
2.781739050676872012e+02 7.174707290700666817e+02
2.618648869643739090e+02 6.972239967739518534e+02
2.463237963148252163e+02 6.775792265257787221e+02
2.309495574465670416e+02 6.581311864229093089e+02
2.164026853937602937e+02 6.393346966312519726e+02
2.031687146692631813e+02 6.214953016181999601e+02
1.908001394746343067e+02 6.043025033539959168e+02
1.788651599806312618e+02 5.874788237435591327e+02
1.675862187414862206e+02 5.711626308970664923e+02
1.571596863206086141e+02 5.554618965640329407e+02
1.473685785888003466e+02 5.402424316972923179e+02
1.381117706253653523e+02 5.254351955520775164e+02
1.293786245138394690e+02 5.110264927447699961e+02
1.211566920560403560e+02 4.970038044442668479e+02
1.134311483645211922e+02 4.833551032965267495e+02
1.061835967514900716e+02 4.700676145298751862e+02
9.938669764270197504e+01 4.571231813733532476e+02
9.301210748929115368e+01 4.445030372381525581e+02
8.703336449034917166e+01 4.321897616183595687e+02
8.142575436916854414e+01 4.201672050081160137e+02
7.616618558280184459e+01 4.084204185302259020e+02
7.123307413335415106e+01 3.969355884542042645e+02
6.660626139582390692e+01 3.857000210570731156e+02
6.226743039138101210e+01 3.747031097285612304e+02
5.819985103588022213e+01 3.639361540740814576e+02
5.438768188271524195e+01 3.533911675308515328e+02
5.081590618028059225e+01 3.430607890608559956e+02
4.747029763017959425e+01 3.329382496130779714e+02
4.433738681116794567e+01 3.230173400213797663e+02
4.140442832313939192e+01 3.132923802201577246e+02
3.865932814663719341e+01 3.037583292228643472e+02
3.609053602690998019e+01 2.944110560585956478e+02
3.368714999632704377e+01 2.852468928819768053e+02
3.143891165239136143e+01 2.762625069472684913e+02
2.933617033028980359e+01 2.674548786271411132e+02
2.736984912029392447e+01 2.588212800121256691e+02
2.553141264515530651e+01 2.503592540531519433e+02
2.381283778121595063e+01 2.420666391227414067e+02
2.220659918378641606e+01 2.339420895008895798e+02
2.070563232944480347e+01 2.259847971895910064e+02
1.930329477175082786e+01 2.181940167458970450e+02
1.799334241973821591e+01 2.105690441276093168e+02
1.676990727939479697e+01 2.031092060471971195e+02
1.562747631368010737e+01 1.958138496946301359e+02
1.456087136313734298e+01 1.886823343220511617e+02
1.356522762792402759e+01 1.817143598998507059e+02
1.263597347210341759e+01 1.749103158115973145e+02
1.176881926515697963e+01 1.682705132966122790e+02
1.095974169277455168e+01 1.617950715085711408e+02
1.020496805999141898e+01 1.554839206667681424e+02
9.500961456384889203e+00 1.493368055877843119e+02
8.844406740655978538e+00 1.433532895826735682e+02
8.232197261525834975e+00 1.375328346645488296e+02
7.661422081296527686e+00 1.318753350944700173e+02
7.129354447153652963e+00 1.263807008982711153e+02
6.633440842048299757e+00 1.210485252638425067e+02
6.171290465287084359e+00 1.158780995704155998e+02
5.740665313503044764e+00 1.108684310499286738e+02
5.339470831831411246e+00 1.060182604270293325e+02
4.965747098310951735e+00 1.013260820425496860e+02
4.617660132199494782e+00 9.679031518800880463e+01
4.293494001966700502e+00 9.240937354083136768e+01
3.991644161238383948e+00 8.818142357406209442e+01
3.710610542355327723e+00 8.410438361028627696e+01
3.448991000174691290e+00 8.017594646651792800e+01
