2.447004134938696006e+04 2.427803789335057445e+04
2.474527095776847273e+04 2.454582548793369278e+04
2.501155503242615669e+04 2.480450962746857840e+04
2.526817213004361474e+04 2.505337447381395759e+04
2.551438985234279971e+04 2.529169468078150749e+04
2.574944028312182490e+04 2.551871343662708387e+04
2.597254365686443271e+04 2.573366416140069850e+04
2.618292036573232326e+04 2.593578156285548903e+04
2.637976803447553539e+04 2.612427915440780998e+04
2.656226222376477745e+04 2.629835002537199034e+04
2.672958629833813757e+04 2.645719626202943255e+04
2.688092588933318621e+04 2.660002384736607564e+04
2.701544563730240407e+04 2.672602063256439942e+04
2.713232175037010165e+04 2.683438757390075625e+04
2.723075266700934299e+04 2.692434905759895628e+04
2.730993764565728998e+04 2.699513276983514879e+04
2.736908779893919927e+04 2.704598033855905669e+04
2.740745152674710698e+04 2.707617159542116497e+04
2.742431204268100555e+04 2.708502272470790558e+04
2.741898073899493829e+04 2.707188063149877053e+04
2.739081935242349209e+04 2.703614330398683160e+04
2.733924933394921754e+04 2.697726887907457785e+04
2.726376611112676983e+04 2.689479122978920714e+04
2.716393930292357254e+04 2.678831911425700673e+04
2.703941225336624484e+04 2.665753451030799988e+04
2.688993579950405183e+04 2.650222694722660526e+04
2.671539301100985540e+04 2.632231850689718704e+04
2.651575504372915748e+04 2.611781796128527276e+04
2.629109991907879521e+04 2.588883926494219850e+04
2.604172406848267929e+04 2.563571360286571144e+04
2.576805654313433115e+04 2.535890247362034279e+04
2.547061100613637245e+04 2.505894897094262342e+04
2.515013296258082119e+04 2.473662494140382842e+04
2.480762392902468127e+04 2.439295473301893071e+04
2.444415103407184506e+04 2.402902421520497955e+04
2.406091397980823967e+04 2.364604752253606421e+04
2.365950218655408753e+04 2.324562372301455980e+04
2.324160256971992203e+04 2.282944450458112988e+04
2.280891172336141244e+04 2.239920644997245836e+04
2.236347148470732645e+04 2.195694605997018516e+04
2.190758580300325775e+04 2.150495660126718576e+04
2.144347563134773372e+04 2.104544380186326816e+04
2.097341253083162155e+04 2.058066019898582090e+04
2.049998505669844235e+04 2.011317234531056602e+04
2.002568950714311359e+04 1.964545120653858976e+04
1.955288266416846454e+04 1.917982539546150656e+04
1.908420847170213892e+04 1.871890816550265299e+04
1.862237799295171499e+04 1.826537823919208677e+04
1.816985270441123066e+04 1.782166435727128555e+04
1.772858464316792015e+04 1.738969496390890345e+04
1.729978833379747812e+04 1.697067873243178838e+04
1.688447685446921241e+04 1.656562439109020124e+04
1.648365661276833634e+04 1.617553315352494428e+04
1.609905551632022980e+04 1.580212282480885551e+04
1.573259187812905657e+04 1.544730237541354654e+04
1.538587723638927673e+04 1.511268119063259837e+04
1.505779341433853915e+04 1.479719164533759795e+04
1.474474488452395599e+04 1.449733203660312938e+04
1.444331225808673116e+04 1.420976767099698736e+04
1.415061138186379321e+04 1.393168687643342309e+04
1.386425765508853328e+04 1.366076536330859381e+04
1.358196735630977491e+04 1.339476839846601433e+04
1.330074693803128503e+04 1.313074765247006508e+04
1.301735513105272003e+04 1.286549240577460114e+04
1.272847938075044294e+04 1.259569774377805879e+04
1.243023667319652668e+04 1.231746212179635222e+04
1.211901581399071620e+04 1.202712025563490533e+04
1.179146164786777626e+04 1.172122723944238169e+04
1.144471850338218428e+04 1.139679712954563911e+04
1.107756926291846503e+04 1.105245966680034508e+04
1.069029761058850272e+04 1.068832953432983049e+04
1.028530589146240345e+04 1.030664748601631982e+04
9.867115788165045160e+03 9.911805058644431483e+03
9.441505685659843948e+03 9.509481539827313100e+03
9.015263670787442607e+03 9.106414426802642993e+03
8.595314604531884470e+03 8.709503846333929687e+03
8.188347170412990636e+03 8.325449511841159620e+03
7.800653787370144528e+03 7.960569188540875984e+03
7.437828285943750416e+03 7.620505407059014033e+03
7.104859520476731632e+03 7.310291682486064019e+03
6.805230980065369295e+03 7.033508579438793276e+03
6.540208801248774762e+03 6.791496576946275127e+03
6.308583370979312349e+03 6.583148965497258359e+03
6.105438815614697887e+03 6.403602616606301126e+03
5.923514318924472718e+03 6.245588008905246170e+03
5.753476935050951397e+03 6.099639159470799314e+03
5.585713338479063168e+03 5.955877508484836653e+03
5.411379930672873343e+03 5.805062605262257421e+03
5.223543649693475345e+03 5.639798874282408178e+03
5.018250673442395055e+03 5.455713089914482225e+03
4.794991623065628119e+03 5.252011270893330220e+03
4.557306879379498241e+03 5.032213960089220564e+03
4.311863276149807461e+03 4.803204188671655174e+03
4.067171308628872794e+03 4.573876507641856733e+03
3.832451458789437766e+03 4.353911276812126744e+03
3.616717796597292363e+03 4.152760045315916614e+03
3.427093231626162833e+03 3.977882505871618378e+03
3.266359652315161838e+03 3.832231170515296526e+03
3.131447175290890755e+03 3.712678196485273475e+03
3.014402340507213012e+03 3.610985703173733327e+03
2.905622909504007566e+03 3.517118735810528506e+03
2.796331305302735018e+03 3.421793381642061377e+03
2.679243148386488429e+03 3.317201640061427042e+03
2.550185554134478934e+03 3.198811523963450327e+03
2.410912448251611295e+03 3.068464077194550555e+03
2.268864502107970111e+03 2.934133994339912988e+03
2.132894347333821315e+03 2.805291948278792916e+03
2.009815590165763751e+03 2.689171264557032828e+03
1.903330913811739720e+03 2.589654946954485240e+03
1.812881830050493591e+03 2.506125411311941207e+03
1.733028182234928863e+03 2.432849822449620206e+03
1.656611854443809307e+03 2.362296158262833160e+03
1.577599099184125407e+03 2.288121708475743617e+03
1.493440687463750919e+03 2.207691618125194964e+03
1.406769938185771025e+03 2.123870640108860698e+03
1.323105548110352402e+03 2.042520320716960441e+03
1.246833030333094939e+03 1.968221805359539303e+03
1.179788845022633041e+03 1.902827887128293014e+03
1.120300472974237209e+03 1.844558488383666599e+03
1.064067698695284662e+03 1.788985023654631050e+03
1.007726850081808266e+03 1.732707851945016500e+03
9.505846108595735586e+02 1.675102976681345353e+03
8.945823824146872312e+02 1.618209361068172484e+03
8.425689298699658139e+02 1.564901191749359896e+03
7.955321388301076695e+02 1.516122169580806485e+03
7.522985954218331699e+02 1.470678642618585400e+03
7.109053896608747891e+02 1.426658395253143453e+03
6.702128092481125350e+02 1.383004564746029246e+03
6.307853620199899751e+02 1.340303593371764237e+03
5.938313743776360525e+02 1.299704989296757049e+03
5.596894523647142705e+02 1.261500975065645434e+03
5.277012112507078427e+02 1.225069529923802293e+03
4.970389317993217446e+02 1.189671725728842603e+03
4.676169968865881401e+02 1.155252188793072492e+03
4.398423854210013815e+02 1.122171813024754101e+03
4.138914093556284115e+02 1.090568699937065048e+03
3.894514065820601445e+02 1.060169035041803909e+03
3.662139136529534653e+02 1.030719863591241165e+03
3.441839249752179057e+02 1.002226867473166635e+03
3.234676864710287418e+02 9.747658389828681038e+02
3.039804326219962718e+02 9.482609522300568869e+02
2.855594781968408711e+02 9.225843307219274720e+02
2.681562592773946676e+02 8.976950459746238948e+02
2.517747435105254965e+02 8.735864436468551730e+02
2.363502583117092968e+02 8.502041331237959412e+02
2.218098390265806472e+02 8.274908610180485766e+02
2.081112492748308114e+02 8.054105000809601052e+02
1.952170320746154175e+02 7.839300113701989403e+02
1.830828253970046262e+02 7.630124374980422317e+02
1.716663983447384965e+02 7.426233571996318688e+02
1.609277032411476398e+02 7.227308479240930410e+02
1.508287727911023808e+02 7.033053442259763415e+02
1.413336214931038626e+02 6.843195073197223337e+02
1.324081534891758167e+02 6.657481043832048044e+02
1.240202257649551143e+02 6.475678788345172734e+02
1.161396075547125122e+02 6.297574376264775537e+02
1.087376205237924864e+02 6.122971851673494257e+02
1.017870474841589612e+02 5.951692359951713343e+02
9.526207038435337893e+01 5.783573299687004692e+02
8.913820996719221057e+01 5.618467523139740933e+02
8.339226713055444407e+01 5.456242578859764762e+02
7.800225026517550475e+01 5.296782458327724044e+02
7.294726960646408997e+01 5.139995576967495481e+02
6.820755219369293343e+01 4.985804623809947316e+02
6.376441150718540030e+01 4.834142279400563780e+02
5.960019377420497477e+01 4.684950670069836178e+02
5.569822648609322613e+01 4.538180833679945749e+02
5.204276907156370413e+01 4.393792194105798785e+02
4.861896568596736046e+01 4.251753276065498426e+02
4.541280030145186686e+01 4.112059703145024514e+02
4.241105333303840297e+01 3.974727028757509970e+02
3.960126004653737652e+01 3.839772749870653570e+02
3.697167111410636409e+01 3.707215492995951536e+02
3.451121496540996247e+01 3.577074731533074328e+02
3.220946186488293250e+01 3.449370507667224501e+02
3.005658963896863156e+01 3.324123224032705366e+02
2.804334807543423125e+01 3.201365703982825721e+02
2.616102548830638952e+01 3.081154939130508978e+02
2.440142595697612649e+01 2.963545016809277968e+02
2.275684172585731346e+01 2.848583309461550925e+02
2.122002603375437957e+01 2.736310599043558796e+02
1.978416731311279264e+01 2.626761217176533592e+02
1.844286470056726301e+01 2.519963199974857844e+02
1.719010461849125093e+01 2.415940888518819918e+02
1.602023784795381189e+01 2.314727600242937910e+02
1.492795963868463360e+01 2.216353844096397552e+02
1.390829039362768604e+01 2.120840800295199529e+02
1.295655684943504937e+01 2.028200806120835580e+02
1.206837426095217936e+01 1.938437867480265027e+02
1.123962954368515277e+01 1.851548173997623792e+02
1.046646528435804946e+01 1.767520713177521827e+02
9.745263617481006335e+00 1.686340189213282486e+02
9.072632265100283533e+00 1.607987152646258835e+02
8.445392389456216620e+00 1.532435566580442980e+02
7.860565842634017031e+00 1.459653235898161370e+02
7.315363069651968253e+00 1.389602373147028231e+02
6.807171697058737259e+00 1.322240147929696548e+02
6.333545771296114957e+00 1.257519217839334829e+02
5.892195422380397396e+00 1.195388181986375571e+02
5.480977018755556429e+00 1.135791977398114625e+02
