1.551585552886968071e+04 1.543626171847717524e+04
1.570056546356554463e+04 1.561771801293233329e+04
1.587977724370799478e+04 1.579358618165470762e+04
1.605299644464531229e+04 1.596337340934199528e+04
1.621972164028223415e+04 1.612658037614463137e+04
1.637944383915984326e+04 1.628270062949088060e+04
1.653162944006478210e+04 1.643120349580777474e+04
1.667573609604579178e+04 1.657155003205822868e+04
1.681122145601857846e+04 1.670320182845943782e+04
1.693752298416221311e+04 1.682560110414220981e+04
1.705405717991958954e+04 1.693817000138133881e+04
1.716024577620254422e+04 1.704033654237642259e+04
1.725551140069284156e+04 1.713153041206843773e+04
1.733925816894914169e+04 1.721116390133190725e+04
1.741089791469063493e+04 1.727865782093594316e+04
1.746985851990454466e+04 1.733344977365922387e+04
1.751556136395561043e+04 1.737497218766261722e+04
1.754743133132148432e+04 1.740266219388713580e+04
1.756492136041584308e+04 1.741598569749321905e+04
1.756750679921592018e+04 1.741443212420051350e+04
1.755467509991678162e+04 1.739750470107167348e+04
1.752595126209034424e+04 1.736474495857003785e+04
1.748090487123779531e+04 1.731573969761941771e+04
1.741914665705766311e+04 1.725011868752841110e+04
1.734033702142993207e+04 1.716756242431727151e+04
1.724419493633647653e+04 1.706781019997439580e+04
1.713051326087034613e+04 1.695067628555016563e+04
1.699916923808509455e+04 1.681606087221054622e+04
1.685011009683784505e+04 1.666393393081247268e+04
1.668336647057087612e+04 1.649434866192378468e+04
1.649911217102086084e+04 1.630750276022095932e+04
1.629761647917590562e+04 1.610368896475998372e+04
1.607922216473387016e+04 1.588327212612700896e+04
1.584444263310131282e+04 1.564678735036139187e+04
1.559396622661941001e+04 1.539494401377082431e+04
1.532853949712757094e+04 1.512850732649261045e+04
1.504902271150142042e+04 1.484835383912441102e+04
1.475655579832638068e+04 1.455563775547108708e+04
1.445234792334791564e+04 1.425157939747422461e+04
1.413763020296113791e+04 1.393741752144508064e+04
1.381392119622803330e+04 1.361467322643807347e+04
1.348292365674177563e+04 1.328504697032795048e+04
1.314627548292229403e+04 1.295017092516080447e+04
1.280568646663012805e+04 1.261174425923421040e+04
1.246313054598974122e+04 1.227172315889195124e+04
1.212048989833338419e+04 1.193196918680192903e+04
1.177954957649400421e+04 1.159424347376068908e+04
1.144245137077252184e+04 1.126064824583745212e+04
1.111139017739299197e+04 1.093333196601579584e+04
1.078831743181014826e+04 1.061420169967274705e+04
1.047478354755996952e+04 1.030476716779853632e+04
1.017186442589696344e+04 1.000606824698287892e+04
9.880461497152367883e+03 9.718973425206802858e+03
9.601522856932831928e+03 9.444392648493274464e+03
9.336883975967084552e+03 9.184080052037046698e+03
9.088515123211114769e+03 8.939916790420404141e+03
8.858035274018933706e+03 8.713445790185965961e+03
8.644943461124581518e+03 8.504148879285748990e+03
8.447208631782608791e+03 8.310020689806611699e+03
8.262930602313450436e+03 8.129186213454053359e+03
8.090339153860256374e+03 7.959904829903050995e+03
7.927781055606910741e+03 7.800555923675294252e+03
7.773621817720226318e+03 7.649540515995042369e+03
7.625548898262953117e+03 7.504618296599917812e+03
7.481054390666221479e+03 7.363365583594953932e+03
7.337433586681559063e+03 7.223180262869843318e+03
7.191420144508105295e+03 7.080940734025484744e+03
7.039818979825998213e+03 6.933596975684942663e+03
6.879069732521574224e+03 6.777776844340003663e+03
6.705773280100800548e+03 6.610265271115714313e+03
6.517337713694271770e+03 6.428639455778807132e+03
6.311964433638079754e+03 6.231239002201775293e+03
6.089311353623195828e+03 6.017797275847678065e+03
5.850411889438381877e+03 5.789357937345253958e+03
5.597898312524725952e+03 5.548474642684029277e+03
5.335658065092762627e+03 5.298884280730563660e+03
5.068458310784209971e+03 5.045133758841135204e+03
4.801403921473680384e+03 4.792072618151372808e+03
4.539902558560278521e+03 4.544809311853194231e+03
4.289274470037996252e+03 4.308340231946504900e+03
4.054904938673055767e+03 4.087681860107423745e+03
3.841296419908807366e+03 3.887014169010492424e+03
3.652282617404242046e+03 3.709827534574192214e+03
3.489876440059206743e+03 3.557918740462595906e+03
3.354017983762945278e+03 3.431106656016348097e+03
3.242215025058784704e+03 3.326966432141900896e+03
3.149964292100722105e+03 3.241197517069516380e+03
3.070943285996918803e+03 3.167849063202500929e+03
2.998082357207114455e+03 3.100294417620351851e+03
2.923932938688365084e+03 3.031589703833993553e+03
2.841717376025761496e+03 2.955439113651166736e+03
2.746114807412532627e+03 2.866914768229312358e+03
2.634295276817555532e+03 2.763423624371674123e+03
2.506575267511881520e+03 2.645311395448366966e+03
2.366212550367852145e+03 2.515654199405542386e+03
2.218961263493587467e+03 2.379833945477893849e+03
2.072442993847049820e+03 2.244926666844207830e+03
1.935178727601767605e+03 2.118767260024642837e+03
1.814702556588469179e+03 2.008207950598469324e+03
1.715393598885586698e+03 1.917156490728575591e+03
1.637247013193431485e+03 1.845491725952855631e+03
1.576450190875556927e+03 1.789641612720767398e+03
1.526959384943691020e+03 1.744046150762213529e+03
1.481399436302563572e+03 1.701971873610629245e+03
1.431775029678119836e+03 1.656148561530822917e+03
1.371848404488801862e+03 1.600929560314011042e+03
1.300125828096207897e+03 1.535008706064323178e+03
1.220180247998447157e+03 1.461694092149424023e+03
1.138359382577285032e+03 1.386780795267294934e+03
1.061762010073183546e+03 1.316667344407459041e+03
9.962152609517394239e+02 1.256521663521989694e+03
9.440802529241518641e+02 1.208354742777100910e+03
9.032990440192559163e+02 1.170245840824732113e+03
8.686533978023114742e+02 1.137512891470240902e+03
8.336550225079777192e+02 1.104397735393004496e+03
7.934865257612639198e+02 1.066666826516161109e+03
7.477302392950203966e+02 1.024007353695028769e+03
6.996720496589279037e+02 9.793656102301674764e+02
6.540805006281768783e+02 9.369309833165484633e+02
6.150050095024108714e+02 9.001858844890588216e+02
5.831890963687369549e+02 8.697005477186240796e+02
5.559368748450534667e+02 8.430988752786701070e+02
5.293708760674898031e+02 8.170418054671566779e+02
5.007507972672953542e+02 7.892142896835430292e+02
4.703316135265841353e+02 7.598761020971434164e+02
4.407477472362761546e+02 7.312762871238644493e+02
4.143915665119907885e+02 7.054023883134066182e+02
3.917545128624010431e+02 6.826191889890749280e+02
3.712624439628805817e+02 6.615932000858949777e+02
3.508769040044107328e+02 6.406510205492847945e+02
3.300244166024044716e+02 6.193473028968262497e+02
3.097614086496301979e+02 5.985509327011913001e+02
2.913060759124962829e+02 5.792265001486673555e+02
2.747632300634643343e+02 5.614317636947614574e+02
2.592091885096380679e+02 5.444270480601326199e+02
2.439077151823675251e+02 5.276445410949047528e+02
2.290736887139722455e+02 5.112572437963141283e+02
2.152815416806930386e+02 4.956966717908282476e+02
2.026083874302273671e+02 4.810067897535000725e+02
1.906291478951643796e+02 4.668647115708559454e+02
1.790925489164452813e+02 4.530874717013477948e+02
1.681661382939018665e+02 4.397948487138266387e+02
1.579967236153118790e+02 4.270837671662170010e+02
1.484513426257535684e+02 4.148543822638234246e+02
1.393748621408072097e+02 4.029975108048345760e+02
1.307986704799749305e+02 3.915317562408107506e+02
1.227633531236817817e+02 3.804786562003925496e+02
1.152495768998290231e+02 3.698209591941693475e+02
1.081489095822825561e+02 3.594870909700049992e+02
1.014441611838737174e+02 3.494608662983076215e+02
9.512091160821476876e+01 3.397289356914134260e+02
8.916428324797475113e+01 3.302786776845641157e+02
8.355909841198597121e+01 3.210981581149654289e+02
7.829002003632440676e+01 3.121760919631143452e+02
7.334164843428867187e+01 3.035017853674556818e+02
6.869711884675618307e+01 2.950638486121624169e+02
6.433789990899754230e+01 2.868496683685270341e+02
6.024643581261916125e+01 2.788473395233797874e+02
5.640629541139222880e+01 2.710457919290383302e+02
5.280209516840464801e+01 2.634347426879057821e+02
4.941942776565336004e+01 2.560046518240059186e+02
4.624479593415613721e+01 2.487466810160707666e+02
4.326563454161434663e+01 2.416528131792037755e+02
4.047056812289243055e+01 2.347164653807844275e+02
3.784896443553828504e+01 2.279318034608686503e+02
3.539074001207012543e+01 2.212934171871522722e+02
3.308633726729829760e+01 2.147962972564104689e+02
3.092670219505032847e+01 2.084358136039767544e+02
2.890326257503079432e+01 2.022076947120986858e+02
2.700790459012138101e+01 1.961080129798962162e+02
2.523290167129566797e+01 1.901332935417000556e+02
2.357090762836485354e+01 1.842804864149449600e+02
2.201500035066669270e+01 1.785467988212147361e+02
2.055866178349630502e+01 1.729296723074602653e+02
1.919575576680252027e+01 1.674267680661076554e+02
1.792050698995262081e+01 1.620359527061600318e+02
1.672748101329275272e+01 1.567552844470397702e+02
1.561156816104557343e+01 1.515831023691447967e+02
1.456797147931025371e+01 1.465182533839287373e+02
1.359217968230680285e+01 1.415597528385679880e+02
1.267994896691571505e+01 1.367066875110889441e+02
1.182728823253985517e+01 1.319582073045137349e+02
1.103044503601872606e+01 1.273135171867405546e+02
1.028589225113273287e+01 1.227718693792329674e+02
9.590315201216185415e+00 1.183325818620683236e+02
8.940597113091918402e+00 1.139953725940943912e+02
8.333809263429706959e+00 1.097601992798717703e+02
7.767202509353788642e+00 1.056269484135129204e+02
7.238196896635337829e+00 1.015954271235969202e+02
6.744371772206574356e+00 9.766536297360272556e+01
6.283456435262934292e+00 9.383640399053018655e+01
5.853321300184894049e+00 9.010811949143455024e+01
5.451969454180957797e+00 8.648017696060020398e+01
5.077528678108921945e+00 8.295254939608761902e+01
4.728244232266567870e+00 7.952509636716951036e+01
4.402471848586250402e+00 7.619750331584128844e+01
4.098671081727990106e+00 7.296929047112412547e+01
3.815399037159098672e+00 6.983982182875561762e+01
3.551304456567658363e+00 6.680831416050908445e+01
3.305122105491103301e+00 6.387386835918997718e+01
