1.359027090465360197e+04 1.349062380620646945e+04
1.378552098830225077e+04 1.368165224754073461e+04
1.397796839066620305e+04 1.386975503663904419e+04
1.416724872524535385e+04 1.405456850039546953e+04
1.435297463219227029e+04 1.423570782764910473e+04
1.453474852327850749e+04 1.441277870245030499e+04
1.471216417592289690e+04 1.458537873510108329e+04
1.488479435484576243e+04 1.475308531294206841e+04
1.505219729224350158e+04 1.491546202733420068e+04
1.521392595347933639e+04 1.507206783546632687e+04
1.536952022578022297e+04 1.522244964813691331e+04
1.551849871032429292e+04 1.536613454934888432e+04
1.566037592202678934e+04 1.550264635801272379e+04
1.579466388222644673e+04 1.563150724035399980e+04
1.592085835227423377e+04 1.575222469520934101e+04
1.603844953470497239e+04 1.586430184140962774e+04
1.614693221869631998e+04 1.596724716478970186e+04
1.624579810361196724e+04 1.606056741715502176e+04
1.633453160546018626e+04 1.614376380023051388e+04
1.641262698064367942e+04 1.621634817404986825e+04
1.647959063406940186e+04 1.627784541054672991e+04
1.653493420345950290e+04 1.632778741980591985e+04
1.657818432670170296e+04 1.636572213165032190e+04
1.660888998755704597e+04 1.639122031525665443e+04
1.662662691324455591e+04 1.640388059003888338e+04
1.663100104089520028e+04 1.640333301555376966e+04
1.662164971980298287e+04 1.638923924919312776e+04
1.659824966688524728e+04 1.636130049109855645e+04
1.656054012710515963e+04 1.631928127160853364e+04
1.650830756671369818e+04 1.626299325143690658e+04
1.644138170429705860e+04 1.619229077782309287e+04
1.635968067403695204e+04 1.610711625783900854e+04
1.626321569218828881e+04 1.600750460276883132e+04
1.615204498530664569e+04 1.589353650135019416e+04
1.602630074001963658e+04 1.576536521100114805e+04
1.588627260073035177e+04 1.562329994560729574e+04
1.573231798560891002e+04 1.546771579499604923e+04
1.556483962304651504e+04 1.529903105886146659e+04
1.538441989395268865e+04 1.511784123422830453e+04
1.519179547489539618e+04 1.492489342854952520e+04
1.498772398214264103e+04 1.472095307996795236e+04
1.477303969287336986e+04 1.450685983283854875e+04
1.454878263284867899e+04 1.428365686854118212e+04
1.431601891476209312e+04 1.405241074496194233e+04
1.407581679534836439e+04 1.381418746186392673e+04
1.382953636597470177e+04 1.357034228118353349e+04
1.357871458698867536e+04 1.332240473604884210e+04
1.332481666478198349e+04 1.307183023021028384e+04
1.306914649729392841e+04 1.281991463675559135e+04
1.281273005698092675e+04 1.256768350145446493e+04
1.255649965842105121e+04 1.231606789307640793e+04
1.230139702818728983e+04 1.206600612925469432e+04
1.204903298625627212e+04 1.181910310666040823e+04
1.180132917830603401e+04 1.157727309560349568e+04
1.156005286523354152e+04 1.134227597153099850e+04
1.132643218244750096e+04 1.111534377065961598e+04
1.110079674547075592e+04 1.089683156275674992e+04
1.088334371680511140e+04 1.068696314793417878e+04
1.067408098953379522e+04 1.048577518305318699e+04
1.047220683652399021e+04 1.029250899731542449e+04
1.027672739655380246e+04 1.010621476185848587e+04
1.008661782834796759e+04 9.925908150630024465e+03
9.900436085440664101e+03 9.750187225336725533e+03
9.716686845637208535e+03 9.577590765660717807e+03
9.533861996945774081e+03 9.406634560297932694e+03
9.350262511660197561e+03 9.235629364730219095e+03
9.164256605101143577e+03 9.062939719901214630e+03
8.974010485472190339e+03 8.886704419831712585e+03
8.777596101546903810e+03 8.704943637139043858e+03
8.573170366357673629e+03 8.515737145470180621e+03
8.358861100875368720e+03 8.317100326683164894e+03
8.133164637278886403e+03 8.107395719451712466e+03
7.895378174374143782e+03 7.885771823920297720e+03
7.645415962185886201e+03 7.651988618728053552e+03
7.384681750024046778e+03 7.407328028204277871e+03
7.115339396158209638e+03 7.153857502282005953e+03
6.840853176823382455e+03 6.895009438091506127e+03
6.565075723222998931e+03 6.634646471956742971e+03
6.292289252973262592e+03 6.377115521164623715e+03
6.026564476548494895e+03 6.126583438169303918e+03
5.771699147426448690e+03 5.886974004948310721e+03
5.531037491546350793e+03 5.661773198957544992e+03
5.307426920514701123e+03 5.453991442162376188e+03
5.102797534148088744e+03 5.265720008737992430e+03
4.918238243583217809e+03 5.098207480967791525e+03
4.752933373742313961e+03 4.950737727210163030e+03
4.604659509427134253e+03 4.821116585348875560e+03
4.469026049611313283e+03 4.704830233662684805e+03
4.340755800311385428e+03 4.596340137771073387e+03
4.213917840519815400e+03 4.489287418295437419e+03
4.083224760376524046e+03 4.377864415945089604e+03
3.944490580809933817e+03 4.257326340603283825e+03
3.795403537470244373e+03 4.124891330997695150e+03
3.635813702222520533e+03 3.980128053384493796e+03
3.467803287106143671e+03 3.825103484922217376e+03
3.295567445650260197e+03 3.664307054026729020e+03
3.124456159963667687e+03 3.503593117939970398e+03
2.960102737328436888e+03 3.349205223695009408e+03
2.807703401509208561e+03 3.206956376909133724e+03
2.671330535380067886e+03 3.081452453479291307e+03
2.552811784064940639e+03 2.974846200560036777e+03
2.450600978768190544e+03 2.885560606832642861e+03
2.359900754873264759e+03 2.808350210652219630e+03
2.274372898257974612e+03 2.736128470524480235e+03
2.188271312813773875e+03 2.662333732334883280e+03
2.097481612559881796e+03 2.582146995270746629e+03
1.999915560768282376e+03 2.493029870872442643e+03
1.896528845288046796e+03 2.395990548969163228e+03
1.791754253059753182e+03 2.296135827719955159e+03
1.691478519035000318e+03 2.200307736419497360e+03
1.600181718592491507e+03 2.113728167278120509e+03
1.519843354850092055e+03 2.038726396097305496e+03
1.449834295616594318e+03 1.974625901410370716e+03
1.386791069208035879e+03 1.917583912068927020e+03
1.325971114367516066e+03 1.862120232662232183e+03
1.263618463268927371e+03 1.803858558553752573e+03
1.198395810871534195e+03 1.741244045844566699e+03
1.131914933217570706e+03 1.676199886322831617e+03
1.067863970406348017e+03 1.613079074031586970e+03
1.009272727605304908e+03 1.555430983583477428e+03
9.569936152633513302e+02 1.504246416899295809e+03
9.098053721849601061e+02 1.458115788683563324e+03
8.649213596948401346e+02 1.413839968878462969e+03
8.200453664958769195e+02 1.368812416697464641e+03
7.749314240510027503e+02 1.322809091552715699e+03
7.309589658390690374e+02 1.277466120796959558e+03
6.899769552090820071e+02 1.234911948692975557e+03
6.526389316616599672e+02 1.195878785466484715e+03
6.179942757137182525e+02 1.159296217991987760e+03
5.846916990957527105e+02 1.123680207828340372e+03
5.520470024332354342e+02 1.088319422645817440e+03
5.204968688878709600e+02 1.053737091076100342e+03
4.908784339152328471e+02 1.020859589950761688e+03
4.633856618839871544e+02 9.898919070026395275e+02
4.374895664754052405e+02 9.602762051537084744e+02
4.126326610455571995e+02 9.314508760381189632e+02
3.887922743024618057e+02 9.034196297052254749e+02
3.662625276110533150e+02 8.764950211041428929e+02
3.451524134907389794e+02 8.507859420333916205e+02
3.252057025984752272e+02 8.260439873870338943e+02
3.062131500376286795e+02 8.020791185077483760e+02
2.881922401935331663e+02 7.789177556043305231e+02
2.712163799967996738e+02 7.566291020448982181e+02
2.552099917322000238e+02 7.351443897315314189e+02
2.400523110464752961e+02 7.143597742191409452e+02
2.257146994711201842e+02 6.942525209625837306e+02
2.121966833697271682e+02 6.748201135836263802e+02
1.994467201843651196e+02 6.560177381781743406e+02
1.874058448990954275e+02 6.377965885566917450e+02
1.760450999949141817e+02 6.201315405011840767e+02
1.653349223058116877e+02 6.029963864524636392e+02
1.552408375982567463e+02 5.863601075619676521e+02
1.457297445090514145e+02 5.701934796773493872e+02
1.367701714214826723e+02 5.544693058518616908e+02
1.283322053429714060e+02 5.391622932562552251e+02
1.203874233455456846e+02 5.242489398070985089e+02
1.129088310139397038e+02 5.097074035089626705e+02
1.058709467390780787e+02 4.955165135848921523e+02
9.924973007117374380e+01 4.816555767347711026e+02
9.302231259976765898e+01 4.681054734167861398e+02
8.716693970487425247e+01 4.548486462201250902e+02
8.166292714001959041e+01 4.418690163799603852e+02
7.649061847173318540e+01 4.291519060557789658e+02
7.163134343054535691e+01 4.166839656871232478e+02
6.706737260487317087e+01 4.044531193713918924e+02
6.278183908239186195e+01 3.924486208850067328e+02
5.875873097870631767e+01 3.806609183240304333e+02
5.498288241072612692e+01 3.690815109628369441e+02
5.143993468029751881e+01 3.577028936192642732e+02
4.811629848370056806e+01 3.465185040630755111e+02
4.499911750987805448e+01 3.355226720419041726e+02
4.207623340492846609e+01 3.247105696212755674e+02
3.933615095424642050e+01 3.140787120865714428e+02
3.676800279457373222e+01 3.036264752465991137e+02
3.436152269568638928e+01 2.933541114024309309e+02
3.210701682178815020e+01 2.832620993463380046e+02
2.999533488964763706e+01 2.733511168809509968e+02
2.801784255198697338e+01 2.636220136004840811e+02
2.616639497102986667e+01 2.540757839724050200e+02
2.443331151909788801e+01 2.447135563845191939e+02
2.281134928875629697e+01 2.355379294900755553e+02
2.129367905956358697e+01 2.265537337446605477e+02
1.987386781315780482e+01 2.177655075433712284e+02
1.854585795051641028e+01 2.091772295734154170e+02
1.730394701459877993e+01 2.007923298826336236e+02
1.614276838648695644e+01 1.926137023214407122e+02
1.505727291727082395e+01 1.846437182557138499e+02
1.404271136179290025e+01 1.768843057949556226e+02
1.309461636155491782e+01 1.693379356915066580e+02
1.220878741554147595e+01 1.620072477968184614e+02
1.138127730538551852e+01 1.548941254986944216e+02
1.060837779567690120e+01 1.479997106370359745e+02
9.886606031307671572e+00 1.413244482047816177e+02
9.212691643804337360e+00 1.348681313176803940e+02
8.583564534525443435e+00 1.286299461599074903e+02
7.996343127858572153e+00 1.226085497528235351e+02
7.448322633135419757e+00 1.168022686528954353e+02
6.936965595989513567e+00 1.112089818932143857e+02
6.459892489810328264e+00 1.058260838372055304e+02
6.014872377434428152e+00 1.006505305277363931e+02
