2.417485696748716873e+04 2.408030162808579917e+04
2.434919310447337193e+04 2.425100916948256781e+04
2.450961140466171855e+04 2.440771323950632359e+04
2.465533812219528772e+04 2.454964160729149808e+04
2.478557694538830401e+04 2.467600077134277672e+04
2.489949869724205564e+04 2.478596599439776037e+04
2.499629152447288652e+04 2.487873067309773614e+04
2.507515684895703089e+04 2.495350226835942885e+04
2.513527038122925296e+04 2.500946342453746183e+04
2.517582678053169366e+04 2.504581661975889074e+04
2.519605806835822659e+04 2.506180261602140672e+04
2.519518362404574145e+04 2.505665122276062175e+04
2.517242081733165105e+04 2.502959191597951940e+04
2.512704351703423163e+04 2.497991165900721535e+04
2.505836802885285942e+04 2.490694135532705695e+04
2.496571653969803810e+04 2.481002035923427684e+04
2.484847930586973598e+04 2.468855728209837616e+04
2.470612943106700550e+04 2.454204461491510301e+04
2.453818419831878055e+04 2.437002216007911557e+04
2.434423256446863525e+04 2.417210346660188588e+04
2.412397351453698866e+04 2.394801255335034148e+04
2.387721112052263561e+04 2.369758065951747631e+04
2.360385017976521704e+04 2.342074332914631304e+04
2.330392301650097215e+04 2.311756359977065586e+04
2.297760240608643289e+04 2.278824495818662035e+04
2.262523610471116990e+04 2.243316967264319828e+04
2.224732537157533079e+04 2.205287374228009867e+04
2.184451257679164701e+04 2.164803211118899708e+04
2.141766707739312915e+04 2.121954758546298399e+04
2.096789950407572542e+04 2.076856527221300712e+04
2.049644332013687745e+04 2.029634914611162822e+04
2.000471050067560282e+04 1.980433815845334175e+04
1.949449814194851569e+04 1.929435575927161335e+04
1.896773359186264133e+04 1.876835069291647233e+04
1.842639958723453310e+04 1.822832068560742482e+04
1.787287302283092140e+04 1.767665180651126866e+04
1.730980761217839245e+04 1.711600058223341330e+04
1.673977130224669600e+04 1.654893079165880044e+04
1.616547521282432353e+04 1.597814028576249802e+04
1.559014829799205290e+04 1.540683206360205077e+04
1.501686214446825943e+04 1.483804594985570839e+04
1.444847079385058714e+04 1.427459893477081641e+04
1.388825321019358125e+04 1.371971432472966626e+04
1.333948745711417723e+04 1.317660608948366462e+04
1.280499728943970331e+04 1.264803660281798693e+04
1.228759496025117551e+04 1.213674235263894479e+04
1.179036107893400549e+04 1.164570383464318002e+04
1.131589312096132380e+04 1.117742821345426637e+04
1.086629359397696135e+04 1.073393552800880570e+04
1.044331688160580416e+04 1.031687855783845953e+04
1.004835795707745092e+04 9.927555525042460431e+03
9.682482486749137024e+03 9.566950887391732977e+03
9.346609286275348495e+03 9.235881875997527459e+03
9.041585241257313101e+03 8.935068832427092275e+03
8.768108200973414569e+03 8.665097492946628336e+03
8.525643443239443513e+03 8.425364292904178001e+03
8.310655148149733577e+03 8.212353465693904582e+03
8.119498785626400604e+03 8.022448036477068854e+03
7.948918703643361368e+03 7.852417462656312637e+03
7.795979887355553728e+03 7.699358728792551119e+03
7.657993479511681471e+03 7.560612780151496736e+03
7.531393471229407623e+03 7.432701830377405713e+03
7.411230896510599450e+03 7.310854348214181300e+03
7.292535344109854123e+03 7.190297267023132918e+03
7.169062943911071670e+03 7.065115422439990652e+03
7.034258223860505495e+03 6.929136455279227448e+03
6.881972502139587050e+03 6.776634860168012892e+03
6.706568739099853701e+03 6.602436547501035420e+03
6.503916137993381199e+03 6.402811706979571682e+03
6.272411434161679608e+03 6.176463488236716330e+03
6.012361857740752384e+03 5.923866528544940593e+03
5.727260471944954588e+03 5.648481774352737375e+03
5.421841334700634434e+03 5.354879789473225173e+03
5.102068741156413125e+03 5.048747536653125280e+03
4.774891546427893445e+03 4.736622553499148125e+03
4.448719734513849289e+03 4.426357737866180287e+03
4.132324398858791028e+03 4.126083551480753158e+03
3.834482022144883558e+03 3.843903855344347448e+03
3.563864261752599305e+03 3.587710720350688916e+03
3.327486739849879541e+03 3.363899470254079461e+03
3.129394393436642986e+03 3.176011271553693405e+03
2.971398333980554526e+03 3.025523114339429412e+03
2.851060586670868361e+03 2.909969167505556015e+03
2.764027830006747081e+03 2.825112239031040644e+03
2.702911077876682612e+03 2.763984670521586850e+03
2.658957413362758871e+03 2.718428973504601800e+03
2.621773993998300739e+03 2.678906515540055352e+03
2.580492212871766242e+03 2.635581904314164603e+03
2.524991929943043488e+03 2.579421253245860498e+03
2.447552330066172090e+03 2.503659836524484490e+03
2.344121171417737514e+03 2.404887198412864109e+03
2.214823028066987263e+03 2.283426701859277273e+03
2.064382092278965047e+03 2.143665520470364754e+03
1.902562700330588086e+03 1.994406042807216181e+03
1.742649995571807267e+03 1.847455574959541309e+03
1.597802199142279505e+03 1.714416702841183906e+03
1.477302473391699095e+03 1.603381481282460300e+03
1.384790015140334617e+03 1.517385306657365163e+03
1.319594784253793023e+03 1.455639012146794130e+03
1.277533182162600951e+03 1.414273277219360125e+03
1.250427010857474670e+03 1.385980605474147524e+03
1.226414576027865451e+03 1.360365905697419976e+03
1.193763671918893579e+03 1.327303427627038445e+03
1.145415718923839449e+03 1.280826800780121175e+03
1.080213398540709704e+03 1.220096613258472189e+03
1.002376527562265096e+03 1.148866445847080286e+03
9.208812580436336930e+02 1.074881873327110497e+03
8.462826437889923454e+02 1.007125667227108579e+03
7.861261161645121547e+02 9.519157172617095739e+02
7.429830402238459328e+02 9.112883240453520557e+02
7.140391325692097553e+02 8.827271213194771917e+02
6.916335199833607703e+02 8.597047050252506324e+02
6.671965785747773907e+02 8.350447101283932625e+02
6.354127684801654823e+02 8.043805009140219227e+02
5.954248219832621771e+02 7.670899073198464748e+02
5.514506455352415060e+02 7.267251880537568240e+02
5.104526509905666671e+02 6.890190712106691535e+02
4.772187620062971973e+02 6.578326237335637643e+02
4.523913227153223033e+02 6.336005075450892718e+02
4.326988630552946233e+02 6.136001610537047100e+02
4.129507494968009382e+02 5.936251265084829356e+02
3.899858539217284488e+02 5.711680195719264930e+02
3.643885265123482782e+02 5.467386858358735253e+02
3.392354990384040434e+02 5.227986404108866054e+02
3.176211562221045028e+02 5.017672112158685991e+02
3.000789236835690872e+02 4.840152218330947562e+02
2.845730254110987403e+02 4.679198977752520818e+02
2.687585772102862620e+02 4.516602789223034051e+02
2.519998692625857757e+02 4.347636450686076159e+02
2.355746612631703840e+02 4.182174745314623010e+02
2.209171731368421661e+02 4.030988655709742829e+02
2.081721214262850879e+02 3.894923483940103210e+02
1.962195484405331456e+02 3.765448566592933730e+02
1.842830489946819057e+02 3.636806192115919885e+02
1.726035061969523952e+02 3.510808223573932878e+02
1.618523196882237016e+02 3.392298616619434029e+02
1.521159599316759170e+02 3.281776151290758889e+02
1.429263265009222721e+02 3.175801172285032976e+02
1.340248417174460087e+02 3.072521168877013906e+02
1.255984579085405670e+02 2.973228979663570044e+02
1.178178715841161903e+02 2.879047248887372916e+02
1.105397188824197485e+02 2.788923048968150056e+02
1.036174394719460423e+02 2.701829415451110208e+02
9.708492991472056133e+01 2.617959321202149567e+02
9.098908414087051710e+01 2.537576809764041457e+02
8.527499165505470557e+01 2.460298131557825343e+02
7.989590923593621596e+01 2.385777170799889291e+02
7.483483815374940207e+01 2.313865631189031262e+02
7.007621837950507881e+01 2.244430989638804874e+02
6.560488452167015794e+01 2.177348724641001922e+02
6.140609905819768244e+01 2.112501806493189633e+02
5.746557926392224402e+01 2.049780224486196971e+02
5.376951836477439173e+01 1.989080548077613741e+02
5.030440227336574566e+01 1.930304003314974182e+02
4.705633787990800698e+01 1.873350417432098141e+02
4.401195379970029364e+01 1.818123857492831803e+02
4.115870150990146215e+01 1.764534723774291649e+02
3.848480398449355988e+01 1.712499355930065974e+02
3.597920753588068976e+01 1.661939667493210777e+02
3.363153675337451176e+01 1.612782806964189035e+02
3.143205386294721748e+01 1.564960889511912114e+02
2.937170465359067961e+01 1.518413399535241695e+02
2.744209857494030302e+01 1.473088000424503150e+02
2.563532734967792948e+01 1.428935995978772553e+02
2.394392811359096029e+01 1.385911751938195096e+02
2.236086101821233285e+01 1.343972523171698583e+02
2.087948774444339506e+01 1.303078290771349259e+02
1.949355090756804643e+01 1.263191608257570948e+02
1.819715105859433635e+01 1.224277661147737746e+02
1.698470414757289149e+01 1.186305706143160563e+02
1.585094470961425195e+01 1.149247843684672432e+02
1.479092472787385049e+01 1.113077864776074080e+02
1.379999555259563770e+01 1.077771144369590957e+02
1.287379064288916020e+01 1.043304548785022803e+02
1.200820924278435164e+01 1.009656347220385442e+02
1.119940094909351913e+01 9.768061283343530476e+01
1.044375296595660707e+01 9.447353351780768094e+01
9.737878496151122221e+00 9.134280560300614127e+01
9.078598715763584792e+00 8.828694228136714628e+01
8.462929868901662545e+00 8.530452777304260792e+01
7.888071914415815122e+00 8.239421230441554655e+01
7.351397786639347842e+00 7.955470728561788007e+01
6.850443240415476254e+00 7.678478068054431560e+01
6.382897160171443929e+00 7.408325695893670115e+01
5.946591024289434202e+00 7.144908629569926006e+01
5.539491048109058013e+00 6.888131745150592167e+01
5.159691629042502115e+00 6.637902043422742793e+01
4.805407634178199494e+00 6.394128158861803257e+01
4.474967079630436828e+00 6.156720135833410268e+01
4.166804232668238406e+00 5.925589217344034410e+01
3.879453113824683275e+00 5.700647646240263100e+01
3.611541370859993716e+00 5.481811043928519922e+01
3.361784497538516270e+00 5.269006591784061300e+01
3.128980437290676875e+00 5.062162918961434599e+01
2.912004486662062686e+00 4.861206491637833693e+01
2.709804491020174844e+00 4.666061659177958632e+01
2.521396325486715551e+00 4.476650707092496617e+01
2.345859645141734173e+00 4.292893916241990837e+01
2.182333886783848875e+00 4.114709786266962510e+01
2.030014396451006231e+00 3.942022492830212599e+01
