3.835140862536025088e+04 3.810286931164628186e+04
3.864340072612316726e+04 3.838594962046142609e+04
3.891486254139979428e+04 3.864834995288667415e+04
3.916455442144656990e+04 3.888884492294686788e+04
3.939125133368170646e+04 3.910622517245668860e+04
3.959369785196903831e+04 3.929925273003472103e+04
3.977058739526449790e+04 3.946664050389064505e+04
3.992063894324112334e+04 3.960712854550076736e+04
4.004259361795517907e+04 3.971948097343494737e+04
4.013514880538936995e+04 3.980242182428911474e+04
4.019702570126435603e+04 3.985470122902677394e+04
4.022700507926505088e+04 3.987513050413378369e+04
4.022386994727105775e+04 3.986252665893534868e+04
4.018640827381175041e+04 3.981571528047617903e+04
4.011349455121332721e+04 3.973360990804901667e+04
4.000408104599689250e+04 3.961520411648999288e+04
3.985714640852076991e+04 3.945952299522425164e+04
3.967177223536027304e+04 3.926569627128990396e+04
3.944717119817549974e+04 3.903298544345086702e+04
3.918266080687486101e+04 3.876076138839714986e+04
3.887768221707106568e+04 3.844852183151890495e+04
3.853184125615467929e+04 3.809592838961441885e+04
3.814492649536282261e+04 3.770282669034698483e+04
3.771693007275782293e+04 3.726927080397566897e+04
3.724803580496434006e+04 3.679550469762580906e+04
3.673863370559988107e+04 3.628197569906747231e+04
3.618943929962040420e+04 3.572945967566755280e+04
3.560143395398250868e+04 3.513899709681923559e+04
3.497578697263418871e+04 3.451181002591214201e+04
3.431401346100811497e+04 3.384946313970776100e+04
3.361809735309499956e+04 3.315398895686111064e+04
3.289018729437306320e+04 3.242757595569404293e+04
3.213262919567704739e+04 3.167260066431272571e+04
3.134841428373723465e+04 3.089207986666635043e+04
3.054078834164770524e+04 3.008927542690425253e+04
2.971299330591549369e+04 2.926743331114118700e+04
2.886878143461033324e+04 2.843029639147336275e+04
2.801252160756024023e+04 2.758221030208141747e+04
2.714840513401372664e+04 2.672733205826161065e+04
2.628058043106922560e+04 2.586976365577791876e+04
2.541389753524952903e+04 2.501428911414945833e+04
2.455306136006738598e+04 2.416553837024486347e+04
2.370234482627760008e+04 2.332770439309931317e+04
2.286663606090145186e+04 2.250555911405576262e+04
2.205127781062146096e+04 2.170430032545178619e+04
2.126091334474634277e+04 2.092843708965173937e+04
2.049934660702012843e+04 2.018164910995062019e+04
1.976930492002398023e+04 1.946654198422634363e+04
1.907292350677284776e+04 1.878514328946861860e+04
1.841205957896764448e+04 1.813921070743728342e+04
1.779027002648072812e+04 1.753210060445985437e+04
1.721202324906189097e+04 1.696803017492056097e+04
1.668109287291040528e+04 1.645056483747442689e+04
1.619779624053958469e+04 1.597992144523544630e+04
1.575770760729587710e+04 1.555170325425536794e+04
1.535644139978061321e+04 1.516156077908373300e+04
1.498992709835053756e+04 1.480546650185305407e+04
1.465427340022192948e+04 1.447958552771795803e+04
1.434584943630247835e+04 1.418034183760624546e+04
1.405975148543830801e+04 1.390295958474831968e+04
1.379002513065763196e+04 1.364166970977240271e+04
1.353060776288852139e+04 1.339061072200514900e+04
1.327368319740667721e+04 1.314229182742643025e+04
1.301132624863099954e+04 1.288912362151839443e+04
1.273478672241768800e+04 1.262277662184189103e+04
1.243497922405213103e+04 1.233462354759714071e+04
1.210420950437034844e+04 1.201738877519710513e+04
1.173653427347963043e+04 1.166550553286916329e+04
1.132855852395480724e+04 1.127582993631033605e+04
1.088044296519877207e+04 1.084864117614067436e+04
1.039543567476420321e+04 1.038712700569751723e+04
9.880619491280991497e+03 9.898137786539551598e+03
9.345161854945954474e+03 9.390457107574702604e+03
8.799958621166451849e+03 8.874488628351211446e+03
8.256994023927119997e+03 8.361613090984570590e+03
7.728573423872533567e+03 7.863470161425442711e+03
7.228109885785138431e+03 7.392601571947995581e+03
6.767232252709884960e+03 6.959899398958566053e+03
6.356640734919204988e+03 6.575151858032566452e+03
6.003806208946986771e+03 6.245196911821629328e+03
5.711454545280091224e+03 5.972269784385764979e+03
5.477993148359643783e+03 5.754655432890427619e+03
5.296517248598811420e+03 5.585670518533780523e+03
5.156311594639332725e+03 5.455182132596214615e+03
5.043745336776636577e+03 5.350391487626524395e+03
4.942850251583987301e+03 5.256419345895214065e+03
4.837261880304470651e+03 5.158050958245235961e+03
4.711531896427040920e+03 5.040950848590205169e+03
4.553971877567174488e+03 4.894314057344060529e+03
4.358557026909136766e+03 4.712635875506623961e+03
4.125952736766684211e+03 4.496666518255497976e+03
3.863689275865590389e+03 4.253581318541341716e+03
3.585682115602839986e+03 3.996451346356248450e+03
3.310617519650745180e+03 3.742606932121070258e+03
3.058159584258112773e+03 3.510066070023874090e+03
2.843762629398308945e+03 3.312760203823605025e+03
2.674544213312634838e+03 3.156845249184388194e+03
2.549075912950365364e+03 3.040698962386210042e+03
2.459767264630780573e+03 2.957211604164857818e+03
2.393950459478940502e+03 2.894806966784979068e+03
2.334179414296108007e+03 2.837698385182629863e+03
2.262031619156950910e+03 2.769288384180442335e+03
2.165377613504991587e+03 2.678725766220656169e+03
2.042661409475035043e+03 2.564779344015651532e+03
1.901565584575815819e+03 2.434581978223421174e+03
1.755834693917563300e+03 2.300614112803092212e+03
1.621886805310408590e+03 2.177488226376692182e+03
1.512128718610631950e+03 2.075967842705626026e+03
1.430424722523084483e+03 1.999139235227686413e+03
1.371878184630880241e+03 1.942458854971660230e+03
1.324487459500449631e+03 1.895342651130756167e+03
1.273841080376233549e+03 1.845269495391477903e+03
1.210793519093495206e+03 1.784421029495669472e+03
1.134928848199959248e+03 1.712622464262665972e+03
1.053334298304155027e+03 1.636137811577574894e+03
9.772959556571667008e+02 1.564624524780225101e+03
9.151779021059327306e+02 1.505003331166782345e+03
8.676269067135085606e+02 1.457590921010331385e+03
8.287272489744603945e+02 1.417307413206023739e+03
7.897536537708026572e+02 1.376907139413049435e+03
7.450978656721297284e+02 1.331868220045548469e+03
6.961025655952948910e+02 1.283420509922136716e+03
6.485004569469865601e+02 1.236265693620113325e+03
6.075465234113996758e+02 1.194543666413603660e+03
5.740305740804363950e+02 1.158743469558799006e+03
5.441211520833428494e+02 1.125771957343868507e+03
5.134639808317330107e+02 1.092258849077807099e+03
4.811410242688058361e+02 1.057567921650884955e+03
4.496328904736438972e+02 1.023623782418136102e+03
4.216951124744275603e+02 9.924523399823481213e+02
3.973302773964034031e+02 9.639804944292728806e+02
3.743986808533963426e+02 9.366129310999218660e+02
3.513689384897569994e+02 9.092679733726058657e+02
3.288944460198956676e+02 8.824307972437318313e+02
3.083078836894960659e+02 8.570118223769342194e+02
2.897077395511014402e+02 8.330387430212543904e+02
2.720852662727562574e+02 8.098155542519144774e+02
2.549568548530859289e+02 7.870289711225116207e+02
2.387835458437518810e+02 7.649748656865081102e+02
2.238985770927060912e+02 7.438442896075874842e+02
2.099738999016969103e+02 7.234175092917904522e+02
1.966789820874513737e+02 7.034918000271358096e+02
1.841683574833453179e+02 6.841493037609991461e+02
1.724752119836394399e+02 6.654017972633035924e+02
1.614972661050913416e+02 6.471798859141605362e+02
1.511906583943537612e+02 6.294523412115902374e+02
1.415156481548703198e+02 6.121911435282319189e+02
1.324348004401989272e+02 5.953702441343166356e+02
1.239128526615861290e+02 5.789654509847554209e+02
1.159165890364866698e+02 5.629543231010729869e+02
1.084147225178433729e+02 5.473160729759804326e+02
1.013779761815798821e+02 5.320319358601370823e+02
9.477928751880480718e+01 5.170859435976944951e+02
8.859311986273891648e+01 5.024635768943206813e+02
8.279527471603203992e+01 4.881514190359030181e+02
7.736283423741670617e+01 4.741370977665473561e+02
7.227410514394300378e+01 4.604092302768806917e+02
6.750856409076263276e+01 4.469573709847380769e+02
6.304679604378447522e+01 4.337720160090042327e+02
5.887032946884738038e+01 4.208453136363547742e+02
5.496165153056009700e+01 4.081707293124223952e+02
5.130426773807917584e+01 3.957423197260472421e+02
4.788264935502142094e+01 3.835546805125982246e+02
4.468218050012782072e+01 3.716029137116576067e+02
4.168910788677762724e+01 3.598825961592610270e+02
3.889049309167436519e+01 3.483897489264417686e+02
3.627417363540503459e+01 3.371211304765975001e+02
3.382873009520007201e+01 3.260747975000617203e+02
3.154342563389189280e+01 3.152491716300186795e+02
2.940816424054079548e+01 3.046428203722900321e+02
2.741345511037843963e+01 2.942544393129798550e+02
2.555037880511161674e+01 2.840828347923867341e+02
2.381055511955025850e+01 2.741269070560738328e+02
2.218611226120226476e+01 2.643856868098570772e+02
2.066965367783885554e+01 2.548590506572182335e+02
1.925423310938975874e+01 2.455474003297590002e+02
1.793333261812453117e+01 2.364509797869891372e+02
1.670083770300820802e+01 2.275698551509741776e+02
1.555101365048434303e+01 2.189039133962702124e+02
1.447848317128808837e+01 2.104528615598158297e+02
1.347820526046894685e+01 2.022162266634463492e+02
1.254545466209939342e+01 1.941936740012116331e+02
1.167580212557902364e+01 1.863855700028586568e+02
1.086509830901946039e+01 1.787920733121427759e+02
1.010945721909404860e+01 1.714129528683953367e+02
9.405240238970835165e+00 1.642476061234100655e+02
8.749041068360240203e+00 1.572950775128300052e+02
8.137671527818522321e+00 1.505540771037611592e+02
7.568148148088953420e+00 1.440230288042136806e+02
7.037679127982380933e+00 1.377004905013761515e+02
6.543652729406013613e+00 1.315849877373417769e+02
6.083626522300669137e+00 1.256746607778606659e+02
5.655316839462725120e+00 1.199672848223453911e+02
5.256588845399432053e+00 1.144602997982238293e+02
4.885447196430244610e+00 1.091508394906693127e+02
4.540027258987234582e+00 1.040357599432980464e+02
4.218586681248486236e+00 9.911171232901767780e+01
3.919497367400339272e+00 9.437524699973586451e+01
3.641238726020384675e+00 8.982270685627862861e+01
3.382390904097527518e+00 8.545022695885189989e+01
