1.668938075650537576e+04 1.658743696443245426e+04
1.689568197428003623e+04 1.678954318685720864e+04
1.709626001981031004e+04 1.698581211400028042e+04
1.729058486091415034e+04 1.717571500343294611e+04
1.747809965891150205e+04 1.735869801811131038e+04
1.765823941167236990e+04 1.753419992167597229e+04
1.783043269378582772e+04 1.770165367980989322e+04
1.799407799447367506e+04 1.786046285530701425e+04
1.814855753581632962e+04 1.801001546016977954e+04
1.829325468007139352e+04 1.814970137785584302e+04
1.842754285675307256e+04 1.827890156415433012e+04
1.855077586595159300e+04 1.839697861299179931e+04
1.866231337129935127e+04 1.850330186303937444e+04
1.876152263446513098e+04 1.859724917185291633e+04
1.884775537395100764e+04 1.867818431226060784e+04
1.892036803184063319e+04 1.874547692705352529e+04
1.897873852702203658e+04 1.879851901908776199e+04
1.902225635978385981e+04 1.883671552142996734e+04
1.905031979088780281e+04 1.885948170509257034e+04
1.906235931589189204e+04 1.886626594529162685e+04
1.905784233653372212e+04 1.885655446136865066e+04
1.903627114808500119e+04 1.882987008335571591e+04
1.899719253813266914e+04 1.878578108365481967e+04
1.894020529179396908e+04 1.872390824623644949e+04
1.886497786111678943e+04 1.864394317606520781e+04
1.877125460846510032e+04 1.854565451395527634e+04
1.865884374261248377e+04 1.842887481807138829e+04
1.852763629084883723e+04 1.829351958367331463e+04
1.837766251205317167e+04 1.813964429657391156e+04
1.820903976584793054e+04 1.796739116716805438e+04
1.802195956176357140e+04 1.777697568681986377e+04
1.781679114770868546e+04 1.756879046208324507e+04
1.759406956159587207e+04 1.734339284390214743e+04
1.735439118678754312e+04 1.710139974652727687e+04
1.709847804218520105e+04 1.684355168516131380e+04
1.682733191803063164e+04 1.657086644766056634e+04
1.654202939303108724e+04 1.628443390807117612e+04
1.624368512320988884e+04 1.598537912423112903e+04
1.593371570531789075e+04 1.567512422096217051e+04
1.561373610557566280e+04 1.535528505981691160e+04
1.528532146903665307e+04 1.502743456732296727e+04
1.495013218467019396e+04 1.469322671942074157e+04
1.461010892845479975e+04 1.435458963439123363e+04
1.426713529874459891e+04 1.401339121267944574e+04
1.392301966128163440e+04 1.367142092043988669e+04
1.357994061494585731e+04 1.333082640461634219e+04
1.324019231021033193e+04 1.299386380589311011e+04
1.290586184359520848e+04 1.266258208482617738e+04
1.257865557108994471e+04 1.233865392321591935e+04
1.225974945308817951e+04 1.202323035158805033e+04
1.195014681632625070e+04 1.171729117994058652e+04
1.165086953465553779e+04 1.142183102283114022e+04
1.136388859577097355e+04 1.113876003427883734e+04
1.109146785901742624e+04 1.087026900730012858e+04
1.083556981755214110e+04 1.061825474721612409e+04
1.059618536608900649e+04 1.038269452023347367e+04
1.037143142296809856e+04 1.016174235408258573e+04
1.015948186600064946e+04 9.953609763809163269e+03
9.958575589222273265e+03 9.756578226292054751e+03
9.767000448102231530e+03 9.568983254808104903e+03
9.583093539362504089e+03 9.389209757738874032e+03
9.404591601292006089e+03 9.215069162076872090e+03
9.228965998946136096e+03 9.044119368372968893e+03
9.053588996226999370e+03 8.873825720690159869e+03
8.875291446835673923e+03 8.701140414846833664e+03
8.690973738999999114e+03 8.523080672913460148e+03
8.497215902616530002e+03 8.336364242774388913e+03
8.290666848630880850e+03 8.137772240608585889e+03
8.068602927900685245e+03 7.924695930261745161e+03
7.828984862500900817e+03 7.695186121689700485e+03
7.571206047304554886e+03 7.448672684656965430e+03
7.296247360931181902e+03 7.186117624449780124e+03
7.006609706650741828e+03 6.909940379829545236e+03
6.706264263124809077e+03 6.623976426399019147e+03
6.400157149269753063e+03 6.332986606173182736e+03
6.093776620081341207e+03 6.042247362879998036e+03
5.792854940006993274e+03 5.757253027883261893e+03
5.502970951635127676e+03 5.483336634942008459e+03
5.229707253406295422e+03 5.225801863678167138e+03
4.977813055221546165e+03 4.989160527857909074e+03
4.751379512617334512e+03 4.777248303614022916e+03
4.552877484827449734e+03 4.592373766197787518e+03
4.382567373810844401e+03 4.434711542173847192e+03
4.238248920664929756e+03 4.302118193737136608e+03
4.115258239897681960e+03 4.190101571682122994e+03
4.006894785515522017e+03 4.092250036445971546e+03
3.905496732480808987e+03 4.001225304371002949e+03
3.803045693731722167e+03 3.909341159506733220e+03
3.692332984848094384e+03 3.809661774574022274e+03
3.567705040897411891e+03 3.696715179170978445e+03
3.426170169761778652e+03 3.567579874497362653e+03
3.268074248448450362e+03 3.422551543038958243e+03
3.096963435683142961e+03 3.265019631836051758e+03
2.919049289388135549e+03 3.100956316408828570e+03
2.742311629069735318e+03 2.938024091596361814e+03
2.575517271873407026e+03 2.784596924826789291e+03
2.426697396022731937e+03 2.648293353113666853e+03
2.301045591688973673e+03 2.533990804719655898e+03
2.199113282068386980e+03 2.442144122021717521e+03
2.116733687621850549e+03 2.368752864415539534e+03
2.046856487911882141e+03 2.307106340730794273e+03
1.981388056998525144e+03 2.249500671207012601e+03
1.912115886816419334e+03 2.188091408602791944e+03
1.832389932351984953e+03 2.116501867314983429e+03
1.740124233650741417e+03 2.032729240010418380e+03
1.639078686450130135e+03 1.940394492863676760e+03
1.536540104810148478e+03 1.846489509441211112e+03
1.440195773325802065e+03 1.758334116783614718e+03
1.356232149218398490e+03 1.681743573173746881e+03
1.287355223397123382e+03 1.619198586155111570e+03
1.231399894928676758e+03 1.568597245448473132e+03
1.182503591927047637e+03 1.524398822708619036e+03
1.133638698025355097e+03 1.479988462449319286e+03
1.079516443876664880e+03 1.430404895809126401e+03
1.019437235266848802e+03 1.375033038357209989e+03
9.572492799579916891e+02 1.317536557567937507e+03
8.982473285750419336e+02 1.262881496834057316e+03
8.466695169397811469e+02 1.214970473884639887e+03
8.034819395693345996e+02 1.174630086147073371e+03
7.656749059747223782e+02 1.139041356275730095e+03
7.288567689553029822e+02 1.104165062064337235e+03
6.901124097472890071e+02 1.067362157727944350e+03
6.496476767939327601e+02 1.028869906005354551e+03
6.103904822116594460e+02 9.913743738166028834e+02
5.750562784356113752e+02 9.573040364151312360e+02
5.440793152387747114e+02 9.270020104937009364e+02
5.157267417574779529e+02 8.988981586981901728e+02
4.877358794629292333e+02 8.710007923756664923e+02
4.594569680125336504e+02 8.427707552167013318e+02
4.320824163411653558e+02 8.152663260271370973e+02
4.069532632595626751e+02 7.896325949775695108e+02
3.841635189152327143e+02 7.659224577187000023e+02
3.626569398761258185e+02 7.432307938613888609e+02
3.416439512429897718e+02 7.209069550253155967e+02
3.213334741451909053e+02 6.991362273066548596e+02
3.023827765782152710e+02 6.784508133419482192e+02
2.848450360167250892e+02 6.588782961833917398e+02
2.682452538128943615e+02 6.400338239553447011e+02
2.523000904832212541e+02 6.216986539942042782e+02
2.371936942302691875e+02 6.040150374218279694e+02
2.230795428354929015e+02 5.870912370539417680e+02
2.097978535939529081e+02 5.708005794059205300e+02
1.971762147524674447e+02 5.550146664464682544e+02
1.852448361342399323e+02 5.397523975499582320e+02
1.740429754465047552e+02 5.250350353777203054e+02
1.634834289379931533e+02 5.107970424940259022e+02
1.535202799657659227e+02 4.970032302447510233e+02
1.441297569196853772e+02 4.836334792090889891e+02
1.352821856592160543e+02 4.706634523654735176e+02
1.269490113880900424e+02 4.580702689940236496e+02
1.191029417178142324e+02 4.458325566818054426e+02
1.117179105938098758e+02 4.339303592617517324e+02
1.047690324115862381e+02 4.223450393753369099e+02
9.823237857718348209e+01 4.110589313802721563e+02
9.208500099232003322e+01 4.000553060817566688e+02
8.630511133209404306e+01 3.893185955242793170e+02
8.087203902630926677e+01 3.788343404587421333e+02
7.576618116254908841e+01 3.685891295609496296e+02
7.096895412584021301e+01 3.585705429926939019e+02
6.646274695985276537e+01 3.487670999866754755e+02
6.223088523470581634e+01 3.391683306254863624e+02
5.825760071660334916e+01 3.297649376079473882e+02
5.452796387765955899e+01 3.205484337572164009e+02
5.102783994840680748e+01 3.115110370404847231e+02
4.774385166350193543e+01 3.026456348073372169e+02
4.466334337929745857e+01 2.939457497912795247e+02
4.177434654105989864e+01 2.854055076686959183e+02
3.906554519425858985e+01 2.770196548809107071e+02
3.652623397123219462e+01 2.687839381407511041e+02
3.414629597826129981e+01 2.606948105341829773e+02
3.191618062563701486e+01 2.527491234157021722e+02
2.982687480964016302e+01 2.449441000625714935e+02
2.786987527788749475e+01 2.372773130209694159e+02
2.603716222341701680e+01 2.297466619160410062e+02
2.432117404630885105e+01 2.223503588930653621e+02
2.271478207051555032e+01 2.150873486068543627e+02
2.121126730788229864e+01 2.079574692723229816e+02
1.980430068682655431e+01 2.009607098542778658e+02
1.848792225640149667e+01 1.940971291145795021e+02
1.725652119681394225e+01 1.873668429262091877e+02
1.610481679820269818e+01 1.807700118587725342e+02
1.502784036916022714e+01 1.743068290554176940e+02
1.402091752576526140e+01 1.679777213321530667e+02
1.307965015381850726e+01 1.617840999963935076e+02
1.219990316599924007e+01 1.557274908767121531e+02
1.137779048962733874e+01 1.498091919150742797e+02
1.060966094215812028e+01 1.440302756893605647e+02
9.892084842740104023e+00 1.383915925335453210e+02
9.221841326421792218e+00 1.328937741510269746e+02
8.595906290468573019e+00 1.275372684156495069e+02
8.011440384981776575e+00 1.223228732626347721e+02
7.465778538514320495e+00 1.172515709589585811e+02
6.956420446433609683e+00 1.123239872747882799e+02
6.481020905042189639e+00 1.075403905436541265e+02
6.037380652933607372e+00 1.029007107474031812e+02
5.623437718313109457e+00 9.840455877015614305e+01
5.237259246492882880e+00 9.405124594455307374e+01
4.877033608324162550e+00 8.983990112264731920e+01
4.541062918315511787e+00 8.576961581004761115e+01
4.227756632625013111e+00 8.183921536232445249e+01
