1.930711898548671525e+04 1.916112066072336529e+04
1.956489144943021893e+04 1.941286782786093681e+04
1.981741559213258006e+04 1.965920717248380606e+04
2.006412168038421441e+04 1.989957091753340865e+04
2.030440996403880490e+04 2.013336344421702233e+04
2.053764728441719126e+04 2.035995832908211014e+04
2.076319044564783690e+04 2.057872009904339939e+04
2.098038182866848001e+04 2.078899983037720085e+04
2.118852630111138933e+04 2.099011230774490105e+04
2.138691602343678824e+04 2.118136067948213895e+04
2.157483987808877646e+04 2.136204589352805851e+04
2.175155896843371374e+04 2.153144342381068418e+04
2.191631046043298193e+04 2.168880710357004136e+04
2.206833572459315474e+04 2.183339615740335648e+04
2.220687293670414510e+04 2.196446798858023612e+04
2.233113403195162027e+04 2.208125569668111348e+04
2.244033846730707228e+04 2.218300118546852536e+04
2.253372296397341779e+04 2.226896480760851409e+04
2.261051876339762384e+04 2.233840412892069435e+04
2.266996377015427424e+04 2.239058558471368451e+04
2.271132823438927517e+04 2.242480886373061367e+04
2.273391150607313466e+04 2.244040407930376387e+04
2.273703425313226398e+04 2.243672470084900851e+04
2.272006241609020799e+04 2.241317014055885738e+04
2.268241644657227516e+04 2.236919471666615209e+04
2.262358087665350831e+04 2.230431821782053885e+04
2.254310752776202935e+04 2.221812827648064922e+04
2.244061812795382139e+04 2.211028196341548392e+04
2.231583420981396921e+04 2.198053586349260513e+04
2.216860347192396148e+04 2.182877251062709547e+04
2.199885958252837736e+04 2.165495905789830431e+04
2.180663624603510107e+04 2.145916097694982091e+04
2.159217244851047144e+04 2.124164713242696234e+04
2.135584161817908898e+04 2.100281840006085986e+04
2.109809923213479851e+04 2.074315488365565034e+04
2.081961217262533319e+04 2.046334460461489289e+04
2.052131125769865685e+04 2.016433543505179841e+04
2.020419654609266217e+04 1.984714069605480108e+04
1.986937909875666446e+04 1.951288061432063841e+04
1.951835031411305681e+04 1.916305034698082090e+04
1.915272148805324468e+04 1.879926023704937325e+04
1.877410194174305070e+04 1.842311445459141760e+04
1.838440121437658308e+04 1.803651208402430348e+04
1.798583804220538150e+04 1.764165589422687117e+04
1.758055060329572370e+04 1.724066425902335686e+04
1.717067863420919093e+04 1.683565384473441372e+04
1.675869094397124354e+04 1.642906753789126014e+04
1.634699390750592283e+04 1.602328319107221250e+04
1.593781324441151264e+04 1.562049618360134809e+04
1.553340488874782022e+04 1.522293358567254836e+04
1.513601220720473975e+04 1.483281145067571742e+04
1.474766110489393031e+04 1.445212807382617211e+04
1.437037680378579171e+04 1.408288081797575433e+04
1.400662022309455278e+04 1.372750205260305847e+04
1.365870820965038001e+04 1.338828247763122636e+04
1.332852886553630378e+04 1.306709206472105507e+04
1.301643034025217821e+04 1.276429589849323202e+04
1.272208815034276085e+04 1.247960169501709061e+04
1.244507703760955883e+04 1.221261923487079184e+04
1.218413773348785799e+04 1.196214556061217445e+04
1.193769415926420697e+04 1.172666826584336923e+04
1.170405368158651436e+04 1.150455906224285718e+04
1.148073882644751211e+04 1.129341687351162727e+04
1.126520812686105819e+04 1.109077173909096928e+04
1.105453928190147235e+04 1.089376605888468657e+04
1.084536558073999004e+04 1.069908722920064065e+04
1.063425868636347332e+04 1.050333975847929105e+04
1.041712928478526919e+04 1.030243667208504485e+04
1.018998931964365147e+04 1.009235767159737952e+04
9.948814586266267725e+03 9.868997507560268787e+03
9.689961625881009240e+03 9.628586594191230688e+03
9.410954708472960192e+03 9.368485461453372409e+03
9.110394298454235468e+03 9.087101140789887722e+03
8.788949522035749396e+03 8.784918220099931204e+03
8.448771301293969373e+03 8.463916370966549948e+03
8.094111846752252859e+03 8.128233644551110046e+03
7.730258347692566531e+03 7.783087302596457448e+03
7.363625450956117675e+03 7.434887545585444968e+03
7.001069731314129967e+03 7.090523962040519109e+03
6.649590011248898918e+03 6.757072695484950600e+03
6.315866084861078889e+03 6.441301490185550392e+03
6.006294363092992171e+03 6.149719090152181707e+03
5.725971999424155001e+03 5.887535519393867617e+03
5.478659900278041277e+03 5.658640652148942536e+03
5.265245994229367170e+03 5.464043231086046035e+03
5.084308671470024819e+03 5.302441719509683026e+03
4.930925187810747957e+03 5.168988010260160081e+03
4.798049407958602387e+03 5.056629149339182732e+03
4.676778718866533382e+03 4.956313594385618671e+03
4.557468038816171429e+03 4.858062575796932833e+03
4.430905883877325323e+03 4.752151713477738667e+03
4.289301554551325353e+03 4.630152026209986616e+03
4.127710960984952180e+03 4.486513819926376527e+03
3.945017335634408028e+03 4.319726499830315333e+03
3.744210479391553690e+03 4.132724117946441766e+03
3.532005088931588489e+03 3.932544301980954060e+03
3.317853003573607566e+03 3.729249862188945372e+03
3.112636295157109998e+03 3.534452200830001402e+03
2.926840015140885498e+03 3.359305542667883401e+03
2.768060507726059313e+03 3.211870260593880630e+03
2.638734868910365549e+03 3.094768441683755555e+03
2.535524979488176086e+03 3.004574933647288617e+03
2.450767217168697243e+03 2.933306174341471888e+03
2.374531972956292975e+03 2.870480936790689611e+03
2.296107088662507522e+03 2.804586539931045081e+03
2.206086907430248630e+03 2.725317033154503861e+03
2.099932759108456139e+03 2.627574434975043005e+03
1.980308971932264967e+03 2.514198983134363516e+03
1.855448622157711270e+03 2.394217737840995142e+03
1.735477578245098130e+03 2.278701385288220990e+03
1.629431923080659772e+03 2.177405336967778112e+03
1.542426733337748374e+03 2.095755510522182703e+03
1.473402480665602980e+03 2.032567569880484143e+03
1.415740862680328064e+03 1.980765714340889645e+03
1.360202784600313180e+03 1.930456262609148098e+03
1.298659655564201785e+03 1.872891203705489261e+03
1.228267049044088708e+03 1.805047175214553818e+03
1.152672690162305116e+03 1.730971435174038561e+03
1.079048414323395718e+03 1.658453138161789639e+03
1.014105967230897704e+03 1.594617722337412033e+03
9.606596338264748738e+02 1.542324318075108295e+03
9.158171008085017775e+02 1.498443866657792114e+03
8.734821422096617880e+02 1.456581251498968641e+03
8.285511794228979170e+02 1.411468848497223235e+03
7.800451969897212621e+02 1.362211149355487123e+03
7.315236218366922003e+02 1.312595742331162910e+03
6.875184369037883698e+02 1.267260171167524277e+03
6.497747924554535075e+02 1.227877528802490588e+03
6.163837977136789732e+02 1.192456967944311828e+03
5.837285126851818404e+02 1.157416488691913401e+03
5.499823917624324849e+02 1.121044404811513687e+03
5.164632621462849329e+02 1.084705296891144144e+03
4.855961324554547218e+02 1.050726444021898487e+03
4.581873010152069128e+02 1.019805555412121294e+03
4.328205242715467307e+02 9.905858104890032791e+02
4.078542527741869890e+02 9.615911474828347991e+02
3.832518984304316518e+02 9.328401539988766444e+02
3.601989120399023250e+02 9.053880595089091230e+02
3.391685413756104026e+02 8.796085386220561304e+02
3.194584563418779339e+02 8.548848295522655008e+02
3.003697670361288488e+02 8.306531297894688350e+02
2.821202669938628560e+02 8.071040239117143074e+02
2.651539769891817286e+02 7.845731088113840315e+02
2.493180371989519699e+02 7.629234843620021138e+02
2.342282022585509367e+02 7.418673835740164577e+02
2.198908800358915698e+02 7.214106294097164209e+02
2.064789353391002180e+02 7.016606084223154767e+02
1.938768697607280274e+02 6.825327477475543674e+02
1.819838457804141001e+02 6.639504990277135903e+02
1.707663476732218442e+02 6.458816862987181366e+02
1.601932094368839614e+02 6.282974099521243261e+02
1.502339290580617615e+02 6.111707593786586585e+02
1.408587428663968524e+02 5.944766968045199746e+02
1.320386877599138984e+02 5.781919498951006062e+02
1.237456378581451872e+02 5.622948926072791664e+02
1.159513801142475415e+02 5.467640755675454329e+02
1.086273449414260881e+02 5.315774327351358579e+02
1.017463742543484386e+02 5.167145000673385766e+02
9.528281300917241481e+01 5.021565510684014271e+02
8.921242922885662097e+01 4.878865068450718354e+02
8.351233814740425032e+01 4.738888522586987051e+02
7.816093026542047539e+01 4.601495573979180449e+02
7.313781713930671913e+01 4.466560768378329271e+02
6.842394241140939926e+01 4.333982446449261943e+02
6.400141551356274761e+01 4.203678093366212920e+02
5.985329135882765428e+01 4.075575262562933858e+02
5.596352392156098432e+01 3.949610840233935392e+02
5.231692536950482975e+01 3.825730536726815103e+02
4.889912651840177205e+01 3.703888389113041626e+02
4.569653861021478747e+01 3.584046272666256527e+02
4.269630731467507445e+01 3.466177799540107571e+02
3.988624272040643604e+01 3.350285749506552406e+02
3.725482827597400615e+01 3.236383065024731991e+02
3.479120373959901258e+01 3.124484089597131060e+02
3.248513085810139245e+01 3.014604298569171874e+02
3.032696060448834174e+01 2.906760039498261676e+02
2.830760193167310845e+01 2.800968276536545432e+02
2.641849199205818266e+01 2.697246394365359947e+02
2.465156871491688761e+01 2.595623531859052378e+02
2.299924458144216999e+01 2.496152106133511097e+02
2.145437864169516828e+01 2.398881863705909154e+02
2.001025184198261186e+01 2.303856144256397442e+02
1.866054387499434952e+01 2.211112022559896104e+02
1.739931116648615372e+01 2.120680465617248274e+02
1.622096595264867602e+01 2.032586503720939675e+02
1.512025630758991035e+01 1.946849847385458077e+02
1.409224527413718953e+01 1.863494403648045363e+02
1.313229363284834506e+01 1.782546508903848519e+02
1.223604527592925884e+01 1.704024440019713040e+02
1.139941101865208672e+01 1.627938415243010581e+02
1.061855316316066755e+01 1.554291088754777377e+02
9.889870885424377533e+00 1.483078047245200537e+02
9.209986406606819997e+00 1.414288305368563670e+02
8.575731747035415964e+00 1.347905088905645528e+02
7.984135397721813909e+00 1.283908091500356932e+02
7.432411609400289443e+00 1.222272358828510477e+02
6.917949918549020083e+00 1.162967692023837287e+02
6.438304635972929013e+00 1.105959153414892455e+02
5.991184923698339659e+00 1.051207561275181916e+02
5.574445433107062975e+00 9.986699661993176846e+01
