1.102559226279342147e+04 1.097281700113463194e+04
1.116625487538952075e+04 1.111130778405617821e+04
1.130404595951431475e+04 1.124686465850079912e+04
1.143864634033819129e+04 1.137916863291423942e+04
1.156971320249292694e+04 1.150787800702607274e+04
1.169689401979421382e+04 1.163264180293702702e+04
1.181983042850849051e+04 1.175310350589387963e+04
1.193814740494262151e+04 1.186889027280020309e+04
1.205145634885615982e+04 1.197961603444841421e+04
1.215936582963723777e+04 1.208489224471471425e+04
1.226147585615298158e+04 1.218432227935009905e+04
1.235736587811035133e+04 1.227748967102768620e+04
1.244661285879235584e+04 1.236397593856599087e+04
1.252879512627449731e+04 1.244336441693210872e+04
1.260347878657708497e+04 1.251522697956813317e+04
1.267022518674442654e+04 1.257913140855559686e+04
1.272860376176219688e+04 1.263465403435595726e+04
1.277818622451838928e+04 1.268137415175458955e+04
1.281853852318103054e+04 1.271886627358875012e+04
1.284923944917555855e+04 1.274671827498505445e+04
1.286988474016451619e+04 1.276453547125260957e+04
1.288008039240135804e+04 1.277193448239174904e+04
1.287945052806762396e+04 1.276855076543743417e+04
1.286764600670468826e+04 1.275404683962501804e+04
1.284434863213499739e+04 1.272811687144011194e+04
1.280927503246473862e+04 1.269049083968317973e+04
1.276217759520608342e+04 1.264093466888152761e+04
1.270285081127754711e+04 1.257925653889437490e+04
1.263115677838442934e+04 1.250533310581777732e+04
1.254701156627947421e+04 1.241909516976754276e+04
1.245037618960798864e+04 1.232051812241680273e+04
1.234129699492835789e+04 1.220966277137667566e+04
1.221992359530424255e+04 1.208669334336742395e+04
1.208645392473763604e+04 1.195182157911806098e+04
1.194115142649534573e+04 1.180532386131970816e+04
1.178444275374995595e+04 1.164763933258342513e+04
1.161682989111016650e+04 1.147928129239851296e+04
1.143884787961999064e+04 1.130079455300198242e+04
1.125118409913008873e+04 1.111287460481386552e+04
1.105468966190364881e+04 1.091637880444984876e+04
1.085022370225075792e+04 1.071217059318001156e+04
1.063869626160930056e+04 1.050116212585226094e+04
1.042124919053699705e+04 1.028449422865470297e+04
1.019905005860612982e+04 1.006333119981939308e+04
9.973224397743771988e+03 9.838793402649336713e+03
9.745059824326004673e+03 9.612158877721311001e+03
9.515974182777425085e+03 9.384831889023735130e+03
9.287290126523936124e+03 9.158120542322285473e+03
9.060242405644341488e+03 8.933244068124658952e+03
8.836020032903452375e+03 8.711374282232822225e+03
8.615714826059745974e+03 8.493585657750376413e+03
8.400335256454996852e+03 8.280869015614995078e+03
8.191165989790125423e+03 8.074480237668151858e+03
7.989656423222338162e+03 7.875832697616699988e+03
7.797105770366227262e+03 7.686192631680197337e+03
7.614268458942630787e+03 7.506290818351529197e+03
7.441108959099133244e+03 7.336081127649911650e+03
7.277508851902540300e+03 7.175437082620794172e+03
7.123089886001154809e+03 7.023979493312554951e+03
6.977030256264246418e+03 6.880896669362557077e+03
6.838503175986717906e+03 6.745372983490168735e+03
6.706382273852081198e+03 6.616304034401914578e+03
6.579270261398777620e+03 6.492323837387914864e+03
6.455756357351429870e+03 6.372054572404002101e+03
6.334066174162901007e+03 6.253771248722577184e+03
6.212395821907649406e+03 6.135720543312887457e+03
6.088698281322008370e+03 6.015919248403059100e+03
5.960767241003690287e+03 5.892232425533219612e+03
5.826441914109716890e+03 5.762572426314397489e+03
5.683562024574638599e+03 5.624858233635383840e+03
5.530379435989771082e+03 5.477407419760191260e+03
5.365749630021869962e+03 5.319129453520772586e+03
5.189290942845480458e+03 5.149668452101068397e+03
5.001708858997122661e+03 4.969725298197913617e+03
4.804623273114556468e+03 4.780878641618928668e+03
4.600625718170289474e+03 4.585645169751955109e+03
4.392953634926756422e+03 4.387157106539917550e+03
4.185221826538989262e+03 4.188904385558385911e+03
3.981391689613699327e+03 3.994692812927223713e+03
3.785169158457264984e+03 3.808081367295856126e+03
3.600289542922125293e+03 3.632627070187554182e+03
3.429966855345019212e+03 3.471390714019093593e+03
3.276779294021450823e+03 3.326792281494401777e+03
3.142231673127558679e+03 3.200232170577671241e+03
3.026373429214691441e+03 3.091702168999750029e+03
2.927592194590478812e+03 2.999618899309095013e+03
2.842803387509797176e+03 2.920992755380761082e+03
2.767498316053122835e+03 2.851490851123006451e+03
2.696564393789738460e+03 2.786208039922707940e+03
2.624643293517525763e+03 2.720009737815536482e+03
2.546871044939446165e+03 2.648237367467144395e+03
2.459537715298593412e+03 2.567336305316932794e+03
2.360678106240493435e+03 2.475424060307964737e+03
2.250619750005424066e+03 2.372821792665563407e+03
2.131966616425751909e+03 2.262035371771055907e+03
2.009151713969695038e+03 2.147316454132496801e+03
1.887802664639736349e+03 2.034041667303344184e+03
1.773942314698424070e+03 1.927934288934076449e+03
1.672902332061374182e+03 1.834021564450118831e+03
1.587908884609789538e+03 1.755304700947604715e+03
1.519035477890179436e+03 1.691797168763157742e+03
1.463291911300570064e+03 1.640632691079449842e+03
1.415699233751041447e+03 1.597087048443147296e+03
1.370429714262832704e+03 1.555646527072486151e+03
1.321697064277996105e+03 1.510839554825843607e+03
1.265165862600411174e+03 1.458571377865499244e+03
1.199850615179912666e+03 1.397930670698242466e+03
1.128712859788031665e+03 1.331749870761562079e+03
1.057080779002122881e+03 1.265080425258795003e+03
9.905386304347837267e+02 1.203168638122619768e+03
9.333794446099112747e+02 1.149996423328194624e+03
8.871320935945043402e+02 1.106933467927938409e+03
8.497783970051992810e+02 1.072053334097661036e+03
8.167586547861961890e+02 1.041093787623406342e+03
7.829007777001278328e+02 1.009248190310243331e+03
7.446273002372329302e+02 9.732143647612305131e+02
7.019295824181514263e+02 9.330214436854577116e+02
6.579430891990422197e+02 8.916058601005895525e+02
6.168546279245051664e+02 8.528312799607263059e+02
5.817101772413215031e+02 8.194560621047188533e+02
5.527701571606887683e+02 7.916689584827105364e+02
5.273762741715346465e+02 7.670204348133401027e+02
5.020459788335758731e+02 7.423507940659711721e+02
4.747324482089572939e+02 7.158335847936967866e+02
4.460492600235426153e+02 6.880560469935342098e+02
4.185507143602055180e+02 6.613228215568374253e+02
3.943235839770948132e+02 6.374734846417554763e+02
3.734406940639162258e+02 6.165377769443053921e+02
3.542025109900593520e+02 5.969998562603749406e+02
3.347684373584650643e+02 5.772554550242057303e+02
3.148733910395485509e+02 5.570961994784456692e+02
2.957440260800941587e+02 5.375940559109551486e+02
2.785091780050683496e+02 5.197045200039827932e+02
2.630430396889391318e+02 5.032991678108183464e+02
2.483004527299633253e+02 4.874889541897376830e+02
2.336690130842680730e+02 4.717706358509991560e+02
2.195278890542077477e+02 4.564666872699055489e+02
2.064988852274992439e+02 4.420810299451296714e+02
1.945315925461225106e+02 4.285602170643085742e+02
1.831176495407659388e+02 4.154922749306135756e+02
1.720681790350457447e+02 4.027311192451178385e+02
1.616447420678398430e+02 3.904811538834194948e+02
1.519789847969135792e+02 3.788369760420780494e+02
1.428690358499392801e+02 3.676395792218435190e+02
1.341681404085838096e+02 3.567783186313407100e+02
1.259610824780316278e+02 3.463140105746909398e+02
1.182887152588382662e+02 3.362714287525655550e+02
1.110498254343914226e+02 3.265746404128414611e+02
1.041993459132701361e+02 3.171900272039814013e+02
9.775244714231021703e+01 3.081247964986500278e+02
9.169133201623652951e+01 2.993635181582010887e+02
8.599108220428475136e+01 2.908869997693984715e+02
8.062803506839360068e+01 2.826769748699054503e+02
7.558113282197788863e+01 2.747169719563828494e+02
7.083302656364990924e+01 2.669932351563755901e+02
6.636764346734021558e+01 2.594932263786178623e+02
6.216963363564945411e+01 2.522052283359017224e+02
5.822434971094980227e+01 2.451182949111899916e+02
5.451782595987843649e+01 2.382222051803082081e+02
5.103675696374455839e+01 2.315074207677163258e+02
4.776847467162432537e+01 2.249650461843549181e+02
4.470083779235172017e+01 2.185867882813177800e+02
4.182218438023028284e+01 2.123649200971151743e+02
3.912146973364800573e+01 2.062922549552587554e+02
3.658825121723617002e+01 2.003621170460095300e+02
3.421265851702388971e+01 1.945683132872749468e+02
3.198536515180238382e+01 1.889051068985583584e+02
2.989756120237420589e+01 1.833671925249404069e+02
2.794092814329565755e+01 1.779496865852226222e+02
2.610762842793358729e+01 1.726483337757945264e+02
2.439027464750216012e+01 1.674594191871336477e+02
2.278189166952433808e+01 1.623795248641731064e+02
2.127589552371129855e+01 1.574055059432097892e+02
1.986607366474015990e+01 1.525344750445742932e+02
1.854656606409398023e+01 1.477637872680201951e+02
1.731184710886455491e+01 1.430910257362619120e+02
1.615670727994978861e+01 1.385140245560407095e+02
1.507623079340187999e+01 1.340310832084805952e+02
1.406578570074584356e+01 1.296407678103099101e+02
1.312101224962455426e+01 1.253417662622513120e+02
1.223780805688799589e+01 1.211328780629965394e+02
1.141231398666077901e+01 1.170130050538977997e+02
1.064090072335575954e+01 1.129811424146870991e+02
9.920156011317921241e+00 1.090363699092072380e+02
9.246872455677491942e+00 1.051779560345734268e+02
8.618035850755811467e+00 1.014056124348047234e+02
8.030814531296030623e+00 9.771912327667448039e+01
7.482549065028378799e+00 9.411824413442514015e+01
6.970742410891419105e+00 9.060269931231073315e+01
6.493050591537448568e+00 8.717217936532782119e+01
6.047273856834517680e+00 8.382633882236922318e+01
5.631348309442175015e+00 8.056479650280539317e+01
5.243337424779212164e+00 7.738734823357309267e+01
4.881424324116207636e+00 7.429409052614985853e+01
4.543905783528232156e+00 7.128502105205548389e+01
4.229185582074411087e+00 6.835999963918240496e+01
3.935768102652251077e+00 6.551875421637429042e+01
3.662252290968009749e+00 6.276088687262743093e+01
3.407325954413274793e+00 6.008588000629965364e+01
3.169760376446423056e+00 5.749311141862800412e+01
