1.901046710547631665e+04 1.886486146788670885e+04
1.927293066975116744e+04 1.912117266300531992e+04
1.952992973568760863e+04 1.937184535404296184e+04
1.978084477660401535e+04 1.961626284181189840e+04
2.002502858580041357e+04 1.985378267257948755e+04
2.026182335583918757e+04 2.008375268429432253e+04
2.049054915988354696e+04 2.030549958208063617e+04
2.071048724839396164e+04 2.051831239942664979e+04
2.092090847308122466e+04 2.072147082283730924e+04
2.112107669684567372e+04 2.091424869827545990e+04
2.131022263048950481e+04 2.109588866527758364e+04
2.148756059816756533e+04 2.126561861219369530e+04
2.165230838824836974e+04 2.142267111146609022e+04
2.180367155979445670e+04 2.156626823444390902e+04
2.194083109674305160e+04 2.169560965412240330e+04
2.206297829532551259e+04 2.180990673750455971e+04
2.216931817378685810e+04 2.190838600209360447e+04
2.225904702301236102e+04 2.199026763500567540e+04
2.233137524825987930e+04 2.205478764926169606e+04
2.238554529581041788e+04 2.210121527719964070e+04
2.242082563536318048e+04 2.212884759477678017e+04
2.243651148457849558e+04 2.213701045743564828e+04
2.243194543204711590e+04 2.212507802812517548e+04
2.240652612879579101e+04 2.209248144940761631e+04
2.235972138870316121e+04 2.203872265075883479e+04
2.229106712743968455e+04 2.196337231520869318e+04
2.220017101919455308e+04 2.186607297500388449e+04
2.208675750535446787e+04 2.174658419838226109e+04
2.195067524112238607e+04 2.160478974287660458e+04
2.179185630721301277e+04 2.144065599541320262e+04
2.161035197229719415e+04 2.125426739593266029e+04
2.140643457833502907e+04 2.104592782638775316e+04
2.118049001048072023e+04 2.081605277701501473e+04
2.093299383172999296e+04 2.056514518724416121e+04
2.066469169823497577e+04 2.029397448532529233e+04
2.037655886679832111e+04 2.000353577203670648e+04
2.006962646142430094e+04 1.969487678689720269e+04
1.974508900244096367e+04 1.936920451188990774e+04
1.940451920761159636e+04 1.902809802452068834e+04
1.904955031360674548e+04 1.867319260371306518e+04
1.868183577607336701e+04 1.830613962994428948e+04
1.830345753393532141e+04 1.792901097663683322e+04
1.791672713210758593e+04 1.754410140447892991e+04
1.752385020480064486e+04 1.715359619055417352e+04
1.712704744705531630e+04 1.675969262931841149e+04
1.672870418135698128e+04 1.636474983044535838e+04
1.633107417582234848e+04 1.597099271365324057e+04
1.593629022397548761e+04 1.558052269439001611e+04
1.554681204729806632e+04 1.519576236527603032e+04
1.516513633081348235e+04 1.481916806950558203e+04
1.479351860010313248e+04 1.445295478888906655e+04
1.443414532830632561e+04 1.409926942117903855e+04
1.408925542852866602e+04 1.376031309731265173e+04
1.376088092612796390e+04 1.343808182465733989e+04
1.345048610283487687e+04 1.313401653830466785e+04
1.315791696546761705e+04 1.284798422454991487e+04
1.288263957850891165e+04 1.257948224574377491e+04
1.262392868785439896e+04 1.232782311539200600e+04
1.238015114708171131e+04 1.209144147884427184e+04
1.214953524722806469e+04 1.186863820075634612e+04
1.193004951272365906e+04 1.165746165558082794e+04
1.171896206489451833e+04 1.145527897542291430e+04
1.151355404982272921e+04 1.125946594965991608e+04
1.131052966104289044e+04 1.106682625459409246e+04
1.110629544429673660e+04 1.087386145967670564e+04
1.089704855561912518e+04 1.067684869618808625e+04
1.067841419397236677e+04 1.047147585750431972e+04
1.044623223393319859e+04 1.025361356446697209e+04
1.019646563271394007e+04 1.001921319652232705e+04
9.925751163794417153e+03 9.764856779055660809e+03
9.632287754087115900e+03 9.488641082640437162e+03
9.315554568542132984e+03 9.189907248541836452e+03
8.977441672029259280e+03 8.870391557954668315e+03
8.621285306576382936e+03 8.533270504893747784e+03
8.252475223556384663e+03 8.183795306589553547e+03
7.877245579119444301e+03 7.828082287840356003e+03
7.502622938257490205e+03 7.473073928671876274e+03
7.136037618532844135e+03 7.126130942180443526e+03
6.784655035483300708e+03 6.794383223037721109e+03
6.455367515559410094e+03 6.484686568456404530e+03
6.154364338923876858e+03 6.203231511649264576e+03
5.886128387302115698e+03 5.954514824377891273e+03
5.653356847561497489e+03 5.741301604698974188e+03
5.455268312895225790e+03 5.562918509768778677e+03
5.288454143316977934e+03 5.416101542289142344e+03
5.146170881125051892e+03 5.294244538211984946e+03
5.019622243037247245e+03 5.188617325685786454e+03
4.898837130247056848e+03 5.089178688610088102e+03
4.773642048432547199e+03 4.985500604044601459e+03
4.635078901381914875e+03 4.868202430674301468e+03
4.476524723702577830e+03 4.730144998939686957e+03
4.295032447595861413e+03 4.567919967371480197e+03
4.092132669931815599e+03 4.382815573539092838e+03
3.873505137703039964e+03 4.180552043395957298e+03
3.648150682531877010e+03 3.970437383939837218e+03
3.427173259311151014e+03 3.764048422908786961e+03
3.222244873566078695e+03 3.573550734199301132e+03
3.043166507910765631e+03 3.409131026141890288e+03
2.895026883899399309e+03 3.276098426547648160e+03
2.776648627606105947e+03 3.173328563909517470e+03
2.681391864823547621e+03 3.094075304928849619e+03
2.599403617356265840e+03 3.028197386583447042e+03
2.519450849382871183e+03 2.963931360754704656e+03
2.430562319899248905e+03 2.889547537230206217e+03
2.325281509543821358e+03 2.796884663224287578e+03
2.203311629833454390e+03 2.685451946948521254e+03
2.071571952684675580e+03 2.562629898042981040e+03
1.940542480195169219e+03 2.439685476852874672e+03
1.820656850841664436e+03 2.327765659945133393e+03
1.719456073671144850e+03 2.234834680415621733e+03
1.638635777567828427e+03 2.162648367814111680e+03
1.573235550341231374e+03 2.105982017077689761e+03
1.514086167754858934e+03 2.055163135490176501e+03
1.451583955380618590e+03 1.999972666749890323e+03
1.379792556364716120e+03 1.934055046848728125e+03
1.300145418623531896e+03 1.858991406451247713e+03
1.219322489283404138e+03 1.782000420353203936e+03
1.145062374565689652e+03 1.711322950551767008e+03
1.082466618567096020e+03 1.652267883402682173e+03
1.030885148005550718e+03 1.604067959584428991e+03
9.846625346092152995e+02 1.560782983852732968e+03
9.375046267778815263e+02 1.515869432440309538e+03
8.863311093159254597e+02 1.466197843994606956e+03
8.332031444225881387e+02 1.414019034151131791e+03
7.830988751670159900e+02 1.364514678425523925e+03
7.393275958353261785e+02 1.321013625589675030e+03
7.013569667018680320e+02 1.282896871736051708e+03
6.657081492803781657e+02 1.246646488878778882e+03
6.293269967330522832e+02 1.209270898631603814e+03
5.923412739128983731e+02 1.170985143203367670e+03
5.572082270329152607e+02 1.134235345518934537e+03
5.256760952805494753e+02 1.100674762492752279e+03
4.970989907846305300e+02 1.069638149993816114e+03
4.695505594675265115e+02 1.039316627463808118e+03
4.422197648689809739e+02 1.009007229606289457e+03
4.160305540067203651e+02 9.795874641483347887e+02
3.919442389154413604e+02 9.519040985094028429e+02
3.696583996458861066e+02 9.256629686094612453e+02
3.482729430383012641e+02 9.000906790263838957e+02
3.276267100740020624e+02 8.750732883799338424e+02
3.082151169005672955e+02 8.510228969521947420e+02
2.901530983247560584e+02 8.280155309902634144e+02
2.730492079384396220e+02 8.057363795594986868e+02
2.567198189816010654e+02 7.840501205912859177e+02
2.413369224289624242e+02 7.630813833296951998e+02
2.269150264838824569e+02 7.428294828077978309e+02
2.133055628037199938e+02 7.231876092232820383e+02
2.004420649075068184e+02 7.041015842698432152e+02
1.882939449780570271e+02 6.855422203621897097e+02
1.768308057937821047e+02 6.674822503869794446e+02
1.660224687612024184e+02 6.498961360004379912e+02
1.558391118477744328e+02 6.327599689389762716e+02
1.462513283071770331e+02 6.160512939141747211e+02
1.372283388334655001e+02 5.997462795088338225e+02
1.287382726712595229e+02 5.838193966986360692e+02
1.207508569017405762e+02 5.682468682432293008e+02
1.132374874679204027e+02 5.530067862236314795e+02
1.061711386177180856e+02 5.380790143848616935e+02
9.952627727299591243e+01 5.234450978470556493e+02
9.327878205105398024e+01 5.090881793280950660e+02
8.740589299300049220e+01 4.949929620365575147e+02
8.188641555402071504e+01 4.811460906288688193e+02
7.670046296624238380e+01 4.675358576503537620e+02
7.182915990255786198e+01 4.541517782547255138e+02
6.725459561797953256e+01 4.409845252335374539e+02
6.295978280837424990e+01 4.280258733250479963e+02
5.892861758484572476e+01 4.152686454512571004e+02
5.514584058724966553e+01 4.027066605162721089e+02
5.159698782655846827e+01 3.903349941728735644e+02
4.826830488827143739e+01 3.781513751521929407e+02
4.514676923531055053e+01 3.661547532278012227e+02
4.222008059427147231e+01 3.543445376773979092e+02
3.947662445282357879e+01 3.427205607418532054e+02
3.690543711114227676e+01 3.312830422588154988e+02
3.449617227771160799e+01 3.200325543607668806e+02
3.223906915863393152e+01 3.089699868610198905e+02
3.012492264965139199e+01 2.980975005800055442e+02
2.814505530360971264e+01 2.874202624190144206e+02
2.629128758128565480e+01 2.769436223296974049e+02
2.455591109310100961e+01 2.666724974625141726e+02
2.293166350792520092e+01 2.566113695404655459e+02
2.141170464681151131e+01 2.467642835220210316e+02
1.998959371677085528e+01 2.371348475411638219e+02
1.865926761473433970e+01 2.277262500622790640e+02
1.741501868696516198e+01 2.185422956380466246e+02
1.625147470489395118e+01 2.095878261869681864e+02
1.516358312849005330e+01 2.008669664056407953e+02
1.414659349894217577e+01 1.923829905421338822e+02
1.319604046118370100e+01 1.841383613022872225e+02
1.230772766000489682e+01 1.761347699681860206e+02
1.147771247069318967e+01 1.683731774238059984e+02
1.070229147151524174e+01 1.608538754786395941e+02
9.977985810332336669e+00 1.535768691031699404e+02
9.301528638692015960e+00 1.465418026335097181e+02
8.669853804640149875e+00 1.397476463371131103e+02
8.080084173187263019e+00 1.331927361532574139e+02
7.529520547246142392e+00 1.268748256429093288e+02
7.015631194949041749e+00 1.207911368782539512e+02
6.536041953320747666e+00 1.149384100450948551e+02
6.088526778524292915e+00 1.093129512040446798e+02
