3.069063197406852487e+04 3.054002295603595485e+04
3.090976905397493101e+04 3.075386958280725230e+04
3.111274467787796675e+04 3.095147207949432050e+04
3.129865998883717475e+04 3.113193732124556118e+04
3.146661280895733580e+04 3.129437020938764908e+04
3.161565196926569843e+04 3.143782987879011489e+04
3.174483129173863199e+04 3.156138189479907305e+04
3.185322756915814898e+04 3.166411568242153953e+04
3.193989950192892502e+04 3.174510400202500023e+04
3.200389905411817745e+04 3.180341425204028201e+04
3.204431782695997754e+04 3.183815435127044111e+04
3.206026565742381717e+04 3.184845199933422191e+04
3.205081898308335803e+04 3.183340446403353781e+04
3.201509805789790698e+04 3.179215402409640956e+04
3.195228548210604640e+04 3.172390620194055737e+04
3.186157594273731956e+04 3.162788168817165206e+04
3.174220321591594256e+04 3.150334248759459661e+04
3.159349074524770185e+04 3.134964065882654904e+04
3.141483406308528720e+04 3.116620227853018878e+04
3.120567328244095188e+04 3.095250211755865894e+04
3.096555511558234139e+04 3.070812178791082988e+04
3.069414696473551521e+04 3.043276349752991882e+04
3.039122261682549288e+04 3.012624019880756896e+04
3.005668016772968258e+04 2.978849061685765264e+04
2.969056164518177684e+04 2.941959548630442077e+04
2.929307911799245994e+04 2.901980685551844363e+04
2.886463572835115338e+04 2.858957164034643938e+04
2.840579083575068216e+04 2.812948981667554835e+04
2.791727704342257130e+04 2.764033132659602779e+04
2.740012614196759750e+04 2.712316856565163835e+04
2.685557265355902928e+04 2.657927412271244975e+04
2.628498286962537532e+04 2.601004556418082939e+04
2.569003165885263661e+04 2.541718650052802695e+04
2.507276691828013645e+04 2.480277241289426456e+04
2.443531781837416202e+04 2.416895143886193182e+04
2.377995174156000576e+04 2.351800153284675980e+04
2.310947923599327987e+04 2.285273952689630823e+04
2.242683585769407000e+04 2.217609900730990921e+04
2.173488075512119394e+04 2.149092724686058500e+04
2.103687443521615569e+04 2.080046112957936202e+04
2.033649036203526339e+04 2.010833938841386043e+04
1.963715450799015889e+04 1.941794645104200026e+04
1.894220050385871218e+04 1.873256506350665950e+04
1.825550344702424627e+04 1.805599913515158551e+04
1.758071952761171269e+04 1.739183008665432135e+04
1.692106621978165640e+04 1.674320216875214464e+04
1.628003588847855644e+04 1.611350563757921918e+04
1.566127403554153170e+04 1.550626395804183267e+04
1.506784965773674776e+04 1.492444074118583740e+04
1.450224131796724214e+04 1.437041618117180042e+04
1.396631381020080698e+04 1.384593875974543880e+04
1.346150334686124370e+04 1.335234365462401183e+04
1.298894963177155660e+04 1.289068690445063839e+04
1.255011372479342026e+04 1.246229531707528258e+04
1.214662213426317794e+04 1.206863496807067895e+04
1.177980793460612404e+04 1.171090903165471900e+04
1.144870868798984884e+04 1.138810458734805616e+04
1.114888806518670572e+04 1.109583443655685733e+04
1.087603123793474697e+04 1.082983156554964989e+04
1.062631081750115300e+04 1.058631654684279601e+04
1.039635636856726887e+04 1.036197586286482147e+04
1.018304020248590132e+04 1.015373463403754431e+04
9.982088277007267607e+03 9.957442581793358841e+03
9.788202800506003769e+03 9.767986517935207303e+03
9.596033453850153819e+03 9.580214506609028831e+03
9.398805800793308663e+03 9.387675027836552545e+03
9.189759694316708192e+03 9.183939079205805683e+03
8.962352372209368696e+03 8.962842102029704620e+03
8.710500808160293673e+03 8.718688876110223646e+03
8.430000693193020197e+03 8.447591124446109461e+03
8.119073520608211766e+03 8.148007692206009779e+03
7.778359274485660535e+03 7.820666806593997535e+03
7.411900377426120940e+03 7.469538488552557283e+03
7.025173601550894091e+03 7.099906990845091059e+03
6.625166523432001668e+03 6.718472956071104818e+03
6.220000465100024485e+03 6.332943648458395728e+03
5.818810540723271515e+03 5.951952399597003023e+03
5.431050962660555342e+03 5.584370324876317682e+03
5.065878154062719659e+03 5.238758255365609330e+03
4.732596279897191380e+03 4.923661475851325122e+03
4.438498563596815984e+03 4.645821917653979654e+03
4.188166979842021647e+03 4.409273292857221350e+03
3.983484895469589901e+03 4.215592310271542374e+03
3.821558984971638893e+03 4.061862155993572287e+03
3.697028915363246597e+03 3.942908545741164744e+03
3.601143149420218833e+03 3.850468347853687192e+03
3.523511787352784722e+03 3.774829017712908353e+03
3.452457187097424594e+03 3.705162737374780136e+03
3.375958109099624380e+03 3.630416126937663648e+03
3.283359811823840118e+03 3.540859613370650095e+03
3.166793217253060902e+03 3.429375928865632432e+03
3.022913025784584988e+03 3.293053794691104031e+03
2.853037192284430148e+03 3.133262691558459210e+03
2.663174285391984085e+03 2.955645899149077650e+03
2.463846858837004675e+03 2.769928146989844208e+03
2.269065554950717342e+03 2.588879177924777196e+03
2.092855336837107643e+03 2.425131746904334705e+03
1.945278483347320844e+03 2.287620546800298598e+03
1.830010599958341118e+03 2.179428919415644941e+03
1.745026559725698689e+03 2.098511041026257772e+03
1.684586942910500966e+03 2.039548760675620315e+03
1.639389804614028208e+03 1.994126135668818051e+03
1.596770380805482546e+03 1.950933540603083429e+03
1.543996277035198545e+03 1.898707043919324178e+03
1.473898224267584510e+03 1.831202817154671493e+03
1.386611899331153609e+03 1.748689913851806295e+03
1.287920938909807546e+03 1.656415187871437411e+03
1.187636324429701062e+03 1.563082665966648847e+03
1.096820970916470060e+03 1.478336621351752683e+03
1.023110181389440640e+03 1.408680465589475489e+03
9.682299057101907920e+02 1.355420647509560467e+03
9.282891602324542646e+02 1.315042308756684861e+03
8.947453850397314454e+02 1.280129755348227263e+03
8.582180714838505082e+02 1.242669595551185921e+03
8.135983820673536684e+02 1.198386429786815597e+03
7.612263880288130622e+02 1.147680474259477705e+03
7.060724991676848958e+02 1.094835972419067275e+03
6.554785762618233775e+02 1.046016371840956708e+03
6.141837327776813709e+02 1.005079690130837093e+03
5.819830711848475175e+02 9.717352630570409247e+02
5.548654100453312594e+02 9.425990404857934664e+02
5.273694825102476216e+02 9.131922205961069494e+02
4.965123569307051525e+02 8.811387765416367301e+02
4.635786009315179967e+02 8.475404778266139374e+02
4.320653162179773972e+02 8.152230210239384860e+02
4.049085550565805534e+02 7.864803973400972836e+02
3.822100104223575840e+02 7.613243779379550915e+02
3.615340265921470859e+02 7.378086731413840198e+02
3.404960571380283341e+02 7.140901054001371904e+02
3.188185955966758343e+02 6.899850614294623483e+02
2.979969176493643772e+02 6.666444926913871996e+02
2.794322980220305794e+02 6.451016471068826377e+02
2.629627512855906843e+02 6.252006936778102499e+02
2.473540040642267286e+02 6.060162299839666957e+02
2.319055390057964985e+02 5.870443409101437737e+02
2.170247773199205596e+02 5.685843739241469166e+02
2.033636005062670336e+02 5.510888464330722627e+02
1.908805148367129050e+02 5.345104861231138784e+02
1.790464104417234239e+02 5.184749048758607159e+02
1.676622423771900685e+02 5.028466329902220195e+02
1.569601513519440346e+02 4.877778342835212015e+02
1.470584612765690906e+02 4.733367499367995492e+02
1.377687113876152978e+02 4.593933549901072979e+02
1.289604837816181941e+02 4.458606141740272051e+02
1.206806740732241252e+02 4.327640562552853680e+02
1.129521462247080734e+02 4.201108399587810709e+02
1.057103335593063775e+02 4.078582778765992884e+02
9.890363588271451079e+01 3.959706885873088709e+02
9.250933654304434128e+01 3.844301959418583579e+02
8.650622067920461689e+01 3.732205304223106168e+02
8.087374300278841588e+01 3.623264336143930109e+02
7.559205458175810577e+01 3.517335987675695606e+02
7.064202261587496423e+01 3.414286153321007191e+02
6.600524386851753889e+01 3.313989171457071166e+02
6.166376953097708480e+01 3.216326484505954113e+02
5.759944985720483146e+01 3.121183952097624115e+02
5.379497604861214910e+01 3.028454243946322322e+02
5.023410865929474056e+01 2.938037242406103928e+02
4.690161135051032915e+01 2.849839633587936873e+02
4.378318881608003466e+01 2.763774522696475628e+02
4.086542860902144980e+01 2.679761071473947140e+02
3.813575134159633251e+01 2.597724353051586377e+02
3.558247009943847416e+01 2.517599859400485229e+02
3.319471211335292793e+01 2.439332791834091267e+02
3.096223581333723729e+01 2.362872120266598301e+02
2.887539155163145566e+01 2.288170092561914828e+02
2.692509083323317398e+01 2.215182040056891992e+02
2.510277686810690057e+01 2.143866191151033149e+02
2.340039641092045031e+01 2.074183492423213124e+02
2.181036584223838659e+01 2.006098097098406186e+02
2.032552204670880514e+01 1.939579612943727511e+02
1.893912944665049025e+01 1.874600307472548195e+02
1.764486674317146253e+01 1.811133912781604067e+02
1.643680271009349880e+01 1.749155513507777755e+02
1.530937330635867788e+01 1.688641439210706210e+02
1.425736004474273599e+01 1.629569160761510034e+02
1.327586962774826596e+01 1.571917237828088503e+02
1.236031743128504701e+01 1.515667082255917251e+02
1.150640920861126126e+01 1.460803155236376085e+02
1.071011965158591117e+01 1.407310222235605863e+02
9.967676138829418164e+00 1.355173115455154971e+02
9.275543677015091859e+00 1.304376693442258954e+02
8.630410677519405382e+00 1.254905803319848161e+02
8.029175526790982786e+00 1.206745245638099391e+02
7.468933545320586731e+00 1.159880287458579460e+02
6.946963316345920347e+00 1.114299362492751015e+02
6.460717375466890289e+00 1.069991427926222940e+02
6.007812475833317123e+00 1.026944506962202865e+02
5.586019421400853169e+00 9.851457206865325134e+01
5.193253495625676841e+00 9.445813245932804136e+01
4.827565455264127614e+00 9.052367461450035080e+01
4.487133057316086138e+00 8.670966467746166018e+01
4.170253034989325869e+00 8.301466383216356348e+01
3.875333589966808212e+00 7.943740698515379961e+01
3.600887454323424386e+00 7.597651207624561209e+01
3.345525276107623291e+00 7.263046084108829348e+01
3.107949395469590925e+00 6.939760941853076304e+01
2.886947999139940269e+00 6.627619875772859359e+01
2.681389631569954357e+00 6.326436479919495781e+01
2.490218015466474810e+00 6.036016595358223924e+01
