2.879257467976729822e+04 2.855055511874028161e+04
2.911262615441537855e+04 2.886113916251181217e+04
2.942113037220215119e+04 2.915996960252698773e+04
2.971719195142755052e+04 2.944615776125095363e+04
2.999989024149898978e+04 2.971879272259563004e+04
3.026826618218882868e+04 2.997692967533267074e+04
3.052135815502673722e+04 3.021962301135232337e+04
3.075820131104646862e+04 3.044592545224472633e+04
3.097778907633621566e+04 3.065485004550096346e+04
3.117910663769892562e+04 3.084540338266057006e+04
3.136115383585136806e+04 3.101660831538637649e+04
3.152292102203907780e+04 3.116748088028681013e+04
3.166338478143935936e+04 3.129702638488254161e+04
3.178154895475494777e+04 3.140427908264522193e+04
3.187644253928476974e+04 3.148830031526214225e+04
3.194708767477708898e+04 3.154814791556529963e+04
3.199253996541686138e+04 3.158291514137438935e+04
3.201190809404743050e+04 3.159174968353609074e+04
3.200434212848119205e+04 3.157384324200995616e+04
3.196904050322924377e+04 3.152843833139964045e+04
3.190527515009913623e+04 3.145485178742456264e+04
3.181240213912913168e+04 3.135248567492733127e+04
3.168987545264163418e+04 3.122084215167258662e+04
3.153724501958787005e+04 3.105951962510905287e+04
3.135416439576526318e+04 3.086821977492569931e+04
3.114045047117524155e+04 3.064680807253500097e+04
3.089607215460583757e+04 3.039530166581899903e+04
3.062110992625611470e+04 3.011382756639735453e+04
3.031582490762066664e+04 2.980269152852856496e+04
2.998075926687823448e+04 2.946247822768792321e+04
2.961658584536956914e+04 2.909389985120146957e+04
2.922410704687374528e+04 2.869779448191295160e+04
2.880449884320674391e+04 2.827536907274085024e+04
2.835917185020156830e+04 2.782806015734346511e+04
2.788960128302706653e+04 2.735736387867551457e+04
2.739754245600592549e+04 2.686505021021758148e+04
2.688520301910376293e+04 2.635333372645916461e+04
2.635482135004918018e+04 2.582445365898759337e+04
2.580868932815815788e+04 2.528069652340565153e+04
2.524964940291702442e+04 2.472488985839327506e+04
2.468068588168880888e+04 2.415999567089133780e+04
2.410464067257749048e+04 2.358882833318025223e+04
2.352456082454996067e+04 2.301440093599931788e+04
2.294380640748496808e+04 2.244003271004579437e+04
2.236551594870714325e+04 2.186881755456083192e+04
2.179269218274258310e+04 2.130371002958098688e+04
2.122872539292563670e+04 2.074804573026920480e+04
2.067688060167221920e+04 2.020503270106476702e+04
2.014006568389938911e+04 1.967752282157166701e+04
1.962048717705788295e+04 1.916768290701788646e+04
1.911968256138135257e+04 1.867702785528602544e+04
1.863897452476499529e+04 1.820685914914954992e+04
1.817969970244165233e+04 1.775849210790581492e+04
1.774372769660626363e+04 1.733377184357055012e+04
1.733288152005092707e+04 1.693449979859315135e+04
1.694839345859840978e+04 1.656190235057308018e+04
1.658753523298470463e+04 1.621334701864187991e+04
1.624565121360698140e+04 1.588432134413677159e+04
1.591846840350202910e+04 1.557068316723940734e+04
1.560248503677287044e+04 1.526904695884023931e+04
1.529471614566936478e+04 1.497652992769804223e+04
1.499209743275859000e+04 1.469016193732905958e+04
1.469034104893936092e+04 1.440576069426775575e+04
1.438504806089412887e+04 1.411901541908874242e+04
1.407140413686534339e+04 1.382517642323043947e+04
1.374395829797453734e+04 1.351882783370377729e+04
1.339774051139286348e+04 1.319498640955732299e+04
1.302824193796782674e+04 1.284907675142375956e+04
1.263193645009710781e+04 1.247744808868388100e+04
1.220822648884631781e+04 1.207933218334928824e+04
1.175840023041892891e+04 1.165581099671988159e+04
1.128666659619150596e+04 1.121089080080668464e+04
1.079906137743186082e+04 1.075041826014898106e+04
1.030356016590085528e+04 1.028220988195585414e+04
9.808841791108359757e+03 9.814825368568494014e+03
9.323718158494468298e+03 9.356980165985023632e+03
8.856485799260455678e+03 8.916909776895354298e+03
8.415284935510213472e+03 8.502705071514823430e+03
8.007388617659205920e+03 8.121603780889582595e+03
7.639225154932897567e+03 7.780014504232221952e+03
7.314526991088458090e+03 7.481724039802224979e+03
7.034130550558926188e+03 7.227638965297900540e+03
6.794683632151281927e+03 7.014558858174924353e+03
6.588908599256561502e+03 6.835348839116745694e+03
6.406352858614503020e+03 6.679656919490284963e+03
6.235040537632967244e+03 6.535470451432085611e+03
6.062744286572790770e+03 6.390346360167517560e+03
5.878637047467661432e+03 6.233063281385644586e+03
5.674311322565147748e+03 6.054695272902754368e+03
5.445601924420504474e+03 5.850607918702503412e+03
5.193070742870353570e+03 5.621058036887166054e+03
4.922121217036076814e+03 5.371430002608702125e+03
4.641908510309588564e+03 5.111131769398448341e+03
4.363785612540821603e+03 4.851920703930799391e+03
4.100176649292316142e+03 4.606674555981098820e+03
3.863029795999737871e+03 4.387740649508402385e+03
3.660642992514158323e+03 4.203649576928077295e+03
3.494124234377619359e+03 4.055572954071611548e+03
3.357234545125371824e+03 3.937181794622974849e+03
3.239421309775803820e+03 3.837693122914097785e+03
3.129130621175154829e+03 3.745187325300259999e+03
3.015045759073187128e+03 3.647822436458591255e+03
2.887538856006604874e+03 3.535377468744326052e+03
2.742919018869792126e+03 3.403848094989422862e+03
2.586188980847888615e+03 3.258487363609146087e+03
2.427690749325584420e+03 3.110249587257721942e+03
2.278049356571194494e+03 2.970331091157242099e+03
2.145515201809731479e+03 2.847321862359855459e+03
2.034118478937975851e+03 2.745335744625695952e+03
1.941338302949283388e+03 2.661704857499769332e+03
1.859452466022127737e+03 2.588420034299985218e+03
1.779278488685272350e+03 2.515968978999858336e+03
1.693426847570038944e+03 2.436703181194189710e+03
1.600355063044864437e+03 2.349100422252090993e+03
1.504980228659681416e+03 2.258374244885164899e+03
1.413993550956002309e+03 2.171497253504353012e+03
1.332680295937784877e+03 2.093851601547718019e+03
1.262736941857930333e+03 2.027066695984585522e+03
1.200669746118810963e+03 1.967534272025086011e+03
1.141015115505548010e+03 1.909747094428076707e+03
1.080106740351837061e+03 1.850096184848380972e+03
1.017762711808334643e+03 1.788510631653829705e+03
9.572568260038540302e+02 1.728311790973713869e+03
9.018855440392972014e+02 1.672721410912422471e+03
8.522393334771672926e+02 1.622245390897289781e+03
8.065283781623600134e+02 1.575116185561935026e+03
7.621886765569541922e+02 1.528911255809347495e+03
7.182701145013581936e+02 1.482800467060860456e+03
6.759091279091412616e+02 1.437889696231633025e+03
6.365249768519902318e+02 1.395473531643028309e+03
6.002937627314465772e+02 1.355671760372784092e+03
5.661703354293701977e+02 1.317536889679987098e+03
5.332991681071887342e+02 1.280338312881187676e+03
5.017379631112440279e+02 1.244149813286390099e+03
4.720996751437102716e+02 1.209484399066652941e+03
4.444391918082802704e+02 1.176365608799022766e+03
4.183253157433381944e+02 1.144433377352796015e+03
3.934379879557207005e+02 1.113438204786753886e+03
3.698765647667870553e+02 1.083455373162680871e+03
3.477532712140900912e+02 1.054555519683729472e+03
3.269213927046295680e+02 1.026618000558191852e+03
3.072069048415315251e+02 9.995121019228730574e+02
2.885866630320317086e+02 9.732135589866770715e+02
2.710267851339128242e+02 9.476899396285260764e+02
2.546050136193934748e+02 9.229702700152652142e+02
2.389788751655720489e+02 8.988368198570150298e+02
2.242674057219255701e+02 8.753480059220451039e+02
2.104415985895632275e+02 8.524768307028732579e+02
1.974448313863604199e+02 8.301799748622253219e+02
1.852245929762125627e+02 8.084173777962016629e+02
1.737321479495412859e+02 7.871520525888433895e+02
1.629222306153668285e+02 7.663499172596962126e+02
1.527527657315305589e+02 7.459796405142964204e+02
1.431849422095444595e+02 7.260127533009616627e+02
1.341852632067316904e+02 7.064253912484123248e+02
1.257232758343574233e+02 6.871968712737015039e+02
1.177698628051836494e+02 6.683083986302525545e+02
1.102971998322716161e+02 6.497429682757183400e+02
1.032787241662180548e+02 6.314852809630493766e+02
9.668910132775627631e+01 6.135216634973839973e+02
9.050418594737251965e+01 5.958400024247222291e+02
8.470070820621737084e+01 5.784303188290222124e+02
7.925616197276809771e+01 5.612850001743724988e+02
7.414926080032637401e+01 5.443976615911138879e+02
6.935991915659637641e+01 5.277629819626491781e+02
6.486918870431632911e+01 5.113766450662348007e+02
6.065919770546631895e+01 4.952352812619853353e+02
5.671309341192594644e+01 4.793364095336043533e+02
5.301500000192093154e+01 4.636790013333379079e+02
4.955001825509062741e+01 4.482661490333226197e+02
4.630411361556404160e+01 4.331022908183305162e+02
4.326404424740251642e+01 4.181918403503817672e+02
4.041732025018290386e+01 4.035391567756596487e+02
3.775216469896531635e+01 3.891485168473718659e+02
3.525747642045705277e+01 3.750240877383082534e+02
3.292279405676671900e+01 3.611699808225336596e+02
3.073825180967946125e+01 3.475924150482327377e+02
2.869454924339233060e+01 3.342995670229184384e+02
2.678293399750741344e+01 3.212988042426155744e+02
2.499517223375212538e+01 3.085965526349979768e+02
2.332351983307575694e+01 2.961983198159753101e+02
2.176069505130677939e+01 2.841087205724188607e+02
2.029985256977265706e+01 2.723315043572306990e+02
1.893455867736771481e+01 2.608700167918589159e+02
1.765876746725898272e+01 2.497283007655153426e+02
1.646679945403942469e+01 2.389096435130867633e+02
1.535332077133051776e+01 2.284162135487985097e+02
1.431332327211157640e+01 2.182491256501557757e+02
1.334210569000367919e+01 2.084085064275225818e+02
1.243525581117556200e+01 1.988935600420071523e+02
1.158863351802568253e+01 1.897026474957651772e+02
1.079835360510423214e+01 1.808335460438175062e+02
1.006077140224924449e+01 1.722834241477470982e+02
9.372469719872183802e+00 1.640487197153891827e+02
8.730245316237526865e+00 1.561252027041026622e+02
8.131096090816424038e+00 1.485080410340239325e+02
7.572208999918454531e+00 1.411918642790169258e+02
7.050948656640674272e+00 1.341708248817288620e+02
6.564846375798969902e+00 1.274386347803882416e+02
6.111589809267074180e+00 1.209885940000508242e+02
