3.199455904496002768e+04 3.184322693151558633e+04
3.219777252933580530e+04 3.204117229368267363e+04
3.238204877655619930e+04 3.222010496350207541e+04
3.254637579306452244e+04 3.237901984959482434e+04
3.268970290736459719e+04 3.251687601539178286e+04
3.281095793861700804e+04 3.263261351344272407e+04
3.290909932277605549e+04 3.272520399719887428e+04
3.298309407271302916e+04 3.279362897913503548e+04
3.303187963136163307e+04 3.283684222510515247e+04
3.305443322312016244e+04 3.285383836934865394e+04
3.304978234023984260e+04 3.284366345442597230e+04
3.301694354028446105e+04 3.280535559260292939e+04
3.295496598520133557e+04 3.273798749697902895e+04
3.286298105957621010e+04 3.264071488240323379e+04
3.274017577861854443e+04 3.251275143532439324e+04
3.258577711667254698e+04 3.235335418848873451e+04
3.239911669365111447e+04 3.216188539479540486e+04
3.217963893740103231e+04 3.193782097903699105e+04
3.192687772914599191e+04 3.168073076305944778e+04
3.164048999592799009e+04 3.139030874647025121e+04
3.132027830352813908e+04 3.106639379120661761e+04
3.096621343096664714e+04 3.070899582166221808e+04
3.057844210853161348e+04 3.031830363846488763e+04
3.015727313929359298e+04 2.989466590125765651e+04
2.970321341525391472e+04 2.943862836264759244e+04
2.921706314923781611e+04 2.895103395996576000e+04
2.869980933777241808e+04 2.843290962644220417e+04
2.815260515685949940e+04 2.788544369749743782e+04
2.757698388948373031e+04 2.731020487679662256e+04
2.697478588659933666e+04 2.670906692699010455e+04
2.634795250840089284e+04 2.608399723662539691e+04
2.569869832996956393e+04 2.543723073861613739e+04
2.502976716607746857e+04 2.477152858691487563e+04
2.434396312459346154e+04 2.408970395814521180e+04
2.364412555876422994e+04 2.339459606987975349e+04
2.293372549691475069e+04 2.268966529931409241e+04
2.221644738742410846e+04 2.197857621001942971e+04
2.149575618154276890e+04 2.126476637125822526e+04
2.077532054306267673e+04 2.055186502821564500e+04
2.005925261146198318e+04 1.984393081000438906e+04
1.935131763809011682e+04 1.914467244237186605e+04
1.865505805112638336e+04 1.845756848295418604e+04
1.797477902517169423e+04 1.778682230252707086e+04
1.731462692261774646e+04 1.713647329219240055e+04
1.667811301361842197e+04 1.650993786725056634e+04
1.606794885719818740e+04 1.590983310098781294e+04
1.548609771061815627e+04 1.533802756711824441e+04
1.493411220085139939e+04 1.479599423715267221e+04
1.441369349492797664e+04 1.428534077734991115e+04
1.392810239657895181e+04 1.380914079536833560e+04
1.348052670832096919e+04 1.337040144912196956e+04
1.307326979584747278e+04 1.297128625104047205e+04
1.270429069517505923e+04 1.260972032986288832e+04
1.236943852654115835e+04 1.228156986067631624e+04
1.206496676023256259e+04 1.198310236002840975e+04
1.178744022623321689e+04 1.171090390257646868e+04
1.153371431636492343e+04 1.146185272283306404e+04
1.130056869984513287e+04 1.123276332969001305e+04
1.108322275259160779e+04 1.101897145502768763e+04
1.087666569134301790e+04 1.081559875506406206e+04
1.067516050603919393e+04 1.061710354992991961e+04
1.047180090417963584e+04 1.041686719512394666e+04
1.025975458567779242e+04 1.020836053477828318e+04
1.003135838559548756e+04 9.984337007995996828e+03
9.779451253336026639e+03 9.738042759239790030e+03
9.498573539557744880e+03 9.464416135848332488e+03
9.184864989429099296e+03 9.159929050121732871e+03
8.837409293227947273e+03 8.823882923696683065e+03
8.457726128788875940e+03 8.457881732114447004e+03
8.050581034825308052e+03 8.066593679495372271e+03
7.622826174878703569e+03 7.656626518968940218e+03
7.183154779661747853e+03 7.236281442968198462e+03
6.740912078349833791e+03 6.814426109660452312e+03
6.306389723622522069e+03 6.400773191660980046e+03
5.890148644916088415e+03 6.005203614311714773e+03
5.502915205214647358e+03 5.637701835373844915e+03
5.153644856642466948e+03 5.306543266847442283e+03
4.849980693013404561e+03 5.018677037448025658e+03
4.595625257021750258e+03 4.777374569245152088e+03
4.390872375036259655e+03 4.582648583206064359e+03
4.231417945160449563e+03 4.430275843044355497e+03
4.110036242027185835e+03 4.313306957041647365e+03
4.016091610188850609e+03 4.221726733713444446e+03
3.937399122222988808e+03 4.144150921720896804e+03
3.860403247325547909e+03 4.068041097031208210e+03
3.771869918655047059e+03 3.981266325229215454e+03
3.660644633127992165e+03 3.873696274196811373e+03
3.519501133213663252e+03 3.738871811264739335e+03
3.346652533480108559e+03 3.575362052840937395e+03
3.145883140268245825e+03 3.386818778150887283e+03
2.926432500195386638e+03 3.181819980035143089e+03
2.702276198224737982e+03 2.973176706580698465e+03
2.490003447674800555e+03 2.775930861111827653e+03
2.304282232142815701e+03 2.603227302782684546e+03
2.153798808189218107e+03 2.462706427276512841e+03
2.040101597741984961e+03 2.355520402616137744e+03
1.959039263539208605e+03 2.277706757191922406e+03
1.902146989157334474e+03 2.221505444999338579e+03
1.856644564298559999e+03 2.175409067294948272e+03
1.807046202839647322e+03 2.125634436507060855e+03
1.740626815912753727e+03 2.060978045933337398e+03
1.652424584271510412e+03 1.977202683545339369e+03
1.545579249186483821e+03 1.877256198629812388e+03
1.429480581155871050e+03 1.769544422892358170e+03
1.317180634551133153e+03 1.665559264623713261e+03
1.220845945607612975e+03 1.575849635917106752e+03
1.146763563004765047e+03 1.505707633880657795e+03
1.093939762740661763e+03 1.454072305840748413e+03
1.054880055768729562e+03 1.414326826725588262e+03
1.017973358023349419e+03 1.376431359312612813e+03
9.733893473190657915e+02 1.332005771559345021e+03
9.177234369836426140e+02 1.278251570376146901e+03
8.541841905639375909e+02 1.218019089525941581e+03
7.910217386749191064e+02 1.158354962705067464e+03
7.367669216394352816e+02 1.106397246870620393e+03
6.947132724757476581e+02 1.064779556048469431e+03
6.621535794584320911e+02 1.031124582804586453e+03
6.325646775307216103e+02 9.999675670146613129e+02
5.997187510888340967e+02 9.661954104517529913e+02
5.622748742808535098e+02 9.287797516303511429e+02
5.237222427083936509e+02 8.906231408694027323e+02
4.888926005725962227e+02 8.556320266829544607e+02
4.602494878643947231e+02 8.257203511001021070e+02
4.360772505365578695e+02 7.994472459134265137e+02
4.126122102869917398e+02 7.738046642253887057e+02
3.877280521758528380e+02 7.471430925224999555e+02
3.624024838607038532e+02 7.202593930647138905e+02
3.391200350544776825e+02 6.950769691909431458e+02
3.189350592519824659e+02 6.723684328654777573e+02
3.007195030567665412e+02 6.512403436677370792e+02
2.827407026340025027e+02 6.303811511790638633e+02
2.648130906339204671e+02 6.096653918329390081e+02
2.479527087701989387e+02 5.898454104252134584e+02
2.327764704245223299e+02 5.713536215858127889e+02
2.187374042525175639e+02 5.537759856150780706e+02
2.051487865307785228e+02 5.366181305580272465e+02
1.921058823015275721e+02 5.199489260794724714e+02
1.800184127194707742e+02 5.040469549198687105e+02
1.688399661295518968e+02 4.888683590658167191e+02
1.582311205473916402e+02 4.741766151624912027e+02
1.481555729259322618e+02 4.599447571986011667e+02
1.387388397384347911e+02 4.462502462224463784e+02
1.299096748475646166e+02 4.330401264332709843e+02
1.216216030730060282e+02 4.202790723632905951e+02
1.138423139160539961e+02 4.079421745846025829e+02
1.065414108552483441e+02 3.960061508756510307e+02
9.969029599855680601e+01 3.844492390895517246e+02
9.326206237241146368e+01 3.732510987356390046e+02
8.723139286775857215e+01 3.623927201569258614e+02
8.157449913716277479e+01 3.518563868876183847e+02
7.626941120089499293e+01 3.416261462034742635e+02
7.129564478786485893e+01 3.316874830543947041e+02
6.663379304218086929e+01 3.220268040937437490e+02
6.226547345922507048e+01 3.126313742575974288e+02
5.817328328619957034e+01 3.034892666980837816e+02
5.434075606826628047e+01 2.945893160313140697e+02
5.075231934473911366e+01 2.859210747347805182e+02
4.739321066956694750e+01 2.774749000880523795e+02
4.424937446568733890e+01 2.692421369628332855e+02
4.130755067002290559e+01 2.612147393964773983e+02
3.855525623075247665e+01 2.533851680014552130e+02
3.598074245744171407e+01 2.457463617645602483e+02
3.357295450809102988e+01 2.382917113741004584e+02
3.132149292023497367e+01 2.310150339540221864e+02
2.921657783120744156e+01 2.239105683348142861e+02
2.724902453831674265e+01 2.169732336849547778e+02
2.541020496116948735e+01 2.101985056233659748e+02
2.369200650604827274e+01 2.035821360084645164e+02
2.208680307089117889e+01 1.971201296277054666e+02
2.058742779310297877e+01 1.908087291418112272e+02
1.918714717820302340e+01 1.846444006518560172e+02
1.787963655006316444e+01 1.786238198611257815e+02
1.665895557049345754e+01 1.727439255554065767e+02
1.551952390070043641e+01 1.670020505781535576e+02
1.445610429898492022e+01 1.613957061881563106e+02
1.346378353457152599e+01 1.559225213848890235e+02
1.253795339445532697e+01 1.505802340730610922e+02
1.167429272389102479e+01 1.453666825699679066e+02
1.086875045019732333e+01 1.402797974461505248e+02
1.011752948422227760e+01 1.353176023733274462e+02
9.417070568573908673e+00 1.304783649103225969e+02
8.764038412602126016e+00 1.257605469156313802e+02
8.155309281184868198e+00 1.211626326619705765e+02
7.587958200944255438e+00 1.166831189664933817e+02
7.059246857406656694e+00 1.123205118467983965e+02
6.566612187625709751e+00 1.080733233933831485e+02
6.107655631404054652e+00 1.039400688575595666e+02
5.680132901743530915e+00 9.991933930070780434e+01
5.281944200644548282e+00 9.600999755048214013e+01
4.911125638922467118e+00 9.221091358589973197e+01
4.565840876213152377e+00 8.852088806437474489e+01
4.244373146429901489e+00 8.493865518474520115e+01
3.945117757984297313e+00 8.146288562674028810e+01
3.666575042301751797e+00 7.809218955881530633e+01
3.407343713638071758e+00 7.482512701549839562e+01
3.166114375798784408e+00 7.166037990410703173e+01
2.941663754250942286e+00 6.859672655943097652e+01
2.732849524224053361e+00 6.563284564855756287e+01
2.538605138331223365e+00 6.276731482118272964e+01
2.357934957270286791e+00 5.999861893713381278e+01
