1.261704770051266314e+04 1.257555818949434615e+04
1.274312044341803448e+04 1.269998588775258941e+04
1.286395849796596667e+04 1.281913434488672283e+04
1.297913771392470517e+04 1.293258019454817259e+04
1.308822795183039307e+04 1.303989441332338174e+04
1.319079691966105929e+04 1.314064608142966972e+04
1.328638916418675944e+04 1.323438136417944042e+04
1.337453361238377875e+04 1.332063108525609641e+04
1.345476274303502760e+04 1.339892993608382312e+04
1.352660426961003759e+04 1.346880825194010140e+04
1.358956809154546681e+04 1.352977909574745172e+04
1.364317081034106559e+04 1.358136263452762432e+04
1.368693890502140675e+04 1.362308933140431509e+04
1.372038437930431428e+04 1.365447589037456601e+04
1.374302192249861037e+04 1.367504228815992974e+04
1.375438808939215414e+04 1.368433079192188961e+04
1.375402988924203055e+04 1.368189485641928695e+04
1.374149777230566360e+04 1.366729233436223149e+04
1.371637286011101787e+04 1.364011220682044586e+04
1.367827017158585113e+04 1.359997788271229001e+04
1.362682622529014043e+04 1.354653554943048766e+04
1.356171542615839280e+04 1.347946993202164776e+04
1.348266147420331436e+04 1.339851531671496377e+04
1.338944142451933112e+04 1.330346039816547636e+04
1.328188933073991757e+04 1.319415201599901047e+04
1.315989928699280972e+04 1.307049706112577951e+04
1.302343705966687412e+04 1.293247435174404018e+04
1.287256984499091959e+04 1.278016557455866314e+04
1.270743985197741677e+04 1.261372734834529365e+04
1.252825949190169376e+04 1.243338586766728258e+04
1.233538077698139023e+04 1.223950747241714635e+04
1.212928202725681149e+04 1.203258488940721872e+04
1.191050011169605568e+04 1.181316802056127199e+04
1.167968385557911097e+04 1.158191766688439384e+04
1.143769658591013285e+04 1.133970877892341923e+04
1.118545954727175740e+04 1.108747235180559073e+04
1.092393484579760297e+04 1.082617797461695045e+04
1.065434306412270780e+04 1.055705103279146351e+04
1.037804190553122316e+04 1.028145132813880628e+04
1.009634881724787556e+04 1.000069595779785959e+04
9.810678596122328599e+03 9.716196006446762112e+03
9.522673248862389300e+03 9.429585473137834924e+03
9.233895116759716984e+03 9.142416621100948760e+03
8.945850187402116717e+03 8.856182460949976303e+03
8.660425845871817728e+03 8.572745696710553602e+03
8.379542246838987921e+03 8.293997433156489933e+03
8.104891985471902444e+03 8.021602590378122841e+03
7.837869968736147712e+03 7.756928902673162156e+03
7.579560461598225629e+03 7.501033805569892138e+03
7.330875329986108227e+03 7.254804695697578609e+03
7.092778504104035164e+03 7.019176279190541209e+03
6.867106663209745420e+03 6.795921748269079217e+03
6.655761671284053591e+03 6.586875406955535254e+03
6.460288401984694246e+03 6.393524446129830721e+03
6.280724358628660411e+03 6.215873875866758681e+03
6.116125974828966719e+03 6.052964635165081745e+03
5.965599956263912645e+03 5.903889921030558071e+03
5.828070377752551394e+03 5.767565997175001030e+03
5.702358815875254550e+03 5.642810392551271434e+03
5.587290987107655383e+03 5.528447838353918996e+03
5.481121454723421266e+03 5.422754300842322664e+03
5.381962520166986906e+03 5.323871247277033035e+03
5.287717814064561935e+03 5.229747788240644695e+03
5.195791358708875123e+03 5.137865099156555516e+03
5.103563727801843925e+03 5.045689938339748551e+03
5.007857366007695418e+03 4.950178406949948112e+03
4.905465989389162132e+03 4.848271074920502542e+03
4.793309129642680091e+03 4.737058788547225049e+03
4.668582182318855303e+03 4.613913802600818599e+03
4.529340050457584766e+03 4.477051080219000141e+03
4.374529114904616108e+03 4.325548005699686655e+03
4.204504364771741166e+03 4.159828228412751741e+03
4.020836189759702393e+03 3.981466641170291496e+03
3.826356481810713376e+03 3.793221886855836601e+03
3.624648159885017776e+03 3.598544625492871091e+03
3.420019795738804532e+03 3.401550246878362486e+03
3.217106855904108215e+03 3.206633179958776509e+03
3.020893978132309257e+03 3.018490776048590305e+03
2.836027241035988027e+03 2.841477171943025496e+03
2.667173215431113022e+03 2.679929120934873936e+03
2.517908639337274963e+03 2.537144078244355569e+03
2.390786280110856296e+03 2.415421258869877420e+03
2.286401597630868309e+03 2.315217832371549775e+03
2.203756426448147522e+03 2.235480550720949850e+03
2.139707522310877721e+03 2.173165760123148630e+03
2.089881521554773826e+03 2.124098793164557264e+03
2.048575270615098816e+03 2.082912328405907374e+03
2.009476926457122090e+03 2.043731215108433389e+03
1.966189574840626165e+03 2.000662157550414349e+03
1.912984201053404377e+03 1.948491363965730898e+03
1.845890065747254312e+03 1.883670224160448242e+03
1.763356516083578754e+03 1.804889506326143874e+03
1.666624016196448792e+03 1.713388559962340651e+03
1.559653521522423716e+03 1.612864147971222110e+03
1.448718557561308899e+03 1.509072757602421916e+03
1.341506311729432809e+03 1.408997785243039289e+03
1.245486510294651453e+03 1.319370135706934207e+03
1.165958567132229291e+03 1.244907204731297043e+03
1.104764068504174475e+03 1.187165321818541997e+03
1.060407788627205491e+03 1.144681698826915863e+03
1.028928534627314320e+03 1.113795004691530949e+03
1.004370542223864732e+03 1.089103855419136153e+03
9.792852031275577929e+02 1.063946779405716143e+03
9.466898234854095335e+02 1.032158011902044564e+03
9.029141119688960089e+02 9.905680518401312611e+02
8.488132692885919823e+02 9.400233630737321846e+02
7.888215253332529073e+02 8.844986727939825641e+02
7.294170800147891214e+02 8.297114907728665685e+02
6.772257770362720066e+02 7.814424886520438349e+02
6.362940102197278520e+02 7.431580671834381064e+02
6.068485024995552521e+02 7.149661688736453016e+02
5.854921723441702852e+02 6.938386488436157151e+02
5.663805697357166764e+02 6.746808322612552047e+02
5.437215905938434162e+02 6.525139486082389340e+02
5.148471477737062969e+02 6.250965674626347663e+02
4.810632758147253298e+02 5.936030171560809094e+02
4.465316684467753134e+02 5.616139236521659086e+02
4.161587774739015799e+02 5.332843698635192595e+02
3.925163270847261856e+02 5.107407899338205084e+02
3.745736833567254962e+02 4.930559793457004503e+02
3.588473992606868705e+02 4.772716473120480032e+02
3.415759764117145778e+02 4.602467211433446437e+02
3.213554086459120640e+02 4.408423482261481468e+02
2.999111440905974746e+02 4.205162481879639245e+02
2.801793632192600398e+02 4.016910767379000049e+02
2.639663960956329447e+02 3.858216422351430879e+02
2.506371996352578151e+02 3.723551743746659213e+02
2.379465608808911838e+02 3.594518166581996752e+02
2.242876816400900282e+02 3.458208281965543733e+02
2.100269617982118291e+02 3.317719227402278648e+02
1.967118294646456889e+02 3.185435644346584354e+02
1.852750030626922353e+02 3.068606834556186413e+02
1.751409285927045687e+02 2.962507218253171573e+02
1.651483928219433892e+02 2.857974944193890678e+02
1.549831729256189305e+02 2.752614593705748121e+02
1.453007411905747688e+02 2.651518490955515404e+02
1.366338500249451613e+02 2.558698672291183982e+02
1.287060687063909654e+02 2.471945347787304570e+02
1.209905456161611994e+02 2.387239453347235099e+02
1.134843657858822752e+02 2.304568199486535036e+02
1.065133908196473698e+02 2.226330259942085661e+02
1.001070990853478833e+02 2.152681033750357358e+02
9.401707137147445792e+01 2.081764172384102949e+02
8.817985237886222194e+01 2.013107447472365834e+02
8.272029412679093241e+01 1.947581408883227425e+02
7.763092931344655767e+01 1.885093873700258484e+02
7.282630616699503889e+01 1.825016476786410351e+02
6.829553069347963401e+01 1.767254360364632646e+02
6.402757029702914338e+01 1.711702591228778942e+02
6.001092038622319080e+01 1.658256868213491941e+02
5.623411623684103944e+01 1.606818517484036875e+02
5.268574758556514581e+01 1.557293694682114733e+02
4.935349668210395180e+01 1.509583567786028766e+02
4.622454550060208334e+01 1.463585701639649130e+02
4.328678679152386621e+01 1.419203999664574667e+02
4.052882958502171107e+01 1.376348682365027400e+02
3.793995621026557785e+01 1.334935859781661520e+02
3.551008197852198123e+01 1.294887137825220407e+02
3.322971736338376303e+01 1.256129255576408639e+02
3.108998456978021352e+01 1.218594495896331580e+02
2.908268710754270714e+01 1.182222042140695777e+02
2.720010260078883491e+01 1.146955424944223125e+02
2.543491919880580454e+01 1.112741700049608369e+02
2.378021697323890038e+01 1.079531233760595370e+02
2.222944989972747720e+01 1.047277503319301672e+02
2.077642842748663909e+01 1.015936910972426261e+02
1.941530076742670019e+01 9.854686651304771772e+01
1.814051191830629506e+01 9.558353771098531126e+01
1.694680219897972506e+01 9.270026179347699724e+01
1.582921563781233942e+01 8.989380980306384572e+01
1.478308419540145735e+01 8.716115274398590884e+01
1.380401213013764483e+01 8.449945018685960463e+01
1.288786113470818506e+01 8.190603954042003920e+01
1.203073621386454128e+01 7.937842601799087561e+01
1.122897388233806559e+01 7.691432024897868303e+01
1.047913144281728748e+01 7.451169941229115068e+01
9.777970432145114188e+00 7.216868013577897045e+01
9.122444579666669995e+00 6.988348925472610063e+01
8.509689156839092661e+00 6.765445748680252791e+01
7.937010860133081991e+00 6.548001340561913253e+01
7.401878204746451750e+00 6.335867769283684225e+01
6.901912222180131451e+00 6.128906352629398668e+01
6.434876107709346371e+00 5.926992850167007276e+01
5.998668337188754585e+00 5.730013616237953755e+01
5.591316226226012986e+00 5.537860834067711124e+01
5.210968450815207653e+00 5.350432075388020081e+01
4.855887953031059467e+00 5.167629942171561197e+01
4.524445233681294809e+00 4.989361723124130776e+01
4.215112012407590036e+00 4.815539079818358914e+01
3.926455169976161841e+00 4.646080239658154198e+01
3.657131042751192496e+00 4.480911967050272438e+01
3.405880233048993233e+00 4.319964029227440960e+01
3.171522577400909260e+00 4.163168263000310532e+01
2.952952378811958933e+00 4.010458382585868975e+01
2.749133909473843396e+00 3.861769796695539725e+01
2.559097169809238181e+00 3.717039434736856407e+01
2.381933866012980516e+00 3.576206392369154941e+01
2.216793482981322061e+00 3.439217375762995488e+01
2.062879887405054014e+00 3.306022151709807844e+01
1.919448085805793847e+00 3.176569883275357142e+01
