2.391888291542835213e+04 2.378413040807923608e+04
2.415525782591109601e+04 2.401526506344782683e+04
2.438053927242781356e+04 2.423518722266011173e+04
2.459391944210023576e+04 2.444309210345418251e+04
2.479457129317353247e+04 2.463815712614417134e+04
2.498161899263803571e+04 2.481951357948710574e+04
2.515418394607363371e+04 2.498629120708464325e+04
2.531139279810318112e+04 2.513762596200532062e+04
2.545234210648329463e+04 2.527262487529377177e+04
2.557611968008840631e+04 2.539038737330154618e+04
2.568183444523806247e+04 2.549003506322671819e+04
2.576859363342609868e+04 2.557068948751228163e+04
2.583548073533350180e+04 2.563145065504783997e+04
2.588161021941113722e+04 2.567145080549374688e+04
2.590613374810315145e+04 2.568986066894925170e+04
2.590820524217189450e+04 2.568585579077767397e+04
2.588701399605643383e+04 2.565864880031357825e+04
2.584181268929228463e+04 2.560751670387839476e+04
2.577190532307075773e+04 2.553179002827707518e+04
2.567664519528659002e+04 2.543085131499834824e+04
2.555546899421806665e+04 2.530416723360404285e+04
2.540790713920661437e+04 2.515129914355608344e+04
2.523359463722807413e+04 2.497191618997863770e+04
2.503227373712951157e+04 2.476579560913132082e+04
2.480379953519300761e+04 2.453282711012656728e+04
2.454819183375278590e+04 2.427306685663238386e+04
2.426564308110790080e+04 2.398674521679636018e+04
2.395646722570064594e+04 2.367421243712765136e+04
2.362114504678218873e+04 2.333598439815391976e+04
2.326045776807492803e+04 2.297287844035047237e+04
2.287533634053291462e+04 2.258585910524916471e+04
2.246682428394786984e+04 2.217599978099930377e+04
2.203630511526895134e+04 2.174471177975625324e+04
2.158543998818900582e+04 2.129368088612623251e+04
2.111593764141331849e+04 2.082463504730477143e+04
2.062971720076551719e+04 2.033950649941928714e+04
2.012921732707674528e+04 1.984073966763384306e+04
1.961690660816592208e+04 1.933080252783234391e+04
1.909521128541719736e+04 1.881211449798851390e+04
1.856696199522230017e+04 1.828748962624053820e+04
1.803514674277121230e+04 1.775989151457402477e+04
1.750254396994315539e+04 1.723206983951462098e+04
1.697214097300616413e+04 1.670696888199110617e+04
1.644756733925452863e+04 1.618815052642262526e+04
1.593217896437908712e+04 1.567890166540191422e+04
1.542890176913511095e+04 1.518208219935354646e+04
1.493999889131832242e+04 1.469989328367749476e+04
1.446728062259571925e+04 1.423408777224631558e+04
1.401230317741176805e+04 1.378616859623101664e+04
1.357740534503537856e+04 1.335838107466151996e+04
1.316623991707516507e+04 1.295422235760310105e+04
1.278211528041918973e+04 1.257685784693064306e+04
1.242708600930058128e+04 1.222823502119502155e+04
1.209983048234907437e+04 1.190700581992475054e+04
1.179840185801862208e+04 1.161121661719226540e+04
1.152091987761059499e+04 1.133898527418832782e+04
1.126522252089596805e+04 1.108816296913694896e+04
1.102922548513660149e+04 1.085668106763065953e+04
1.081042327190335891e+04 1.064207473167994067e+04
1.060529057452527195e+04 1.044090971053173780e+04
1.041032328080721709e+04 1.024977797795874176e+04
1.022116595092456737e+04 1.006448191689000123e+04
1.003305398111705108e+04 9.880447210576454381e+03
9.840863536286584349e+03 9.692778177169539049e+03
9.638644397984182433e+03 9.495825111799085789e+03
9.420799621465486780e+03 9.284287209830743450e+03
9.182143917108283858e+03 9.053304055282053014e+03
8.918461184514046181e+03 8.798938825775883743e+03
8.627542321624714532e+03 8.519203159660175515e+03
8.308854307294366663e+03 8.213687250522540126e+03
7.964840565065586816e+03 7.884822930855331833e+03
7.599648881722498118e+03 7.536627783648410514e+03
7.219587148447219988e+03 7.175152073721856141e+03
6.831913843618246574e+03 6.807306274054961250e+03
6.444747124334788168e+03 6.440785710926858883e+03
6.066991976508398693e+03 6.083954729914963536e+03
5.707231963355656262e+03 5.744864215773954129e+03
5.373898243519868629e+03 5.431319396616597260e+03
5.074462727904747226e+03 5.150222156267999708e+03
4.814039005235257719e+03 4.906175753387808072e+03
4.595462648313227874e+03 4.701660481700709170e+03
4.417422410720476364e+03 4.535257379462437711e+03
4.275847091905495290e+03 4.403006021044414410e+03
4.163184670606394320e+03 4.297743699619508334e+03
4.069762184243477350e+03 4.210400931357408808e+03
3.984486971505985366e+03 4.130640522720636000e+03
3.895618668068724674e+03 4.047589392355730979e+03
3.792419079626879920e+03 3.951345189175722680e+03
3.666527180561602563e+03 3.834234618646642957e+03
3.513681826977414858e+03 3.692406778945032329e+03
3.334581958035777006e+03 3.526617688018394347e+03
3.134784277378904790e+03 3.342103066486841271e+03
2.924172985185306061e+03 3.148053856007005379e+03
2.715838043325412400e+03 2.956534652108778118e+03
2.523820110188145009e+03 2.780347881551409500e+03
2.359399465979739944e+03 2.629636511612161030e+03
2.228059813338443746e+03 2.509188554428470525e+03
2.128897919490934783e+03 2.417984748037079044e+03
2.056006391367665401e+03 2.350525287571411354e+03
1.999757567714426841e+03 2.298028444958704313e+03
1.947462503867586520e+03 2.249024470355877838e+03
1.885784206202843279e+03 2.191516805507243589e+03
1.805723516240271010e+03 2.117466187602883565e+03
1.706230056252245731e+03 2.026034973077877567e+03
1.593451294380814716e+03 1.922870572798078456e+03
1.478008169760387545e+03 1.817568235923383554e+03
1.372057578584991916e+03 1.720943201056842781e+03
1.284873003675784275e+03 1.641082887597753597e+03
1.219120305692863212e+03 1.580152722355073593e+03
1.170723053232523171e+03 1.534416606691235074e+03
1.130349797457752629e+03 1.495623812541381085e+03
1.086987215591070253e+03 1.454146741229302506e+03
1.033635666107349607e+03 1.403941360238879724e+03
9.704531797760228073e+02 1.345255301714515554e+03
9.033984702305668861e+02 1.283354394061003404e+03
8.412405018296976777e+02 1.225807917575995816e+03
7.904158815845050867e+02 1.178030049281170477e+03
7.511265053495694701e+02 1.140053964767129855e+03
7.182916379848093129e+02 1.107488941827160033e+03
6.849511665435558143e+02 1.074458377074140344e+03
6.468340944875046716e+02 1.037436944748392989e+03
6.053424568028841577e+02 9.976774380488814131e+02
5.653902166120230959e+02 9.592875212054618714e+02
5.311376515395560318e+02 9.256391790810738485e+02
5.029437519828558720e+02 8.969374750840979686e+02
4.774391179672151111e+02 8.704024039708893952e+02
4.510448624144953556e+02 8.431693191708619679e+02
4.232324722065985725e+02 8.148638381092184773e+02
3.962957465250663631e+02 7.873238536684474411e+02
3.725125369268146756e+02 7.623026884936884926e+02
3.516883174077366334e+02 7.395996490885203229e+02
3.318943818033590674e+02 7.177159620470565642e+02
3.118964627544584118e+02 6.957316313259701701e+02
2.924253870535580404e+02 6.742106390991907574e+02
2.746541272129125559e+02 6.540080260064739832e+02
2.585631287373353189e+02 6.350819175408961428e+02
2.432088485290763913e+02 6.167415642980774919e+02
2.282305340048971800e+02 5.987365597860048183e+02
2.141084213120730340e+02 5.814018069911265911e+02
2.011163076046292701e+02 5.649113808060855035e+02
1.889111584825375871e+02 5.490217354455726309e+02
1.772194754445401088e+02 5.335492199690515918e+02
1.661948994034007399e+02 5.185907359873256155e+02
1.559277077467338586e+02 5.041942945752225000e+02
1.462840785587756045e+02 4.902712097910405191e+02
1.371795823569391075e+02 4.767637858722650890e+02
1.285930356629732216e+02 4.636521937424188877e+02
1.205058838100928966e+02 4.509197557200834012e+02
1.128987572845174867e+02 4.385506777760588193e+02
1.057517212107691620e+02 4.265300001016033775e+02
9.904290787706497667e+01 4.148423786196033234e+02
9.274637920848691408e+01 4.034700282689291839e+02
8.683694047829986573e+01 3.923957731048125765e+02
8.129097956989362217e+01 3.816036234533542597e+02
7.608636197743820162e+01 3.710787076758037415e+02
7.120233323063611408e+01 3.608072089114757546e+02
6.661942818717265880e+01 3.507763063267915982e+02
6.231942593441340250e+01 3.409741998446502862e+02
5.828567503818077000e+01 3.313909233573224924e+02
5.450273683297724858e+01 3.220178609304476254e+02
5.095598222236323238e+01 3.128470247692644648e+02
4.763155102382479100e+01 3.038710099660808623e+02
4.451631864640381764e+01 2.950829636129179221e+02
4.159786361734391846e+01 2.864765554245484509e+02
3.886443580020786470e+01 2.780459503905408951e+02
3.630488458537500662e+01 2.697859304195865207e+02
3.390859345743584186e+01 2.616920310055374443e+02
3.166554928156910975e+01 2.537601924057618135e+02
2.956632355491482045e+01 2.459866891190401361e+02
2.760204039468660397e+01 2.383681099714087566e+02
2.576434612977567085e+01 2.309013388336059904e+02
2.404538042584238156e+01 2.235835359203873907e+02
2.243775023623671316e+01 2.164121685445002186e+02
2.093451367065261692e+01 2.093853709153637510e+02
1.952914646729064785e+01 2.025016619450877897e+02
1.821551184794499179e+01 1.957596795857792813e+02
1.698783902092520037e+01 1.891581668588143827e+02
1.584070281779090905e+01 1.826959605562902311e+02
1.476900435185418026e+01 1.763719802591328971e+02
1.376795262555857313e+01 1.701852208861793372e+02
1.283304453790742095e+01 1.641350276398459300e+02
1.196004729795714994e+01 1.582212567791088986e+02
1.114498776943176139e+01 1.524437442704025329e+02
1.038413785835827419e+01 1.468022451229815886e+02
9.674000160389701009e+00 1.412964314679933295e+02
9.011294391921804703e+00 1.359258909345345501e+02
8.392944566373179427e+00 1.306901253248554156e+02
7.816066840412144501e+00 1.255886334654693712e+02
7.277957873441342151e+00 1.206213713184578751e+02
6.776084238786356018e+00 1.157883317246428305e+02
6.308072336243521150e+00 1.110892885656663651e+02
5.871698753812127691e+00 1.065238055761664668e+02
5.464881176563205933e+00 1.020912462311648738e+02
5.085669814477261852e+00 9.779078375247040356e+01
4.732239317203668527e+00 9.362141531061716648e+01
4.402880948534070527e+00 8.958216020471806473e+01
4.095995400418969368e+00 8.567210782572666972e+01
3.810086374588221414e+00 8.189013906406172794e+01
3.543754224066451908e+00 7.823492002889058483e+01
3.295689943528504973e+00 7.470491876724217661e+01
