2.023595445051453498e+04 2.002716881965791617e+04
2.055375988313378184e+04 2.033599251850260771e+04
2.086821884700893861e+04 2.064122113770286524e+04
2.117875623323849504e+04 2.094228329096769085e+04
2.148477962134440168e+04 2.123859142044425971e+04
2.178565897452893842e+04 2.152952468210242296e+04
2.208073123208097968e+04 2.181443311069541232e+04
2.236931840341216957e+04 2.209265330419186284e+04
2.265071877758701521e+04 2.236350015471034567e+04
2.292418996112828609e+04 2.262625090442325745e+04
2.318897378307995677e+04 2.288016887798460084e+04
2.344430034737441747e+04 2.312450753517792691e+04
2.368936318845976348e+04 2.335848805534018538e+04
2.392333231605425681e+04 2.358131145639778697e+04
2.414537442372065561e+04 2.379217721711914055e+04
2.435464142664370956e+04 2.399027322422498037e+04
2.455025808749025236e+04 2.417476492639640492e+04
2.473135149331905632e+04 2.434482210954029506e+04
2.489705503757807310e+04 2.449962281235399496e+04
2.504648837700582590e+04 2.463833613899907505e+04
2.517877612174710521e+04 2.476013899651763859e+04
2.529306511497000247e+04 2.486423158653235078e+04
2.538852241064825648e+04 2.494983699393911229e+04
2.546433641905796685e+04 2.501620309552107938e+04
2.551973220606808172e+04 2.506261480681877583e+04
2.555398072237638553e+04 2.508840312554749471e+04
2.556641768924724965e+04 2.509296574896666425e+04
2.555643829361499229e+04 2.507575958783439637e+04
2.552349789996881736e+04 2.503630009387675818e+04
2.546715763128804610e+04 2.497420712999462194e+04
2.538709614267313373e+04 2.488921631503346725e+04
2.528306632265117150e+04 2.478113425050224032e+04
2.515492998308015740e+04 2.464987251860690230e+04
2.500276821047268822e+04 2.449555707765312764e+04
2.482677434877529231e+04 2.431842109865093880e+04
2.462722565885788208e+04 2.411877630175725062e+04
2.440465432895802587e+04 2.389718255976009823e+04
2.415982260502815916e+04 2.365442275028309086e+04
2.389355509133692249e+04 2.339133580611585785e+04
2.360683976576429268e+04 2.310891772944703553e+04
2.330105029339909015e+04 2.280854395444949114e+04
2.297764288643994223e+04 2.249166606719381161e+04
2.263810827982710543e+04 2.215976437612121299e+04
2.228432372033771026e+04 2.181470522992565748e+04
2.191839996920080011e+04 2.145858650868888435e+04
2.154238683498539467e+04 2.109343981977960357e+04
2.115841513892815055e+04 2.072138122542066776e+04
2.076888399594787188e+04 2.034480962714587076e+04
2.037611417591913414e+04 1.996604351598263383e+04
1.998231129655916448e+04 1.958728567856971858e+04
1.958975051035552315e+04 1.921083623964243816e+04
1.920065997158573373e+04 1.883896091605750917e+04
1.881710497601203315e+04 1.847375954121864197e+04
1.844125888785686038e+04 1.811747060994081039e+04
1.807559304881952266e+04 1.777268633742964812e+04
1.772242283071161000e+04 1.744184677708180243e+04
1.738348105676783234e+04 1.712681790253725922e+04
1.705873396902945751e+04 1.682773044011027378e+04
1.674771583834324701e+04 1.654428537785772278e+04
1.644975469341268763e+04 1.627597000044462038e+04
1.616323198671405589e+04 1.602130970383739441e+04
1.588636432115411117e+04 1.577865036699127813e+04
1.561710700724005801e+04 1.554603907872863965e+04
1.535272447842552356e+04 1.532076079295492491e+04
1.509050037732115561e+04 1.510007954507831528e+04
1.482727880135178020e+04 1.488069278286621739e+04
1.455969658289490508e+04 1.465898542916845145e+04
1.428425419800437885e+04 1.443107583709516439e+04
1.399701053006270195e+04 1.419242514503424536e+04
1.369426750755721332e+04 1.393862495613013016e+04
1.337252635902850670e+04 1.366524811908990523e+04
1.302893979701970056e+04 1.336845426534190847e+04
1.266218271530654783e+04 1.304592333862183295e+04
1.227215595280014168e+04 1.269665124246628875e+04
1.186120983005761263e+04 1.232240214368277339e+04
1.143312033301367774e+04 1.192665304978384484e+04
1.099378676123330479e+04 1.151549954161746064e+04
1.054991092342531374e+04 1.109617687051234861e+04
1.010894555049239534e+04 1.067704822341073850e+04
9.678458036542517220e+03 1.026688097135266071e+04
9.265607006125499538e+03 9.874196230708043004e+03
8.876945403526124210e+03 9.507053298329277823e+03
8.518189630175651473e+03 9.172749975849808834e+03
8.193235861090419348e+03 8.876646547818154431e+03
7.904175517846284492e+03 8.622119894586632654e+03
7.649539709766429951e+03 8.408353261489701254e+03
7.425130176181855859e+03 8.231144719556928976e+03
7.223253870587202073e+03 8.081724197192525935e+03
7.034242042355240301e+03 7.948315174505402865e+03
6.847533287553325863e+03 7.817323698870265616e+03
6.653026736070142761e+03 7.674921595071435149e+03
6.442580688638555330e+03 7.509156661132109548e+03
6.211017128065650468e+03 7.311578272692247083e+03
5.957247280286939713e+03 7.079196668753922495e+03
5.684788206833147342e+03 6.815671477589573442e+03
5.401109412776022509e+03 6.530698637365852846e+03
5.116431897931511230e+03 6.238425821461913984e+03
4.842153818591674280e+03 5.955157613459993627e+03
4.589237844783030596e+03 5.696936545808804112e+03
4.366192154342403228e+03 5.476594119113512534e+03
4.176565450949559818e+03 5.300124594014189825e+03
4.017282858626666439e+03 5.164109124007403807e+03
3.879402516407847543e+03 5.056382754417568322e+03
3.751139750371952687e+03 4.959947397954549160e+03
3.620933734745985021e+03 4.857236747771401497e+03
3.479374517874784942e+03 4.733144094012163805e+03
3.321474397997848428e+03 4.579025422888203138e+03
3.149447544788404230e+03 4.397716341141168414e+03
2.972535267939160349e+03 4.203650531541435157e+03
2.802557464250066005e+03 4.015702591529393885e+03
2.649214745071097241e+03 3.849478646555505748e+03
2.517710535603673179e+03 3.713506617825263220e+03
2.407089887657329200e+03 3.606668836114984060e+03
2.310025295424235992e+03 3.517711727940468336e+03
2.216181849416607747e+03 3.430266756543379415e+03
2.116912276700981693e+03 3.330293335130430478e+03
2.008910061173273789e+03 3.212337776257610130e+03
1.896105308499460989e+03 3.082950457197503056e+03
1.786861799628278277e+03 2.955984675841319131e+03
1.688213147718763366e+03 2.842945374171275944e+03
1.602927595277807995e+03 2.748281791966663150e+03
1.528111433707919787e+03 2.667366731008735314e+03
1.456915156972122759e+03 2.589335618002094634e+03
1.383803260548185563e+03 2.505523025365406284e+03
1.307900992802520022e+03 2.414829682546403092e+03
1.232888311388336433e+03 2.323379043263106723e+03
1.163741470610935039e+03 2.239059981182546380e+03
1.102255249399797094e+03 2.164555396870509867e+03
1.046190118460978738e+03 2.096375553533793664e+03
9.917863712640178164e+02 2.028942867844043121e+03
9.370944074312405974e+02 1.959605919160492476e+03
8.834965481942261931e+02 1.890647061682441290e+03
8.335476706830029343e+02 1.825821139575090228e+03
7.879775690136290223e+02 1.766085608375022048e+03
7.452931687842094561e+02 1.709351686878468627e+03
7.037673772895744833e+02 1.653403141049250507e+03
6.633969295592108892e+02 1.598398213593027322e+03
6.253230722475232142e+02 1.545861871607161447e+03
5.900037480471413573e+02 1.496325816641118081e+03
5.566784963356594744e+02 1.448864358739261661e+03
5.246491944822917048e+02 1.402727918153946575e+03
4.941042862639828854e+02 1.358182039549893716e+03
4.654485214841685092e+02 1.315651625545336401e+03
4.384972353276536410e+02 1.274920386985920686e+03
4.128583141590454488e+02 1.235607513815312814e+03
3.885186419286852697e+02 1.197705782216295802e+03
3.656073446171930641e+02 1.161305187351199265e+03
3.439912581522409027e+02 1.126263320705590559e+03
3.235543484283697353e+02 1.092468411999598629e+03
3.042454947351420174e+02 1.059853293742815367e+03
2.860113114266578123e+02 1.028338836734664483e+03
2.688000019884285621e+02 9.978511524377552178e+02
2.525615284570326082e+02 9.683218961366693520e+02
2.372476200439720060e+02 9.396878856779586613e+02
2.228116778497202972e+02 9.118899418570994158e+02
2.092077495923803099e+02 8.848635150940564245e+02
1.963911978752911409e+02 8.585429153484053586e+02
1.843195363101268924e+02 8.328682612669573473e+02
1.729523568907485185e+02 8.077852626327182861e+02
1.622512428133198057e+02 7.832448976687005597e+02
1.521796839848709055e+02 7.592031216602700852e+02
1.427029952041473564e+02 7.356206023149037492e+02
1.337882672879782717e+02 7.124637496047238301e+02
1.254043840237728915e+02 6.897087549705188394e+02
1.175218205169401386e+02 6.673365463602947329e+02
1.101125332032474091e+02 6.453308242092770115e+02
1.031498976096636540e+02 6.236779145609411898e+02
9.660864782889615299e+01 6.023666260513997486e+02
9.046481772864144943e+01 5.813881093988687780e+02
8.469568373040068821e+01 5.607357770306144857e+02
7.927969081171228538e+01 5.404113613348424678e+02
7.419638920173204610e+01 5.204290127615412302e+02
6.942642061846805746e+01 5.008032712248866574e+02
6.495147068626276621e+01 4.815476276653136551e+02
6.075421878726412928e+01 4.626745122936977737e+02
5.681828987186217716e+01 4.441952866339191814e+02
5.312820818490095576e+01 4.261202393328943003e+02
4.966935249779334072e+01 4.084588627062198043e+02
4.642790814496659380e+01 3.912240788690776867e+02
4.339082899109941138e+01 3.744305781539600275e+02
4.054580376335223235e+01 3.580906971087993611e+02
3.788121840972147680e+01 3.422144047056491445e+02
3.538611996348773658e+01 3.268094233966884872e+02
3.305018203312650371e+01 3.118813543454981527e+02
3.086367186273088947e+01 2.974338055663621958e+02
2.881741817379509030e+01 2.834686035520199425e+02
2.690277811799361629e+01 2.699862824082342740e+02
2.511161241831224444e+01 2.569858290971590691e+02
2.343625969402337716e+01 2.444646338212258172e+02
2.186951033793348387e+01 2.324186287806206508e+02
2.040458167566759329e+01 2.208424240775351564e+02
1.903509435673489847e+01 2.097294397889218658e+02
1.775504992226738921e+01 1.990720330520657626e+02
1.655880853173150413e+01 1.888614828454441010e+02
1.544106784471237681e+01 1.790879658644869892e+02
1.439684623895754179e+01 1.697409959736583005e+02
1.342146485143952894e+01 1.608095704215340618e+02
1.251053020431284679e+01 1.522822586886908311e+02
1.165991775094095395e+01 1.441472857418229410e+02
1.086575629893621908e+01 1.363926096769404808e+02
