1.542986992638845186e+04 1.534123025765203602e+04
1.563657208134688335e+04 1.554413850097985232e+04
1.583840897917984512e+04 1.574206590783457068e+04
1.603485394037599326e+04 1.593448644333421544e+04
1.622536020643289885e+04 1.612085494656795527e+04
1.640937314226466697e+04 1.630061891959142486e+04
1.658631535017957867e+04 1.647320362010350073e+04
1.675557611493999502e+04 1.663800151944362733e+04
1.691653828134855939e+04 1.679439930167101920e+04
1.706857822349210983e+04 1.694177792450545894e+04
1.721104184036825973e+04 1.707948892420522316e+04
1.734326569937713793e+04 1.720687542622298861e+04
1.746459111781640240e+04 1.732328614665305577e+04
1.757434411571453529e+04 1.742805563994098338e+04
1.767183192332295221e+04 1.752050093398469835e+04
1.775637458381401302e+04 1.759995284145347614e+04
1.782730302266781291e+04 1.766575416883980142e+04
1.788393576743904123e+04 1.771723699263891467e+04
1.792560856614680961e+04 1.775375180301006549e+04
1.795168807657297293e+04 1.777468101598844441e+04
1.796155939411214422e+04 1.777942714709123538e+04
1.795463196096570755e+04 1.776741866274021595e+04
1.793036148318707274e+04 1.773813119380136413e+04
1.788825446858221039e+04 1.769109235814684507e+04
1.782787029534105750e+04 1.762588459859166323e+04
1.774882995834393296e+04 1.754215278757320993e+04
1.765082416305919833e+04 1.743961201365456873e+04
1.753364628538589750e+04 1.731808147806935449e+04
1.739718682498166527e+04 1.717747834887046338e+04
1.724141494109448467e+04 1.701779822485925979e+04
1.706642232551994312e+04 1.683915929460746338e+04
1.687247904250418287e+04 1.664185853020872310e+04
1.665994666594178489e+04 1.642628338582316428e+04
1.642928264471461807e+04 1.619291579980087408e+04
1.618119261348511282e+04 1.594248467619479561e+04
1.591653534620767277e+04 1.567587006635180660e+04
1.563622331801896144e+04 1.539400315506913648e+04
1.534138226381684035e+04 1.509802478074493229e+04
1.503345218700682744e+04 1.478938539783529268e+04
1.471389636952421461e+04 1.446955519165107944e+04
1.438422003113580831e+04 1.414004240464291615e+04
1.404626784910089918e+04 1.380268804481948973e+04
1.370195324689815061e+04 1.345939711688322495e+04
1.335310256547856079e+04 1.311198413785247612e+04
1.300184692163124964e+04 1.276255710714760608e+04
1.265068672179395253e+04 1.241358022777904262e+04
1.230193978508011423e+04 1.206733328973890275e+04
1.195767837651768968e+04 1.172585057917251288e+04
1.161964753660593306e+04 1.139084156874768632e+04
1.128936848776247280e+04 1.106379296909467303e+04
1.096822612831452898e+04 1.074605440720614570e+04
1.065835216288219999e+04 1.043969047407878315e+04
1.036250201982008366e+04 1.014736174896012199e+04
1.008313278138483474e+04 9.871436274978625079e+03
9.821715492776987958e+03 9.613318450302262136e+03
9.578055538850640005e+03 9.372785982756597150e+03
9.351764570604784240e+03 9.149429705367303541e+03
9.142224910878963783e+03 8.942620389175366654e+03
8.948301640471154315e+03 8.751229381898549036e+03
8.768862563860657247e+03 8.574133519316214006e+03
8.602279367385286605e+03 8.409737042143007784e+03
8.446341729997953735e+03 8.255889305677830635e+03
8.298822462836016712e+03 8.110428844272035349e+03
8.156829271884313130e+03 7.970570626478750455e+03
8.017329910363921954e+03 7.833402254386633103e+03
7.876816226433120391e+03 7.695569702108460660e+03
7.731307653000280879e+03 7.553279721599046752e+03
7.576835747563644873e+03 7.402762059424820109e+03
7.409280405030067413e+03 7.240121431852285241e+03
7.225094397246058179e+03 7.062014175957207954e+03
7.021680227620134247e+03 6.866020690539643510e+03
6.797601873071394948e+03 6.650825234580142933e+03
6.553242620337109656e+03 6.416855677950746212e+03
6.290456173051015867e+03 6.165927854195314467e+03
6.012825942410529933e+03 5.901499910472184638e+03
5.725080173060054221e+03 5.628100665359921550e+03
5.432794691040916405e+03 5.351047866773675196e+03
5.142434060403441435e+03 5.076469553296135928e+03
4.860266451396353659e+03 4.810293872686791474e+03
4.593001688567491328e+03 4.558807660095281790e+03
4.346653819067750192e+03 4.327638922790793913e+03
4.126410032447125559e+03 4.121566241259829440e+03
3.935802994644905993e+03 3.943822111012059395e+03
3.776014486113752810e+03 3.795390502163987094e+03
3.645679439177433323e+03 3.674893839871648197e+03
3.540936501967583808e+03 3.578620442605466451e+03
3.455504984121575035e+03 3.500636198211759165e+03
3.381702761397499216e+03 3.433714526379163544e+03
3.310754738059148167e+03 3.369628352219560838e+03
3.233855171645783685e+03 3.300125682552566104e+03
3.143266466600494823e+03 3.217947586698357100e+03
3.033500842332979119e+03 3.117936195699087421e+03
2.902571377434507212e+03 2.998228513663126705e+03
2.752378561026888292e+03 2.860627257021314108e+03
2.588529725446483098e+03 2.710424656820568543e+03
2.419699578014658528e+03 2.555776235684468247e+03
2.256466831270021430e+03 2.406565903136588986e+03
2.109270362017643492e+03 2.272454122707928036e+03
1.985660137796103072e+03 2.160331995829705193e+03
1.888349536164862911e+03 2.072580727563638902e+03
1.815141065354930788e+03 2.007070160148089599e+03
1.760084035580881391e+03 1.958261111672062043e+03
1.714450499793513927e+03 1.918093357341761475e+03
1.667684063890498010e+03 1.876819956715514763e+03
1.609996759198264499e+03 1.825380281060125071e+03
1.536270721634877191e+03 1.759034145174327477e+03
1.447996599895575628e+03 1.679199661314086825e+03
1.351924728540556089e+03 1.592187233001693130e+03
1.257552520837189832e+03 1.506789131188934107e+03
1.174318566285016232e+03 1.431620200206687059e+03
1.108081124329006570e+03 1.371912587632275063e+03
1.058835035157636639e+03 1.327543211396997322e+03
1.021259291435207615e+03 1.293622697409687362e+03
9.865116573985494597e+02 1.262123294538812161e+03
9.461623618416826957e+02 1.225414682488202516e+03
8.965089898320154589e+02 1.180180553168903771e+03
8.399698717171386306e+02 1.128684276266437337e+03
7.830470277944185682e+02 1.076846159419316791e+03
7.329984534338182129e+02 1.031143414382187302e+03
6.934667543361676962e+02 9.947219775129285608e+02
6.625113049426556699e+02 9.657715124031767573e+02
6.345584892991076913e+02 9.393383416001686328e+02
6.039701011675936115e+02 9.104779805252732103e+02
5.689114936693252957e+02 8.776403422144709339e+02
5.323654522531741122e+02 8.434928188538711993e+02
4.989755958860980058e+02 8.120654185438091872e+02
4.713081369955118589e+02 7.855027012255876571e+02
4.480635602087749589e+02 7.626290925310535158e+02
4.255909894130203952e+02 7.403306752789064831e+02
4.015138366066547633e+02 7.166371017894524584e+02
3.766852694628289555e+02 6.923079805150849779e+02
3.536654252822665967e+02 6.694722749185643806e+02
3.337923715876166852e+02 6.491878522907539946e+02
3.159286440885717298e+02 6.304933571762649080e+02
2.981926103279565154e+02 6.118769823454847483e+02
2.802260138406977035e+02 5.930794083065904942e+02
2.632172266131416904e+02 5.750442526529670886e+02
2.479639670737547306e+02 5.583692023798688524e+02
2.338896877497543016e+02 5.425914927815674673e+02
2.201290680182825952e+02 5.270598039918013455e+02
2.067748011214979158e+02 5.118529057738408028e+02
1.943937919562733896e+02 4.973801067373491378e+02
1.829678895393440712e+02 4.836137748160714978e+02
1.720551962422401857e+02 4.702370163715813760e+02
1.615942260231194041e+02 4.572091948772663841e+02
1.518223562547736378e+02 4.446855770291878116e+02
1.426817406028630160e+02 4.326234145062748553e+02
1.340362541646418038e+02 4.209279045983551555e+02
1.258638734313041709e+02 4.095786797011414251e+02
1.181499202790591312e+02 3.985618717987487685e+02
1.108786436820961683e+02 3.878642911926706915e+02
1.040334686351671110e+02 3.774733842391548251e+02
9.759530070726738415e+01 3.673754421873783258e+02
9.154089476170793205e+01 3.575534993729093571e+02
8.584770651594210733e+01 3.479911848990993803e+02
8.049453898787427875e+01 3.386732743830669392e+02
7.546145809786875702e+01 3.295856233297524795e+02
7.072971389073201465e+01 3.207151057247392032e+02
6.628166698100218923e+01 3.120495573354249359e+02
6.210078295648055757e+01 3.035778245837801137e+02
5.817193892149821721e+01 2.952903535361575678e+02
5.448099560030069455e+01 2.871786481168945784e+02
5.101451868721351701e+01 2.792348619599592325e+02
4.775974989190601150e+01 2.714517632074404219e+02
4.470457971503780925e+01 2.638227031063964887e+02
4.183752075860191866e+01 2.563415862821138376e+02
3.914768003911990490e+01 2.490028468515633335e+02
3.662467795113459346e+01 2.418015815613011625e+02
3.425862567587677177e+01 2.347335483140167867e+02
3.204018240252425187e+01 2.277949228860392168e+02
2.996053241871875272e+01 2.209822619206326522e+02
2.801135778420557187e+01 2.142924818757348646e+02
2.618481227401107247e+01 2.077228385820018559e+02
2.447349654264136731e+01 2.012709073380475786e+02
2.287043779124370957e+01 1.949347090240655405e+02
2.136907520067990873e+01 1.887130782530567501e+02
1.996322602427196813e+01 1.826051533353909520e+02
1.864706229273507176e+01 1.766102144721902789e+02
1.741509206826513179e+01 1.707276705662916072e+02
1.626214156873555794e+01 1.649570462558024246e+02
1.518333813053640036e+01 1.592979691734076653e+02
1.417409366451604846e+01 1.537502023644466078e+02
1.323008546892888937e+01 1.483141908464489234e+02
1.234724389686307688e+01 1.429907868004150941e+02
1.152174172764401128e+01 1.377807545957834350e+02
1.074998065648889423e+01 1.326847564519055709e+02
1.002857840067384210e+01 1.277033497770447639e+02
9.354356472959512558e+00 1.228369848548636583e+02
8.724328590975824582e+00 1.180860049739433890e+02
8.135689540184410262e+00 1.134509626508370701e+02
7.585804665821076043e+00 1.089328891668549204e+02
7.072200368319535357e+00 1.045326283976151842e+02
6.592554805832148368e+00 1.002507566951275919e+02
6.144689053813665147e+00 9.608759383746779292e+01
5.726558744352944430e+00 9.204321428594872145e+01
5.336246161808566590e+00 8.811745869025060074e+01
4.971952640860543227e+00 8.430999604458725116e+01
4.631990858291607616e+00 8.062059836502176324e+01
4.314778889695087827e+00 7.704890013832533668e+01
4.018834268306122226e+00 7.359426728295564146e+01
