3.553089418241872772e+04 3.529644945462381293e+04
3.583101715084933676e+04 3.558781359172379598e+04
3.611266975946383900e+04 3.586053159037200385e+04
3.637465427297425776e+04 3.611341708365499653e+04
3.661578231741525815e+04 3.634529450856710901e+04
3.683484609605065634e+04 3.655497046032170329e+04
3.703057758882122289e+04 3.674119315230476786e+04
3.720172262750281516e+04 3.690272629756824608e+04
3.734704980205421452e+04 3.703835817027588200e+04
3.746528755326721148e+04 3.714684012476880162e+04
3.755516901374325244e+04 3.722693075566423795e+04
3.761547952558928228e+04 3.727744262469188106e+04
3.764501573870034917e+04 3.729720258200981334e+04
3.764256143092319689e+04 3.728502843476181442e+04
3.760697251241167396e+04 3.723981197920943669e+04
3.753718150141315709e+04 3.716052374142611370e+04
3.743214239076235390e+04 3.704616063226622646e+04
3.729089129152095848e+04 3.689580421431994910e+04
3.711258501669633552e+04 3.670865785438346211e+04
3.689648043124823016e+04 3.648402893655095977e+04
3.664193892062462692e+04 3.622133361752171186e+04
3.634847321278130403e+04 3.592013954713727435e+04
3.601576369447040634e+04 3.558018306513605785e+04
3.564368117178350076e+04 3.520139621267380426e+04
3.523227925125813636e+04 3.478389360358867270e+04
3.478180097783431120e+04 3.432797710138261755e+04
3.429278043205085851e+04 3.383424208291434479e+04
3.376602641173923621e+04 3.330355929035996087e+04
3.320253128501957690e+04 3.273697796492519046e+04
3.260357455305860276e+04 3.213583095297202090e+04
3.197091209255544527e+04 3.150192728969885138e+04
3.130649031819677111e+04 3.083725941708407117e+04
3.061241793794980549e+04 3.014397349313197628e+04
2.989137762621801448e+04 2.942478406613622064e+04
2.914639271895854836e+04 2.868273806870562476e+04
2.838049253942657379e+04 2.792087723147308134e+04
2.759708135826614307e+04 2.714260528342428734e+04
2.680027569595955356e+04 2.635202325709858269e+04
2.599409044544978315e+04 2.555311937568093708e+04
2.518243419380539490e+04 2.474976429936824570e+04
2.436986425867765865e+04 2.394645733796274362e+04
2.356095871815664213e+04 2.314770690893221399e+04
2.275986721858505553e+04 2.235758813532136264e+04
2.197114191412460787e+04 2.158054869762354429e+04
2.120000818216615880e+04 2.082167243314529333e+04
2.045108455356426566e+04 2.008544285148268682e+04
1.972823548039599336e+04 1.937559908999817344e+04
1.903430571118308580e+04 1.869486418769802913e+04
1.837151407606301291e+04 1.804534666477571227e+04
1.774172203829971477e+04 1.742880853393493089e+04
1.714812630950979656e+04 1.684826368066171563e+04
1.659519670595775824e+04 1.630792331612101589e+04
1.608681145423391717e+04 1.581144166721087640e+04
1.562424821511614755e+04 1.535996199982512371e+04
1.520368955594015642e+04 1.494968378141138237e+04
1.482099855723706241e+04 1.457650480950581550e+04
1.447236180362086998e+04 1.423665034120879500e+04
1.415409122478564132e+04 1.392648626479398808e+04
1.386277615086256992e+04 1.364265408732549440e+04
1.359404294289249628e+04 1.338089383900490066e+04
1.334218886907784690e+04 1.313569471804409113e+04
1.310151254508680904e+04 1.290155743192436603e+04
1.286464739359417581e+04 1.267144510658251966e+04
1.262384772858629185e+04 1.243797554132844562e+04
1.237074207543463854e+04 1.219321339747808088e+04
1.209628215160005675e+04 1.192861988841768652e+04
1.179255536702852260e+04 1.163675139496574957e+04
1.145330989707863046e+04 1.131179496300378560e+04
1.107442974462008897e+04 1.094995064881364669e+04
1.065539217223774358e+04 1.055086836834143105e+04
1.019842418472239842e+04 1.011676492965562466e+04
9.709843252539876630e+03 9.653745967032782573e+03
9.197988146314684855e+03 9.169775025606068084e+03
8.673295861172769946e+03 8.674776551752273008e+03
8.147234201306464456e+03 8.179588950849968569e+03
7.631864023511388950e+03 7.695570547736371736e+03
7.140430096876079915e+03 7.235045824873035599e+03
6.684836276025703228e+03 6.809107211198640471e+03
6.276058856857965111e+03 6.427761972321633039e+03
5.922487235906674869e+03 6.098657027427266257e+03
5.627723102982133241e+03 5.824832724256149959e+03
5.391572013960410914e+03 5.605858395980077148e+03
5.208055244321332793e+03 5.435937093347713926e+03
5.067748259580353078e+03 5.306157801283462504e+03
4.957716728620792310e+03 5.204431045350066597e+03
4.862658932130481844e+03 5.116568824453206616e+03
4.766393563894868748e+03 5.027610935888895256e+03
4.653095843273863466e+03 4.922962358766617399e+03
4.510146065544838166e+03 4.791016543057625313e+03
4.329994335022293853e+03 4.624871172308136011e+03
4.111646218156175564e+03 4.423718382540345374e+03
3.861052877494267705e+03 4.193222927403540780e+03
3.590750135311732720e+03 3.945105562078992079e+03
3.318566807584523303e+03 3.695840222147165150e+03
3.064411572502245235e+03 3.463621066908954162e+03
2.845155014301359188e+03 3.263622559802117394e+03
2.669811471627785977e+03 3.103696318452777177e+03
2.538757961423412326e+03 2.983857889061218884e+03
2.445832294716375145e+03 2.898306568153827811e+03
2.379572744429890463e+03 2.836599504982943927e+03
2.323337102582840089e+03 2.783749352435921537e+03
2.258251436111142993e+03 2.722828964333474232e+03
2.170233574430531917e+03 2.641260461153393862e+03
2.055286384103173987e+03 2.535591664961429615e+03
1.919234447010229587e+03 2.411243351006778994e+03
1.774724019064949744e+03 2.279695084274126202e+03
1.638328011336821191e+03 2.155699072608807455e+03
1.524023643139349815e+03 2.051408852073932394e+03
1.437776185354171730e+03 1.971752109632521069e+03
1.376580573105082749e+03 1.913834479083973747e+03
1.329642574168543206e+03 1.868135593222768421e+03
1.282263281505852092e+03 1.821906774715429037e+03
1.223492326426607406e+03 1.765762623932808083e+03
1.150918706224058496e+03 1.697788423678056915e+03
1.070191285216385040e+03 1.623016633276629591e+03
9.924237298521364892e+02 1.550988973746706051e+03
9.274343921803580315e+02 1.489885839164109029e+03
8.776730626585662094e+02 1.441537566240212527e+03
8.383832922243833536e+02 1.401813171770892268e+03
8.008082145349584380e+02 1.363420990245089115e+03
7.579921510574059766e+02 1.320712054627562793e+03
7.097686426290167674e+02 1.273682411106917471e+03
6.614234841003490146e+02 1.226702100944733957e+03
6.188997879793222410e+02 1.184496815597052546e+03
5.842410938596118513e+02 1.148554949059897581e+03
5.542895187625484823e+02 1.116290662267305606e+03
5.242517953237286292e+02 1.083967556950390417e+03
4.922423306373859759e+02 1.050198760695624060e+03
4.602533173352861695e+02 1.016557700990990725e+03
4.314415024465890269e+02 9.853957997219529261e+02
4.065127205303539881e+02 9.571615981358849012e+02
3.835491796920994716e+02 9.304040644857736879e+02
3.605542324830357757e+02 9.036944737788219300e+02
3.377768576754434662e+02 8.772390691250749342e+02
3.166549878064193990e+02 8.520365069626424201e+02
2.976681061276543119e+02 8.283771148956875550e+02
2.798799905774378658e+02 8.056037353616032988e+02
2.625563355562077277e+02 7.832335652385227149e+02
2.460362274051701661e+02 7.614899948544641575e+02
2.308011560733759495e+02 7.406625296265542602e+02
2.166346804247430100e+02 7.205970685886295541e+02
2.031122388130575303e+02 7.010308852301914158e+02
1.903139507992744086e+02 6.820046111484555240e+02
1.783544449828015672e+02 6.635780216194353898e+02
1.671236075321666590e+02 6.456764768156429000e+02
1.565734625387481458e+02 6.282660184509419423e+02
1.466635845048117517e+02 6.113181041054018579e+02
1.373559619503583349e+02 5.948061815089818083e+02
1.286148484356702397e+02 5.787055726326886997e+02
1.204066232571080235e+02 5.629933667241797366e+02
1.126996611532008075e+02 5.476483214212175881e+02
1.054643843244668915e+02 5.326510612460865559e+02
9.867372794652901291e+01 5.179850545412567726e+02
9.230226436919116395e+01 5.036354105927154023e+02
8.632585325856939562e+01 4.895883574060743513e+02
8.072159054587363869e+01 4.758311834524827759e+02
7.546775824846129410e+01 4.623521827797185892e+02
7.054377519909006367e+01 4.491406030392038247e+02
6.593014437848340492e+01 4.361866140105674958e+02
6.160827837179560618e+01 4.234818021977282569e+02
5.756047285998558749e+01 4.110191484380515590e+02
5.377003510042341361e+01 3.987922973521310155e+02
5.022123934297766823e+01 3.867954810839566449e+02
4.689927433542997903e+01 3.750234857628568648e+02
4.379019343492484495e+01 3.634716189583719483e+02
4.088086721262126844e+01 3.521356780294395321e+02
3.815894414509902788e+01 3.410121160935504463e+02
3.561282671029179880e+01 3.300987225145873936e+02
3.323160548469105890e+01 3.193938167356423605e+02
3.100501259744676119e+01 3.088959145538495363e+02
2.892338673795486059e+01 2.986037084050631734e+02
2.697763986725346896e+01 2.885160481499160028e+02
2.515922556365424256e+01 2.786319222916696958e+02
2.346010877583304932e+01 2.689504613026806510e+02
2.187273261198792085e+01 2.594715682902348135e+02
2.038999197201600921e+01 2.501959051027975534e+02
1.900521409495976144e+01 2.411240392485319717e+02
1.771213405640604677e+01 2.322563892214061525e+02
1.650487120125471563e+01 2.235932206061372369e+02
1.537790683625857824e+01 2.151346427046383951e+02
1.432606312252060654e+01 2.068806056914497447e+02
1.334448278596886439e+01 1.988311130738769918e+02
1.242860917696501666e+01 1.909869788909396107e+02
1.157416987434664968e+01 1.833489547111444722e+02
1.077716027781908181e+01 1.759173992856807160e+02
1.003382759158973059e+01 1.686922945413649018e+02
9.340655707328155088e+00 1.616732620465969887e+02
8.694350940393309912e+00 1.548595797944230981e+02
8.091828559125215037e+00 1.482502117906612966e+02
7.530199637895536924e+00 1.418441960876312464e+02
7.006759178183378012e+00 1.356406473606644738e+02
6.518975462293654211e+00 1.296382885424036999e+02
6.064479423979340034e+00 1.238354513098708765e+02
5.641054604004897222e+00 1.182301053220396909e+02
5.246627695051994777e+00 1.128198869708802050e+02
4.879259643704425109e+00 1.076021275418074765e+02
4.537137172676374064e+00 1.025739125465343875e+02
4.218564561372067701e+00 9.773221849013401652e+01
3.921956716361072459e+00 9.307380603264145691e+01
3.645832356513732275e+00 8.859519713292145582e+01
