2.125677096670142419e+04 2.103736392274776153e+04
2.157150516945978598e+04 2.134293641139863030e+04
2.188205044947346323e+04 2.164408025914760947e+04
2.218781113983960677e+04 2.194020911114124829e+04
2.248817650766436418e+04 2.223072287404012604e+04
2.278251608787898658e+04 2.251500330321138244e+04
2.307016215845033730e+04 2.279239751477902610e+04
2.335042926496797372e+04 2.306223659628664973e+04
2.362262029661695851e+04 2.332384151463025773e+04
2.388600637511125024e+04 2.357650503848140579e+04
2.413983127099538251e+04 2.381949595754912298e+04
2.438333213364623953e+04 2.405207809987353539e+04
2.461573340861034376e+04 2.427350518855558403e+04
2.483623119672274333e+04 2.448300722918986503e+04
2.504401745510301043e+04 2.467981225922064914e+04
2.523828608245022406e+04 2.486315203636267324e+04
2.541821377383622166e+04 2.503224568609831476e+04
2.558297061369984658e+04 2.518630926965568869e+04
2.573173986483737463e+04 2.532457334272686421e+04
2.586371511220849425e+04 2.544628145187152040e+04
2.597809475997024128e+04 2.555068656101183296e+04
2.607410059141583406e+04 2.563706619965997015e+04
2.615098496765103846e+04 2.570472918310671957e+04
2.620803794159428435e+04 2.575302537330771520e+04
2.624459068769646183e+04 2.578134723360550561e+04
2.626001885293150553e+04 2.578913098162567258e+04
2.625376556049988721e+04 2.577588055466319202e+04
2.622536133901114226e+04 2.574118824179264993e+04
2.617439769871043245e+04 2.568470539123379058e+04
2.610053998111794499e+04 2.560615470562745759e+04
2.600360801997005910e+04 2.550541174640813915e+04
2.588352651089198844e+04 2.538245380065033169e+04
2.574028959717192993e+04 2.523732328292167222e+04
2.557405860533041414e+04 2.507022531583851378e+04
2.538520524285572901e+04 2.488157055629166643e+04
2.517417482198922153e+04 2.467183756616352184e+04
2.494152318470749378e+04 2.444160958979839415e+04
2.468813570691102359e+04 2.419179411538832937e+04
2.441503139721737170e+04 2.392342602499478016e+04
2.412326790677463214e+04 2.363757228025237782e+04
2.381413712408743231e+04 2.333553029091311691e+04
2.348918229485239499e+04 2.301884551425696918e+04
2.314994826583694885e+04 2.268905868864068179e+04
2.279809153382588920e+04 2.234781947169475097e+04
2.243578930658546960e+04 2.199730695807798838e+04
2.206528469344198675e+04 2.163976424126719940e+04
2.168871412841142228e+04 2.127732343707495238e+04
2.130793829256296522e+04 2.091185329947869832e+04
2.092456122504453015e+04 2.054497660330193685e+04
2.054009318489197540e+04 2.017821751704530107e+04
2.015628757160505484e+04 1.981335394953001014e+04
1.977586937543181557e+04 1.945318214504025309e+04
1.940158939584490872e+04 1.910053168563277723e+04
1.903593338908120495e+04 1.875796899430706981e+04
1.868034881926269009e+04 1.842706046235904796e+04
1.833553006747336622e+04 1.810864428712373774e+04
1.800208334785425905e+04 1.780346664835949923e+04
1.767983916783334280e+04 1.751149276757472398e+04
1.736744053061616796e+04 1.723148888076328876e+04
1.706349755622826706e+04 1.696217536033161741e+04
1.676629816636331452e+04 1.670191435227731199e+04
1.647354486940414426e+04 1.644842576536186607e+04
1.618300731567919502e+04 1.619946753521946266e+04
1.589224136793485741e+04 1.595249943582021660e+04
1.559864152394943449e+04 1.570473517894216275e+04
1.529965920948804160e+04 1.545338059197566145e+04
1.499235596172942678e+04 1.519507967218222075e+04
1.467388853685149843e+04 1.492648871066875836e+04
1.434136806404891831e+04 1.464405165516716079e+04
1.399199531916443811e+04 1.434416489562633797e+04
1.362377835945670085e+04 1.402399297123054203e+04
1.323572784258140018e+04 1.368168041610974615e+04
1.282821392369857494e+04 1.331686466918054793e+04
1.240368031335558226e+04 1.293152293867994922e+04
1.196592827671842679e+04 1.252927506501943753e+04
1.152062525457099036e+04 1.211603946794107833e+04
1.107406358791934690e+04 1.169865910415513827e+04
1.063304174183514442e+04 1.128479713486363471e+04
1.020404155644644197e+04 1.088197788644864522e+04
9.792987050327868928e+03 1.049728668633904090e+04
9.405080727097487397e+03 1.013718595124423882e+04
9.044548586439304927e+03 9.807153599581619346e+03
8.714181439466767188e+03 9.511155901217447536e+03
8.415206128730160344e+03 9.251405524761577908e+03
8.145800856489144280e+03 9.026474093151613488e+03
7.901771299892204297e+03 8.831922190798957672e+03
7.675785689249780262e+03 8.659137030534197038e+03
7.459045908414378573e+03 8.497158108765446741e+03
7.242233225858793958e+03 8.333765126641155803e+03
7.017166292845512544e+03 8.157555060872046852e+03
6.777893595144223582e+03 7.959584941064879786e+03
6.521405926008493225e+03 7.734570768194216726e+03
6.248451137065419971e+03 7.482371902726153166e+03
5.963380555414262744e+03 7.208094291952754247e+03
5.673474460653595997e+03 6.921355125491190847e+03
5.387723512602441588e+03 6.634643271639412887e+03
5.115203710235485232e+03 6.360959250828418590e+03
4.863921678508695550e+03 6.112110502054345488e+03
4.639606346706229488e+03 5.896925488581166974e+03
4.444048485207867088e+03 5.718787631252568644e+03
4.273535382922483223e+03 5.573165242811823191e+03
4.119337137458071993e+03 5.447903847200671407e+03
3.970934911475103036e+03 5.327592016759344006e+03
3.819474035215464937e+03 5.198619878842587241e+03
3.659144678844118062e+03 5.051538983305674265e+03
3.487804551176847326e+03 4.882429288997171170e+03
3.308468928100856829e+03 4.695612673762912891e+03
3.129360653151637962e+03 4.503937001913462154e+03
2.960053629212123724e+03 4.322645221591246809e+03
2.807014081710876781e+03 4.162204158771143739e+03
2.672304776320925157e+03 4.026200930787300877e+03
2.553625280192509308e+03 3.911354564318721714e+03
2.444554913401163503e+03 3.807738686983189382e+03
2.337288021855650186e+03 3.702965406203104976e+03
2.226514554315510850e+03 3.588459408850039836e+03
2.111305637690317326e+03 3.462745717039457759e+03
1.995535520474116311e+03 3.332269435048733158e+03
1.885676570274037658e+03 3.207704959167240759e+03
1.785771346610554701e+03 3.095699179374020787e+03
1.696296359846163341e+03 2.997088485567626321e+03
1.614331180636294448e+03 2.907270711372479127e+03
1.535051789979753266e+03 2.818649309678479312e+03
1.455376296300778449e+03 2.726495437135882185e+03
1.375812447111205756e+03 2.631863902535565103e+03
1.299150907561511758e+03 2.539373611450683711e+03
1.228216302240791947e+03 2.453525136961575299e+03
1.163330168992472181e+03 2.374812637311296385e+03
1.102433426112646885e+03 2.300120147287318559e+03
1.043386809585450237e+03 2.226345429081210568e+03
9.855547311283819454e+02 2.152742513127088841e+03
9.300607377734796728e+02 2.081132214639989797e+03
8.781825152774471235e+02 2.013420887250709939e+03
8.298445663651591531e+02 1.949504177978892585e+03
7.839873446091445430e+02 1.887954677576160520e+03
7.398436934166678611e+02 1.827838734186523880e+03
6.976251893158297435e+02 1.769543380854206589e+03
6.578283083500821249e+02 1.713755903835643494e+03
6.204536097719183090e+02 1.660483852553706129e+03
5.849959499553759770e+02 1.609139928868398783e+03
5.511999485806175016e+02 1.559473446854896338e+03
5.191746214091273259e+02 1.511640265700377540e+03
4.889939377575100252e+02 1.465723245408388948e+03
4.604693584863686624e+02 1.421523495712503745e+03
4.334226163219559567e+02 1.378868655150103223e+03
4.078414322182874798e+02 1.337744629713045242e+03
3.837068104406941984e+02 1.298117685549782891e+03
3.609091614470003151e+02 1.259873799774234840e+03
3.393626156095654665e+02 1.222921557487711880e+03
3.190196087130626665e+02 1.187202726655546030e+03
2.998252184446898809e+02 1.152647444418905025e+03
2.817195098218941780e+02 1.119174059737687912e+03
2.646450646160946576e+02 1.086706402540740100e+03
2.485472197552702482e+02 1.055174219194653460e+03
2.333739517252421649e+02 1.024512784475434273e+03
2.190757648988742687e+02 9.946625484147300540e+02
2.056057312096901626e+02 9.655663957912615842e+02
1.929196434188608293e+02 9.371645708177366032e+02
1.809754512750438096e+02 9.094013250394715442e+02
1.697330825181618081e+02 8.822262271444783437e+02
1.591543709124893269e+02 8.555938748297774055e+02
1.492029852728922492e+02 8.294636318764142970e+02
1.398443596152135342e+02 8.037993865726857621e+02
1.310456231346151128e+02 7.785694406625426609e+02
1.227754779619070007e+02 7.537508537674647187e+02
1.150041323058334228e+02 7.293301002507870407e+02
1.077033194648196712e+02 7.052963757473728492e+02
1.008462363421122774e+02 6.816409878181199247e+02
9.440747791081730611e+01 6.583572302041371813e+02
8.836297386187145264e+01 6.354402579024206261e+02
8.268992741921903189e+01 6.128869625376055410e+02
7.736675548195239571e+01 5.906969185313234902e+02
7.237302457735714256e+01 5.688820088568514848e+02
6.768940166424270899e+01 5.474600526579491770e+02
6.329760675323822028e+01 5.264474814081149816e+02
5.918036173247910625e+01 5.058592453150205870e+02
5.532134115818953290e+01 4.857088238909649363e+02
5.170512504037949952e+01 4.660082414398498827e+02
4.831715357423230728e+01 4.467680872174827300e+02
4.514368135136815852e+01 4.279988069220952411e+02
4.217172982292385797e+01 4.097141168749587337e+02
3.938905678332221783e+01 3.919265047677517941e+02
3.678412058099036841e+01 3.746459649893191681e+02
3.434604329660714228e+01 3.578801288509397978e+02
3.206457561457565220e+01 3.416343987533485347e+02
2.993006332766960043e+01 3.259120850003722580e+02
2.793341538439671368e+01 3.107145462868074901e+02
2.606607138194258155e+01 2.960414819785726763e+02
2.431997200287628758e+01 2.818911319194372709e+02
2.268753530243743555e+01 2.682601418402368836e+02
2.116163065398142606e+01 2.551436777943362699e+02
1.973555362978961014e+01 2.425355644489198141e+02
1.840300214938509882e+01 2.304284193707236454e+02
1.715805384101198428e+01 2.188137827195808143e+02
1.599514443077472414e+01 2.076822223256006339e+02
1.490904578873900199e+01 1.970232137392019354e+02
1.389484763208097462e+01 1.868253852838379601e+02
1.294794066117024300e+01 1.770768382088050146e+02
1.206399913411372360e+01 1.677652424219250804e+02
1.123896434397569877e+01 1.588779214317526112e+02
1.046902898924606617e+01 1.504019316107709585e+02
