3.733616554998166248e+04 3.705275831418735470e+04
3.764786016762031795e+04 3.735433117300221784e+04
3.794088638872332376e+04 3.763708678568056348e+04
3.821408341659439611e+04 3.789987737262451265e+04
3.846628366633936821e+04 3.814155077274030918e+04
3.869625728942644491e+04 3.836089880435206578e+04
3.890277163515434222e+04 3.855671340904427052e+04
3.908461585351473332e+04 3.872780995761089434e+04
3.924055926872513373e+04 3.887298635877743800e+04
3.936936104895438621e+04 3.899103268062785355e+04
3.946982155662734294e+04 3.908078174521435722e+04
3.954076651832764037e+04 3.914109412719694956e+04
3.958100451644820714e+04 3.917081747772818926e+04
3.958939590449864045e+04 3.916885305710681860e+04
3.956487122190011723e+04 3.913417368019688001e+04
3.950639554255324038e+04 3.906579033106269344e+04
3.941299452058930910e+04 3.896277707685476344e+04
3.928379451392762712e+04 3.882430922543718771e+04
3.911802455314026156e+04 3.864966662858518248e+04
3.891501725102553610e+04 3.843823599523500889e+04
3.867423109937283152e+04 3.818952975381299620e+04
3.839526665119377139e+04 3.790320191502875969e+04
3.807791389871371211e+04 3.757909829610257293e+04
3.772213166638984694e+04 3.721723317616044369e+04
3.732803341003487731e+04 3.681777287428583077e+04
3.689598729074051516e+04 3.638113758086953749e+04
3.642665557845775766e+04 3.590804097491400898e+04
3.592085985280500608e+04 3.539935161369210255e+04
3.537963587527113123e+04 3.485614771515667235e+04
3.480448862467923755e+04 3.427997408754921344e+04
3.419713674900851038e+04 3.367258343750719359e+04
3.355941357152658748e+04 3.303583602611503738e+04
3.289362385338977765e+04 3.237205725394228648e+04
3.220249966540449532e+04 3.168399280361110141e+04
3.148878804043229684e+04 3.097439484697343141e+04
3.075545781489264482e+04 3.024622813690160910e+04
3.000620618162514802e+04 2.950317461289869607e+04
2.924473906953361075e+04 2.874891620051378777e+04
2.847463079546407607e+04 2.798699542249402293e+04
2.769993880447592164e+04 2.722142679270101507e+04
2.692491072037151753e+04 2.645640621099553391e+04
2.615345639880013914e+04 2.569578741982271094e+04
2.538964284996960487e+04 2.494356806703107941e+04
2.463825739027099189e+04 2.420444273184133999e+04
2.390370736419384775e+04 2.348272635116113088e+04
2.318979424554056823e+04 2.278213445977845186e+04
2.249917498913056988e+04 2.210525472489222011e+04
2.183381540509385741e+04 2.145399454000656624e+04
2.119540118693154363e+04 2.082998638869119895e+04
2.058655791408156438e+04 2.023576668381697527e+04
2.001140529425955538e+04 1.967531373742662618e+04
1.947369933446532013e+04 1.915225893982512571e+04
1.897527588823083715e+04 1.866836935537435056e+04
1.851245051132107255e+04 1.822002646099932826e+04
1.808066858632035655e+04 1.780276391818836055e+04
1.767577196681258647e+04 1.741250782695490852e+04
1.729394577054786350e+04 1.704553494666411643e+04
1.693167290191177381e+04 1.669841415582091213e+04
1.658487026756617706e+04 1.636716821251280089e+04
1.624814376223363979e+04 1.604655067918084751e+04
1.591618846511834272e+04 1.573139192591916071e+04
1.558261264146086251e+04 1.541547038780135335e+04
1.524063795491464589e+04 1.509217486058678878e+04
1.488339781751504233e+04 1.475479484380785470e+04
1.450357490487115319e+04 1.439617155078571159e+04
1.409501693034984964e+04 1.401024768700507957e+04
1.365363647626389866e+04 1.359298667022566951e+04
1.317725400907745097e+04 1.314217665032937475e+04
1.266746255349377861e+04 1.265931674617710269e+04
1.212812840787025561e+04 1.214810487083739463e+04
1.156696618396097983e+04 1.161603215247431945e+04
1.099307421090474782e+04 1.107193471584910003e+04
1.041716915532247731e+04 1.052623931788172922e+04
9.850114747772024202e+03 9.989506503003301987e+03
9.302872713102839043e+03 9.472390263755434717e+03
8.786454787612123255e+03 8.985506366649206029e+03
8.310793910714548474e+03 8.538458106167037840e+03
7.883989871359597601e+03 8.138974218244451549e+03
7.512033937106616577e+03 7.792768136619796678e+03
7.195782666523335138e+03 7.500570926628872257e+03
6.932568059006246585e+03 7.259735631520444258e+03
6.713771795121772811e+03 7.061914364722231767e+03
6.527959327365123499e+03 6.896038583171932260e+03
6.360696814359430391e+03 6.748134523503833407e+03
6.196893923776524389e+03 6.603532134069407221e+03
6.022075753943146083e+03 6.448065722120281862e+03
5.824134034353369316e+03 6.269797367085103360e+03
5.595585075391031751e+03 6.061276416548285852e+03
5.334673817503929058e+03 5.820672092818615965e+03
5.046050843613943471e+03 5.552522047324862797e+03
4.739814598297477460e+03 5.266783167362772474e+03
4.430089724564983953e+03 4.977354644503815507e+03
4.133384906575775858e+03 4.700384048189995156e+03
3.865972201939409842e+03 4.451640575301373246e+03
3.639610904152632429e+03 4.242345064678905146e+03
3.457553121459809063e+03 4.075446882992505834e+03
3.314411163302088426e+03 3.945629598656855251e+03
3.199154155688604988e+03 3.842224145496465553e+03
3.097809835690612090e+03 3.751764412297966828e+03
2.994717995212699407e+03 3.659121840153856283e+03
2.875532811209440752e+03 3.550389909146030277e+03
2.733254626257388281e+03 3.418800028437951823e+03
2.571618702698639936e+03 3.268079156076711570e+03
2.401923204090613126e+03 3.109311944909685735e+03
2.237953034689971901e+03 2.955865637302486448e+03
2.092626191787220250e+03 2.820041265880617175e+03
1.973387165188981953e+03 2.708722318461549548e+03
1.879307046181442956e+03 2.620818365580915270e+03
1.801946851012928846e+03 2.548234123449821254e+03
1.729036646870957384e+03 2.479369967833632472e+03
1.649153037686925472e+03 2.403511715046724476e+03
1.557964102462135543e+03 2.316708871484400788e+03
1.459796590798205216e+03 2.223187661601519721e+03
1.363307135115547908e+03 2.131127034187515164e+03
1.277319868855865934e+03 2.048642874910670798e+03
1.206079494008279426e+03 1.979454604563661405e+03
1.146428707825724587e+03 1.920519048149834362e+03
1.091147840902682219e+03 1.865230744383690535e+03
1.033696643872508275e+03 1.807745739904661832e+03
9.721938498396760906e+02 1.746504710944487215e+03
9.104746950413496052e+02 1.685023037562285708e+03
8.538154130852315120e+02 1.627938319520028017e+03
8.046179241399393050e+02 1.577234021089192311e+03
7.611799021045867448e+02 1.531335569286020018e+03
7.194660792077773976e+02 1.486777506975117603e+03
6.770904369666565117e+02 1.441603374072409906e+03
6.351116060846470646e+02 1.396760224350764474e+03
5.960335627264864797e+02 1.354306510443879006e+03
5.609767989112433497e+02 1.315086461872458585e+03
5.286796101083639314e+02 1.278037118953898016e+03
4.974140550650164982e+02 1.241797996286648186e+03
4.668605680989836628e+02 1.206149377154927834e+03
4.380750401899830990e+02 1.171895419276283064e+03
4.116124820159816409e+02 1.139415775520717489e+03
3.869205539195084498e+02 1.108275040083329259e+03
3.632751197905918730e+02 1.077949931118659606e+03
3.407385517078096768e+02 1.048485816166758468e+03
3.196864231342319158e+02 1.020124379102022317e+03
3.000373628869014624e+02 9.927886721287153478e+02
2.814478875047274755e+02 9.662429183330323212e+02
2.638463313609348120e+02 9.404347250214498217e+02
2.473423686472551992e+02 9.154182601572659905e+02
2.318783860214151957e+02 8.911434859803542849e+02
2.173249577258548015e+02 8.675253673089808899e+02
2.036233728252093158e+02 8.445189425004202803e+02
1.907320691484512167e+02 8.220898625446610595e+02
1.786106151890835463e+02 8.002061678665870659e+02
1.672197798937186803e+02 7.788381548915097028e+02
1.565215881973683167e+02 7.579582524556560656e+02
1.464793635152880711e+02 7.375409071070085929e+02
1.370574687806618215e+02 7.175623880612766925e+02
1.282197361025767464e+02 6.980001656430005141e+02
1.199311227428941891e+02 6.788332413249088404e+02
1.121586300937960914e+02 6.600423495198054979e+02
1.048711900740933771e+02 6.416098718628178403e+02
9.803955408628868895e+01 6.235197552501083464e+02
9.163618833369449135e+01 6.057574342623295252e+02
8.563517973091975932e+01 5.883097838800406407e+02
8.001233243343820334e+01 5.711661870318874890e+02
7.474508708618164121e+01 5.543187363251527131e+02
6.981214333755247026e+01 5.377605250374519983e+02
6.519337769695989948e+01 5.214854712870327376e+02
6.086978649518927398e+01 5.054882703091404323e+02
5.682343097514777241e+01 4.897643476968318055e+02
5.303738448514878456e+01 4.743098134773649690e+02
4.949566770064640053e+01 4.591218034914472241e+02
4.618315521900920118e+01 4.441997822158888312e+02
4.308559014193765790e+01 4.295439951561425573e+02
4.018955808930473239e+01 4.151548554158248407e+02
3.748244073314595681e+01 4.010329165033124923e+02
3.495237164767696214e+01 3.871788457131277141e+02
3.258819438074307584e+01 3.735933980280899505e+02
3.037942285693227618e+01 3.602774651297153241e+02
2.831620758652269387e+01 3.472335546680197922e+02
2.638929832279887577e+01 3.344654413666206665e+02
2.459000552443881205e+01 3.219764949191028904e+02
2.291016831895792905e+01 3.097696136094249937e+02
2.134212431233510543e+01 2.978472289974111504e+02
1.987868097222130714e+01 2.862113116910712733e+02
1.851308851348153794e+01 2.748633783539517026e+02
1.723901281422481446e+01 2.638050141080315143e+02
1.605050871660560219e+01 2.530388604008844595e+02
1.494200151493934570e+01 2.425670927466376270e+02
1.390826593127394872e+01 2.323911031842584407e+02
1.294440528118875022e+01 2.225115393075151360e+02
1.204583180065565884e+01 2.129283438818731611e+02
1.120824807530070721e+01 2.036407948262402670e+02
1.042762946107689714e+01 1.946475862512638457e+02
9.700206973385805398e+00 1.859473174153456796e+02
9.022452108569559925e+00 1.775382730125033675e+02
8.391062636639526673e+00 1.694180904919735156e+02
7.802948709160314245e+00 1.615838050381656785e+02
7.255219764297966556e+00 1.540319008859694634e+02
6.745172195860268616e+00 1.467583613697432838e+02
6.270277743730749975e+00 1.397587176862066087e+02
5.828172342371541248e+00 1.330281237780843924e+02
5.416645673177145959e+00 1.265614261705014059e+02
5.033632020355679693e+00 1.203531457902887922e+02
4.677201219005944210e+00 1.143975125049424548e+02
4.345550077043351500e+00 1.086885064353831467e+02
