2.071559541131353762e+04 2.054150369243168097e+04
2.100094452797885970e+04 2.081958993935699255e+04
2.128051098812701457e+04 2.109169918691330531e+04
2.155364855279406038e+04 2.135718883506246493e+04
2.181967118739525904e+04 2.161537981102014965e+04
2.207787832664291273e+04 2.186557984394478262e+04
2.232755625901601888e+04 2.210708464850800010e+04
2.256795237270861253e+04 2.233915261869684400e+04
2.279829250345421315e+04 2.256102201073291872e+04
2.301779787642913288e+04 2.277192770837848366e+04
2.322566833903398947e+04 2.297108524136002598e+04
2.342107232850809669e+04 2.315768130228393056e+04
2.360317865537157559e+04 2.333090443514743674e+04
2.377115712974651615e+04 2.348994577521016618e+04
2.392415219267006614e+04 2.363397391379906185e+04
2.406130865447136966e+04 2.376215974067733987e+04
2.418178886040746147e+04 2.387369303844906244e+04
2.428475720808697588e+04 2.396776799793674581e+04
2.436937896612078112e+04 2.404358229708450017e+04
2.443484993066086099e+04 2.410036535814318995e+04
2.448040087631380084e+04 2.413738291717467291e+04
2.450529329398390109e+04 2.415393388837941893e+04
2.450883378276716758e+04 2.414936342658946160e+04
2.449038381175182803e+04 2.412307204563471169e+04
2.444937694232433569e+04 2.407453350578659229e+04
2.438532429546413186e+04 2.400330000801519418e+04
2.429780787804172724e+04 2.390899431473729419e+04
2.418650644685386942e+04 2.379133542049442985e+04
2.405125421581642877e+04 2.365019725844923232e+04
2.389198345802002223e+04 2.348555049916997450e+04
2.370871789297697615e+04 2.329745547499648455e+04
2.350169138274523721e+04 2.308618013915779738e+04
2.327131932265905198e+04 2.285217106264160975e+04
2.301809797840216561e+04 2.259595275531603329e+04
2.274270003807618195e+04 2.231822234031559856e+04
2.244613845712855255e+04 2.202001189652290850e+04
2.212952204376066220e+04 2.170244514086804702e+04
2.179402973157629094e+04 2.136671175610622231e+04
2.144119476709782612e+04 2.101434995627255194e+04
2.107275593926359215e+04 2.064709803591953823e+04
2.069043772524409724e+04 2.026667558336742877e+04
2.029619902215630282e+04 1.987503114513764376e+04
1.989249216884611815e+04 1.947459976110417119e+04
1.948172622156198850e+04 1.906776876685972093e+04
1.906620179082891991e+04 1.865681430969318899e+04
1.864824390844814479e+04 1.824404051271100252e+04
1.823010128538030767e+04 1.783167521597756786e+04
1.781386418767031500e+04 1.742178494513503756e+04
1.740187278348534164e+04 1.701668433051023021e+04
1.699694750948580986e+04 1.661916717710132070e+04
1.660171415806018922e+04 1.623183161480923991e+04
1.621853575054458815e+04 1.585701627196254594e+04
1.584947066776117572e+04 1.549677618868594982e+04
1.549634302520464735e+04 1.515294009663177530e+04
1.516072770543783190e+04 1.482709018453938916e+04
1.484284294998589394e+04 1.451948652786208913e+04
1.454183409613407821e+04 1.422934358886793052e+04
1.425682715609641855e+04 1.395585546715507553e+04
1.398624660785179913e+04 1.369753083129857987e+04
1.372794916152036603e+04 1.345232191259530191e+04
1.347981730981207511e+04 1.321820076514152606e+04
1.323908973306287589e+04 1.299249544292749852e+04
1.300280930103749961e+04 1.277232920991909123e+04
1.276783275724188752e+04 1.255461875172135660e+04
1.253040116595971449e+04 1.233563477889175556e+04
1.228680953199546093e+04 1.211167018749532144e+04
1.203281213745434434e+04 1.187841545296765798e+04
1.176421366596874213e+04 1.163155999827949017e+04
1.147722264544572499e+04 1.136712985316897175e+04
1.116857904785828032e+04 1.108162210133126973e+04
1.083660039743784910e+04 1.077308418320905366e+04
1.048121624666019306e+04 1.044116352008255853e+04
1.010447614577861350e+04 1.008767110825753298e+04
9.710324385512369190e+03 9.716374757878606033e+03
9.304478766874715802e+03 9.332912165672418269e+03
8.893654846676781744e+03 8.944005494059241755e+03
8.485275972738101700e+03 8.557176384145217526e+03
8.086767702943388940e+03 8.180009066975039786e+03
7.705588298347947784e+03 7.820179806144503345e+03
7.348331705841122130e+03 7.484533816513879174e+03
7.021086657004239896e+03 7.179438774362084587e+03
6.728159317711700169e+03 6.909499504872822399e+03
6.471741455402005158e+03 6.677185412008684580e+03
6.250809147930341169e+03 6.481703240474229460e+03
6.061286321887557278e+03 6.319100919564954893e+03
5.895676904994804318e+03 6.181813156244747915e+03
5.744682465422720270e+03 6.060239391283123950e+03
5.597704389097494641e+03 5.943171922726118282e+03
5.444596085353603485e+03 5.819589794578977489e+03
5.276630477053871800e+03 5.679710221744938281e+03
5.087876211743307977e+03 5.516567202951503532e+03
4.876439502454923058e+03 5.327545332931363191e+03
4.644805823203589171e+03 5.114917285851155611e+03
4.399602535541775978e+03 4.885712865504466208e+03
4.150500672987244798e+03 4.650524797884553664e+03
3.908782076972303912e+03 4.421851045382513803e+03
3.685789179418492495e+03 4.212309104354132614e+03
3.490720035357770485e+03 4.032176754646131485e+03
3.327954303172209620e+03 3.886462743604769457e+03
3.195295599405193570e+03 3.772979780443380150e+03
3.084857942610763530e+03 3.683239414829968155e+03
2.985898416490647833e+03 3.605414644730689815e+03
2.887144868588698955e+03 3.526784028627115731e+03
2.778359418740634283e+03 3.435470457244011868e+03
2.653188691750875932e+03 3.323856906019799681e+03
2.512573242504306108e+03 3.192792452237854832e+03
2.364582807409175985e+03 3.051563036275443665e+03
2.220181948767916765e+03 2.912901981782979419e+03
2.089254103028103145e+03 2.788243617367154002e+03
1.978181727061424226e+03 2.684923247895548684e+03
1.887432307899033049e+03 2.603507424946275478e+03
1.810990438230283644e+03 2.537182487966662393e+03
1.739356682184370811e+03 2.475083651735322292e+03
1.663514195188564372e+03 2.406774870826079223e+03
1.578872479930272448e+03 2.326911312301812814e+03
1.487898705151357717e+03 2.238428697715249655e+03
1.397891737360248271e+03 2.149898526292709903e+03
1.316035820438917199e+03 2.069639930678532892e+03
1.246256968317894462e+03 2.002091976251133019e+03
1.186929778793426294e+03 1.945338643473227876e+03
1.132030630446543000e+03 1.892525087849276815e+03
1.075846502059551085e+03 1.837217657715922996e+03
1.016366812471136541e+03 1.777253197209748578e+03
9.562713505729140024e+02 1.715790216568233518e+03
9.003348320774658760e+02 1.658221114199224530e+03
8.510306422862934141e+02 1.607229925483274428e+03
8.071132622603092841e+02 1.561379968477438069e+03
7.651620340026114491e+02 1.516950744747503450e+03
7.227531570736358617e+02 1.471413056176996633e+03
6.805457330528985267e+02 1.425580142961768615e+03
6.408906807926340434e+02 1.381973014471961278e+03
6.049791399103538652e+02 1.341791477595308379e+03
5.718487433302842646e+02 1.304010932307996427e+03
5.397840343903816347e+02 1.266925264497798025e+03
5.083727608560350859e+02 1.230189751920991284e+03
4.785579677293300165e+02 1.194757547847620799e+03
4.510054388595380601e+02 1.161246585895393309e+03
4.252415915889651501e+02 1.129194240083137174e+03
4.005241935727260625e+02 1.097937947664927833e+03
3.768500154533568889e+02 1.067500799306133786e+03
3.546266000196422397e+02 1.038236717634767274e+03
3.338272802640393593e+02 1.010108150743521833e+03
3.140950480924163344e+02 9.828208106045079830e+02
2.953331998656452697e+02 9.563037712355773010e+02
2.776745006419258743e+02 9.306534104010207784e+02
2.610622817224302139e+02 9.058159678259153225e+02
2.453817897547442897e+02 8.817045762135610403e+02
2.305745339692428786e+02 8.582712820868810013e+02
2.165996574203020373e+02 8.354773857218922331e+02
2.034179421122078963e+02 8.132870151857850942e+02
1.909912458606021630e+02 7.916667210385380713e+02
1.792825539253180409e+02 7.705853368025335612e+02
1.682560027282210342e+02 7.500138119633359111e+02
1.578759133075132013e+02 7.299227767181577065e+02
1.481065679853624886e+02 7.102814048198464434e+02
1.389139504402135685e+02 6.910610135125383522e+02
1.302658191007523385e+02 6.722352823353154463e+02
1.221316217530110748e+02 6.537801320818443855e+02
1.144824138404436695e+02 6.356736126909651148e+02
1.072907803203358412e+02 6.178957989568167477e+02
1.005307698433492760e+02 6.004287167671260477e+02
9.417797104562185950e+01 5.832566643003929130e+02
8.820937895342137836e+01 5.663660179154455818e+02
8.260317321618045128e+01 5.497447374584733097e+02
7.733866110531145921e+01 5.333822762296306337e+02
7.239622779806623498e+01 5.172695082824276369e+02
6.775728820260687257e+01 5.013986577295841585e+02
6.340424032843387181e+01 4.857632295776502929e+02
5.932041526010628019e+01 4.703583480819519878e+02
5.549000071611927609e+01 4.551835587541216341e+02
5.189802966704920095e+01 4.402406171900108802e+02
4.853036111853847956e+01 4.255316168897958846e+02
4.537363896876976810e+01 4.110589359650605275e+02
4.241525244827592900e+01 3.968251974882406330e+02
3.964329826105792876e+01 3.828332300007058393e+02
3.704654437518240684e+01 3.690860282621027295e+02
3.461439454917213254e+01 3.555877319577776916e+02
3.233685288595196994e+01 3.423466389921177324e+02
3.020449573621641548e+01 3.293714070153275202e+02
2.820844249483737443e+01 3.166697943714574421e+02
2.634032667176721887e+01 3.042486746206580506e+02
2.459226832959958031e+01 2.921140535737298478e+02
2.295684783597145540e+01 2.802710886449474401e+02
2.142708087497453917e+01 2.687241139428750216e+02
1.999639358362446018e+01 2.574774706651481324e+02
1.865859900009380468e+01 2.465363553239028533e+02
1.740787819813636261e+01 2.359050137833667975e+02
1.623876011410985498e+01 2.255865249853379453e+02
1.514610202108080372e+01 2.155828657666502295e+02
1.412507100427313311e+01 2.058949766419942478e+02
1.317112639344652614e+01 1.965228280714068489e+02
1.228000307636212796e+01 1.874654913962143610e+02
1.144769462720114106e+01 1.787213622109538562e+02
1.067043845661562074e+01 1.702882289888517562e+02
9.944703227900536291e+00 1.621631175490584269e+02
9.267175455069022405e+00 1.543423456831725673e+02
8.634746729289959788e+00 1.468215906131300983e+02
8.044501644313019284e+00 1.395959543391327600e+02
7.493706386312256384e+00 1.326600266474716818e+02
6.979797914871030962e+00 1.260079406513330866e+02
