1.905913630178328822e+04 1.890292585694623995e+04
1.930680801351976697e+04 1.914430837804917610e+04
1.954950844343888457e+04 1.938056350379011201e+04
1.978671885056789324e+04 1.961117745221141377e+04
2.001789848621056080e+04 1.983561686957811253e+04
2.024249839268399228e+04 2.005334106927554603e+04
2.045995404879710259e+04 2.026379472300075213e+04
2.066967213462722793e+04 2.046639477711843938e+04
2.087105109165909744e+04 2.066055087683020611e+04
2.106348399094114575e+04 2.084566845566007760e+04
2.124633809713198934e+04 2.102113044819173956e+04
2.141896716747323444e+04 2.118630863477597450e+04
2.158072703631682089e+04 2.134057793253543787e+04
2.173096498096667347e+04 2.148330582421393046e+04
2.186901198381562426e+04 2.161384468388421737e+04
2.199420624394106926e+04 2.173155507426816257e+04
2.210589472883093913e+04 2.183580770581752950e+04
2.220341643399242457e+04 2.192596916917325143e+04
2.228612011961085227e+04 2.200141777208534768e+04
2.235337646032499470e+04 2.206155447405304949e+04
2.240457186513612396e+04 2.210579757341979712e+04
2.243911007164152397e+04 2.213358438165190455e+04
2.245642753622587043e+04 2.214438527287043689e+04
2.245599963062523966e+04 2.213771010933463913e+04
2.243734913903013148e+04 2.211311803182788935e+04
2.240004554316801295e+04 2.207021499919227790e+04
2.234370900977802012e+04 2.200865708216108033e+04
2.226804275744980259e+04 2.192818358656852433e+04
2.217283095733539449e+04 2.182861445260035180e+04
2.205791644062042542e+04 2.170982677077472181e+04
2.192323591509855396e+04 2.157178996297682897e+04
2.176887700215011500e+04 2.141462293511779353e+04
2.159500238611489476e+04 2.123851725505989089e+04
2.140184925637928245e+04 2.104373622335798791e+04
2.118985676487789533e+04 2.083074215450159318e+04
2.095959932775861307e+04 2.060012929226306005e+04
2.071170133531746251e+04 2.035253825602288634e+04
2.044696161533636769e+04 2.008878037024495279e+04
2.016644669236983827e+04 1.980993070159747367e+04
1.987126418451366771e+04 1.951710132427987264e+04
1.956257274187649455e+04 1.921145155968214385e+04
1.924179687834731521e+04 1.889440420948061001e+04
1.891044155849423623e+04 1.856745909001243490e+04
1.856998418319386474e+04 1.823208461957917825e+04
1.822219681643663716e+04 1.789004243786699590e+04
1.786919470067203656e+04 1.754343657917118981e+04
1.751300382659325987e+04 1.719427879247404780e+04
1.715544722573179024e+04 1.684437868878146037e+04
1.679789444577977702e+04 1.649510434422759863e+04
1.644153706291982235e+04 1.614764646445372273e+04
1.608753498036002929e+04 1.580316149295630021e+04
1.573789470807377802e+04 1.546365688121182575e+04
1.539525956221344859e+04 1.513178169574602180e+04
1.506206820365523345e+04 1.480998094565171778e+04
1.474008692428426366e+04 1.450003917858230307e+04
1.442966667649612464e+04 1.420235429374113846e+04
1.413089789429665689e+04 1.391706616997179844e+04
1.384370586436711710e+04 1.364414916533679025e+04
1.356704123723610792e+04 1.338261143079030990e+04
1.329952112073577337e+04 1.313112617004881940e+04
1.303977030557765283e+04 1.288836649323446363e+04
1.278590319945117881e+04 1.265248193848439951e+04
1.253590966363003827e+04 1.242148383062288667e+04
1.228781024658151364e+04 1.219339543537072313e+04
1.203936708841983818e+04 1.196594705210924440e+04
1.178842301578210754e+04 1.173692649647118014e+04
1.153259523795378664e+04 1.150384953734600458e+04
1.126929851879227135e+04 1.126397830174259434e+04
1.099611515973362839e+04 1.101470365753011720e+04
1.071062831931770233e+04 1.075335266522802340e+04
1.041085626816394688e+04 1.047765911477907321e+04
1.009588124853678346e+04 1.018641419679635874e+04
9.765584011523487789e+03 9.879214609710561490e+03
9.421781080385095265e+03 9.557685370428713213e+03
9.067376575638236318e+03 9.224611816021570121e+03
8.706836400356787635e+03 8.884479330944006506e+03
8.345191707257168673e+03 8.542430075203350498e+03
7.987959620139157778e+03 8.204195630460200846e+03
7.640392202981288392e+03 7.875296210528978008e+03
7.307379474423499232e+03 7.560935553660475307e+03
6.993211315210509383e+03 7.265736769111056674e+03
6.701564296427840418e+03 6.993731445464066383e+03
6.434934532138401664e+03 6.747748723815861922e+03
6.194675454250353141e+03 6.529443381794809284e+03
5.979777149520499734e+03 6.337965811133639363e+03
5.787282580015511485e+03 6.170355593446902276e+03
5.611567302130255484e+03 6.020688181511372932e+03
5.445801928598210907e+03 5.881583671679332838e+03
5.282369565067619988e+03 5.744595221995309657e+03
5.114459512467738023e+03 5.601955280660511562e+03
4.936672661700295976e+03 5.447282535433854719e+03
4.745990153132815067e+03 5.276771743152116869e+03
4.542138514450392904e+03 5.089722181409240875e+03
4.327716151035909206e+03 4.888792082884140655e+03
4.108015436523130120e+03 4.679874928157719296e+03
3.889797156220512989e+03 4.470688678025600893e+03
3.680210777823272565e+03 4.269509004283758259e+03
3.485890082304994849e+03 4.084089301870479176e+03
3.312078877633522552e+03 3.920627769958484805e+03
3.161167440793905826e+03 3.782075904634515155e+03
3.031242268748383594e+03 3.666434715873324421e+03
2.916255835872215812e+03 3.566849364623651581e+03
2.808225743921944286e+03 3.474050357988005089e+03
2.699895803366376640e+03 3.379423691431460611e+03
2.585976576847728666e+03 3.276530540080559604e+03
2.463671706153748801e+03 3.161856672626491672e+03
2.334054677716421338e+03 3.036595981704203950e+03
2.202634907516645399e+03 2.907395966728689018e+03
2.076774334860433555e+03 2.783196451042915669e+03
1.962115214130511276e+03 2.670853937714345648e+03
1.861249433212012946e+03 2.573535387165251905e+03
1.773514986773851433e+03 2.490504332345231433e+03
1.694776712590610714e+03 2.416854485242351984e+03
1.619124481725984879e+03 2.345508670432302551e+03
1.541796340915613428e+03 2.270734602184441428e+03
1.460990189859955080e+03 2.190392352233538986e+03
1.378571732357828751e+03 2.106825780357443819e+03
1.299099218251564025e+03 2.025623335039946824e+03
1.226351997350004694e+03 1.951360593293876263e+03
1.161491349705121138e+03 1.885417015253972977e+03
1.103104552220912865e+03 1.826099007667530259e+03
1.047758529226424798e+03 1.769352352249761225e+03
9.925631941117469523e+02 1.711822414524659735e+03
9.371134768659694601e+02 1.653129315361145473e+03
8.830352421498870399e+02 1.595267231109919521e+03
8.326151178940991713e+02 1.540926396410275402e+03
7.867165071274322372e+02 1.491081566964005106e+03
7.442274388876306830e+02 1.444448828552483519e+03
7.034909948439712934e+02 1.399182232611535255e+03
6.636129339164066323e+02 1.354346218617486784e+03
6.250772134514595564e+02 1.310538982835064871e+03
5.889034360853905810e+02 1.268894233490531633e+03
5.553605095760850645e+02 1.229688725315032571e+03
5.238276994869908094e+02 1.192260865820278013e+03
4.936103479132571010e+02 1.155911470932445127e+03
4.646516716616126246e+02 1.120615680391394335e+03
4.372964526008246935e+02 1.086733310719125484e+03
4.116910456333915249e+02 1.054401051258384086e+03
3.875334576615799733e+02 1.023325383834717513e+03
3.645604436486063378e+02 9.932679022815514145e+02
3.427799417664028283e+02 9.642433339304407127e+02
3.222800059983325127e+02 9.363256749885186991e+02
3.029740200111033914e+02 9.094319287104592604e+02
2.847133406693876054e+02 8.834337832099610068e+02
2.674565804412895318e+02 8.582935953100167126e+02
2.512016671634147258e+02 8.340006310854610092e+02
2.358858730762550522e+02 8.104968094801190546e+02
2.214402783565249990e+02 7.877227514509671664e+02
2.078277109489645795e+02 7.656434029880044818e+02
1.950051782697832152e+02 7.442160717299504995e+02
1.829304058052477444e+02 7.233994283828066045e+02
1.715631159984007468e+02 7.031551592918541473e+02
1.608649531569439546e+02 6.834477793251639923e+02
1.507994097780511709e+02 6.642444604679143367e+02
1.413317543779953382e+02 6.455148745268525090e+02
1.324289616193720747e+02 6.272309899975185772e+02
1.240596573179307853e+02 6.093657474104828680e+02
1.161940462149225937e+02 5.918931424456313835e+02
1.088038305364716933e+02 5.747893870560475307e+02
1.018621466555226931e+02 5.580328430665412043e+02
9.534350412752351644e+01 5.416039099437250570e+02
8.922372643863589303e+01 5.254849200033808074e+02
8.347989348844872382e+01 5.096600400266832480e+02
7.809028349258093726e+01 4.941153874653763296e+02
7.303430438329598928e+01 4.788403370965841077e+02
6.829245563563637234e+01 4.638263642658101276e+02
6.384628688161168242e+01 4.490661198611820737e+02
5.967834819447356409e+01 4.345533590928780541e+02
5.577214216400750502e+01 4.202828769875323474e+02
5.211207779449842548e+01 4.062504449213524822e+02
4.868342619188378251e+01 3.924527480038403269e+02
4.547227488855260447e+01 3.788885017728700291e+02
4.246548059350509163e+01 3.655610895095548472e+02
3.965064083734608147e+01 3.524747509432646666e+02
3.701605860079401822e+01 3.396335621759020569e+02
3.455070579512630502e+01 3.270414147169401531e+02
3.224418836342201189e+01 3.147019954237249522e+02
3.008671295079272667e+01 3.026187674250705868e+02
2.806905505371521414e+01 2.907949775137510073e+02
2.618252607240025043e+01 2.792354263280428768e+02
2.441894360571665601e+01 2.679472591361997047e+02
2.277060864848323618e+01 2.569368393559514061e+02
2.123027951785962486e+01 2.462094730588218567e+02
1.979114659796472964e+01 2.357694496661773940e+02
1.844680833539033671e+01 2.256200847128488647e+02
1.719124843434275718e+01 2.157637643172336084e+02
1.601881409814436807e+01 2.062020424535446352e+02
1.492419398214317638e+01 1.969364564067534786e+02
1.390239949838669808e+01 1.879682535067223625e+02
1.294874781409739484e+01 1.792976910396247092e+02
1.205884424201260252e+01 1.709240850636328730e+02
1.122856552018428111e+01 1.628458817788632587e+02
1.045404398513457522e+01 1.550607279795160025e+02
9.731652596381794140e+00 1.475655402008242447e+02
9.057990579982227786e+00 1.403565734368202129e+02
8.429869102580818563e+00 1.334294928775492508e+02
7.844299666107157343e+00 1.267794310603955807e+02
7.298482651943760224e+00 1.204010454554555452e+02
6.789795951168626331e+00 1.142885770271852834e+02
6.315784234462805458e+00 1.084359060586870385e+02
