1.162824305760418974e+04 1.155139316330051224e+04
1.178303437806091279e+04 1.170297944670143261e+04
1.193538561792566361e+04 1.185202976764810592e+04
1.208499886260982385e+04 1.199824714111028698e+04
1.223156931822419028e+04 1.214132809030230601e+04
1.237478322084796673e+04 1.228096053217495864e+04
1.251430567994357625e+04 1.241681169614033934e+04
1.264979190792399277e+04 1.254853933897954994e+04
1.278089224785442093e+04 1.267579678492962012e+04
1.290724243283112810e+04 1.279822350016899145e+04
1.302846390595873891e+04 1.291544545924916929e+04
1.314417546123086322e+04 1.302708651282473875e+04
1.325398992503307636e+04 1.313276520310154592e+04
1.335750264184515254e+04 1.323208361467664690e+04
1.345430628615413480e+04 1.332464184386230409e+04
1.354399536051273208e+04 1.341004242966377751e+04
1.362615546661855842e+04 1.348788008438891120e+04
1.370036781388563395e+04 1.355774610994013528e+04
1.376622094650945837e+04 1.361923975599677942e+04
1.382330809804799355e+04 1.367196580636152248e+04
1.387122152474038739e+04 1.371552930548637050e+04
1.390956526974365443e+04 1.374954774618717784e+04
1.393795916737960943e+04 1.377365499049307800e+04
1.395603842054867891e+04 1.378750135900451824e+04
1.396345731053268719e+04 1.379075702746391289e+04
1.395989347444505074e+04 1.378311588478067642e+04
1.394505715947124008e+04 1.376430498778363108e+04
1.391869963473051939e+04 1.373409312618961303e+04
1.388060383657183775e+04 1.369228088091126301e+04
1.383059071726134789e+04 1.363870685585657520e+04
1.376855557033672812e+04 1.357328415283470895e+04
1.369444605308396604e+04 1.349597804254555194e+04
1.360824694355109932e+04 1.340679045273004522e+04
1.351002844206075133e+04 1.330580811098113554e+04
1.339996504434404051e+04 1.319322120315772008e+04
1.327827033771569586e+04 1.306925804369525031e+04
1.314521784198402565e+04 1.293420570382618462e+04
1.300124674218103610e+04 1.278851513320424237e+04
1.284686202919495008e+04 1.263270147296028335e+04
1.268259279057024105e+04 1.246730242627777989e+04
1.250911016137495790e+04 1.229299563059536013e+04
1.232722425030666818e+04 1.211059537002041543e+04
1.213774604422892844e+04 1.192091496511220248e+04
1.194154477325484913e+04 1.172482391245559302e+04
1.173971891492221221e+04 1.152341804059674905e+04
1.153338340848632834e+04 1.131780751587895975e+04
1.132361150737290518e+04 1.110905919141101367e+04
1.111152250121045108e+04 1.089828592274123366e+04
1.089825162980636924e+04 1.068661613958810449e+04
1.068486679628990896e+04 1.047510946797484394e+04
1.047242902572888488e+04 1.026481816260765299e+04
1.026209210864077431e+04 1.005688812055342351e+04
1.005494931969046229e+04 9.852403961635280211e+03
9.852013858130345398e+03 9.652369875847140065e+03
9.654293951531559287e+03 9.457789102743498006e+03
9.462759545380462441e+03 9.269628801843227848e+03
9.278284667335325139e+03 9.088760292239903720e+03
9.101127232583954537e+03 8.915451909130453714e+03
8.930806805199106748e+03 8.749250149486018927e+03
8.766815713089157725e+03 8.589673865567276152e+03
8.608381103298652306e+03 8.435981981390104920e+03
8.454378514724856359e+03 8.287088773547166056e+03
8.303707383968472641e+03 8.141929819998301355e+03
8.155035936895611485e+03 7.999210376221158185e+03
8.006898163495215158e+03 7.857499709691835051e+03
7.857838202524781082e+03 7.715370929226085536e+03
7.706199894589120959e+03 7.571189853498236516e+03
7.550377433205143461e+03 7.423363014614073109e+03
7.388639503971465274e+03 7.270157920387001468e+03
7.219263969232756608e+03 7.109836561102253654e+03
7.040775879462566081e+03 6.940890634238699022e+03
6.851979473782334935e+03 6.762072567057051856e+03
6.652321863379951537e+03 6.572763959189460365e+03
6.442083407178956804e+03 6.373169558742953086e+03
6.222418872447593458e+03 6.164367690831132677e+03
5.995529667602344489e+03 5.948491733666756772e+03
5.764335590509052054e+03 5.728407338290908228e+03
5.532326017219702408e+03 5.507569623347998458e+03
5.303200098101338881e+03 5.289662825364296623e+03
5.080564165985110776e+03 5.078296914188084884e+03
4.867811466503280826e+03 4.876882788532793711e+03
4.667840462941520855e+03 4.688354724876234286e+03
4.483049312157319946e+03 4.515155453875136118e+03
4.315086571151482531e+03 4.358995989521989941e+03
4.164447512255901529e+03 4.220435953275126849e+03
4.030311128478152568e+03 4.098717995327905555e+03
3.910226233291176413e+03 3.991426783510269161e+03
3.800272202410804766e+03 3.894625511010029641e+03
3.695624206649099051e+03 3.803399457978776809e+03
3.591091638732111278e+03 3.712379454646493286e+03
3.482052075385518037e+03 3.616696164273263093e+03
3.364939456189711109e+03 3.512498011394885907e+03
3.237903304023644978e+03 3.397678506395246131e+03
3.101104219704971911e+03 3.272234513259554660e+03
2.956748535406072278e+03 3.138346424692509117e+03
2.808860793454203304e+03 3.000170470954809844e+03
2.662515959953042511e+03 2.863026494180751797e+03
2.522964559448275395e+03 2.732460563988730883e+03
2.394908226144594664e+03 2.613467842619142630e+03
2.281724107712602290e+03 2.509669297994980298e+03
2.184503586072510643e+03 2.422294942487265416e+03
2.101255491186492236e+03 2.349323394206834109e+03
2.027230073637027317e+03 2.285773611931417236e+03
1.956551015690845588e+03 2.225378776017083965e+03
1.883992713537674717e+03 2.162464072620973639e+03
1.805912463768477664e+03 2.092983569215885836e+03
1.720857391123745856e+03 2.015248586157372984e+03
1.630491623700409718e+03 1.931008654800038585e+03
1.539488523766392291e+03 1.845359878011253613e+03
1.453388942515676945e+03 1.764374778094211479e+03
1.376177910969528511e+03 1.692424854399638662e+03
1.309366611489311936e+03 1.631182850369425978e+03
1.251765312032187239e+03 1.579385010363128686e+03
1.199625731629756501e+03 1.532965550315624796e+03
1.148263342579172786e+03 1.486793780213507034e+03
1.094314353249330452e+03 1.437152457092739269e+03
1.037064410010522124e+03 1.383249435948253904e+03
9.787920867872627468e+02 1.327623254771007396e+03
9.233391418725441326e+02 1.274535401438167128e+03
8.735219209475535536e+02 1.227087568454520124e+03
8.297080531921469628e+02 1.185677632598894206e+03
7.901990674431216348e+02 1.148447385599697782e+03
7.519685973214008072e+02 1.112099862211732443e+03
7.129751064170488917e+02 1.074429876474291859e+03
6.734150776368041988e+02 1.035691849618959850e+03
6.350969005908423242e+02 9.978866988401008484e+02
5.999210292813595515e+02 9.630766812994438624e+02
5.682192377122894413e+02 9.316055465270750346e+02
5.387222977523372265e+02 9.021103997773758465e+02
5.099582948220707408e+02 8.730421545058394486e+02
4.814443865764509383e+02 8.439247780773741852e+02
4.539397128318869932e+02 8.155858921674639532e+02
4.283818940620552667e+02 7.890077465246237125e+02
4.048019584432224747e+02 7.642131594858802828e+02
3.824796170233915404e+02 7.404663852599398979e+02
3.608490020557085813e+02 7.172129531947304031e+02
3.400566735268486127e+02 6.946199415934258923e+02
3.205142240001064238e+02 6.731000312059927637e+02
3.022686091023188055e+02 6.526942379100748894e+02
2.849651452524722686e+02 6.330630423972473864e+02
2.684089492966442094e+02 6.140317941107757633e+02
2.527077517990802562e+02 5.957073183942255810e+02
2.379567510959919048e+02 5.781749196540002913e+02
2.240358110788651800e+02 5.613248155017919316e+02
2.108144753032092638e+02 5.450445503457009409e+02
1.983054215427105476e+02 5.293459033498346571e+02
1.865224991831186685e+02 5.142375168318660599e+02
1.753982789271395006e+02 4.996611388282516373e+02
1.648779064215028995e+02 4.855711256860888625e+02
1.549472527462818050e+02 4.719530383366749220e+02
1.455833258839844007e+02 4.587855536199940616e+02
1.367551707387553108e+02 4.460412280506807861e+02
1.284332723586947509e+02 4.336942738166544586e+02
1.205897298846134902e+02 4.217206680771989227e+02
1.131981683045523255e+02 4.100980357903985123e+02
1.062340120173319491e+02 3.988051940649227731e+02
9.967463140274199418e+01 3.878217619445727564e+02
9.349850796977280254e+01 3.771287523259607610e+02
8.768510492233559717e+01 3.667085714185941470e+02
8.221483521042171105e+01 3.565449368382481339e+02
7.706902957024090028e+01 3.466228022510761662e+02
7.222990466192879921e+01 3.369282878927481306e+02
6.768052595359021950e+01 3.274485914047610322e+02
6.340469726720236565e+01 3.181715483462357383e+02
5.938697039435547964e+01 3.090857019685302589e+02
5.561269295207525687e+01 3.001806063018210580e+02
5.206797501057587851e+01 2.914467845154129577e+02
4.873965447573117160e+01 2.828756796431128464e+02
4.561526367923380576e+01 2.744596081156308287e+02
4.268299716117267195e+01 2.661917156995178289e+02
3.993168218342269427e+01 2.580661059121574112e+02
3.735075470879208126e+01 2.500784961220630009e+02
3.493022330784616258e+01 2.422254677945726655e+02
3.266063880766044036e+01 2.345041098765532581e+02
3.053306816556686343e+01 2.269119884189853735e+02
2.853906935726165628e+01 2.194471168887968702e+02
2.667066725654416359e+01 2.121079268468618011e+02
2.492033045766105559e+01 2.048932448226051690e+02
2.328094542981874326e+01 1.978030802634113741e+02
2.174579289160129036e+01 1.908392748175368752e+02
2.030853532074342738e+01 1.840038194352122218e+02
1.896319802040553171e+01 1.772986248219553715e+02
1.770415005028023714e+01 1.707255108757926223e+02
1.652608603373970553e+01 1.642861965866157732e+02
1.542400881005362123e+01 1.579822904355787898e+02
1.439321284365738407e+01 1.518153562633547438e+02
1.342926761908786482e+01 1.457880651976142303e+02
1.252800308916238592e+01 1.399037527403351930e+02
1.168549627277148240e+01 1.341652757833663827e+02
1.089805764117243037e+01 1.285749940177405790e+02
1.016221815408460394e+01 1.231347885046361057e+02
9.474716945881242580e+00 1.178460811737935643e+02
8.832489634451471616e+00 1.127098550978505784e+02
8.232656928156620424e+00 1.077267859020617919e+02
7.672512954168314359e+00 1.028977128408862995e+02
7.149516720977790563e+00 9.822316585933249655e+01
6.661283196393771533e+00 9.370317393427335162e+01
6.205574253564304144e+00 8.933730003656040708e+01
5.780290103152661452e+00 8.512467605059102027e+01
5.383461188911306650e+00 8.106403725903942359e+01
