2.932260901673476837e+04 2.919688915964551416e+04
2.950760334879372022e+04 2.937731907545608919e+04
2.967497206154949890e+04 2.954003638579417020e+04
2.982374884982734511e+04 2.968408104880056635e+04
2.995298769053200158e+04 2.980851412402540882e+04
3.006173260372977529e+04 2.991238765386164232e+04
3.014900258576896522e+04 2.999472970156403244e+04
3.021384804031691601e+04 3.005460067452033400e+04
3.025534662483508146e+04 3.009108938183845021e+04
3.027253848812275100e+04 3.010324931089150050e+04
3.026448859731665289e+04 3.009016020212037984e+04
3.023032288583815898e+04 3.005096378689061021e+04
3.016918555603370260e+04 2.998482226528703177e+04
3.008023737365055422e+04 2.989091682128846878e+04
2.996272242973982793e+04 2.976851292885253133e+04
2.981596322790727208e+04 2.961695599037041029e+04
2.963931550058170615e+04 2.943562839286464077e+04
2.943222991370607633e+04 2.922400877280228087e+04
2.919427775041348650e+04 2.898169686767869280e+04
2.892513191146368263e+04 2.870839748258052714e+04
2.862457774647984115e+04 2.840393069428599119e+04
2.829254574221404619e+04 2.806826121489212528e+04
2.792912823886281330e+04 2.770151653070581597e+04
2.753460417607918134e+04 2.730401508906543677e+04
2.710941711009136270e+04 2.687623895952350358e+04
2.665418026580193691e+04 2.641883773245499106e+04
2.616978320907373563e+04 2.593273993819336465e+04
2.565734740989288184e+04 2.541910594411783677e+04
2.511813838445242800e+04 2.487923547753733510e+04
2.455368443049838243e+04 2.431468839991621644e+04
2.396592276418830079e+04 2.372743339024746456e+04
2.335691087056652032e+04 2.311955319850135857e+04
2.272882101798623262e+04 2.249323834538250958e+04
2.208434190825935366e+04 2.185119101855959889e+04
2.142638581906925901e+04 2.119633021690731039e+04
2.075779815247598162e+04 2.053149974690378440e+04
2.008172824474111258e+04 1.985983697251285048e+04
1.940185158041854811e+04 1.918499375676867203e+04
1.872164530200816080e+04 1.851041685804875306e+04
1.804443752481968113e+04 1.783939616528718761e+04
1.737413915099083533e+04 1.717578396983577113e+04
1.671457029922130459e+04 1.652333468823038493e+04
1.606907530441765812e+04 1.588532801739695606e+04
1.544113099146227069e+04 1.526515603672568250e+04
1.483447400732101232e+04 1.466644785206995039e+04
1.425226879324439324e+04 1.409227134721751463e+04
1.369715857084050913e+04 1.354517812522653185e+04
1.317153991857432811e+04 1.302744684522201533e+04
1.267739484651961175e+04 1.254094934458049647e+04
1.221627792222531934e+04 1.208714809134616189e+04
1.178954162094878302e+04 1.166727858017787185e+04
1.139839776964180783e+04 1.128241265819888031e+04
1.104382285410950317e+04 1.093340697841791552e+04
1.072539377039977262e+04 1.061976245762684812e+04
1.043986673448145484e+04 1.033822936921224755e+04
1.018396330457733347e+04 1.008552912019282485e+04
9.954441642714586123e+03 9.858430993219562879e+03
9.747614498830462253e+03 9.653290944385085822e+03
9.559999639091047356e+03 9.466669217200233106e+03
9.387408233024880246e+03 9.294470465376114589e+03
9.224672996752082327e+03 9.131687334886235476e+03
9.066593884046309540e+03 8.973297512249711872e+03
8.906322125000055166e+03 8.812767718833070830e+03
8.736671301390015287e+03 8.643272394529070880e+03
8.550503388201119378e+03 8.458096157491101621e+03
8.340815563714857490e+03 8.250715030587634828e+03
8.102110847168713917e+03 8.016064780973394591e+03
7.831201489782128192e+03 7.751331342180490537e+03
7.527145921971578900e+03 7.455808782136075934e+03
7.192710290788947532e+03 7.132307496621214341e+03
6.832360701848445387e+03 6.785191841127195403e+03
6.452481815001066025e+03 6.420608052638683148e+03
6.060816014271626955e+03 6.045907552677519561e+03
5.666714022012606620e+03 5.669905344767833412e+03
5.280031767984237376e+03 5.301825704178113483e+03
4.910681009143176198e+03 4.950906295328489250e+03
4.569111399613309004e+03 4.626757725261543783e+03
4.264056498768630263e+03 4.337433456917435251e+03
4.001858119171788530e+03 4.088611949890259439e+03
3.786303389894501379e+03 3.883625104962236037e+03
3.616336495969618682e+03 3.721246262639661836e+03
3.488343851392840406e+03 3.597885420532730677e+03
3.394753146232606468e+03 3.506329170525471000e+03
3.326116622219198234e+03 3.437689906142491964e+03
3.270907151393540516e+03 3.381267119132196058e+03
3.216502678783889223e+03 3.325486111478708153e+03
3.150565614361653388e+03 3.259153686822405234e+03
3.062641407275738402e+03 3.172908671935498205e+03
2.946211869099856813e+03 3.061048732805605141e+03
2.799439734313041299e+03 2.922132057053739572e+03
2.625712648232540687e+03 2.759419884535245274e+03
2.433931274850008322e+03 2.581093283989669089e+03
2.237882054343750042e+03 2.399609106449572664e+03
2.053277968775765657e+03 2.229029517708092044e+03
1.893495003562897637e+03 2.081216959515549661e+03
1.765892126573161249e+03 1.962550268820185011e+03
1.671489500602346880e+03 1.873712238832696130e+03
1.606826759669914281e+03 1.811404915910362433e+03
1.564297969413843020e+03 1.768706036861736948e+03
1.531759298064709810e+03 1.734792265985672429e+03
1.494627364935628066e+03 1.696846456099871602e+03
1.441627590972681901e+03 1.645097247479749285e+03
1.368583841682398770e+03 1.576060162144809283e+03
1.278165743729920905e+03 1.492225902122213483e+03
1.178875972909757820e+03 1.401094442181671866e+03
1.082952626820827845e+03 1.313281793837508758e+03
1.001371496064125040e+03 1.238171758171368310e+03
9.396476648840366579e+02 1.180345479397345343e+03
8.969892428359432870e+02 1.138948739200832733e+03
8.664555864293776040e+02 1.107929854604626826e+03
8.374935088955941183e+02 1.078282600968225552e+03
8.016340341764467894e+02 1.042888967719749189e+03
7.557411832547609265e+02 9.992048842937680320e+02
7.025130991991462679e+02 9.495958557249691694e+02
6.495403670758012140e+02 9.004477523244856911e+02
6.043089463596134010e+02 8.579398691884716754e+02
5.696367247573382429e+02 8.242989410566199240e+02
5.432709406737999416e+02 7.975684458916375661e+02
5.193979760491787374e+02 7.729377974676302756e+02
4.926010601748281488e+02 7.460120238184256323e+02
4.617902942757563096e+02 7.159637543545206881e+02
4.298779198309819662e+02 6.851832688729966776e+02
4.010782037524166981e+02 6.570388743899695783e+02
3.775318839847586219e+02 6.331799694895994435e+02
3.577645389881894289e+02 6.123835654926861025e+02
3.385852116200650244e+02 5.921223852199525481e+02
3.182033114462007575e+02 5.710157139219883220e+02
2.973966923737718275e+02 5.496895035953317574e+02
2.782590967092693290e+02 5.297515198831201815e+02
2.616833947768091093e+02 5.118540745523858391e+02
2.467421539882654713e+02 4.952675014823389006e+02
2.320177161945903492e+02 4.789218821094600003e+02
2.173321371579108643e+02 4.626925906924820993e+02
2.035081996231171786e+02 4.471860493854093761e+02
1.910545405882866419e+02 4.327591795751381483e+02
1.795381637823971914e+02 4.190840911355959975e+02
1.684070477642093522e+02 4.057615127786572202e+02
1.577278226317056635e+02 3.928384152405199075e+02
1.478194189094755586e+02 3.805321899455615835e+02
1.386501048812712327e+02 3.688115009775042950e+02
1.299565857507805902e+02 3.574909289348681227e+02
1.217013324757742936e+02 3.465416668664271924e+02
1.139940014847243930e+02 3.360322175796220563e+02
1.067825086853141414e+02 3.259241911689148878e+02
1.000000172466067596e+02 3.161688792270392696e+02
9.362375093422713235e+01 3.067470549376672011e+02
8.763270781953487187e+01 2.976413644351188736e+02
8.200661496092919833e+01 2.888355323242544159e+02
7.672594137026844408e+01 2.803142925512899524e+02
7.177190569690336019e+01 2.720633243944173500e+02
6.712647915842907764e+01 2.640691931457884607e+02
6.277214787660960127e+01 2.563191405051592824e+02
5.869139250232053229e+01 2.488006541246495260e+02
5.486752028668368553e+01 2.415019125266286437e+02
5.128483207152140011e+01 2.344118728304809451e+02
4.792856421948497569e+01 2.275202233775579828e+02
4.478483390503224371e+01 2.208173397489316585e+02
4.184058757175672127e+01 2.142942438770894569e+02
3.908355549539393792e+01 2.079425807828859831e+02
3.650228370964193658e+01 2.017549685492579670e+02
3.408607243284457411e+01 1.957249482279238180e+02
3.182483606828256129e+01 1.898464927040404575e+02
2.970906647883057161e+01 1.841139591235291846e+02
2.772980302582216439e+01 1.785220673207512903e+02
2.587860391961882556e+01 1.730658794284624378e+02
2.414751884350787492e+01 1.677407805750421232e+02
2.252905811758131094e+01 1.625425149265155085e+02
2.101614942765195337e+01 1.574673990720703216e+02
1.960213683915581129e+01 1.525120746651219861e+02
1.828076677440576603e+01 1.476733854920550755e+02
1.704616498770176136e+01 1.429483654523564837e+02
1.589281475626492046e+01 1.383342271458030837e+02
1.481553623752087567e+01 1.338283509348396763e+02
1.380946696882584668e+01 1.294282764125961194e+02
1.287004528021435945e+01 1.251318118946336142e+02
1.199299322716204408e+01 1.209370737407294172e+02
1.117429676099456515e+01 1.168422816886949107e+02
1.041019002591979437e+01 1.128457340833334541e+02
9.697140804027080563e+00 1.089458017809654962e+02
9.031836753622968672e+00 1.051409222962459609e+02
8.411172402160216777e+00 1.014295941853362848e+02
7.832236601934341458e+00 9.781038888474814996e+01
7.292299223670323016e+00 9.428206753765635995e+01
6.788801812234369848e+00 9.084348301162386008e+01
6.319348347633515495e+00 8.749349781398620962e+01
5.881695356187425894e+00 8.423098110004653449e+01
5.473742584249869481e+00 8.105480643979960576e+01
5.093524212975270693e+00 7.796384974094152653e+01
4.739200584740605571e+00 7.495698763924920627e+01
4.409050377349780447e+00 7.203316991896926424e+01
4.101463240412519085e+00 6.919149687520162217e+01
3.814932984384027836e+00 6.643104934372841797e+01
3.548051097544231869e+00 6.375086419637884205e+01
3.299500635903258594e+00 6.114993609657616247e+01
3.068050478128047764e+00 5.862721931700770028e+01
2.852549924973429629e+00 5.618162961412924261e+01
2.651923609341455990e+00 5.381205720551508875e+01
2.465166560310267485e+00 5.151750226804247745e+01
2.291339834514309892e+00 4.929700775242773858e+01
2.129566458059670264e+00 4.714954566705780081e+01
