2.900232373176181500e+04 2.887312418872429043e+04
2.921329198337772323e+04 2.907937539958023626e+04
2.940846381517889313e+04 2.926973925681467517e+04
2.958695229598819424e+04 2.944333254361347645e+04
2.974784516016730777e+04 2.959924847808348568e+04
2.989018972949436284e+04 2.973654222173964445e+04
3.001305009968019294e+04 2.985428668198917876e+04
3.011550487727873406e+04 2.995157022281072932e+04
3.019659843676310629e+04 3.002744832893671992e+04
3.025538899969567137e+04 3.008099142218158886e+04
3.029097525970231800e+04 3.011131136351737587e+04
3.030244446005571081e+04 3.011751064689995837e+04
3.028886701515094319e+04 3.009867727861276944e+04
3.024937135323209441e+04 3.005395830032616868e+04
3.018313691402534096e+04 2.998255323949810554e+04
3.008933851520941244e+04 2.988366043449680001e+04
2.996721469573098875e+04 2.975654340909808161e+04
2.981609616907649252e+04 2.960055861501230902e+04
2.963536103805570383e+04 2.941511334762924162e+04
2.942444531543298217e+04 2.919967600604828840e+04
2.918290441783115966e+04 2.895383452138303619e+04
2.891041134511058772e+04 2.867729582196123374e+04
2.860673456931545661e+04 2.836986752593475831e+04
2.827177955220798322e+04 2.803149438375320460e+04
2.790560571190428891e+04 2.766227393761163330e+04
2.750844842710938610e+04 2.726248379814216605e+04
2.708071857913546410e+04 2.683257916336251947e+04
2.662299069156630503e+04 2.637317547451975042e+04
2.613605017769185361e+04 2.588509819896176850e+04
2.562097142997057017e+04 2.536946573105267089e+04
2.507899878738225016e+04 2.482756182075217293e+04
2.451153957676814025e+04 2.426082714421061610e+04
2.392039073116518921e+04 2.367109228354681545e+04
2.330761419550285427e+04 2.306044918493887963e+04
2.267534521446879808e+04 2.243105385167331406e+04
2.202599517658830882e+04 2.178533133739775803e+04
2.136247769220309056e+04 2.112620423393251986e+04
2.068771048475610223e+04 2.045658938534077242e+04
2.000460310461261543e+04 1.977938491691898162e+04
1.931665661764013930e+04 1.909806787753413300e+04
1.862751430403146878e+04 1.841624746549264091e+04
1.794053517186101817e+04 1.773724135504482547e+04
1.725925128348489670e+04 1.706452529717417565e+04
1.658766091164387399e+04 1.640202211920342597e+04
1.592934587220204048e+04 1.575323791449399869e+04
1.528752645229501104e+04 1.512131435697844245e+04
1.466589195290478528e+04 1.450982577637576105e+04
1.406791896125434505e+04 1.392213046117159138e+04
1.349645319880100215e+04 1.336097315202618847e+04
1.295395157986355298e+04 1.282869721522119653e+04
1.244260578660513420e+04 1.232735892164796496e+04
1.196413413744430727e+04 1.185856523709663088e+04
1.151988444682904628e+04 1.142356433691550228e+04
1.111111061598071319e+04 1.102346014552595261e+04
1.073886295604935549e+04 1.065915766517483826e+04
1.040382917054459540e+04 1.033122991758792159e+04
1.010419665533849366e+04 1.003782175428447954e+04
9.836492856407707222e+03 9.775462717056176189e+03
9.597559756647089671e+03 9.540994715312375774e+03
9.383967777328747616e+03 9.331017202921077114e+03
9.192130905121512114e+03 9.141992429334344706e+03
9.018571344180343658e+03 8.970494703880165616e+03
8.858553827672158150e+03 8.811929491642267749e+03
8.707001369776562569e+03 8.661390501937763474e+03
8.558218718375730532e+03 8.513416718571208548e+03
8.404980798755030264e+03 8.361153697798088615e+03
8.240236713540238270e+03 8.197933592064051481e+03
8.056773046883411553e+03 8.017024333453083273e+03
7.847971697440659227e+03 7.812280928350766771e+03
7.609264434218266615e+03 7.579560075442234847e+03
7.338029598768876895e+03 7.316573224643464528e+03
7.034779118617082531e+03 7.023988616782046847e+03
6.702811249139792380e+03 6.705083667540173337e+03
6.347240669848366451e+03 6.364810428517611399e+03
5.974580237294324434e+03 6.009390678064819440e+03
5.593298134542354092e+03 5.646815513645000465e+03
5.212628047656325180e+03 5.285746448669670826e+03
4.842571498919972328e+03 4.935504791795286110e+03
4.493019976055526058e+03 4.605234581797903957e+03
4.174087630154030194e+03 4.304197807098848898e+03
3.893385037816643035e+03 4.039350414221423307e+03
3.656478407964321832e+03 3.815598028472321403e+03
3.465266624074714855e+03 3.634516780714220658e+03
3.317913876277699273e+03 3.494138276864142426e+03
3.209321312818115075e+03 3.389551906089206568e+03
3.131803852971725973e+03 3.313471334690623735e+03
3.075200107223058694e+03 3.256445958610040634e+03
3.028060762780865389e+03 3.207923614398618156e+03
2.977841085241245310e+03 3.156482550371615162e+03
2.912938882607671076e+03 3.091671910425668557e+03
2.824079306711278150e+03 3.005237308249188118e+03
2.706120321701023386e+03 2.892725971364138786e+03
2.558773289066175039e+03 2.754095175396264949e+03
2.387059282046784574e+03 2.594051936925789960e+03
2.201304820241919970e+03 2.422007528123489465e+03
2.016188950215132991e+03 2.251174910077961158e+03
1.846909724128473272e+03 2.095063829986967448e+03
1.704563050183439827e+03 1.963410290953891035e+03
1.594126748793352590e+03 1.860429658000102108e+03
1.515197903953988998e+03 1.785526878126725478e+03
1.463373122434306879e+03 1.734593438376382210e+03
1.429904793949164286e+03 1.699768190625941770e+03
1.401544342816572680e+03 1.669362926068426077e+03
1.364685445695587077e+03 1.631518823307096909e+03
1.310448421573204314e+03 1.578615056513774107e+03
1.236831503736799277e+03 1.509076607854128270e+03
1.148147820805247420e+03 1.426806654293151951e+03
1.054218104853829118e+03 1.340393223250391202e+03
9.671703156228459193e+02 1.260266103435654941e+03
8.961962844884849346e+02 1.194183051580550000e+03
8.448028013604288162e+02 1.144951278338426391e+03
8.103378954195958386e+02 1.110140020894275722e+03
7.844668051285393631e+02 1.082594273231184388e+03
7.571218409069635982e+02 1.053823822455585059e+03
7.215810542487945440e+02 1.018258549889646588e+03
6.763945437098713001e+02 9.748007383637121848e+02
6.259175248067182338e+02 9.271731954608463866e+02
5.781661428065982591e+02 8.820274665242944820e+02
5.391908786733029046e+02 8.442665281488432356e+02
5.101756744558649075e+02 8.147372668903357180e+02
4.876625128911746856e+02 7.905338755261979031e+02
4.656030964892893280e+02 7.667423268812249262e+02
4.398537809501163451e+02 7.400736079905123006e+02
4.107096073232047502e+02 7.108287340094025240e+02
3.816811544576225401e+02 6.818289544717338231e+02
3.565976384714846859e+02 6.560634956987263422e+02
3.364378872566435916e+02 6.342307688692374086e+02
3.189655929835200823e+02 6.145453911936428995e+02
3.012440427738599169e+02 5.947422675478122756e+02
2.822792085003643479e+02 5.740904349614149851e+02
2.634631129714525741e+02 5.536653631584691766e+02
2.466585670322376131e+02 5.348518369571949052e+02
2.321971072260392646e+02 5.178614538884772855e+02
2.187858698979497944e+02 5.017207051349863605e+02
2.053494791287413364e+02 4.856491373038547863e+02
1.920929690059234645e+02 4.698045430168583039e+02
1.798739190088066096e+02 4.547934059455953957e+02
1.688948453567265062e+02 4.407409282869417098e+02
1.585880469611775254e+02 4.272404055366512807e+02
1.485707718511249311e+02 4.140286376658281711e+02
1.390584194394221811e+02 4.012513668743308131e+02
1.303024913262559039e+02 3.890689042448778423e+02
1.221494946693467654e+02 3.773712359618972414e+02
1.143892189328696531e+02 3.660193214317271213e+02
1.070571871001585720e+02 3.550313117450291429e+02
1.002339325554493570e+02 3.444542805356163626e+02
9.383705679043768555e+01 3.342331144809313628e+02
8.782360194200781223e+01 3.243362994209700787e+02
8.217392834265726265e+01 3.147480635863440170e+02
7.686909505458078229e+01 3.054536368953636156e+02
7.189081080474026919e+01 2.964391460263796034e+02
6.722144871867546101e+01 2.876915603083206747e+02
6.284405580167201322e+01 2.791986413326815182e+02
5.874235378680917563e+01 2.709488941831859847e+02
5.490033756296727319e+01 2.629313305913200907e+02
5.130206379162018493e+01 2.551352870538228501e+02
4.793246316265278750e+01 2.475507478806942174e+02
4.477738065794421374e+01 2.401683486236287024e+02
4.182352060436745234e+01 2.329793382601584995e+02
3.905839503318107830e+01 2.259755437951363035e+02
3.647027514447542984e+01 2.191493370732690664e+02
3.404815618920392239e+01 2.124936509987802822e+02
3.178180592662518578e+01 2.060023874047983554e+02
2.966165131460327231e+01 1.996701267822354282e+02
2.767867137890463880e+01 1.934917867647086211e+02
2.582436747169509061e+01 1.874625989203867107e+02
2.409073580437055995e+01 1.815780908639479776e+02
2.247024120500681121e+01 1.758340692202139053e+02
2.095579205085024199e+01 1.702266034931644469e+02
1.954070752927171739e+01 1.647520956929845397e+02
1.821868312769483467e+01 1.594073987659940030e+02
1.698379401207623474e+01 1.541895817250878054e+02
1.583047766877515450e+01 1.490958750705526370e+02
1.475351285924610956e+01 1.441236603505223286e+02
1.374799971599603943e+01 1.392704601365202848e+02
1.280934092372340949e+01 1.345339283944728379e+02
1.193322408683205182e+01 1.299118497218566972e+02
1.111560732692302444e+01 1.254022685407789908e+02
1.035270219867921782e+01 1.210034358048019669e+02
9.640956207311903725e+00 1.167136649087307916e+02
8.977038777899380761e+00 1.125313216916900103e+02
8.357828078763549939e+00 1.084548192403732543e+02
7.780398574609128204e+00 1.044826129307272566e+02
7.242009272963868760e+00 1.006131957051916572e+02
6.740092135182154998e+00 9.684514217371000200e+01
6.272240323050483291e+00 9.317724312759101224e+01
5.836200280749370251e+00 8.960832619162255241e+01
5.429862901660873042e+00 8.613719823450890090e+01
5.051254628250380740e+00 8.276264476487372690e+01
4.698529073119267707e+00 7.948342946926634056e+01
4.369959132731684015e+00 7.629829388969500314e+01
4.063929565174115410e+00 7.320596176967279689e+01
3.778929960839169766e+00 7.020528556173857737e+01
3.513548183506836509e+00 6.729524963567224916e+01
3.266464265661285893e+00 6.447477289047840543e+01
3.036444604758314902e+00 6.174270084439086759e+01
2.822336505017651209e+00 5.909781037807827886e+01
2.623063049333631103e+00 5.653881445140979878e+01
2.437618282458223984e+00 5.406436678247706595e+01
2.265062656904480054e+00 5.167309319678020785e+01
