1.060931497681905967e+04 1.060086054610559222e+04
1.065098473919101525e+04 1.064231739761483004e+04
1.068611145224630673e+04 1.067723556262795501e+04
1.071435579088328268e+04 1.070527680151845743e+04
1.073538424830509393e+04 1.072610874036163295e+04
1.074887316032551462e+04 1.073940886495029372e+04
1.075448801419790470e+04 1.074484388768217650e+04
1.075189467223798601e+04 1.074208093994169576e+04
1.074077727270424111e+04 1.073080542123892519e+04
1.072082431513009033e+04 1.071070712732274478e+04
1.069171180940622617e+04 1.068146345232662134e+04
1.065313793048409934e+04 1.064277393298099014e+04
1.060482701738250762e+04 1.059436423083454247e+04
1.054650362688731366e+04 1.053596025619527427e+04
1.047791207922478316e+04 1.046730765459484428e+04
1.039883656112575045e+04 1.038819184701818449e+04
1.030908662379750422e+04 1.029842355644739473e+04
1.020848733694832481e+04 1.019782897970149497e+04
1.009691190755373100e+04 1.008628231810745638e+04
9.974284891860786956e+03 9.963708974252618646e+03
9.840566882429066027e+03 9.830070275068397677e+03
9.695770669374131103e+03 9.685379580510334563e+03
9.539972893123704125e+03 9.529713896817000204e+03
9.373316204004822794e+03 9.363216058679869093e+03
9.196010687486354072e+03 9.186096156532463283e+03
9.008334226454131567e+03 8.998631839542320449e+03
8.810640531415469013e+03 8.801176356393145397e+03
8.603392293389335464e+03 8.594191794007090721e+03
8.387127251128204080e+03 8.378215060242344407e+03
8.162442518853119509e+03 8.153842179787876375e+03
7.930060895384643118e+03 7.921794776179676774e+03
7.690829257226078880e+03 7.682918485831884936e+03
7.445624497415907172e+03 7.438088702647142782e+03
7.195388998843051013e+03 7.188246174425452409e+03
6.941267724485538565e+03 6.934534483749931496e+03
6.684427475541291642e+03 6.678118910599040646e+03
6.426001038286328367e+03 6.420130487339543834e+03
6.167294153894644296e+03 6.161873503915560832e+03
5.909728032337749028e+03 5.904767979537840802e+03
5.654596241324626135e+03 5.650106062777111219e+03
5.403168154674175639e+03 5.399155707499663549e+03
5.156935088041395829e+03 5.153407333824606212e+03
4.917242519262743372e+03 4.914205539583645987e+03
4.685230719284810220e+03 4.682689646242522940e+03
4.462171497248453306e+03 4.460130505342128345e+03
4.249337688901976435e+03 4.247800214828301250e+03
4.047720472430306017e+03 4.046689598887270677e+03
3.858114267490027942e+03 3.857592769620115178e+03
3.681239095947982150e+03 3.681228996356741391e+03
3.517624846498039005e+03 3.518128171019754518e+03
3.367636350273680364e+03 3.368655957964414483e+03
3.231631140651356418e+03 3.233170061321520734e+03
3.109935337601828905e+03 3.111997094329466563e+03
3.002783410486409139e+03 3.005373537947623845e+03
2.909659099160854566e+03 2.912786250847243991e+03
2.829127177553902129e+03 2.832803256606295690e+03
2.759875112080109375e+03 2.764115246624158317e+03
2.700655977432284999e+03 2.705479240210248918e+03
2.650216584806100855e+03 2.655646849008279787e+03
2.607394606755961831e+03 2.613460220651235431e+03
2.570547231549565367e+03 2.577280639543577308e+03
2.537673522165056056e+03 2.545109990488037965e+03
2.506672864054621186e+03 2.514848002471456311e+03
2.474781764593441494e+03 2.483726712923190917e+03
2.439180055816317235e+03 2.448917044654703204e+03
2.397013237545610991e+03 2.407549023906096409e+03
2.345536679335540612e+03 2.356856329524965531e+03
2.282651854445580739e+03 2.294716083389205778e+03
2.207079359479985669e+03 2.219823658115553371e+03
2.118529727629791978e+03 2.131868320216196935e+03
2.017973652412245428e+03 2.031808783803063307e+03
1.907025079682434580e+03 1.921254809083379541e+03
1.787906722387435593e+03 1.802435366622401716e+03
1.663587733623372742e+03 1.678334902652716437e+03
1.537595718387167835e+03 1.552505152703991826e+03
1.413797591548918263e+03 1.428841404731717375e+03
1.296024447146289504e+03 1.311202504187466729e+03
1.188325461101055907e+03 1.203658412214539112e+03
1.093775536534308685e+03 1.109304409933019997e+03
1.014613520677427118e+03 1.030382295732978491e+03
9.519285584113999903e+02 9.679891453595594157e+02
9.052927131163490913e+02 9.216962762313236226e+02
8.734012253909912715e+02 8.902036980253213869e+02
8.538381394716659543e+02 8.711008682840575830e+02
8.434229907867829752e+02 8.612110955732160846e+02
8.382684323961656219e+02 8.566426599040019028e+02
8.338535848791675562e+02 8.528510524315738621e+02
8.256399518100014348e+02 8.452521325372174488e+02
8.095645054019669260e+02 8.297165137640639614e+02
7.828069521028623967e+02 8.033537544794226051e+02
7.441822528735945070e+02 7.649272993438930826e+02
6.945673214953640127e+02 7.153024650362452803e+02
6.372070161222526394e+02 6.577695431139120501e+02
5.774236145069185113e+02 5.977396849786645134e+02
5.210675705383572449e+02 5.411536995521333893e+02
4.728341228668780332e+02 4.927679324246914803e+02
4.353235800832164841e+02 4.552057550870326850e+02
4.092127734723479762e+02 4.291459886042674157e+02
3.937893839350864482e+02 4.138762963239336727e+02
3.865768176300386472e+02 4.069141351362568457e+02
3.832129146823410224e+02 4.038653016383283898e+02
3.785848893038662482e+02 3.995465802055099402e+02
3.686120592173575687e+02 3.897862662349000402e+02
3.512420386141801032e+02 3.724585148836258668e+02
3.268033307683311364e+02 3.478758402707270534e+02
2.982124725948837636e+02 3.190168595324786338e+02
2.699724633572630523e+02 2.904891249843761329e+02
2.461194061247820457e+02 2.664114073518693431e+02
2.289517252570926189e+02 2.491202313518114124e+02
2.185443813609695383e+02 2.386939025401310630e+02
2.126002913727076589e+02 2.328062717969274615e+02
2.075663677659998427e+02 2.278436282814021752e+02
2.003311056498515939e+02 2.206183596961638784e+02
1.892235865117475271e+02 2.094010153135472763e+02
1.749003865104378406e+02 1.948561520580426532e+02
1.600536229242302682e+02 1.797501356227971030e+02
1.474165838455745359e+02 1.668893922460684678e+02
1.383270828196414186e+02 1.576451205550207533e+02
1.322810397846534443e+02 1.515050888626416281e+02
1.272709430096566194e+02 1.464162228437595559e+02
1.212863520355619897e+02 1.403110219039121205e+02
1.136420342072613892e+02 1.324779386499134546e+02
1.051684858297194722e+02 1.237712054733545415e+02
9.745497759611788524e+01 1.158304375409095854e+02
9.145436823079842270e+01 1.096386931696684428e+02
8.681912938533636748e+01 1.048404510739182172e+02
8.244583122503958350e+01 1.002998242500329127e+02
7.753623458962292148e+01 9.519149310199045999e+01
7.224206608434231214e+01 8.967141253101858922e+01
6.730793380301496143e+01 8.451053507871705506e+01
6.320083191952939927e+01 8.019310795448880924e+01
5.965516798427645995e+01 7.644575525786899561e+01
5.614941788184961524e+01 7.272914161288981916e+01
5.252200265643597987e+01 6.887582353261468882e+01
4.905664135799649017e+01 6.518056117921710779e+01
4.599702351651702514e+01 6.189701547170891160e+01
4.323452992141640294e+01 5.891331274326199008e+01
4.054723093067188699e+01 5.599954295028740603e+01
3.792308408729270042e+01 5.314362109152143177e+01
3.549367431812915896e+01 5.048292677285070340e+01
3.327726242735563744e+01 4.803707673010659107e+01
3.118056191302879299e+01 4.570955528187878514e+01
2.917204759134996550e+01 4.346801614237614331e+01
2.729693981352544796e+01 4.136000659599469031e+01
2.555805478582164270e+01 3.938900412006590557e+01
2.392513798261439817e+01 3.752429525586030223e+01
2.238753373667817570e+01 3.575489026504416046e+01
2.094146120420621671e+01 3.407701282170446433e+01
1.958306205492094421e+01 3.248693033830467414e+01
1.830842869933535511e+01 3.098095893916823229e+01
1.711363891949711302e+01 2.955547766894034467e+01
1.599478237320791507e+01 2.820693553878296811e+01
1.494766516425873881e+01 2.693141878667883304e+01
1.396769788282417935e+01 2.572442078034316992e+01
1.305053689086586211e+01 2.458166602568830328e+01
1.219213115244734702e+01 2.349917707273693424e+01
1.138870127651857800e+01 2.247325179472552747e+01
1.063672016015262400e+01 2.150044253770259672e+01
9.932895102779676577e+00 2.057753697604873722e+01
9.274157423564265201e+00 1.970154494284894398e+01
8.657712621189462610e+00 1.886973107260052984e+01
8.080980895525748053e+00 1.807957268699982123e+01
7.541528547825290474e+00 1.732870639132920587e+01
7.037059737658972303e+00 1.661491648289139178e+01
6.565409647662793446e+00 1.593612495093086956e+01
6.124537904687836765e+00 1.529038220176339280e+01
5.712522254945278100e+00 1.467585845326791727e+01
5.327548528567600528e+00 1.409081958508411780e+01
4.967895209641077336e+00 1.353357694422872903e+01
4.631942889432211885e+00 1.300253667157580928e+01
4.318172405583383444e+00 1.249620881078760881e+01
4.025158872494379203e+00 1.201319985153722847e+01
3.751566050795235086e+00 1.155220585602130612e+01
3.496141037764543658e+00 1.111200611966153318e+01
3.257709290307730043e+00 1.069145718681783208e+01
3.035171169118297207e+00 1.028948135052663915e+01
2.827497563090455746e+00 9.905060270380230847e+00
2.633723685013856564e+00 9.537239479133686970e+00
2.452945099830943221e+00 9.185124615492055611e+00
2.284314127492754753e+00 8.847877264562479027e+00
2.127036446545832238e+00 8.524711114035348203e+00
1.980367888276295618e+00 8.214888400121257206e+00
1.843611344430587495e+00 7.917716047677542335e+00
1.716113410136133055e+00 7.632538090035456690e+00
1.597262141455462858e+00 7.358736030880745460e+00
1.486484869856368629e+00 7.095729263165430289e+00
1.383245774502952941e+00 6.842972567068482448e+00
1.287043594480568709e+00 6.599953762514210176e+00
1.197409476794862204e+00 6.366191532840537626e+00
1.113904952553155248e+00 6.141233406056888278e+00
1.036120039497467005e+00 5.924654136736701382e+00
9.636714618078703332e-01 5.716054432812820885e+00
8.962009523713674319e-01 5.515058615387371965e+00
8.333736707460177584e-01 5.321312966987226112e+00
7.748767203657092040e-01 5.134484344975493997e+00
7.204177558384127211e-01 4.954258890158467210e+00
6.697236751464415994e-01 4.780340823288322660e+00
6.225393902356927134e-01 4.612451373602647564e+00
5.786266328205550424e-01 4.450329117749100227e+00
5.377628825772529098e-01 4.293728942253932424e+00
