2.327899739066504117e+04 2.309074304871787535e+04
2.356642491739039542e+04 2.337064144060840772e+04
2.384637320601214378e+04 2.364287808684065385e+04
2.411813748285529437e+04 2.390675553430940272e+04
2.438099846707004690e+04 2.416156329478872431e+04
2.463422743463682127e+04 2.440658250733803288e+04
2.487706289281708814e+04 2.464106301653032278e+04
2.510872267322632979e+04 2.486423536897994927e+04
2.532842281540281328e+04 2.507532948377068169e+04
2.553536074532218117e+04 2.527355857208922680e+04
2.572869897962633695e+04 2.545810358735506816e+04
2.590760178418854412e+04 2.562814867088436586e+04
2.607123774691272411e+04 2.578288376913921093e+04
2.621875140848336378e+04 2.592147759282437255e+04
2.634928820816377629e+04 2.604310168086528574e+04
2.646201387059678746e+04 2.614694910865880229e+04
2.655609538395809432e+04 2.623221658538252814e+04
2.663069726428643844e+04 2.629810108924132874e+04
2.668501660619320319e+04 2.634383330544282944e+04
2.671828450936077206e+04 2.636867926412038651e+04
2.672974949468703198e+04 2.637192528194458646e+04
2.671870320270904267e+04 2.635290196927489160e+04
2.668449417026152150e+04 2.631099725695019879e+04
2.662653431928068312e+04 2.624566407772648017e+04
2.654430445880454499e+04 2.615642549684047844e+04
2.643735890866651971e+04 2.604287768034015244e+04
2.630534516651546801e+04 2.590470975302007355e+04
2.614803790045594724e+04 2.574173854535890132e+04
2.596530635129744041e+04 2.555387422715508728e+04
2.575711795023991726e+04 2.534112332961166248e+04
2.552363444983245427e+04 2.510368527878924942e+04
2.526517463177857644e+04 2.484191430158678850e+04
2.498214756003748334e+04 2.455625174355200579e+04
2.467515235206488796e+04 2.424732557228045698e+04
2.434507828609153876e+04 2.391605007424733412e+04
2.399290745230139873e+04 2.356342799808509517e+04
2.361972700776018974e+04 2.319056255306518506e+04
2.322700303705455008e+04 2.279893062503103647e+04
2.281637160807368491e+04 2.239017372842670375e+04
2.238948031073369930e+04 2.196593973070653010e+04
2.194826359674305422e+04 2.152815770353815969e+04
2.149502921762252663e+04 2.107912400143788909e+04
2.103203371632125709e+04 2.062107869502469475e+04
2.056153816511777768e+04 2.015626205046057657e+04
2.008617335454595377e+04 1.968728093730909313e+04
1.960855031063008937e+04 1.921671881694771946e+04
1.913111709976932616e+04 1.874699287133002508e+04
1.865662527003249852e+04 1.828082077491583914e+04
1.818807305683116283e+04 1.782116466593004952e+04
1.772819715893243483e+04 1.737072439439293885e+04
1.727928289245288761e+04 1.693175519061195155e+04
1.684280188232129149e+04 1.650571984861667079e+04
1.641994234941625473e+04 1.609380128261278696e+04
1.601183249167158465e+04 1.569712167151525864e+04
1.562054864470922985e+04 1.531774531720198866e+04
1.524868988793615245e+04 1.495825865567002984e+04
1.489856351978295061e+04 1.462096385557230860e+04
1.457019964505760436e+04 1.430593132040576893e+04
1.426049912478109036e+04 1.401015908932269122e+04
1.396634630022489728e+04 1.373062449130979621e+04
1.368494123505874450e+04 1.346461317493182469e+04
1.341381293343868856e+04 1.320973335103758654e+04
1.315063456064875754e+04 1.296372683596621937e+04
1.289242933613864443e+04 1.272367932411555194e+04
1.263574070385259620e+04 1.248618317143549393e+04
1.237711097521713054e+04 1.224780373752237938e+04
1.211235856396292183e+04 1.200434521980544014e+04
1.183740228985857902e+04 1.175167189515582140e+04
1.154809029107669267e+04 1.148552362200055541e+04
1.124043448651260042e+04 1.120174748368497421e+04
1.091158351288671111e+04 1.089728640705097132e+04
1.056004229503010720e+04 1.057040853010658975e+04
1.018613355385468094e+04 1.022119947975207651e+04
9.792717402249454608e+03 9.852327148849324658e+03
9.384201958660571108e+03 9.468052303468759419e+03
8.966877374572653935e+03 9.074605228771193651e+03
8.547681019647592620e+03 8.678917550996327918e+03
8.133987060114440283e+03 8.288423702052377848e+03
7.733048155977023271e+03 7.910472030364559942e+03
7.351687051563595560e+03 7.552016743291735111e+03
6.996487031764473613e+03 7.219768283368768607e+03
6.672840453323627116e+03 6.919301230732262411e+03
6.384529862162999052e+03 6.654541348278549776e+03
6.133339217101529357e+03 6.427456698792253519e+03
5.917231253163525253e+03 6.236128512274288369e+03
5.731550681400114627e+03 6.075975623931859445e+03
5.568195638214291648e+03 5.938829289717510619e+03
5.417574068941299629e+03 5.814861532420573894e+03
5.269379654079423744e+03 5.693319424812629222e+03
5.113980400972767711e+03 5.563937251637126792e+03
4.943615821364163821e+03 5.418224970955611752e+03
4.753347534291323427e+03 5.250552713043018230e+03
4.542398586264280311e+03 5.059732275146300708e+03
4.314111521752435692e+03 4.849069336571591521e+03
4.075373190377341416e+03 4.625817892082025537e+03
3.835493311121125771e+03 4.399960956887662178e+03
3.604998474774141869e+03 4.182827179586447528e+03
3.394262702648018148e+03 3.985566258606463634e+03
3.211328738438566234e+03 3.816820249493523988e+03
3.059269087215310719e+03 3.679934180644547268e+03
2.934701542362766304e+03 3.571407683753035144e+03
2.829383251704660324e+03 3.482553858469603256e+03
2.733322940289429880e+03 3.402711438647498653e+03
2.636536948672436665e+03 3.321047438373718251e+03
2.530126105105484385e+03 3.227729746043936302e+03
2.409127883491808461e+03 3.117165925524035629e+03
2.275619186417527544e+03 2.991577050318319380e+03
2.137666181504764609e+03 2.859883009000888705e+03
2.004893374281615934e+03 2.732714649717887369e+03
1.885403084993806260e+03 2.618931635262666077e+03
1.784026393058982194e+03 2.523738636424210654e+03
1.700307339987910382e+03 2.446600876917296318e+03
1.628253587825429122e+03 2.381034595616353727e+03
1.559710571281961847e+03 2.318221242815570349e+03
1.487361858830621486e+03 2.250235854340769492e+03
1.408084698221912731e+03 2.173742810974549684e+03
1.324873083912120592e+03 2.092109855621900806e+03
1.243880432767946559e+03 2.012089028188331213e+03
1.170544457960334967e+03 1.939526006469923232e+03
1.107509670977000269e+03 1.877159663693408447e+03
1.052818627229196636e+03 1.822837070385001425e+03
1.001454941120647504e+03 1.771252381125754255e+03
9.492771367286635495e+02 1.718112213938933337e+03
8.951672474360258320e+02 1.662360736338217521e+03
8.415355932029633550e+02 1.606606095882237014e+03
7.919208195912153769e+02 1.554505515136220538e+03
7.477166981200565488e+02 1.507417647614620591e+03
7.076900451983317453e+02 1.464043723910717290e+03
6.693085779664415895e+02 1.421867103453007758e+03
6.310543638833013347e+02 1.379459623799888504e+03
5.936171342719439963e+02 1.337562846825259840e+03
5.585962683983588022e+02 1.297724208420884224e+03
5.265799741347748295e+02 1.260463099111402016e+03
4.967616057991608045e+02 1.225003798109508125e+03
4.680468079140164264e+02 1.190364110539181183e+03
4.402658616717292830e+02 1.156428066373894808e+03
4.140420875720373601e+02 1.123753744677063878e+03
3.896717642426564794e+02 1.092577297935454226e+03
3.667856081504597796e+02 1.062574202980146993e+03
3.449476051843005848e+02 1.033393297694311286e+03
3.241837798203482635e+02 1.005063259671369565e+03
3.046926265345527440e+02 9.777305419071701635e+02
2.863983005874993069e+02 9.513249618275157218e+02
2.690862550635164325e+02 9.256845786057199348e+02
2.527027796534112554e+02 9.007684380719383626e+02
2.372918343964319661e+02 8.765972449680667751e+02
2.227923828875867400e+02 8.531198594165946361e+02
2.091391127918323889e+02 8.302858169319696344e+02
1.962681003001048055e+02 8.080485100034528614e+02
1.841397305345569464e+02 7.863732033086929505e+02
1.727168471138686527e+02 7.652280802041047991e+02
1.619635922745509902e+02 7.445836114106464265e+02
1.518454167212333630e+02 7.244124286255390643e+02
1.423290825639304842e+02 7.046892073802375762e+02
1.333826521616911691e+02 6.853905476418096896e+02
1.249748735359669496e+02 6.664940264664679717e+02
1.170749354081111875e+02 6.479776072288409523e+02
1.096535873688880685e+02 6.298210166619800248e+02
1.026831756977618824e+02 6.120058061846430064e+02
9.613756142649920378e+01 5.945152614563155566e+02
8.999204231181097668e+01 5.773343170022500317e+02
8.422327854645661205e+01 5.604494752091192140e+02
7.880925727523715807e+01 5.438490001675712620e+02
7.372935978611879193e+01 5.275239665089088703e+02
6.896413029965974317e+01 5.114670556952129914e+02
6.449515243545101839e+01 4.956719707180507157e+02
6.030500092997232997e+01 4.801333782202337375e+02
5.637719508376968491e+01 4.648468519760616573e+02
5.269615387113365301e+01 4.498088171311352994e+02
4.924715118188723295e+01 4.350165965367076524e+02
4.601624467764618487e+01 4.204704226780318095e+02
4.299024658849452152e+01 4.061729734112328742e+02
4.015671917102802979e+01 3.921270606908199738e+02
3.750393681032495152e+01 3.783355070767814823e+02
3.502084845059496843e+01 3.648011190123045822e+02
3.269704177328721073e+01 3.515266607182185226e+02
3.052270905878764040e+01 3.385148300669576429e+02
2.848861500811977976e+01 3.257693420175491497e+02
2.658606625399143297e+01 3.132966562580734262e+02
2.480688091534646489e+01 3.011029743313962967e+02
2.314336043561168665e+01 2.891936593023957016e+02
2.158826298938732435e+01 2.775732572077701548e+02
2.013477820581332622e+01 2.662455203740974525e+02
1.877650315423510463e+01 2.552134324212223646e+02
1.750741923555255397e+01 2.444793790614041313e+02
1.632186822772530022e+01 2.340463211024294594e+02
1.521453376810148583e+01 2.239169792085410222e+02
1.418042349423522808e+01 2.140930718744768058e+02
1.321485041580076114e+01 2.045753661077150127e+02
1.231341525866505826e+01 1.953637369468218026e+02
1.147198975276364763e+01 1.864572270452593443e+02
1.068670080764133523e+01 1.778541083832847107e+02
9.953914927145685709e+00 1.695520776938115830e+02
9.270223954294150914e+00 1.615483553055509276e+02
8.632432786315520801e+00 1.538395147864628711e+02
8.037546770154195386e+00 1.464215239550652825e+02
7.482759708064405046e+00 1.392898047394998002e+02
6.965442536838822640e+00 1.324392910135279067e+02
6.483132646116060549e+00 1.258644842315900689e+02
6.033523656590198847e+00 1.195594977812584574e+02
