2.273262732670559490e+04 2.256052422437494170e+04
2.301981157111061475e+04 2.284061920037788877e+04
2.329923726339388304e+04 2.311276632561901715e+04
2.357015998626665896e+04 2.337622626777736150e+04
2.383182550988169896e+04 2.363025084020273425e+04
2.408345118050729070e+04 2.387406445296351740e+04
2.432422326020389301e+04 2.410686152155657692e+04
2.455332301453395849e+04 2.432783258227396436e+04
2.476991885264572556e+04 2.453615671811322682e+04
2.497313241760959500e+04 2.473096846627764899e+04
2.516207746195729851e+04 2.491139603297013673e+04
2.533587354258745108e+04 2.507657481482437288e+04
2.549361784193061612e+04 2.522562000328957947e+04
2.563439476240301883e+04 2.535763609736517901e+04
2.575730764984356210e+04 2.547174799151477782e+04
2.586146621433092150e+04 2.556708890292733122e+04
2.594596162904585435e+04 2.564277636871893992e+04
2.600991227143509241e+04 2.569795677296538634e+04
2.605247410468295493e+04 2.573181557968464404e+04
2.607281704055317459e+04 2.574355502055050601e+04
2.607014560488382267e+04 2.573241400238813367e+04
2.604372397333785921e+04 2.569769213890589890e+04
2.599287603971088538e+04 2.563875063505890284e+04
2.591698685002676211e+04 2.555501429112194819e+04
2.581552000830019824e+04 2.544598707693208780e+04
2.568803038677265795e+04 2.531126471760813365e+04
2.553419662280522607e+04 2.515056850311588641e+04
2.535380604845322887e+04 2.496372862643771805e+04
2.514674914750162861e+04 2.475067758541898002e+04
2.491309084052086109e+04 2.451152215238158169e+04
2.465308482624208045e+04 2.424655739777020790e+04
2.436709365987257479e+04 2.395618505629517313e+04
2.405563949443419915e+04 2.364096399821626983e+04
2.371956567687903953e+04 2.330177180899262385e+04
2.335985632732366867e+04 2.293962321176584373e+04
2.297759047284646658e+04 2.255562367389016799e+04
2.257419959006543286e+04 2.215122604411114662e+04
2.215139085496843109e+04 2.172815328276250148e+04
2.171089648139587007e+04 2.128814804943164563e+04
2.125465584145710818e+04 2.083315340924200063e+04
2.078510929136948835e+04 2.036560407635969386e+04
2.030470143644099517e+04 1.988793280437088470e+04
1.981582874483539854e+04 1.940251859196603982e+04
1.932127756165287428e+04 1.891212130764169342e+04
1.882394258983734107e+04 1.841960229472504216e+04
1.832651419256570080e+04 1.792761468709757901e+04
1.783189783479619291e+04 1.743901597042138746e+04
1.734348974828761129e+04 1.695713886935401024e+04
1.686441972793235982e+04 1.648504836046674609e+04
1.639740123689621032e+04 1.602539680659308397e+04
1.594435696471188203e+04 1.558006301477050511e+04
1.550679039510747316e+04 1.515051379783957964e+04
1.508603715212745556e+04 1.473804877143395970e+04
1.468428601803760284e+04 1.434479224413311385e+04
1.430470217784683700e+04 1.397381391626170080e+04
1.395016480740862426e+04 1.362790568363949387e+04
1.362192121714349378e+04 1.330827608393700757e+04
1.331746583732939507e+04 1.301249035730162905e+04
1.303389337304146829e+04 1.273772757161947629e+04
1.276851601595698230e+04 1.248138422426927718e+04
1.251879146831899379e+04 1.224101169790393396e+04
1.228234422940069817e+04 1.201432473385786943e+04
1.205624830151472088e+04 1.179850788654090138e+04
1.183669996621422069e+04 1.158989771462042518e+04
1.161992354861956665e+04 1.138485086502598460e+04
1.140125248542242116e+04 1.117885431632446671e+04
1.117581256387389840e+04 1.096717795644715989e+04
1.093849688858376248e+04 1.074484479792595448e+04
1.068386237237112982e+04 1.050652349380024680e+04
1.040730319030596002e+04 1.024766624074970423e+04
1.010552588246655432e+04 9.964981920454283681e+03
9.776680332929825454e+03 9.656557505554939780e+03
9.421585364293090606e+03 9.323093582939714906e+03
9.042809178483463256e+03 8.966989135472776979e+03
8.645771042146921900e+03 8.593466735653943033e+03
8.237021135035294719e+03 8.208862794714159463e+03
7.824384662271626439e+03 7.820791568528405151e+03
7.415978241669294221e+03 7.437159950265274347e+03
7.020032880987874705e+03 7.066002876825022213e+03
6.645015704254601587e+03 6.715542008673074633e+03
6.298520711586967991e+03 6.393188066834642996e+03
5.987036498257859421e+03 6.105209493578208821e+03
5.715425662974997977e+03 5.856340085783125687e+03
5.484820881133497096e+03 5.647671016548560146e+03
5.293672974373856960e+03 5.477729293859286372e+03
5.135950266173186719e+03 5.340702468909519666e+03
5.003294098198520260e+03 5.228499784057491524e+03
4.885003171286071847e+03 5.130689755552920360e+03
4.769602568303157568e+03 5.035965788879141655e+03
4.645957132468668533e+03 4.933199550630564772e+03
4.504491204840217506e+03 4.812649215128940341e+03
4.339037474671396922e+03 4.667878512405044603e+03
4.147770294542295233e+03 4.496781111218908336e+03
3.933773593081807576e+03 4.302268640320085979e+03
3.704516334343656581e+03 4.091793312672567481e+03
3.470776070231604535e+03 3.876208614084271176e+03
3.245402985582491965e+03 3.668444181553140425e+03
3.041273370071253339e+03 3.481382191480504844e+03
2.868045356964252733e+03 3.324587406555465805e+03
2.728921929426801853e+03 3.201178431168069437e+03
2.620274145849058186e+03 3.107555424896824661e+03
2.533833102865405181e+03 3.035563110043899997e+03
2.458772636215346665e+03 2.974467625436499475e+03
2.382710919066084898e+03 2.911836922130590665e+03
2.294014824763965862e+03 2.835815566393024710e+03
2.186565562259167564e+03 2.740058241276165973e+03
2.062736049649025063e+03 2.626931484431971512e+03
1.931209608201499123e+03 2.505328295450004589e+03
1.803024373230972515e+03 2.386507533985953160e+03
1.688769909566986826e+03 2.281116036650546448e+03
1.595069149538645888e+03 2.195673476230354481e+03
1.521563499970681505e+03 2.129713866981669980e+03
1.461860855906090364e+03 2.076837583132461077e+03
1.406091352778319560e+03 2.027215274362153423e+03
1.344738696712624687e+03 1.971351862814233982e+03
1.273779104821328474e+03 1.905266460420977182e+03
1.196356809169962617e+03 1.832210476781643365e+03
1.119494149291067515e+03 1.759271805766192983e+03
1.050637337726728219e+03 1.693793222957671560e+03
9.936970801285618791e+02 1.639490077145798978e+03
9.464304306853247226e+02 1.594067573468567161e+03
9.029381108760024972e+02 1.551771107118532655e+03
8.576019950932147822e+02 1.507214249754005095e+03
8.085412303561513454e+02 1.458692042491302345e+03
7.587724856752910227e+02 1.409194785329772003e+03
7.128263270251646873e+02 1.363032763559852128e+03
6.729828942054454046e+02 1.322267832210325196e+03
6.380085331995805973e+02 1.285673468840700025e+03
6.044897068904293747e+02 1.250099957740553009e+03
5.702291133501101967e+02 1.213607388889613958e+03
5.359930316784304978e+02 1.176959914883934744e+03
5.039681372333297418e+02 1.142117626383004563e+03
4.752649507622832630e+02 1.110007359758278426e+03
4.488916518981359332e+02 1.079731983796463055e+03
4.233101933511995867e+02 1.049993764459905378e+03
3.981567931736560695e+02 1.020527920781339390e+03
3.743512093338438262e+02 9.921047755604558915e+02
3.524558769743990183e+02 9.651550205325809202e+02
3.320337834311678193e+02 9.393123919576527214e+02
3.124220757317908124e+02 9.140705679843674716e+02
2.936478759902208253e+02 8.894623163995047435e+02
2.760691427827685516e+02 8.657452223927916748e+02
2.596503416760303935e+02 8.428790035656880946e+02
2.440846683958509402e+02 8.206450503792942754e+02
2.292969738451782860e+02 7.989932419648351924e+02
2.154027309786991111e+02 7.779918910189201142e+02
2.023502641680834131e+02 7.576014247142973090e+02
1.900378674903219860e+02 7.377523551574162184e+02
1.784255403844244938e+02 7.184125933402822284e+02
1.674793345494214236e+02 6.995550407625657954e+02
1.571663617148135756e+02 6.811544167921875896e+02
1.474548201033932173e+02 6.631871585484435627e+02
1.383140130570970427e+02 6.456313278781941563e+02
1.297143604715504068e+02 6.284665246910261658e+02
1.216270161489097745e+02 6.116733005393356279e+02
1.140231215594353102e+02 5.952319777747738954e+02
1.068750801993999318e+02 5.791240793354427296e+02
1.001567924069655930e+02 5.633326306143572992e+02
9.384357868068141784e+01 5.478420846583464936e+02
8.791210668020984542e+01 5.326382518675942492e+02
8.234032174514221936e+01 5.177082336577874457e+02
7.710739219226256580e+01 5.030404030360488150e+02
7.219377840452780504e+01 4.886248739669568977e+02
6.758108898207706261e+01 4.744532061806029901e+02
6.325190731422426893e+01 4.605179076401057614e+02
5.918974417398693788e+01 4.468123762444148497e+02
5.537899456629436656e+01 4.333308527739405349e+02
5.180489610938201395e+01 4.200683749336788537e+02
4.845348885704773068e+01 4.070207352137993553e+02
4.531155977212335273e+01 3.941851171934773674e+02
4.236659049884912775e+01 3.815608003023584160e+02
3.960676224496855014e+01 3.691476079114572713e+02
3.702092541587985863e+01 3.569456435486085297e+02
3.459856467572745942e+01 3.449552613097086464e+02
3.232976561945571348e+01 3.331770365401637264e+02
3.020518299679305585e+01 3.216117368157791248e+02
2.821601070248391352e+01 3.102605619959939531e+02
2.635395475191079839e+01 2.991270138434261412e+02
2.461120411344001013e+01 2.882154169168705948e+02
2.298040338843781427e+01 2.775296840352802406e+02
2.145462807211401213e+01 2.670733072680286000e+02
2.002736102924542294e+01 2.568493592984248721e+02
1.869247012638546579e+01 2.468604958831941758e+02
1.744418693723426017e+01 2.371089738566594747e+02
1.627708443763370383e+01 2.275975336799693309e+02
1.518605736057866018e+01 2.183297299612059987e+02
1.416630768694448861e+01 2.093084732632849807e+02
1.321332748631586362e+01 2.005359266506661982e+02
1.232288232833589348e+01 1.920135408090577585e+02
1.149099557220088919e+01 1.837420899751150785e+02
1.071393349294612563e+01 1.757217084458956435e+02
9.988191066592634115e+00 1.679520154698706165e+02
9.310478110984934830e+00 1.604325165465855036e+02
8.677707364326421313e+00 1.531622433904663581e+02
8.086982832191525361e+00 1.461396163952828147e+02
7.535588488336888879e+00 1.393624916503650297e+02
7.020977601532814916e+00 1.328282073204336484e+02
6.540762657005575242e+00 1.265336290175303873e+02
6.092705827168237498e+00 1.204751952648097699e+02
5.674709615471130952e+00 1.146489932520029669e+02
