7.483416708967120940e+03 7.453970445418765848e+03
7.565111855346796801e+03 7.534477866193284171e+03
7.644868796603693227e+03 7.613010537082395786e+03
7.722502627127844789e+03 7.689383528526300324e+03
7.797825642856651029e+03 7.763409231069982525e+03
7.870641617871415292e+03 7.834891601797513431e+03
7.940740845742674537e+03 7.903621186697010671e+03
8.007910567776636526e+03 7.969385621101543620e+03
8.071935186363355569e+03 8.031969864835835324e+03
8.132588102367439205e+03 8.091148078793567038e+03
8.189638373389684602e+03 8.146690280047186207e+03
8.242855303490714505e+03 8.198366930719032098e+03
8.292000327419385940e+03 8.245940863423646078e+03
8.336825235166523271e+03 8.289165531856271627e+03
8.377083937444216645e+03 8.327796752601492699e+03
8.412531411348207257e+03 8.361591677836311646e+03
8.442915263102200697e+03 8.390300440169794456e+03
8.467985948563558850e+03 8.413676320304617548e+03
8.487500938587229030e+03 8.431479900182857818e+03
8.501217597378017672e+03 8.443472062939430543e+03
8.508895605728939699e+03 8.449416411719461394e+03
8.510306171971982621e+03 8.449088376930520099e+03
8.505232193897623802e+03 8.442275448975839026e+03
8.493466719078774986e+03 8.428775779318877539e+03
8.474818598435500462e+03 8.408403639579893934e+03
8.449115481397906478e+03 8.380992385404615561e+03
8.416210347400914543e+03 8.346401202651508356e+03
8.375980872458880185e+03 8.304514341361473271e+03
8.328327608478059119e+03 8.255239105760412713e+03
8.273186932584460010e+03 8.198518918204739748e+03
8.210542813497018869e+03 8.134345166810114279e+03
8.140406996035074371e+03 8.062737062170066565e+03
8.062824466616995778e+03 7.983747050438806582e+03
7.977917575032895002e+03 7.897505036028311224e+03
7.885854234218046258e+03 7.804186351253972134e+03
7.786826339108994944e+03 7.703990022150758705e+03
7.681102456042553968e+03 7.597191342663876640e+03
7.569041783818975091e+03 7.484155685178671774e+03
7.451020669501869634e+03 7.365264992381949924e+03
7.327454627241630078e+03 7.240939589169249302e+03
7.198897212380496057e+03 7.111736347076282073e+03
7.065933078101626052e+03 6.978242216349871342e+03
6.929140956537995407e+03 6.841037372395822786e+03
6.789204273012244812e+03 6.700804613595626506e+03
6.646889525386652167e+03 6.558307798185926913e+03
6.502927863179557789e+03 6.414274633433971758e+03
6.358067633530532476e+03 6.269448229056094533e+03
6.213185504543295792e+03 6.124696056609593143e+03
6.069124802493431162e+03 5.980851238037434086e+03
5.926660084924143121e+03 5.838677804989991273e+03
5.786503091038348430e+03 5.698875818842347144e+03
5.649302688450083224e+03 5.562081867169047655e+03
5.515645158665637609e+03 5.428870106191458035e+03
5.386175775591913407e+03 5.299869555180523093e+03
5.261714015174872657e+03 5.175875051940600315e+03
5.143026067986391354e+03 5.057628156620359732e+03
5.030677711653532242e+03 4.945673498477474823e+03
4.924573460154917484e+03 4.839907240978163827e+03
4.824436342767948190e+03 4.740048162897870498e+03
4.729938234526560336e+03 4.645766158616138455e+03
4.640422373526320371e+03 4.556412905539914391e+03
4.555167538773585875e+03 4.471278690505658233e+03
4.473385425748244415e+03 4.389591305229876525e+03
4.394042619583412488e+03 4.310345516938901710e+03
4.316115017876139063e+03 4.232547287563395912e+03
4.238440474736825308e+03 4.155075847388139664e+03
4.159774282122572004e+03 4.076735982464545486e+03
4.078848276862373496e+03 3.996315255607230938e+03
3.994248413972549315e+03 3.912470695759904629e+03
3.904649629252844079e+03 3.823948692747763289e+03
3.808808425951036952e+03 3.729586046088485091e+03
3.705702715429081309e+03 3.628434136518497326e+03
3.594837668108316848e+03 3.520058334820864729e+03
3.476146464701274454e+03 3.404432019328653496e+03
3.350407385454651831e+03 3.282337157822180870e+03
3.218900042377637419e+03 3.155026544072835350e+03
3.083648677622881223e+03 3.024454220903507576e+03
2.946954582283998661e+03 2.892825581638877793e+03
2.811391992267608657e+03 2.762592803590223866e+03
2.679553876105750533e+03 2.636206909324554545e+03
2.553886014199953479e+03 2.515969401438266686e+03
2.436588580986771376e+03 2.403930692997194001e+03
2.329577952344358437e+03 2.301863038287154723e+03
2.234140039547383822e+03 2.210929553104715978e+03
2.150972930194472610e+03 2.131734934392193736e+03
2.079584597883012520e+03 2.063761396418170079e+03
2.018615368059374077e+03 2.005682670469419691e+03
1.965470082647637810e+03 1.955027814696185033e+03
1.916903560131801441e+03 1.908738517138102679e+03
1.869274702139598730e+03 1.863407487490860376e+03
1.819067697209001153e+03 1.815770311616582148e+03
1.763375315598349061e+03 1.763146902099583258e+03
1.700265214077988958e+03 1.703775497731297946e+03
1.629223672404464651e+03 1.637218087880977919e+03
1.551305910562405870e+03 1.564485921067885783e+03
1.468969334354637795e+03 1.487874135055027864e+03
1.385677042326955871e+03 1.410587771663036847e+03
1.305324426113645359e+03 1.336204455503145255e+03
1.231669835362641834e+03 1.268146512089936778e+03
1.167662322860138147e+03 1.209068838898959029e+03
1.114663614995340367e+03 1.160159258975495504e+03
1.071865848559450342e+03 1.120625044294473128e+03
1.036420010885378588e+03 1.087829564338101363e+03
1.004381175883297487e+03 1.058164834300229813e+03
9.717653275663174099e+02 1.028012725903585533e+03
9.352431354907873811e+02 9.943693724486782912e+02
8.929121892596168664e+02 9.555380766130926986e+02
8.452313731505505530e+02 9.119626772160611381e+02
7.951443623644663603e+02 8.663187895279013446e+02
7.466713790256899301e+02 8.222241207440266635e+02
7.032367133843463307e+02 7.827275379408397384e+02
6.667970385697143456e+02 7.495384736726952042e+02
6.372683818080234914e+02 7.225391256088365708e+02
6.123886200188951534e+02 6.996862612455254293e+02
5.887023297544220668e+02 6.779003947684325340e+02
5.631425659598448874e+02 6.544696535634165002e+02
5.343466132754149385e+02 6.282068633744254385e+02
5.033794581698126080e+02 6.000730945418450801e+02
4.729714366471141034e+02 5.724796259774421969e+02
4.456792094085096778e+02 5.476549637136222373e+02
4.226496394999302879e+02 5.265725662468487371e+02
4.031166796856805945e+02 5.085380006133990491e+02
3.848396401162410143e+02 4.915935442626332588e+02
3.658081362358933006e+02 4.740027089526869872e+02
3.455381206634336309e+02 4.553614411713477921e+02
3.251282037357537433e+02 4.366255056258208924e+02
3.063226935653128749e+02 4.192843671149700526e+02
2.899068231281501085e+02 4.039896504348442932e+02
2.752588244036377887e+02 3.901968696794067455e+02
2.611117918313499899e+02 3.768301487554120968e+02
2.466739098668859924e+02 3.632290615101694016e+02
2.323144124881039829e+02 3.497096903126411576e+02
2.189281887039016965e+02 3.370148021820456847e+02
2.068732388215423441e+02 3.254298650512886297e+02
1.957069250397703115e+02 3.145814710205571032e+02
1.848121262456230340e+02 3.039637853771121740e+02
1.741130199633322206e+02 2.935182693547464510e+02
1.640024404663100199e+02 2.835610666715562047e+02
1.546885076875048526e+02 2.742526674884222189e+02
1.459519466872714588e+02 2.654132636732213086e+02
1.375333537915493594e+02 2.568371770150002931e+02
1.294679717110810770e+02 2.485519019649181871e+02
1.219165977795193783e+02 2.406790265256895509e+02
1.148432797915708079e+02 2.331868096984217402e+02
1.081157596256434488e+02 2.259725044526631734e+02
1.017128686184565538e+02 2.190189695170089124e+02
9.569182813217119588e+01 2.123662627925041022e+02
9.002556664269023656e+01 2.059915722398863238e+02
8.465706518066379260e+01 1.998515185877487852e+02
7.958455406663190956e+01 1.939428896490391594e+02
7.480191051398810487e+01 1.882589951558756525e+02
7.029385242067857575e+01 1.827872028990240665e+02
6.604425736030293592e+01 1.775145095275956351e+02
6.203805007344826095e+01 1.724287919542859413e+02
5.826123487865297790e+01 1.675187981850002643e+02
5.470149730758034679e+01 1.627744358331135857e+02
5.134749939727189627e+01 1.581864584877212394e+02
4.818840270053502906e+01 1.537462146136952015e+02
4.521385156365765567e+01 1.494456076592163356e+02
4.241395883926291077e+01 1.452770604474951881e+02
3.977929140178406442e+01 1.412334823245468840e+02
3.730085552972582974e+01 1.373082388169419801e+02
3.497005263680465248e+01 1.334950889109198897e+02
3.277860914352023514e+01 1.297880852541935326e+02
3.071865841542596343e+01 1.261816520312126784e+02
2.878274431272605938e+01 1.226705868943274282e+02
2.696380212867140358e+01 1.192500391658105343e+02
2.525514025020461872e+01 1.159154896051095278e+02
2.365042252482014007e+01 1.126627315990027114e+02
2.214365144702301436e+01 1.094878553609099328e+02
2.072915844805293517e+01 1.063873218970120149e+02
1.940158929690351286e+01 1.033579796553555923e+02
1.815587823634122344e+01 1.003969115086222388e+02
1.698723332181175039e+01 9.750141067307194476e+01
1.589112323653198544e+01 9.466896939673506495e+01
1.486326462166904250e+01 9.189726825272755661e+01
1.389960991047780858e+01 8.918416598055959810e+01
1.299633526570274178e+01 8.652769832913809012e+01
1.214982500940319099e+01 8.392616971920979552e+01
1.135666377355116374e+01 8.137809705582155573e+01
1.061363004528583964e+01 7.888211784975770513e+01
9.917686097947793655e+00 7.643698147551472744e+01
9.265968305863758303e+00 7.404154247559831958e+01
8.655777911297223071e+00 7.169475408664666816e+01
8.084572226649889615e+00 6.939566196951655286e+01
7.549956349451315774e+00 6.714342526768403729e+01
7.049675524016103978e+00 6.493741661154065525e+01
6.581607114810606340e+00 6.277710459063720805e+01
6.143753235083809550e+00 6.066200070227349528e+01
5.734233909676669683e+00 5.859165528390509792e+01
5.351280575743492030e+00 5.656565358104084140e+01
4.993229907318654348e+00 5.458361192561529407e+01
4.658517947507188950e+00 5.264517440065088749e+01
4.345674000901681211e+00 5.075008912319270138e+01
4.053314897572396269e+00 4.889828709438157972e+01
3.780141259465184422e+00 4.708970231895838054e+01
3.524932861235861470e+00 4.532424432650062585e+01
3.286544056929478597e+00 4.360179742785859958e+01
3.063899452457921946e+00 4.192222007142183315e+01
2.855989812008882023e+00 4.028534430018910939e+01
