1.973922255059179952e+04 1.968076859502365915e+04
1.985382410040762625e+04 1.979331873490311409e+04
1.995681046586957018e+04 1.989422056761362910e+04
2.004761264829297215e+04 1.998290713580951342e+04
2.012567393710463875e+04 2.005882413457224902e+04
2.019042032001092957e+04 2.012140106017736252e+04
2.024127325535963610e+04 2.017006378973575556e+04
2.027767716035651756e+04 2.020426153883476582e+04
2.029908716785472643e+04 2.022345473157809829e+04
2.030495230917499430e+04 2.022709834827259692e+04
2.029475098613261434e+04 2.021467715321690775e+04
2.026799391509466295e+04 2.018570869382948513e+04
2.022418434725753832e+04 2.013970428629388334e+04
2.016284797548997449e+04 2.007619846400624738e+04
2.008356164312898181e+04 1.999477723319207507e+04
1.998593787010882079e+04 1.989506328420626960e+04
1.986961851564464814e+04 1.977671000678651399e+04
1.973430870229537686e+04 1.963943428810741534e+04
1.957977965842776393e+04 1.948301954609077438e+04
1.940585437695571090e+04 1.930730289606989027e+04
1.921242747264698846e+04 1.911219354004420893e+04
1.899947696231084046e+04 1.889768382198821564e+04
1.876707502803491661e+04 1.866386164324186393e+04
1.851539081985660596e+04 1.841091316846029804e+04
1.824468388984345438e+04 1.813911410649489699e+04
1.795532535483758693e+04 1.784885150838419941e+04
1.764784876573152724e+04 1.754067668729521029e+04
1.732288838199742895e+04 1.721524057296721367e+04
1.698116925189313042e+04 1.687328303919899918e+04
1.662362520892705652e+04 1.651575321087793782e+04
1.625135101389597367e+04 1.614376046976232647e+04
1.586549334228236512e+04 1.575846314388357678e+04
1.546735371989641135e+04 1.536117222312965532e+04
1.505852337883941618e+04 1.495348725482906048e+04
1.464061905783456859e+04 1.453702992452128819e+04
1.421527374709280957e+04 1.411343447066904628e+04
1.378445586156132958e+04 1.368466666046331193e+04
1.335023246300973005e+04 1.325278729161404772e+04
1.291454796034945684e+04 1.281973131247984747e+04
1.247949471016007737e+04 1.238757575089616694e+04
1.204744436593373575e+04 1.195866996571071468e+04
1.162056629691374837e+04 1.153515976115276681e+04
1.120087271352924654e+04 1.111903136388384701e+04
1.079063194585312158e+04 1.071251535372584840e+04
1.039197433671376530e+04 1.031770299617895216e+04
1.000671508111291405e+04 9.936373946100577086e+03
9.636633893601090676e+03 9.570262050522134814e+03
9.283497655162374940e+03 9.221078541592331021e+03
8.948767784353163734e+03 8.890237301460867457e+03
8.633544064880910810e+03 8.578795217468268675e+03
8.338398730960099783e+03 8.287275147868147542e+03
8.063683876291291199e+03 8.015985167475460003e+03
7.809632421522606819e+03 7.765121145830613386e+03
7.576217896047391150e+03 7.534611332233402209e+03
7.363239820992285786e+03 7.324204756078037462e+03
7.170488660391509256e+03 7.133647534254514539e+03
6.996385348479762797e+03 6.961357371047512061e+03
6.837043056546407570e+03 6.803507962271607539e+03
6.688684294776525348e+03 6.656381151873735689e+03
6.548331324324682100e+03 6.517047140500552814e+03
6.414119094711192702e+03 6.383675469593738853e+03
6.284354607218086130e+03 6.254606618490355686e+03
6.155968909573763085e+03 6.126868058102492796e+03
6.024641095469426546e+03 5.996292860497768743e+03
5.886257714953878349e+03 5.858925104753494452e+03
5.736621975925904735e+03 5.710777555231284168e+03
5.571970970945263616e+03 5.548288292232498861e+03
5.389961241886174321e+03 5.369287638316751327e+03
5.189575490656367037e+03 5.172892816842214415e+03
4.971451141955045387e+03 4.959798033193359515e+03
4.738303514914498919e+03 4.732689230926924211e+03
4.493733132033622496e+03 4.495069021777841954e+03
4.242499571907363134e+03 4.251529136747982193e+03
3.989437286265715102e+03 4.006703763710496787e+03
3.739490376926814406e+03 3.765310057834791223e+03
3.497929456950834719e+03 3.532342208026514982e+03
3.270447874474596119e+03 3.313178445461052434e+03
3.062475319576592028e+03 3.112910655316290104e+03
2.878626695002622000e+03 2.935849768990220582e+03
2.721609688757881031e+03 2.784441426591516120e+03
2.592613501060854105e+03 2.659717387077110743e+03
2.489474700656136065e+03 2.559523021422012334e+03
2.408744742022132414e+03 2.480487625765644680e+03
2.344683916106722336e+03 2.417128522454654103e+03
2.290942693394536946e+03 2.363415497545548533e+03
2.240348984226629454e+03 2.312613467522242900e+03
2.185972968675988795e+03 2.258272091454769907e+03
2.121614153066867857e+03 2.194674815108022813e+03
2.043258696430295231e+03 2.118189651513167519e+03
1.949327586348835212e+03 2.027453641686621268e+03
1.840943942109636509e+03 1.923602598122731933e+03
1.721659665493116563e+03 1.809995642175288367e+03
1.597486173731667577e+03 1.692209895314753794e+03
1.476385715291628003e+03 1.577578371796731744e+03
1.366896958471562584e+03 1.473903014902359473e+03
1.274800941610387781e+03 1.386407729950516341e+03
1.201845300068613369e+03 1.316603971247131540e+03
1.146351010578755904e+03 1.262855785494947213e+03
1.104712425111739321e+03 1.221785712490140213e+03
1.071824907906092903e+03 1.188688219944688399e+03
1.040430640421227963e+03 1.156964234087025261e+03
1.003289884255366701e+03 1.120103282310964460e+03
9.566483095637028100e+02 1.074789782432857919e+03
9.010829872515690795e+02 1.021613640370016810e+03
8.399501173388770212e+02 9.636369449449697413e+02
7.784594991662924031e+02 9.055396448926536550e+02
7.225185867002062423e+02 8.525739474546795691e+02
6.761138160202237941e+02 8.082371958794515194e+02
6.399765067112585939e+02 7.731113526365538746e+02
6.120062151163413091e+02 7.452749427222978511e+02
5.876336808089633905e+02 7.206606189321988722e+02
5.618661471784483865e+02 6.948794533423966868e+02
5.323165173451576493e+02 6.658679665324867756e+02
4.993840746622314555e+02 6.340102346056409033e+02
4.654453127884189030e+02 6.013980854072376587e+02
4.341175997446530914e+02 5.711679213527762613e+02
4.076768785360079619e+02 5.452593694160002542e+02
3.858680148800906409e+02 5.234149629240621380e+02
3.667767540846679708e+02 5.039630178796097653e+02
3.478288927411317673e+02 4.846936745226853418e+02
3.276522367114796452e+02 4.644485047110466667e+02
3.069336007334176202e+02 4.438240819205639127e+02
2.871950392243264787e+02 4.241099095737351945e+02
2.696563031525449787e+02 4.063207880956981057e+02
2.543330846176927480e+02 3.904510046992575099e+02
2.401596170933150063e+02 3.755976180338860217e+02
2.261393534464241668e+02 3.609303849778916629e+02
2.121933863299204859e+02 3.463876160634912367e+02
1.988897934117142938e+02 3.324371438601163504e+02
1.867467343165666307e+02 3.194966476166461575e+02
1.756672773525548905e+02 3.074776479745447091e+02
1.651878874114788118e+02 2.959985524340247593e+02
1.550477131864958551e+02 2.848476032709251626e+02
1.453849095589780234e+02 2.741343108805809834e+02
1.363971377855335447e+02 2.640121867943939833e+02
1.280536667551274661e+02 2.544516019362203281e+02
1.201692321807203143e+02 2.453030199220998782e+02
1.126719856219958444e+02 2.365081048691982346e+02
1.056207054060344603e+02 2.281099340969943228e+02
9.903150065440850369e+01 2.201175124201440951e+02
9.283907999841856906e+01 2.124777645363735985e+02
8.699514568513154700e+01 2.051516724640912344e+02
8.150046999689567429e+01 1.981371869519535380e+02
7.634997566496217303e+01 1.914282201536546779e+02
7.150895416220929235e+01 1.849964846771151770e+02
6.695809506475966089e+01 1.788256912277311415e+02
6.268442792182883494e+01 1.729042056750724896e+02
5.867426033760607851e+01 1.672200806915457179e+02
5.491194293499854950e+01 1.617601522365329458e+02
5.138258649090333563e+01 1.565119906594772772e+02
4.807217942202164807e+01 1.514639702731404611e+02
4.496753637680726712e+01 1.466052134157912690e+02
4.205624986278633770e+01 1.419255389106452299e+02
3.932664472627600816e+01 1.374154145439383115e+02
3.676776120099452072e+01 1.330659352082876410e+02
3.436943651629083973e+01 1.288688936848941466e+02
3.212212983014288170e+01 1.248166421549864822e+02
3.001682221284811547e+01 1.209020010602179127e+02
2.804499163553894547e+01 1.171182289945043635e+02
2.619858901169289922e+01 1.134589948953179146e+02
2.447001511804620222e+01 1.099183522222249820e+02
2.285209814712997911e+01 1.064907153235665760e+02
2.133805193833591929e+01 1.031708693150458487e+02
1.992144689064605245e+01 9.995396945414206868e+01
1.859623004756847564e+01 9.683546395654801131e+01
1.735670824994207706e+01 9.381107030531421742e+01
1.619752792562586663e+01 9.087675921538946966e+01
1.511365593089507442e+01 8.802873963840507088e+01
1.410036139463137772e+01 8.526344472723141621e+01
1.315319896998182259e+01 8.257752918731932823e+01
1.226799617073607784e+01 7.996794647194420236e+01
1.144083488519600245e+01 7.743187942293756976e+01
1.066803415215436601e+01 7.496666750738721419e+01
9.946136595242123235e+00 7.256979725683240190e+01
9.271895601247559071e+00 7.023889393998079811e+01
8.642263176619003673e+00 6.797171369651260875e+01
8.054378449868003997e+00 6.576613615062069584e+01
7.505556489391477903e+00 6.362018256776008229e+01
6.993277653653223069e+00 6.153204484653706885e+01
6.515178672149353645e+00 5.950001680170743867e+01
6.069043537889951878e+00 5.752247751932279130e+01
5.652794763427396063e+00 5.559788648712685699e+01
5.264485123260930877e+00 5.372477896247155371e+01
4.902289858004284184e+00 5.190176156393060580e+01
4.564499264691851188e+00 5.012750996209149434e+01
4.249511015959152260e+00 4.840079301901617725e+01
3.955824020152484355e+00 4.672045859168473214e+01
3.682032978980751992e+00 4.508540343354661672e+01
3.426822525782453610e+00 4.349456945437975008e+01
3.188961684923146134e+00 4.194694091510609013e+01
2.967298656336859963e+00 4.044154175358000458e+01
2.760755907330491254e+00 3.897743303590762309e+01
2.568325530123406253e+00 3.755371861767538633e+01
2.389064839817810260e+00 3.616956414738825032e+01
2.222092382554361478e+00 3.482416702939073616e+01
2.066584115786759490e+00 3.351674641471047522e+01
1.921769792635680263e+00 3.224654167355366496e+01
1.786929564495599365e+00 3.101281094977029795e+01
1.661390789428140335e+00 2.981482979501012309e+01
1.544525032034234302e+00 2.865189092409870852e+01
