1.489134616801074662e+04 1.484122535887273807e+04
1.503719523177156771e+04 1.498510239778616778e+04
1.517630471106494952e+04 1.512218934368235205e+04
1.530815968011040968e+04 1.525197266594992470e+04
1.543224428516051194e+04 1.537393822122523488e+04
1.554803117860805833e+04 1.548756069169146758e+04
1.565495987245667857e+04 1.559228196171228774e+04
1.575246840155300561e+04 1.568754281015625929e+04
1.583999955463356309e+04 1.577278917912245197e+04
1.591697640190745369e+04 1.584744794695798009e+04
1.598281587746725927e+04 1.591094044885701805e+04
1.603695028191246456e+04 1.596270384069515239e+04
1.607881210207332515e+04 1.600217614711814713e+04
1.610781739825830846e+04 1.602877990691778359e+04
1.612340398566872864e+04 1.604195995975386722e+04
1.612503593322086635e+04 1.604118798072716527e+04
1.611217705681829648e+04 1.602593665828488702e+04
1.608431444387268493e+04 1.599570278759692337e+04
1.604097950202025277e+04 1.595002792898571352e+04
1.598173731009323456e+04 1.588848844198675943e+04
1.590618337900289225e+04 1.581069258131628521e+04
1.581397098364899466e+04 1.571630671326616175e+04
1.570481713010110798e+04 1.560506143723142304e+04
1.557850316911330628e+04 1.547675360679759615e+04
1.543488238239635393e+04 1.533125252692671893e+04
1.527388643259023775e+04 1.516850567183830572e+04
1.509555301865785077e+04 1.498856775887236836e+04
1.490003090937679735e+04 1.479160574387215820e+04
1.468755345935705373e+04 1.457787030726642115e+04
1.445846541564188374e+04 1.434772303527625991e+04
1.421330160256113959e+04 1.410171678962466467e+04
1.395269742408482489e+04 1.384050379349470677e+04
1.367736676925899701e+04 1.356481275295804153e+04
1.338824346405988581e+04 1.327559177202194405e+04
1.308644017207390607e+04 1.297396655652368463e+04
1.277310351899028319e+04 1.266109379018024629e+04
1.244951983490597377e+04 1.233826674706485392e+04
1.211731039674644308e+04 1.200711036523901203e+04
1.177811197808595170e+04 1.166926171358803185e+04
1.143353230652869934e+04 1.132632541220096027e+04
1.108545026070658423e+04 1.098017212132637542e+04
1.073584044043844915e+04 1.063276422575352990e+04
1.038652826014584025e+04 1.028591267216179040e+04
1.003948428520865673e+04 9.941565527174945601e+03
9.697105061253534586e+03 9.602083341068711889e+03
9.361580392988111271e+03 9.269619954629735730e+03
9.034800305910686802e+03 8.946031307217308495e+03
8.718268363108745689e+03 8.632786139142674074e+03
8.413200801260867593e+03 8.331067674696747417e+03
8.120621543069374638e+03 8.041870130887689811e+03
7.842083311453296119e+03 7.766693327616918396e+03
7.579977419338725667e+03 7.507841850158616580e+03
7.336423317781182959e+03 7.267357688731561211e+03
7.112715073468061746e+03 7.046475456947190651e+03
6.908116666702315342e+03 6.844431288452589797e+03
6.721541558096382687e+03 6.660119399957607129e+03
6.551920893428896306e+03 6.492454676682648824e+03
6.397947727709183710e+03 6.340119429455482532e+03
6.258364012833991183e+03 6.201845892185020602e+03
6.131622638220854242e+03 6.076090334724704917e+03
6.015511803473207692e+03 5.960669249165702240e+03
5.907836571290238680e+03 5.853419525721276841e+03
5.805806260367696268e+03 5.751618990393837521e+03
5.706348491770573673e+03 5.652284403894946081e+03
5.606092042959337959e+03 5.552162997586732672e+03
5.501053845421260121e+03 5.447441071099605324e+03
5.387399119120412252e+03 5.334463419495001290e+03
5.261386101798787422e+03 5.209703878360033741e+03
5.119822612416082848e+03 5.070173863125479329e+03
4.960643959803542202e+03 4.913996176640129306e+03
4.782845198167224225e+03 4.740304106299745399e+03
4.587291451982128820e+03 4.550025238029990760e+03
4.376041160052596751e+03 4.345203857822913960e+03
4.152656538399375677e+03 4.129300649186168812e+03
3.921493411960596859e+03 3.906499950072803131e+03
3.687621848106041398e+03 3.681639394029637060e+03
3.456840459292684500e+03 3.460202921763923314e+03
3.234834037424918279e+03 3.247553362927892977e+03
3.027438774352730888e+03 3.049139068185656470e+03
2.839909203228523438e+03 2.869858204264660799e+03
2.676254349395152531e+03 2.713378180647165664e+03
2.539047228080713921e+03 2.582018608749908253e+03
2.428409859354891069e+03 2.475761604266173435e+03
2.342665317571071682e+03 2.392911722399815062e+03
2.277926913031508775e+03 2.329709195361870115e+03
2.228730053197841698e+03 2.280959938794098889e+03
2.188450365398554823e+03 2.240432143115758663e+03
2.149560733402443475e+03 2.201128569282316221e+03
2.104607752736840666e+03 2.156192550055127867e+03
2.047074222638321316e+03 2.099697447680232017e+03
1.972566268340965735e+03 2.027721274610562205e+03
1.879692660318348317e+03 1.939120551558476791e+03
1.770341693604855436e+03 1.835742145488123924e+03
1.649652341193762823e+03 1.722364997779199712e+03
1.525520202428480388e+03 1.606228758325123863e+03
1.407314884925681099e+03 1.495846881635942282e+03
1.303489078682700210e+03 1.398830311098985931e+03
1.219334069609981043e+03 1.319873479447601767e+03
1.156195079673890405e+03 1.260069423623235252e+03
1.112029719440325380e+03 1.217445963281531476e+03
1.082029622827260710e+03 1.187566314561068111e+03
1.058761055705385843e+03 1.163698850227644698e+03
1.033208816918492175e+03 1.137787773585956302e+03
9.977317387583022992e+02 1.103092794570774231e+03
9.489941810918018064e+02 1.056754397079069804e+03
8.885911201615728032e+02 1.000286561406396572e+03
8.220809534192103456e+02 9.386672045028441289e+02
7.574405247518809574e+02 8.789354191527991134e+02
7.021076188390537709e+02 8.275761665582400610e+02
6.601588197017067614e+02 7.880687843604508771e+02
6.311646997119505613e+02 7.599332634001549422e+02
6.105749074793479849e+02 7.391300150897050116e+02
5.912511493781132685e+02 7.194441576353134451e+02
5.669141286636469204e+02 6.954833884123916050e+02
5.351707934727822931e+02 6.652542031892725163e+02
4.980225078094836704e+02 6.305366599660650309e+02
4.608340469575640554e+02 5.959407800316312205e+02
4.291755354381826351e+02 5.661790344333264784e+02
4.053343179385409485e+02 5.431239473005690570e+02
3.875981815597280615e+02 5.252654218914287867e+02
3.716089332135220502e+02 5.089103504249283674e+02
3.531636581962347350e+02 4.905559954279607950e+02
3.312690731632714005e+02 4.694143763683280213e+02
3.083226143855548003e+02 4.475033778952314378e+02
2.877692961464912287e+02 4.276599155943325741e+02
2.713753470272542927e+02 4.112965326131746338e+02
2.579392141532034088e+02 3.973936457570196126e+02
2.447506327597068605e+02 3.837375426748993164e+02
2.302343868094843060e+02 3.690699329157643547e+02
2.151390155457679612e+02 3.540103418172232637e+02
2.013640800911563531e+02 3.400739874224291839e+02
1.897412412052642878e+02 3.278993865037452906e+02
1.793828505577155283e+02 3.167671272238690108e+02
1.689459398535374248e+02 3.056231906837543306e+02
1.582935577308036272e+02 2.943691955129115172e+02
1.482864170157514820e+02 2.836706552473752367e+02
1.394419801687079143e+02 2.739130712380506338e+02
1.313037462034444047e+02 2.647384733711793388e+02
1.232972994135773206e+02 2.557120435990731835e+02
1.155302079658808907e+02 2.469159020537930473e+02
1.083868638907989350e+02 2.386310872340900460e+02
1.018290875695937672e+02 2.308223768466602621e+02
9.555588012894610017e+01 2.232673015365354559e+02
8.954721513800133437e+01 2.159506077539493276e+02
8.395997418963129633e+01 2.089806371403289518e+02
7.875936483267422261e+01 2.023300292825047109e+02
7.384793289049432019e+01 1.959281549000187397e+02
6.920910347083693637e+01 1.897592970212690204e+02
6.483648858138806759e+01 1.838159583347673163e+02
6.072251801869303733e+01 1.780908162973571507e+02
5.685867318942505477e+01 1.725767251850445518e+02
5.323452992187447563e+01 1.672656479786041359e+02
4.983572893944881343e+01 1.621463651701283766e+02
4.664800438251340609e+01 1.572076691416401957e+02
4.365805258025623203e+01 1.524391136326334504e+02
4.085346145531040918e+01 1.478309611723837236e+02
3.822264551319943848e+01 1.433741348239676654e+02
3.575478594675556110e+01 1.390601738452889720e+02
3.343979660949706556e+01 1.348812218657907067e+02
3.126857382798129947e+01 1.308304211924924800e+02
2.923278899636934369e+01 1.269017282925578627e+02
2.732454912749898313e+01 1.230894824444465883e+02
2.553637065236346970e+01 1.193883714241167269e+02
2.386116259599172196e+01 1.157934107131671340e+02
2.229221005713136705e+01 1.122999240966838101e+02
2.082315800848832055e+01 1.089035255513700235e+02
1.944797072819711303e+01 1.056001231220741374e+02
1.816087755601333953e+01 1.023859409466211474e+02
1.695643320130619713e+01 9.925744699127862702e+01
1.582951487955956971e+01 9.621132713242172940e+01
1.477530419012438401e+01 9.324447271019714378e+01
1.378926994583478916e+01 9.035396880099125383e+01
1.286715190890332039e+01 8.753708315227940773e+01
1.200494606260175168e+01 8.479126494520333779e+01
1.119889818140187465e+01 8.211425251624804389e+01
1.044548491586858852e+01 7.950401250010878584e+01
9.741393320301755310e+00 7.695862958469878379e+01
9.083508967726668715e+00 7.447629736117100663e+01
8.468904838046706018e+00 7.205531194553483942e+01
7.894830768205529203e+00 6.969406589121068407e+01
7.358703438455729717e+00 6.739104241866525058e+01
6.858095626035728642e+00 6.514483859154478296e+01
6.390725603957307044e+00 6.295420339812567079e+01
5.954452107667611571e+00 6.081795896506259425e+01
5.547266696564124189e+00 5.873498240565471207e+01
5.167285905647448274e+00 5.670420209031128422e+01
4.812743831761924440e+00 5.472459407339700732e+01
4.481985132492932955e+00 5.279517867055049862e+01
4.173458426920181097e+00 5.091502172588794650e+01
3.885710163534592976e+00 4.908328115260776059e+01
3.617378659126199381e+00 4.729917713248728717e+01
3.367188458809496687e+00 4.556194917217933948e+01
3.133945108495079790e+00 4.387085349411712798e+01
2.916530228001676051e+00 4.222516129579752686e+01
2.713896867260119805e+00 4.062415710419707437e+01
2.525065130106623368e+00 3.906713731794938127e+01
2.349117896269517836e+00 3.755344050942403555e+01
2.185196780055051136e+00 3.608248480280976622e+01
2.032498877692458183e+00 3.465369037844548217e+01
1.890273368545143384e+00 3.326646672489163592e+01
