1.871484946817114906e+04 1.861747625002318819e+04
1.888261189395248948e+04 1.878155911623979409e+04
1.904246881477261559e+04 1.893765109933730855e+04
1.919388922824720794e+04 1.908522425120467597e+04
1.933634269009673153e+04 1.922375169546176039e+04
1.946929253395011983e+04 1.935270082011981503e+04
1.959217899029925684e+04 1.947151638414400441e+04
1.970444345907512979e+04 1.957964486701214628e+04
1.980553377660212573e+04 1.967653979361540405e+04
1.989488069210566027e+04 1.976163858637575322e+04
1.997190918550076458e+04 1.983437379609636628e+04
2.003605983325716079e+04 1.989419422750865124e+04
2.008677920006586646e+04 1.994055556555417206e+04
2.012350686963543194e+04 1.997290771376337580e+04
2.014570377837148408e+04 1.999072267740850657e+04
2.015285647792199234e+04 1.999349883537754431e+04
2.014445672314674084e+04 1.998074125155287038e+04
2.012001854056880984e+04 1.995197831942289122e+04
2.007909571401623180e+04 1.990677879280330671e+04
2.002127909252369136e+04 1.984474967505140739e+04
1.994619601124039764e+04 1.976553600325000662e+04
1.985352432856060841e+04 1.966883382186332528e+04
1.974299904362163215e+04 1.955439685838570949e+04
1.961442534738727772e+04 1.942205076178624222e+04
1.946767433536907993e+04 1.927168767193136227e+04
1.930268238356299116e+04 1.910326488593812610e+04
1.911948846601121477e+04 1.891684316502796719e+04
1.891824373191153063e+04 1.871259635075164260e+04
1.869916892076005752e+04 1.849076713925473814e+04
1.846257989394254037e+04 1.825169273701544444e+04
1.820898133112189680e+04 1.799589965368142293e+04
1.793896979517591899e+04 1.772400509557842452e+04
1.765320309933941462e+04 1.743668566887360430e+04
1.735254506803604090e+04 1.713482267037206111e+04
1.703804247193022820e+04 1.681947857373678562e+04
1.671076854595830082e+04 1.649173960283745328e+04
1.637190641598772891e+04 1.615279882652718516e+04
1.602294528212548721e+04 1.580415162465314279e+04
1.566540278595134259e+04 1.544731847150878457e+04
1.530077556087503763e+04 1.508379547578040547e+04
1.493083430809469610e+04 1.471534638923320563e+04
1.455749093395873206e+04 1.434387090114020066e+04
1.418254092830254740e+04 1.397114981048107438e+04
1.380780981737266848e+04 1.359898877015166727e+04
1.343534578677137870e+04 1.322940717861570374e+04
1.306706430965546315e+04 1.286429011425874887e+04
1.270472346181620924e+04 1.250536398456678398e+04
1.235017994360799639e+04 1.215444252864412738e+04
1.200523410464440531e+04 1.181327883999014739e+04
1.167147289917032685e+04 1.148341554741307300e+04
1.135016080976427111e+04 1.116607430036193728e+04
1.104217635723932472e+04 1.086209132612621943e+04
1.074824978985026610e+04 1.057215817291140411e+04
1.046899624408883756e+04 1.029685312880759557e+04
1.020489394446977349e+04 1.003660870046965465e+04
9.956329631497528680e+03 9.791765512179676080e+03
9.723543955793575151e+03 9.562525561243744960e+03
9.505012296362705456e+03 9.347384898996497213e+03
9.297768590481327919e+03 9.143446997405115326e+03
9.099042724389655632e+03 8.948007763088626234e+03
8.906527804956078398e+03 8.758824055270151803e+03
8.718324687102749522e+03 8.574057956189411925e+03
8.532593683186891212e+03 8.391931275374045072e+03
8.346795105538876669e+03 8.210008360608046132e+03
8.158181526320428020e+03 8.025659247304619385e+03
7.963954546330748599e+03 7.836215239718190787e+03
7.760909763054904033e+03 7.638643109496604666e+03
7.546182712771446859e+03 7.430233049771838523e+03
7.317556168670178522e+03 7.208922600122846234e+03
7.073459581675605477e+03 6.973264766662667171e+03
6.814154239815624351e+03 6.723567511976241803e+03
6.541360154805738603e+03 6.461528793638630304e+03
6.258125238599493059e+03 6.190094626668612364e+03
5.968642751536430296e+03 5.913290784787662233e+03
5.677741182715983086e+03 5.635717445234510706e+03
5.390611481545190145e+03 5.362301712072247028e+03
5.112211532523425376e+03 5.097714587507448414e+03
4.847094148623265028e+03 4.846227459542021279e+03
4.599662965181729305e+03 4.611935772740266657e+03
4.373678985157786883e+03 4.398314027477593299e+03
4.172137741178889883e+03 4.208069923845582707e+03
3.996531101714385386e+03 4.042520851787658103e+03
3.845946927895178305e+03 3.900693597534760102e+03
3.717613888145624060e+03 3.779901029116339032e+03
3.606101331828618186e+03 3.674985309691101065e+03
3.504974249818714270e+03 3.579885866889438148e+03
3.407085904106656017e+03 3.487908831568605819e+03
3.305795574092790503e+03 3.392872225634132974e+03
3.195550774828467183e+03 3.289624285830889221e+03
3.072688200271382811e+03 3.174798811523622135e+03
2.936218117877657733e+03 3.047526226111613141e+03
2.787819096939398150e+03 2.909413527498332769e+03
2.631744066676519651e+03 2.764452719217893900e+03
2.473741469251991930e+03 2.617989107136773328e+03
2.320385059404742151e+03 2.476089849464236522e+03
2.178464737029448770e+03 2.344974127499260248e+03
2.053949943158217593e+03 2.230042094758254279e+03
1.949773804787099380e+03 2.133874863080796786e+03
1.864569135190248744e+03 2.055124075457415984e+03
1.793389440849460925e+03 1.989198524766009768e+03
1.729859311018568633e+03 1.930248268637933506e+03
1.667759144978429276e+03 1.872603980326696728e+03
1.601281743931338497e+03 1.811002784942600783e+03
1.526293823439383459e+03 1.741731746244168335e+03
1.442862965330340785e+03 1.664906719021872277e+03
1.355469815529492735e+03 1.584627031464765196e+03
1.270120197305717284e+03 1.506323863473162874e+03
1.191830196833625450e+03 1.434476448594460635e+03
1.124158648686342303e+03 1.372205131342811001e+03
1.067714894691219342e+03 1.319973749852816354e+03
1.019667267747732012e+03 1.275201609040070480e+03
9.753748160760793553e+02 1.233743217352234751e+03
9.302478737652594418e+02 1.191542961753368218e+03
8.815166926821848392e+02 1.146189634725690439e+03
8.300464271977136832e+02 1.098485296564333794e+03
7.791774349155648451e+02 1.051379810970165636e+03
7.320855527385814412e+02 1.007630184168770256e+03
6.907711525306193607e+02 9.689287111455253125e+02
6.549084390179386901e+02 9.349425175937541326e+02
6.219518611887244788e+02 9.034523749075883643e+02
5.894021841136158173e+02 8.723184212449258439e+02
5.561406248304643896e+02 8.406067479270361673e+02
5.229107925824101812e+02 8.089677710158496211e+02
4.916009540492615315e+02 7.789903532642241544e+02
4.632791774799333098e+02 7.515438241902957088e+02
4.376210713240598693e+02 7.263292492260135305e+02
4.134665246682262705e+02 7.023729070735196274e+02
3.898052611722883398e+02 6.788483033107877418e+02
3.666650619058561347e+02 6.557857061962694161e+02
3.447727237940318901e+02 6.337695474648543268e+02
3.245506276335357825e+02 6.131233482179845851e+02
3.057827787780614699e+02 5.936596811019776396e+02
2.879224462146701171e+02 5.749413447054316748e+02
2.707602540757647489e+02 5.568044207234397618e+02
2.544730566415351802e+02 5.393820014481058251e+02
2.392524447397526046e+02 5.228109344103017975e+02
2.249886260920133907e+02 5.069985794741816676e+02
2.114728806322283674e+02 4.917835582855684606e+02
1.986434612840517389e+02 4.771164570228667685e+02
1.865634343757356532e+02 4.630370538221814627e+02
1.752225918405739833e+02 4.495306672276295785e+02
1.645268547250475137e+02 4.365249418370579519e+02
1.544237699099583949e+02 4.239785418030151050e+02
1.449119215197828510e+02 4.118850078408910917e+02
1.359650620317863741e+02 4.002210157012921172e+02
1.275452600206987626e+02 3.889561107813901799e+02
1.196128550669780566e+02 3.780599997196737831e+02
1.121473872918162300e+02 3.675144950592072064e+02
1.051288361111479901e+02 3.573026623612076378e+02
9.853143532753091449e+01 3.474044738752411945e+02
9.233080398142402601e+01 3.378012254538591606e+02
8.650393792645678559e+01 3.284754962331868455e+02
8.102913275139474081e+01 3.194110679537805026e+02
7.588591106223559279e+01 3.105928508245303306e+02
7.105495606560874933e+01 3.020068190923594216e+02
6.651821843393783240e+01 2.936402559155067706e+02
6.225892139770957812e+01 2.854818786319293622e+02
5.826117849165137130e+01 2.775212501825072309e+02
5.450992270926429484e+01 2.697486771136282755e+02
5.099087152809474333e+01 2.621551686158560415e+02
4.769049283880043077e+01 2.547323982586863735e+02
4.459597180614937884e+01 2.474726681588101940e+02
4.169516621561749048e+01 2.403689507165449015e+02
3.897651873404903711e+01 2.334152265413823102e+02
3.642909145921291270e+01 2.266061168997144364e+02
3.404256579969849383e+01 2.199366704581196075e+02
3.180721019177737929e+01 2.134023399043960580e+02
2.971384924735436073e+01 2.069989599499016606e+02
2.775383434151187956e+01 2.007227262398817800e+02
2.591901574639978278e+01 1.945701846220060247e+02
2.420172086637430553e+01 1.885385165027598759e+02
2.259472819877112570e+01 1.826255389961768572e+02
2.109123627954758007e+01 1.768292890207329719e+02
1.968484070367884797e+01 1.711479848603560470e+02
1.836951265819530121e+01 1.655800131585656629e+02
1.713957848738979450e+01 1.601239162391485422e+02
1.598970025008827278e+01 1.547783797385524736e+02
1.491485630886801950e+01 1.495423282488450525e+02
1.391032137918954703e+01 1.444152203242562962e+02
1.297165343864046783e+01 1.393966556952864551e+02
1.209467875909667711e+01 1.344862460881807067e+02
1.127547664737184974e+01 1.296836090398273313e+02
1.051036498300683597e+01 1.249883619538517792e+02
9.795886516758757878e+00 1.204001164062526072e+02
9.128795848128214985e+00 1.159184946165540993e+02
8.506046425498317021e+00 1.115434759530679401e+02
7.924779282482994347e+00 1.072752703840392599e+02
7.382312777315990004e+00 1.031139662370116241e+02
6.876132155951001579e+00 9.905952131588624354e+01
6.403879666423478945e+00 9.511176577994329762e+01
5.963345220965538651e+00 9.127040525856399711e+01
5.552457578011209982e+00 8.753502439520160294e+01
5.169275798528396137e+00 8.390523834474663545e+01
4.811981102968520219e+00 8.038091740395584850e+01
4.478870085587602468e+00 7.696179666124244534e+01
4.168347805910449289e+00 7.364741092111782450e+01
3.878921163723644927e+00 7.043710662863676930e+01
3.609192657308763152e+00 6.733005377124304403e+01
3.357854504341580615e+00 6.432525771012615223e+01
3.123683080095194242e+00 6.142158650613864523e+01
