1.994499492145934710e+04 1.987006975579487334e+04
2.010452289634849512e+04 2.002672816303951549e+04
2.025354524911338376e+04 2.017281442417372818e+04
2.039143049201741451e+04 2.030769815936712985e+04
2.051755294863650488e+04 2.043075525698820638e+04
2.063126170741880196e+04 2.054133756345529764e+04
2.073188563639440326e+04 2.063877790416316202e+04
2.081876781049626516e+04 2.072242389601815739e+04
2.089125788655914585e+04 2.079163034623226849e+04
2.094868879226418358e+04 2.084573603772003480e+04
2.099041190309366357e+04 2.088409885490746819e+04
2.101580528770321689e+04 2.090610407312872849e+04
2.102423194792883442e+04 2.091112328872062426e+04
2.101505850005451066e+04 2.089853292402709485e+04
2.098769497539525037e+04 2.086775351558655166e+04
2.094158210770670848e+04 2.081823749832797694e+04
2.087617079339861448e+04 2.074944938663929861e+04
2.079096597639014726e+04 2.066090853858490300e+04
2.068553498293683515e+04 2.055219744895854456e+04
2.055948150157410419e+04 2.042293741032960315e+04
2.041246745408479546e+04 2.027280939046734784e+04
2.024423783062741495e+04 2.010157767533074002e+04
2.005462100119182651e+04 1.990909155728482074e+04
1.984352942604965938e+04 1.969528709705002984e+04
1.961097207739006262e+04 1.946019674723895150e+04
1.935706515029771981e+04 1.920396009633872018e+04
1.908207088445900445e+04 1.892686566776987092e+04
1.878637234934676599e+04 1.862932300645690702e+04
1.847045694196107070e+04 1.831184427511257672e+04
1.813498982197133591e+04 1.797511996096148141e+04
1.778083666923451528e+04 1.762004210777925982e+04
1.740895496828455725e+04 1.724759161125383980e+04
1.702042977419632007e+04 1.685887414143785281e+04
1.661666238497114682e+04 1.645531129489020896e+04
1.619916982191853640e+04 1.603843693265903130e+04
1.576950005975666681e+04 1.560981106464346158e+04
1.532948701709659508e+04 1.517127528707680358e+04
1.488122964335258075e+04 1.472493162917346308e+04
1.442676419519009141e+04 1.427281426076934440e+04
1.396818425739560189e+04 1.381700832462907601e+04
1.350801977950997934e+04 1.336002535833129150e+04
1.304873085526107025e+04 1.290430225801548113e+04
1.259258290548606237e+04 1.245207790709537221e+04
1.214209689595251075e+04 1.200583363458413805e+04
1.169990061794964458e+04 1.156814857102006135e+04
1.126829020434335507e+04 1.114127219150446763e+04
1.084943830301151866e+04 1.072732372406803552e+04
1.044576080036974236e+04 1.032864309675880213e+04
1.005937784387252577e+04 9.947279097427062879e+03
9.692031693049413661e+03 9.584910844978783643e+03
9.345084778168036792e+03 9.242826941860201259e+03
9.019590840372797174e+03 8.922005849795461472e+03
8.716377489432397851e+03 8.623211759337607873e+03
8.436111681599020812e+03 8.347042177053324849e+03
8.179364819160447951e+03 8.093973945478786845e+03
7.946611859470933268e+03 7.864395157292950898e+03
7.737748134325146566e+03 7.658139074205374527e+03
7.549961313455982236e+03 7.472416274793873527e+03
7.379838118052271057e+03 7.303857750162260345e+03
7.224346767005275069e+03 7.149470458801844870e+03
7.081022877421684825e+03 7.006828208854180957e+03
6.947706038049600465e+03 6.873806240703110234e+03
6.821821357375445587e+03 6.747895366409557937e+03
6.699376106094083298e+03 6.625256519475608002e+03
6.576328559377026068e+03 6.502014602733283937e+03
6.447989427489303125e+03 6.373726140285892143e+03
6.309257413818389978e+03 6.235594221259151709e+03
6.155554433173811958e+03 6.083347595127452223e+03
5.982993843515615481e+03 5.913431407178293739e+03
5.788758065011427789e+03 5.723303851242450946e+03
5.572393873380575315e+03 5.512694163234643383e+03
5.334865552210621900e+03 5.282645674908138972e+03
5.079593914919202689e+03 5.036502185649716921e+03
4.811027035059571062e+03 4.778535171785765669e+03
4.534403663035726822e+03 4.513724722755865514e+03
4.255296767699293014e+03 4.247319640593002987e+03
3.980386238097233672e+03 3.985557542347084564e+03
3.716326719821033748e+03 3.734618438702761068e+03
3.469907464018457176e+03 3.500771615923385070e+03
3.247271428255799037e+03 3.289613508442902457e+03
3.053602185365395144e+03 3.105838298701874919e+03
2.891386051256744850e+03 2.951609697087445966e+03
2.761110685470867793e+03 2.827193664920710489e+03
2.660063582674837562e+03 2.729923288243478510e+03
2.583646830448583842e+03 2.655380503772785232e+03
2.525118275389386781e+03 2.597245569482452993e+03
2.476832518650965994e+03 2.548419545141416165e+03
2.430174873192569066e+03 2.501020633344555335e+03
2.376837482077381537e+03 2.447540585558574094e+03
2.309599154344786712e+03 2.381538914392174775e+03
2.223902440855650184e+03 2.299052962357214255e+03
2.118323606552328329e+03 2.198963024965461500e+03
1.994757887798783713e+03 2.083115053888680450e+03
1.858407177543460193e+03 1.956285284188682454e+03
1.717794006971129647e+03 1.826146636391811853e+03
1.583319060368104829e+03 1.701959716667855673e+03
1.464650596684243965e+03 1.592267305441798726e+03
1.367717280083011246e+03 1.502210783613330932e+03
1.293588942905242448e+03 1.432585614415763757e+03
1.239945594281681451e+03 1.381187080881974225e+03
1.202133896690741039e+03 1.343778062084378234e+03
1.172657784825716590e+03 1.313690739557465122e+03
1.141914581395587220e+03 1.282516622249893089e+03
1.101703033832940946e+03 1.243178797032695229e+03
1.048564973458713894e+03 1.192785987376498269e+03
9.839794555243255445e+02 1.132729785507675615e+03
9.129602148832409512e+02 1.067413939815513686e+03
8.430448686345255283e+02 1.003341560733404435e+03
7.817366205437990629e+02 9.469012661277934058e+02
7.332593011332605784e+02 9.016084756264973521e+02
6.976679774238540404e+02 8.673968537992057009e+02
6.711516910238310629e+02 8.409409840774433178e+02
6.470359693525592775e+02 8.165628373045670969e+02
6.193334773541016602e+02 7.892460825984476287e+02
5.857039788880705373e+02 7.570879611368773112e+02
5.473358376886588985e+02 7.211410296304542271e+02
5.084413413204541712e+02 6.849361707866190727e+02
4.740086721012868907e+02 6.525791201165815210e+02
4.463159946346648326e+02 6.258874788331684158e+02
4.243483266108553948e+02 6.039653543686280273e+02
4.048417772445702099e+02 5.841135471998176172e+02
3.842169097154782094e+02 5.634298209862186013e+02
3.613308407130938349e+02 5.410199251501456956e+02
3.376949139669640658e+02 5.181224532974061958e+02
3.157389546847527413e+02 4.966771392325103420e+02
2.970187220045694971e+02 4.778911442961673401e+02
2.809895768995322669e+02 4.613003891596334256e+02
2.658219138934576335e+02 4.454525701216791731e+02
2.502720503581660410e+02 4.293823142334937870e+02
2.345618458426304187e+02 4.132723285829962947e+02
2.198190852380872116e+02 3.979899102562184225e+02
2.066774698749119068e+02 3.840043944561197122e+02
1.947805617484813467e+02 3.710286893401307111e+02
1.832975470116574854e+02 3.584308264628955385e+02
1.720148664694916363e+02 3.460528583266323039e+02
1.612990886455200439e+02 3.341655220600811731e+02
1.514721790762878015e+02 3.229975798629191104e+02
1.423692675118760178e+02 3.124199562153812622e+02
1.336760709468637174e+02 3.022015562300378519e+02
1.253638671645698111e+02 2.923201439233412202e+02
1.175815735940149409e+02 2.828773012317528242e+02
1.103409877189597523e+02 2.738755865224751460e+02
1.035078892867221754e+02 2.652177116594183985e+02
9.703427131126899496e+01 2.568680804950291190e+02
9.095680853871810712e+01 2.488479573570907917e+02
8.526738323462635094e+01 2.411482457677907121e+02
7.990987558799102430e+01 2.337283941308627391e+02
7.487268584277143191e+01 2.265781307293627833e+02
7.013898919688628553e+01 2.196836137251281684e+02
6.569179374099699942e+01 2.130311378422993016e+02
6.151494798790502472e+01 2.066078637889698371e+02
5.759310849786545106e+01 2.004017610247734922e+02
5.391170797985116536e+01 1.944015548849151855e+02
5.045692393639487250e+01 1.885966776925187389e+02
4.721563897907770979e+01 1.829772240094785616e+02
4.417531487068110607e+01 1.775339142465092834e+02
4.132402816299388348e+01 1.722580531410019660e+02
3.865052288628291421e+01 1.671414893391078351e+02
3.614417739328064982e+01 1.621765819572468956e+02
3.379497113923113716e+01 1.573561695848671320e+02
3.159345302781382259e+01 1.526735414440129830e+02
2.953071126282927494e+01 1.481224105500414794e+02
2.759835050631159703e+01 1.436969632643316004e+02
2.578847482660704671e+01 1.393919857392629353e+02
2.409364294724396416e+01 1.352026267247669864e+02
2.250684028287762928e+01 1.311243284697658851e+02
2.102145641334805148e+01 1.271528101054291682e+02
1.963126360175597540e+01 1.232840520047071493e+02
1.833039631894039090e+01 1.195142810422486122e+02
1.711333145468331907e+01 1.158399619692469997e+02
1.597486415444419450e+01 1.122578937945929880e+02
1.491009217418870314e+01 1.087651781919858109e+02
1.391440553606794062e+01 1.053590887145855532e+02
1.298347034540404543e+01 1.020370561932397635e+02
1.211321317538273412e+01 9.879665976928262694e+01
1.129980626780969644e+01 9.563561835056920302e+01
1.053965351209756562e+01 9.255178246264664210e+01
9.829377422735147363e+00 8.954314714385986917e+01
9.165807400518644954e+00 8.660791801272695523e+01
8.545966698311495691e+00 8.374442295742530007e+01
7.967060808632631108e+00 8.095107416347421747e+01
7.426466883092945004e+00 7.822636272057968654e+01
6.921723722808141410e+00 7.556885345980931845e+01
6.450522312102840772e+00 7.297718000429674134e+01
6.010696850538203684e+00 7.045004095374643782e+01
5.600215504556476986e+00 6.798623668821387867e+01
5.217172381051630836e+00 6.558467440329984299e+01
4.859781230655119799e+00 6.324430249267135906e+01
4.526368335260297471e+00 6.096410263301617505e+01
4.215365706697774328e+00 5.874308686829267856e+01
3.925304674874132260e+00 5.658029483081524802e+01
3.654809844660447560e+00 5.447479109672011077e+01
3.402593379605302282e+00 5.242567612481401085e+01
3.167449513838038300e+00 5.043216392631133260e+01
2.948249630774606445e+00 4.849351085618800994e+01
2.743937579915102898e+00 4.660896728434520497e+01
2.553525190332493811e+00 4.477777695225649524e+01
2.376088049011142012e+00 4.299917662233310267e+01
2.210761529663776592e+00 4.127239580131110586e+01
2.056737057392700851e+00 3.959665694620299092e+01
