2.963708540292399266e+04 2.952404523328754658e+04
2.981885522407781536e+04 2.970177105869943625e+04
2.998291355183921405e+04 2.986171215484918503e+04
3.012832367786652685e+04 3.000293662793178009e+04
3.025410946365632481e+04 3.012447512401729182e+04
3.035931674457070403e+04 3.022538109398961024e+04
3.044300737084465436e+04 3.030472486868636770e+04
3.050420934393879361e+04 3.036154419044278256e+04
3.054197259648785257e+04 3.039489969425133677e+04
3.055539279018667366e+04 3.040389861936005036e+04
3.054354809548864796e+04 3.038763275363705543e+04
3.050550462558644722e+04 3.034518392173700340e+04
3.044039568698699441e+04 3.027570202204643283e+04
3.034740844678222129e+04 3.017839228558414834e+04
3.022572671600357353e+04 3.005245987976948891e+04
3.007461035815526338e+04 2.989718723819182560e+04
2.989342088922377297e+04 2.971195913205434044e+04
2.968156575996998799e+04 2.949620984252338894e+04
2.943852019512500556e+04 2.924944424790078847e+04
2.916389262138086269e+04 2.897130037876257484e+04
2.885741695526988406e+04 2.866154337272167686e+04
2.851892740388445964e+04 2.832004371504986921e+04
2.814841002487578953e+04 2.794682349540607538e+04
2.774601969564057435e+04 2.754207245294968379e+04
2.731209584956937033e+04 2.710616935958303657e+04
2.684716188618010710e+04 2.663967843242780509e+04
2.635191961326377350e+04 2.614333866653633959e+04
2.582730259822599692e+04 2.561812042160530473e+04
2.527453921225435624e+04 2.506529256434556009e+04
2.469503386519934065e+04 2.448629489745828687e+04
2.409037187382074990e+04 2.388274213016570866e+04
2.346255534813690974e+04 2.325666660519338257e+04
2.281383644443310186e+04 2.261034642677566444e+04
2.214654095130582937e+04 2.194612392045336310e+04
2.146331384421524854e+04 2.126665404002390642e+04
2.076728975421259747e+04 2.057507687306870503e+04
2.006157637259795956e+04 1.987449558743129091e+04
1.934928489614228602e+04 1.916800639490668982e+04
1.863416572040880419e+04 1.845933285741625878e+04
1.792003521391547110e+04 1.775225533958344386e+04
1.721038690937005958e+04 1.705022450131512232e+04
1.650895242814203448e+04 1.635691381373462173e+04
1.581987987252705170e+04 1.567639665556031468e+04
1.514681430558972170e+04 1.501224464999530392e+04
1.449303662445104783e+04 1.436766162352747779e+04
1.386235850217940970e+04 1.374634612683721753e+04
1.325826121435554160e+04 1.315166802575889415e+04
1.268352724637736355e+04 1.258631683213801443e+04
1.214055815156725475e+04 1.205258507733510669e+04
1.163146775128171066e+04 1.155245971098095106e+04
1.115784889736115292e+04 1.108743334152399984e+04
1.072092701451708490e+04 1.065863939431282597e+04
1.032190351074402861e+04 1.026713359497690544e+04
9.961770542940250380e+03 9.913772147096393383e+03
9.641082702350013278e+03 9.599005184674597331e+03
9.357571147445756651e+03 9.320529411988638458e+03
9.107485991464083781e+03 9.074594837536249543e+03
8.887468926905619810e+03 8.857838801586078262e+03
8.693993492849105678e+03 8.666753395385065232e+03
8.523534884015743955e+03 8.497842578682964813e+03
8.372594953204170451e+03 8.347644180891211363e+03
8.236135598587336062e+03 8.211248668406633442e+03
8.108799535238497810e+03 8.083452795639002943e+03
7.984409264262265424e+03 7.958308523755409624e+03
7.855259436455042305e+03 7.828469221543238746e+03
7.713819659439181123e+03 7.686783558446714778e+03
7.552395766530784385e+03 7.526039525042577225e+03
7.363995012140288054e+03 7.339717896979484067e+03
7.143833255805925546e+03 7.123468509958168397e+03
6.889132248146524034e+03 6.874854580207965228e+03
6.600501634285993532e+03 6.594654131475014765e+03
6.281265942063530019e+03 6.286187440712047646e+03
5.936611099961232867e+03 5.954502204366498518e+03
5.573115757715222571e+03 5.605904858211510145e+03
5.199644091341033345e+03 5.248793594670617495e+03
4.825866709298352362e+03 4.892272395334138309e+03
4.462366404343416434e+03 4.546253257442163886e+03
4.119710063890112906e+03 4.220549120727256195e+03
3.808484821140991244e+03 3.924935589362476094e+03
3.536489710771049886e+03 3.666586029802885150e+03
3.309363566662764242e+03 3.450532689366570594e+03
3.128766915765550038e+03 3.278157017332258874e+03
2.992870473362895154e+03 3.147499536934536536e+03
2.896492711996168055e+03 3.053546722355449674e+03
2.832120718998955454e+03 2.989113883751709636e+03
2.789569070556601673e+03 2.944651057959584705e+03
2.757260169415505970e+03 2.909404380648194547e+03
2.722282763407881248e+03 2.871537111940357590e+03
2.672518034686567717e+03 2.820070725544132983e+03
2.598063298997343736e+03 2.746153611351909603e+03
2.493038797732434432e+03 2.644660626005372251e+03
2.356535072113711976e+03 2.515004181210472325e+03
2.193448282741899675e+03 2.361807249628829595e+03
2.014615391323703307e+03 2.194977994156441127e+03
1.835546495708794964e+03 2.028540395268994416e+03
1.671967443135159101e+03 1.876565933897100194e+03
1.535101514145992496e+03 1.748992843006044268e+03
1.430128176724363357e+03 1.650281156632163857e+03
1.357251387483413282e+03 1.580398370891711920e+03
1.312536676306498293e+03 1.535624972237448219e+03
1.286941517406788535e+03 1.507760243035181929e+03
1.266970515194349446e+03 1.484789805052829934e+03
1.238681090945598044e+03 1.454463928351762661e+03
1.192788573978433078e+03 1.408756117944033122e+03
1.126466105436684984e+03 1.345361955794629466e+03
1.043550097431535278e+03 1.267792245194052384e+03
9.541745903943025269e+02 1.184965564337741853e+03
8.709416624698735632e+02 1.107815101772301887e+03
8.034822159467373694e+02 1.044573025673693110e+03
7.558774273891888242e+02 9.985972998166938623e+02
7.257303617013114945e+02 9.676644959800735251e+02
7.046341389730374658e+02 9.444766229852956485e+02
6.824618790020143706e+02 9.203895956696443363e+02
6.519919505872117043e+02 8.893390781122021735e+02
6.110742468586715859e+02 8.496152335664761495e+02
5.640236306722838435e+02 8.049442622417341227e+02
5.190962612467693589e+02 7.622683984145961631e+02
4.826602734859771431e+02 7.268419282270322128e+02
4.563833709656611290e+02 6.999445415437577367e+02
4.369442217810923808e+02 6.787443005544956804e+02
4.181229879031851056e+02 6.581004535120026731e+02
3.954985681967970663e+02 6.344306397794252916e+02
3.690044857412958095e+02 6.077391025270179625e+02
3.421402972097925499e+02 5.808925839257743746e+02
3.190145057882218680e+02 5.571769140916019296e+02
3.008612208540166080e+02 5.375222349748360102e+02
2.855311119162175828e+02 5.201748914472639171e+02
2.699685648598484704e+02 5.027157626384617402e+02
2.529307941656855121e+02 4.841937890944748801e+02
2.357733952983916481e+02 4.656853347561223018e+02
2.204682684079441515e+02 4.487068111820585727e+02
2.075252158442080486e+02 4.336202478123921082e+02
1.956495405871245623e+02 4.194195313191274863e+02
1.836670208531312198e+02 4.052192440146860690e+02
1.717006963106531430e+02 3.911207913076601699e+02
1.606622799016079455e+02 3.777985107385944730e+02
1.508350456206940464e+02 3.654464072442626161e+02
1.416577065716269033e+02 3.536450110179642934e+02
1.326936364311471550e+02 3.420789104793394131e+02
1.241396833189543401e+02 3.308891205182995918e+02
1.162909969964825763e+02 3.202780776286069795e+02
1.090131641139916923e+02 3.101437658728585234e+02
1.020767225907169546e+02 3.003273736899831192e+02
9.551025593574716765e+01 2.908419145770639034e+02
8.940380927059325700e+01 2.817478798349876570e+02
8.368002872205507003e+01 2.729892837874156726e+02
7.830350592051111391e+01 2.645382958142857319e+02
7.325550842719258071e+01 2.563794974981715882e+02
6.851807918245063433e+01 2.484984036386538264e+02
6.407402490974547504e+01 2.408814004090180276e+02
5.990690538244007968e+01 2.335156903982613699e+02
5.600102035581018356e+01 2.263892415674080780e+02
5.234138951100288040e+01 2.194907364634994167e+02
4.891347564031698170e+01 2.128093460269428192e+02
4.570312328486568987e+01 2.063346224177604142e+02
4.269697698711428302e+01 2.000567445372138877e+02
3.988247257005964741e+01 1.939665033442282720e+02
3.724779199566056320e+01 1.880552646401485788e+02
3.478182069662889120e+01 1.823149344005084629e+02
3.247410725178085755e+01 1.767379264443271722e+02
3.031483146226239000e+01 1.713171699699441035e+02
2.829481148223936060e+01 1.660463619426000150e+02
2.640543029061663560e+01 1.609197412776626948e+02
2.463857478436322879e+01 1.559318850696942889e+02
2.298660839895854835e+01 1.510776879288662258e+02
2.144234527332737272e+01 1.463523439577361103e+02
1.999902564918868819e+01 1.417513297404683499e+02
1.865029244602143876e+01 1.372703884263286795e+02
1.739016391431730213e+01 1.329055804770661098e+02
1.621300677580088134e+01 1.286533586026403668e+02
1.511352954562014261e+01 1.245103946477034214e+02
1.408676495582700383e+01 1.204735402097023922e+02
1.312805108869421744e+01 1.165398162848835284e+02
1.223301353430362326e+01 1.127064034063319582e+02
1.139754852211800440e+01 1.089706322437710071e+02
1.061780705007276637e+01 1.053299799087733533e+02
9.890180921575073114e+00 1.017821462465044959e+02
9.211287958462081704e+00 9.832501811849344620e+01
8.577957434688780580e+00 9.495657887255661933e+01
7.987217451823789283e+00 9.167489962289853622e+01
7.436283054564141182e+00 8.847813353163266470e+01
6.922545012092681027e+00 8.536451034208653255e+01
6.443559231304404555e+00 8.233233115400891222e+01
5.997036439177239942e+00 7.937998214759274163e+01
5.580831811659479058e+00 7.650598903591478006e+01
5.192937476521197304e+00 7.370894196096405437e+01
4.831474521335857197e+00 7.098746721355796296e+01
4.494685021804921021e+00 6.834022424939090001e+01
4.180924539254968764e+00 6.576590286337656721e+01
3.888655061463679452e+00 6.326322051787617795e+01
3.616438360809774544e+00 6.083092128084749817e+01
3.362929688025856567e+00 5.846783789034802226e+01
3.126871898505845682e+00 5.617290266066840587e+01
2.907090030091896704e+00 5.394504881733617196e+01
2.702486116823530349e+00 5.178320281241448697e+01
2.512034309383653241e+00 4.968628432684638341e+01
2.334776292006158105e+00 4.765320634285721013e+01
2.169816978796698326e+00 4.568287528395723029e+01
2.016320451489392873e+00 4.377420696478696271e+01
1.873506032198644311e+00 4.192622949778940722e+01
