1.998446991531200547e+04 1.983183727566173548e+04
2.025048898543978066e+04 2.009157074745558566e+04
2.051097480073193583e+04 2.034560566820396343e+04
2.076532990433727900e+04 2.059334693962996243e+04
2.101291807710947251e+04 2.083416354509654411e+04
2.125307701174787871e+04 2.106740044402614149e+04
2.148513527385356065e+04 2.129239441109573454e+04
2.170839752074956050e+04 2.150845949671169365e+04
2.192213153727032113e+04 2.171487431246039341e+04
2.212559762184286228e+04 2.191091108748688202e+04
2.231804916414779655e+04 2.209583640206398559e+04
2.249870378083820469e+04 2.226888345638579267e+04
2.266676672641479308e+04 2.242927480021703377e+04
2.282144879640393629e+04 2.257623972094217970e+04
2.296194536602560765e+04 2.270899413020089560e+04
2.308743012591481602e+04 2.282673465830161877e+04
2.319709092188351860e+04 2.292867335024730710e+04
2.329012935937898146e+04 2.301403746356711417e+04
2.336573621982945770e+04 2.308204619650678796e+04
2.342312145321678327e+04 2.313193943890444280e+04
2.346152989194712791e+04 2.316299289362780473e+04
2.348022934073100987e+04 2.317450725719416732e+04
2.347851541084834389e+04 2.316581296473422844e+04
2.345573513899803947e+04 2.313629235830114339e+04
2.341129482611060303e+04 2.308538771136854484e+04
2.334466873588481758e+04 2.301261086517064177e+04
2.325540129726588202e+04 2.291754387272462191e+04
2.314311409049179201e+04 2.279984540238352929e+04
2.300754858077289464e+04 2.265929409688466330e+04
2.284856072955188574e+04 2.249578258053253739e+04
2.266609330085329566e+04 2.230928865407461490e+04
2.246022675141104992e+04 2.209992602172145052e+04
2.223125651393848966e+04 2.186802143417534899e+04
2.197958325620353571e+04 2.161400412853399030e+04
2.170571209170240400e+04 2.133840464302045802e+04
2.141043810130826387e+04 2.104203968662436455e+04
2.109474524492631099e+04 2.072591075626797829e+04
2.075967636791694167e+04 2.039107413483301207e+04
2.040649881481493139e+04 2.003880587295165242e+04
2.003684149309441273e+04 1.967073809150182933e+04
1.965236877641043247e+04 1.928853363560923390e+04
1.925479715527726148e+04 1.889390271991856207e+04
1.884628239676458907e+04 1.848898860404561492e+04
1.842910293691962943e+04 1.807605207059616077e+04
1.800543739988874222e+04 1.765725014539197218e+04
1.757765667590535668e+04 1.723492861755076228e+04
1.714841371414137029e+04 1.681171210952161346e+04
1.672019398577708489e+04 1.639005512441031533e+04
1.629532662806667577e+04 1.597225469481990694e+04
1.587618013483715004e+04 1.556064969894234491e+04
1.546497209319243484e+04 1.515742847509589410e+04
1.506371313810877109e+04 1.476457223891751892e+04
1.467475549049726760e+04 1.438440109938021851e+04
1.430078594597504889e+04 1.401956836809179185e+04
1.394422071593173132e+04 1.367246076179037664e+04
1.360662510809548985e+04 1.334463264231227004e+04
1.328799637057644577e+04 1.303610600146923025e+04
1.298810329007053588e+04 1.274667984175240781e+04
1.270634799188580837e+04 1.247579691272207128e+04
1.244125883601371424e+04 1.222204913641213898e+04
1.219132214389721230e+04 1.198398706742688773e+04
1.195454094886044732e+04 1.175968690204561972e+04
1.172827671347507385e+04 1.154659290247538411e+04
1.150989712682601930e+04 1.134214786751669999e+04
1.129609202279084639e+04 1.114311374796589189e+04
1.108340830309424746e+04 1.094609503571782261e+04
1.086797860133633185e+04 1.074725839741356504e+04
1.064546637039699453e+04 1.054227017141593205e+04
1.041164153198546046e+04 1.032686234974792387e+04
1.016220043200935106e+04 1.009664158657468943e+04
9.893528184390734168e+03 9.847857107998404899e+03
9.603189752899490486e+03 9.577896690044957722e+03
9.290062884915791074e+03 9.285435789537919845e+03
8.955191508952577351e+03 8.971326187553597265e+03
8.601231842216890072e+03 8.638051615447204313e+03
8.232844677942121052e+03 8.290157698749197152e+03
7.855861037501669671e+03 7.933411702286394757e+03
7.476983251093968647e+03 7.574511519209320795e+03
7.103655263058847595e+03 7.220938174334246469e+03
6.742989038660502956e+03 6.879883227773821091e+03
6.402241196925868280e+03 6.558682412250481320e+03
6.087848723310520654e+03 6.263894563286096854e+03
5.805073110466772050e+03 6.000875973758420514e+03
5.557332958883810534e+03 5.773181906963042820e+03
5.345173549857243415e+03 5.581470933323565987e+03
5.166228672503038979e+03 5.423501672067126492e+03
5.015120174530837176e+03 5.293967874793755072e+03
4.883823351888018806e+03 5.184827727181552291e+03
4.762932722734982235e+03 5.086503744171955077e+03
4.642270918975787936e+03 4.988446425043265663e+03
4.512273802138362043e+03 4.880531763305435561e+03
4.365184737061701526e+03 4.754334693973578396e+03
4.196302688253337692e+03 4.604526131312252801e+03
4.005181471841084658e+03 4.430297041037756571e+03
3.795720911574014281e+03 4.235559723167008087e+03
3.575579773380217830e+03 4.028364837502399951e+03
3.355128550582415755e+03 3.819752607694986182e+03
3.146029416085897992e+03 3.622153215232095590e+03
2.959106594200245581e+03 3.447052766414355119e+03
2.801509785600986561e+03 3.302012810559179343e+03
2.674588906855384266e+03 3.188508040314908158e+03
2.573877027424465723e+03 3.101941946571009794e+03
2.490858132298298642e+03 3.033445157117928375e+03
2.414813324015080980e+03 2.971692189582920037e+03
2.334314683057472394e+03 2.904377064212930236e+03
2.239955861998188084e+03 2.821166509182648497e+03
2.128288146819654230e+03 2.718145581830178344e+03
2.003452222618921041e+03 2.599782829142895935e+03
1.874737514432430771e+03 2.476260081315560910e+03
1.752893073191806707e+03 2.359291008920593868e+03
1.647092872327810483e+03 2.258731641417493847e+03
1.561730072420878287e+03 2.179205352179772490e+03
1.494443719995739912e+03 2.118143929223997930e+03
1.437459064770093164e+03 2.067257092801312865e+03
1.380799328980998098e+03 2.015871200802548401e+03
1.316545422536378737e+03 1.955476409748781407e+03
1.242906894828264058e+03 1.884206605108625126e+03
1.164822975140293011e+03 1.807504065305406812e+03
1.090106834220965766e+03 1.733812534612470927e+03
1.025538682025841808e+03 1.670272331831899919e+03
9.730391293260847760e+02 1.618775731565994420e+03
9.285664764940762552e+02 1.575005226102099186e+03
8.854859604601998626e+02 1.532038181184094583e+03
8.388792236183863906e+02 1.484834509772634192e+03
7.886895870470738146e+02 1.433474911444101053e+03
7.393188068279600884e+02 1.382593094258628753e+03
6.953267408453946246e+02 1.336808002503768193e+03
6.578970008119960085e+02 1.297202487612759569e+03
6.243831765397358140e+02 1.261067187359280297e+03
5.909450922433809410e+02 1.224637643728777903e+03
5.562346827848779185e+02 1.186696057031555256e+03
5.221488341536783082e+02 1.149156461996976759e+03
4.911932795834292733e+02 1.114390502110188891e+03
4.637773705071243739e+02 1.082709684809310829e+03
4.380963064655297785e+02 1.052417585871640767e+03
4.125790697446399804e+02 1.022128322041366459e+03
3.875585452595257721e+02 9.921931815076488874e+02
3.643405162012605274e+02 9.637542449349119806e+02
3.431939319715241936e+02 9.370013331614288745e+02
3.232167234615379812e+02 9.111629397421631893e+02
3.038012094111132342e+02 8.857633867717627254e+02
2.853353216821142837e+02 8.611256977830362302e+02
2.682334991592048254e+02 8.375541965964598603e+02
2.522181309514271561e+02 8.148213016181158537e+02
2.369106061761571311e+02 7.926516481147889408e+02
2.224051445820281572e+02 7.711132820621569408e+02
2.088531929322964800e+02 7.502961049985427735e+02
1.961233184784387049e+02 7.301053727224445993e+02
1.840955469254484456e+02 7.104568217166658997e+02
1.727396112601556410e+02 6.913209263257967905e+02
1.620309899377288048e+02 6.726738954121967708e+02
1.519443707587624885e+02 6.544934251114628978e+02
1.424539237049788767e+02 6.367586172063059848e+02
1.335324905669821760e+02 6.194488403395141631e+02
1.251482749403903370e+02 6.025397691030217402e+02
1.172696634723877480e+02 5.860074255082499803e+02
1.098669048276299094e+02 5.698297536762901245e+02
1.029119972887271075e+02 5.539865188525635631e+02
9.637858309137435242e+01 5.384592132551199484e+02
9.024184944566147237e+01 5.232309683224514174e+02
8.447843629226356654e+01 5.082864735401541907e+02
7.906655896426123320e+01 4.936123229402214747e+02
7.398616951251608498e+01 4.791975307246258353e+02
6.921832628042781721e+01 4.650324392085747718e+02
6.474505483226688796e+01 4.511084761795801228e+02
6.054930798926453406e+01 4.374180987753791214e+02
5.661492674231989497e+01 4.239547390556712685e+02
5.292660209260465365e+01 4.107127509714582061e+02
4.946983657414616431e+01 3.976873851177714414e+02
4.623085184052008145e+01 3.848759465090893741e+02
4.319654965870962116e+01 3.722780468103369458e+02
4.035456695855377518e+01 3.598937568332092951e+02
3.769324435494037573e+01 3.477234310324569719e+02
3.520158925882923739e+01 3.357676755900002945e+02
3.286924069459290365e+01 3.240273167851919993e+02
3.068643576093192138e+01 3.125033696895156936e+02
2.864397808105038834e+01 3.011971569934392505e+02
2.673321294909329993e+01 2.901124207411496627e+02
2.494599523074426273e+01 2.792544274700943561e+02
2.327465638253863034e+01 2.686279389535467885e+02
2.171197852175140852e+01 2.582371611173092560e+02
2.025116989288088476e+01 2.480857515207438553e+02
1.888584152276027339e+01 2.381768282236099026e+02
1.760998501765978475e+01 2.285129799680237852e+02
1.641795096645296326e+01 2.190964972731190414e+02
1.530442612520906387e+01 2.099306870202174480e+02
1.426441723650571447e+01 2.010187353852287799e+02
1.329323457257393315e+01 1.923629615450572885e+02
1.238647457389526885e+01 1.839648596391236026e+02
1.154000339193499514e+01 1.758251451423701042e+02
1.074994130241991819e+01 1.679438017124901137e+02
1.001264794874368214e+01 1.603201282138630006e+02
9.324707965166028956e+00 1.529528796958831265e+02
8.682916830164458588e+00 1.458405441053199638e+02
8.084269891622108517e+00 1.389810613733749562e+02
7.525950884083631109e+00 1.323717836759512920e+02
7.005320678522731548e+00 1.260095281737878565e+02
6.519906661419209826e+00 1.198906283132083956e+02
6.067392711104899305e+00 1.140109834954976975e+02
5.645609739745496292e+00 1.083661068645950394e+02
