1.295815889105462156e+04 1.287861313358656480e+04
1.314236294719342914e+04 1.305939771291262696e+04
1.332342584389352305e+04 1.323693562775608007e+04
1.350095373891970848e+04 1.341083370716956961e+04
1.367453949306542563e+04 1.358068613150290366e+04
1.384376771492018634e+04 1.374607925245783372e+04
1.400820337244742041e+04 1.390658021077132616e+04
1.416739322915482080e+04 1.406173840771846153e+04
1.432087831220510998e+04 1.421109801853785939e+04
1.446818809050404343e+04 1.435419232067672601e+04
1.460882466994887181e+04 1.449052820870753749e+04
1.474228335938292730e+04 1.461960648523868440e+04
1.486805798853825763e+04 1.474092714391631853e+04
1.498562522041130796e+04 1.485397402873655665e+04
1.509445128233624382e+04 1.495822151139153902e+04
1.519400758565229262e+04 1.505314987991872840e+04
1.528376360878678133e+04 1.513823846332107132e+04
1.536317474510313696e+04 1.521295385676064507e+04
1.543170565390782394e+04 1.527677277876064909e+04
1.548883511217874729e+04 1.532918688607886361e+04
1.553404213772496587e+04 1.536968950511640287e+04
1.556681727545190188e+04 1.539778661147893763e+04
1.558667671746675296e+04 1.541301052165046349e+04
1.559316237698007171e+04 1.541492032927418040e+04
1.558584219774690428e+04 1.540310253696220752e+04
1.556432005559574463e+04 1.537718015559080231e+04
1.552824197677640404e+04 1.533681885935667378e+04
1.547731090834087081e+04 1.528174242438139117e+04
1.541128263769886871e+04 1.521172799104813203e+04
1.532996363838961770e+04 1.512660337255856393e+04
1.523324352124930192e+04 1.502627982478698323e+04
1.512111109426273833e+04 1.491076811123286825e+04
1.499361396077914469e+04 1.478013722375636098e+04
1.485087572657448618e+04 1.463453144920610976e+04
1.469318327800208135e+04 1.447425781006092620e+04
1.452091138374770708e+04 1.429971002407966989e+04
1.433448793320259756e+04 1.411133338093482780e+04
1.413451582161806073e+04 1.390974619146447185e+04
1.392178262896058368e+04 1.369574908683235481e+04
1.369710848741985137e+04 1.347017297873466669e+04
1.346139170028979606e+04 1.323392441085787686e+04
1.321578309179967255e+04 1.298815903704371340e+04
1.296148177772810595e+04 1.273407788925065324e+04
1.269967809089614639e+04 1.247287041444789065e+04
1.243184974724314816e+04 1.220600716759798343e+04
1.215969704670538522e+04 1.193517539761500302e+04
1.188483308633740671e+04 1.166197286385003099e+04
1.160877335085118466e+04 1.138789878051518644e+04
1.133294455491617191e+04 1.111436476899538320e+04
1.105866729983521873e+04 1.084267537575035749e+04
1.078719691063797109e+04 1.057406771901577122e+04
1.052026879845299300e+04 1.031024521817136883e+04
1.025987036805778916e+04 1.005315443259167660e+04
1.000779710217324646e+04 9.804551331101425603e+03
9.765527754263135648e+03 9.565879371447092126e+03
9.534074024236500918e+03 9.338122519716134775e+03
9.314289868643299997e+03 9.122109847804033052e+03
9.106775847162047285e+03 8.918423386669628599e+03
8.911136611797748628e+03 8.726675574966706336e+03
8.726664618316392080e+03 8.546175498978964242e+03
8.552599642047163798e+03 8.376182518528816217e+03
8.387615764695272446e+03 8.215410649724521136e+03
8.230250714199995855e+03 8.062442875720665143e+03
8.078971681268003522e+03 7.915795379171550849e+03
7.931828281181263264e+03 7.773583748682266560e+03
7.786882879749449785e+03 7.633934839726983228e+03
7.641864270530006252e+03 7.494653471521918618e+03
7.494235345858765868e+03 7.353285434322398942e+03
7.341434718118513047e+03 7.207348443693666013e+03
7.180574787284761442e+03 7.054041584254187001e+03
7.008996761707616315e+03 6.890775698927718622e+03
6.824433660454659730e+03 6.715340504786832753e+03
6.625163151618993652e+03 6.526041902457682227e+03
6.410834804334183900e+03 6.322521369207984208e+03
6.182050007914603157e+03 6.105337144480957249e+03
5.941042534368287306e+03 5.876642087829007323e+03
5.690907030757139182e+03 5.639424008091132237e+03
5.435855518044999371e+03 5.397762859950052189e+03
5.180386347602664500e+03 5.156016884967015358e+03
4.929273014881820018e+03 4.918813421921208828e+03
4.687283021961600753e+03 4.690759836963615271e+03
4.458954321299446747e+03 4.476244171253535569e+03
4.248305834372188656e+03 4.279135873562405322e+03
4.058801684961043520e+03 4.102767256101592466e+03
3.892306867989397688e+03 3.948921074679236426e+03
3.749305670865058346e+03 3.818050962033169526e+03
3.627708236884505823e+03 3.708132860673365485e+03
3.523835816673932186e+03 3.615606649278064197e+03
3.432017497910868315e+03 3.534980277724395819e+03
3.345854926079133293e+03 3.460027701647708454e+03
3.258675317601471306e+03 3.384210679680224075e+03
3.164390981906873094e+03 3.301510105422147262e+03
3.058351790121382692e+03 3.207268618385559421e+03
2.938014391766169865e+03 3.098872707113865090e+03
2.803679001094071737e+03 2.976526467890339973e+03
2.658423762793769583e+03 2.843209724244426980e+03
2.507531926845220823e+03 2.704114788018233412e+03
2.357752797120379910e+03 2.565900496854259018e+03
2.216464870802331006e+03 2.435832481370446658e+03
2.090439884715532116e+03 2.320541405526218114e+03
1.983991607572978864e+03 2.224224668077496062e+03
1.897511431997901354e+03 2.147247993212879464e+03
1.827467929855742568e+03 2.086159989928764844e+03
1.767848538271533471e+03 2.035085058868024589e+03
1.711705534488256944e+03 1.987196275611563351e+03
1.652064047641882098e+03 1.935575534504228699e+03
1.583380969700089281e+03 1.874667994676620992e+03
1.503998266715110276e+03 1.802777018661081001e+03
1.417191082907349710e+03 1.723157941917409744e+03
1.329247888111179691e+03 1.642087611928907791e+03
1.246789572104328272e+03 1.566138407873526603e+03
1.175077793346694307e+03 1.500474945249135772e+03
1.116321866489442527e+03 1.447222119859378608e+03
1.068526394505450753e+03 1.404391803711888770e+03
1.026616805904900502e+03 1.366998446655555654e+03
9.844610672463621768e+02 1.329016767867565250e+03
9.376086052876637496e+02 1.286070125044916040e+03
8.855587892304409934e+02 1.237694052891692763e+03
8.317613658061646902e+02 1.187327563706183128e+03
7.808758139123166302e+02 1.139556720273867313e+03
7.365410029750736385e+02 1.097896933407639153e+03
6.994858292002169264e+02 1.063002871902081552e+03
6.669814471932739934e+02 1.032207046977257733e+03
6.351510419204520304e+02 1.001776862187703273e+03
6.014978272224565217e+02 9.693441775311603124e+02
5.663202442727811103e+02 9.352454955192613397e+02
5.322667662244617759e+02 9.020359982848333402e+02
5.017231861181722934e+02 8.719578073123238937e+02
4.750010638006915542e+02 8.452641185755288689e+02
4.504873325850866195e+02 8.204282108975430674e+02
4.261708960831584818e+02 7.955999417725926151e+02
4.015395053218519479e+02 7.703438722387811595e+02
3.777193592314575312e+02 7.457118081837513728e+02
3.559162287917010872e+02 7.227841996890902010e+02
3.361645390259931787e+02 7.015676951831374026e+02
3.174795929672920920e+02 6.811843973745731091e+02
2.991644610358463865e+02 6.610403665997389453e+02
2.814547585285099558e+02 6.413556450245300766e+02
2.649591200761822165e+02 6.226461930511025002e+02
2.497042687058782064e+02 6.049214132328540927e+02
2.352388523053362235e+02 5.878046687374310295e+02
2.213185756701838329e+02 5.711044849012882878e+02
2.081336728930746176e+02 5.549757566668440631e+02
1.958240744479483055e+02 5.395218540650992054e+02
1.842317669700716181e+02 5.246160198979760025e+02
1.732011498454775449e+02 5.101415633102711240e+02
1.627720938924989014e+02 4.961271326005112314e+02
1.529824008688907782e+02 4.825951244503962130e+02
1.437490390479548239e+02 4.694833466297720861e+02
1.350341393044853930e+02 4.567634033302591092e+02
1.268154651485696718e+02 4.444171673383706889e+02
1.190679904380206011e+02 4.324243176178995895e+02
1.117676256817212135e+02 4.207658104674034689e+02
1.048912479607980117e+02 4.094238425503951930e+02
9.841668575832298416e+01 3.983817777382950567e+02
9.232263748390943192e+01 3.876239729916354122e+02
8.658830396971660548e+01 3.771350966156789468e+02
8.119372627824847655e+01 3.669005751131595048e+02
7.611996269125721426e+01 3.569068771138757938e+02
7.134904376135590098e+01 3.471414574226982950e+02
6.686392815785379184e+01 3.375927037327394942e+02
6.264846012963166544e+01 3.282498869668534098e+02
5.868732967970508696e+01 3.191031174200347778e+02
5.496606393279811442e+01 3.101433737505213912e+02
5.147098384820355932e+01 3.013624630895926657e+02
4.818912709057195798e+01 2.927528930383246575e+02
4.510821326701184120e+01 2.843078308896783710e+02
4.221661264404580294e+01 2.760210697651662599e+02
3.950331595750129310e+01 2.678869962915266001e+02
3.695790530164109811e+01 2.599005596764497454e+02
3.457052142074866907e+01 2.520573827900577442e+02
3.233182864603480766e+01 2.443540117324995435e+02
3.023300371835406608e+01 2.367874823996910152e+02
2.826571338352092155e+01 2.293552015635091550e+02
2.642208968574591310e+01 2.220549238280545410e+02
2.469470632333253945e+01 2.148847290316816441e+02
2.307655603437655500e+01 2.078430000416394989e+02
2.156102877094274817e+01 2.009284889264731362e+02
2.014188934421727950e+01 1.941410519403908097e+02
1.881325912137146261e+01 1.874811334078024743e+02
1.756959845111582297e+01 1.809492111834883019e+02
1.640568860766602910e+01 1.745457788641658965e+02
1.531661457305189877e+01 1.682713347563135073e+02
1.429774864127818113e+01 1.621263711579613584e+02
1.334473479110007510e+01 1.561113755043106153e+02
1.245347271156935776e+01 1.502274462581554815e+02
1.162010350164465144e+01 1.444764848548318241e+02
1.084099815711286752e+01 1.388601837106074584e+02
1.011274486882881618e+01 1.333799439479725208e+02
9.432136807886102758e+00 1.280368824896480930e+02
8.796160539319721750e+00 1.228318397200964398e+02
8.201985036277660512e+00 1.177653876687328989e+02
7.646951045927616875e+00 1.128379930039711354e+02
7.128560603784761085e+00 1.080504908876228427e+02
6.644468597976158186e+00 1.034035085156758385e+02
6.192474165886656223e+00 9.889728727351244686e+01
5.770512269028478691e+00 9.453170527455050376e+01
5.376645726406715120e+00 9.030629999323163304e+01
5.009057683905393077e+00 8.622029086448475255e+01
4.666044468216742125e+00 8.227261131617763112e+01
