1.597910760377443512e+04 1.587426764726433612e+04
1.618104744412912987e+04 1.607188364288299090e+04
1.637859934795684239e+04 1.626499097999419246e+04
1.657131891367930075e+04 1.645314537255117102e+04
1.675875289737776257e+04 1.663589421800513082e+04
1.694042045158351175e+04 1.681275908799310128e+04
1.711582176496142347e+04 1.698324396231063656e+04
1.728445213395915198e+04 1.714684855165142289e+04
1.744579307570016681e+04 1.730305944339990310e+04
1.759930340207122572e+04 1.745134123235118386e+04
1.774443885496763323e+04 1.759115615169471130e+04
1.788065215473797434e+04 1.772196422806869305e+04
1.800736887752138136e+04 1.784319975493538732e+04
1.812400626186246154e+04 1.795428977864043918e+04
1.822998812074039961e+04 1.805466875431039807e+04
1.832473083494338061e+04 1.814376496335912816e+04
1.840763951387909401e+04 1.822099686071288670e+04
1.847813250486718607e+04 1.828579704447981203e+04
1.853564010446598695e+04 1.833761111059924224e+04
1.857958468745697610e+04 1.837587854179437636e+04
1.860940478896938657e+04 1.840005608969054083e+04
1.862456677792761548e+04 1.840962914810879374e+04
1.862455405910663831e+04 1.840410170113071945e+04
1.860887145834870171e+04 1.838300062379820520e+04
1.857706357772606134e+04 1.834589315901305599e+04
1.852871944326566154e+04 1.829239181014953647e+04
1.846347642909842398e+04 1.822215898474746064e+04
1.838102417310512465e+04 1.813490975553129101e+04
1.828111042600847941e+04 1.803041738372015243e+04
1.816356947695176859e+04 1.790854252594913851e+04
1.802831600192832047e+04 1.776922650215157773e+04
1.787532908132705779e+04 1.761247438118866557e+04
1.770469100678391987e+04 1.743839398382182480e+04
1.751663090880278105e+04 1.724723969478030267e+04
1.731145189041601407e+04 1.703933847298082037e+04
1.708953891449329240e+04 1.681509744146150842e+04
1.685149088957201457e+04 1.657513596218728708e+04
1.659803028678143892e+04 1.632019469237224985e+04
1.632992530271116448e+04 1.605105739341723893e+04
1.604812538136423063e+04 1.576868597160392164e+04
1.575381899625246297e+04 1.547427774817510181e+04
1.544821467169791322e+04 1.516904677266168801e+04
1.513258265703471625e+04 1.485426511278734324e+04
1.480853124190890776e+04 1.453153713008919112e+04
1.447772899425561445e+04 1.420252329878293494e+04
1.414177990883226266e+04 1.386881633117746060e+04
1.380245739936299833e+04 1.353217352531378856e+04
1.346169050767892440e+04 1.319450303744174380e+04
1.312127995899168855e+04 1.285758241667635957e+04
1.278301978677862462e+04 1.252317849045805997e+04
1.244903299614086063e+04 1.219337759373296285e+04
1.212134380569675523e+04 1.187016537982451700e+04
1.180174546506446131e+04 1.155529781665147857e+04
1.149152655384020363e+04 1.125003590176825310e+04
1.119159191285181441e+04 1.095526428706657316e+04
1.090272657364128099e+04 1.067174874209058362e+04
1.062595193337518322e+04 1.040048304949187877e+04
1.036298627907672744e+04 1.014313732600027470e+04
1.011547995707440896e+04 9.901315428661251644e+03
9.884485718465732134e+03 9.676040644099570272e+03
9.668442235457914649e+03 9.465793551333770665e+03
9.464996311612565478e+03 9.268284777351314915e+03
9.271993025791296532e+03 9.081419337049930618e+03
9.087519861942648276e+03 8.903345735551711186e+03
8.909834597157092503e+03 8.732379594459520376e+03
8.737072269716665687e+03 8.566716708270614618e+03
8.566740084222623409e+03 8.403944210601921441e+03
8.396359575641388801e+03 8.241657885073389480e+03
8.223084647894467707e+03 8.077092115938606184e+03
8.043789757085747624e+03 7.907201453159400444e+03
7.855478522619954674e+03 7.729054003167337214e+03
7.655080103366280127e+03 7.539635643464622262e+03
7.440015027756439849e+03 7.336392427839876291e+03
7.208816384113020831e+03 7.117852955689931150e+03
6.960904622467271111e+03 6.883395776037662472e+03
6.697711567696572274e+03 6.634372846614242007e+03
6.421783182158571435e+03 6.373222370787530053e+03
6.137244711666083276e+03 6.103940464828356198e+03
5.848793034846666160e+03 5.831088164840975878e+03
5.561744877793630621e+03 5.559837221178698201e+03
5.281299235365531786e+03 5.295249088998600200e+03
5.012585185604991239e+03 5.042316380321562065e+03
4.760448610438472315e+03 4.805737235197938389e+03
4.529302076886868235e+03 4.589794048675144040e+03
4.322380820982612022e+03 4.397617686805184348e+03
4.141839076238989037e+03 4.231286872989609037e+03
3.987290565809037616e+03 4.090430448617635193e+03
3.856455366231900825e+03 3.972835885028269331e+03
3.744310047334336105e+03 3.873635538992941747e+03
3.644573497700747339e+03 3.786707218383078725e+03
3.549835531664872178e+03 3.704789524207831164e+03
3.452899531781245969e+03 3.620761923984303849e+03
3.347335828193931320e+03 3.528184552096286552e+03
3.228500094513724889e+03 3.422331821620141454e+03
3.094334831318534725e+03 3.301027320508314460e+03
2.945728544247269383e+03 3.165046715405617761e+03
2.786570425997272650e+03 3.018216777239731528e+03
2.622863621929507644e+03 2.866513956112972664e+03
2.461904787112446684e+03 2.717215438990511302e+03
2.311431395944521228e+03 2.578016667599596531e+03
2.178405740386656817e+03 2.455796995683792829e+03
2.066924608783555414e+03 2.354566436362294553e+03
1.976603209734783604e+03 2.273927170427952206e+03
1.902955236304505661e+03 2.209461410654915653e+03
1.839284273989953590e+03 2.154569204959906074e+03
1.778337524423926880e+03 2.102057655570369207e+03
1.713059298528898580e+03 2.044860809704494841e+03
1.638089936302276783e+03 1.977560078697700419e+03
1.552420972441125059e+03 1.899112640497878147e+03
1.460176692319002541e+03 1.813677094717553700e+03
1.368082285610084455e+03 1.728030931236904053e+03
1.282667450624815501e+03 1.648698911426885843e+03
1.208826587834587599e+03 1.580500300735888231e+03
1.148242969532731877e+03 1.525037308516315534e+03
1.098231631335667998e+03 1.479620833256641163e+03
1.053471201569673212e+03 1.438994912264988670e+03
1.008069292672680376e+03 1.397348611365070838e+03
9.579714144234808373e+02 1.350699109761456157e+03
9.033179697877754961e+02 1.299237183315277889e+03
8.478435113189693766e+02 1.246699226635273135e+03
7.959330140022320847e+02 1.197397282340277570e+03
7.507330666936837815e+02 1.154352778782647420e+03
7.124915527624754077e+02 1.117741083776288633e+03
6.783028459378426760e+02 1.084728625449770107e+03
6.446077179375487276e+02 1.051908234834499353e+03
6.093977602364719814e+02 1.017404936251630943e+03
5.732606342931835570e+02 9.818359686288730472e+02
5.387226255868041562e+02 9.476141490165476853e+02
5.077149403627757351e+02 9.165225369623990446e+02
4.802220330362419531e+02 8.885021472227265349e+02
4.546937960851732328e+02 8.621061907025169830e+02
4.294599118307532990e+02 8.358295076731330937e+02
4.042725229657665977e+02 8.094851734122087237e+02
3.801741786648738639e+02 7.840234291852642627e+02
3.580624341716893468e+02 7.602217824233796364e+02
3.378206264810885955e+02 7.379532281851090829e+02
3.185983266185036200e+02 7.164807732058178544e+02
2.999137948372110714e+02 6.954101162528201030e+02
2.820100587865871944e+02 6.749554184891798059e+02
2.653242435140027737e+02 6.554683332770842981e+02
2.497974096029977318e+02 6.368873190953779613e+02
2.350688673990604798e+02 6.189228707884087726e+02
2.209859037097484702e+02 6.014602559306032390e+02
2.076916306627968538e+02 5.846064948095699947e+02
1.952484261059670985e+02 5.683992495384678705e+02
1.835174084927743365e+02 5.527313815743764280e+02
1.723940190131676786e+02 5.375266304199276419e+02
1.619018523855995397e+02 5.227971034991936676e+02
1.520411057438398359e+02 5.085362054764814843e+02
1.427601458307388214e+02 4.947042460837786848e+02
1.340099721558201793e+02 4.812662521429915614e+02
1.257618500119862546e+02 4.681985744414053556e+02
1.179909641055325977e+02 4.554804110849340191e+02
1.106733305390722677e+02 4.430923891528615286e+02
1.037858083530044695e+02 4.310164814377546350e+02
9.730610601650106162e+01 4.192359294561283036e+02
9.121278335222834244e+01 4.077351721360282681e+02
8.548506860115907102e+01 3.964996030505556064e+02
8.010226709360630082e+01 3.855148821477810088e+02
7.504453440683539611e+01 3.747675525692435485e+02
7.029311224862728125e+01 3.642452474279426156e+02
6.583027223305514042e+01 3.539366329797538242e+02
6.163926234939054893e+01 3.438313553559389106e+02
5.770425604962224497e+01 3.339199904818514710e+02
5.401030892201568179e+01 3.241940216352042512e+02
5.054340427070093256e+01 3.146462631551191862e+02
4.729037241911282052e+01 3.052707144762819667e+02
4.423874800484711045e+01 2.960620322743428687e+02
4.137673358512378030e+01 2.870154770249396279e+02
3.869316842289667591e+01 2.781268797446019789e+02
3.617749837926433543e+01 2.693926096189733244e+02
3.381974689024121972e+01 2.608095427308218746e+02
3.161047641082504711e+01 2.523753891873745658e+02
2.954074615495371248e+01 2.440892621553173285e+02
2.760211736649764447e+01 2.359506857796834822e+02
2.578663306530748756e+01 2.279593748142313814e+02
2.408679266321686185e+01 2.201152143464115625e+02
2.249552776334581594e+01 2.124182397816285857e+02
2.100617909863155930e+01 2.048686171038125110e+02
1.961247469316493763e+01 1.974667500531201938e+02
1.830851004341342048e+01 1.902144072679339502e+02
1.708872734005649718e+01 1.831139679662867934e+02
1.594789571590632171e+01 1.761675632649186412e+02
1.488109332062133561e+01 1.693770645501060983e+02
1.388369029053871451e+01 1.627440840129125377e+02
1.295133256545305045e+01 1.562699758832525561e+02
1.207992650368803744e+01 1.499558445811047989e+02
1.126562314118544883e+01 1.438031011398608712e+02
1.050480386134587718e+01 1.378137817545634221e+02
9.794069498145637098e+00 1.319895216531809865e+02
9.130227986978384891e+00 1.263314635251049651e+02
8.510282430482511984e+00 1.208402818902171276e+02
7.931419800896743588e+00 1.155162079379955742e+02
7.391000248752074064e+00 1.103590546807930792e+02
6.886546877316436444e+00 1.053683045374590677e+02
6.415735687097019024e+00 1.005434228632561684e+02
5.976387113119310257e+00 9.588358514057362925e+01
5.566457728877857392e+00 9.138755477938670424e+01
5.184032134678874471e+00 8.705371641728009990e+01
4.827315299335318777e+00 8.288010881299206289e+01
