3.343011270335771405e+04 3.332667099821398006e+04
3.355939471334575501e+04 3.345254086920641566e+04
3.366658089308205672e+04 3.355627663655702781e+04
3.375072260359981010e+04 3.363693492346572748e+04
3.381083164856742951e+04 3.369353493414400873e+04
3.384591612520351191e+04 3.372509374310184648e+04
3.385503382674057502e+04 3.373067875790553080e+04
3.383725606925292232e+04 3.370937192932367907e+04
3.379163156368958153e+04 3.366023403588043584e+04
3.371727124989634467e+04 3.358238878246979584e+04
3.361334994351866044e+04 3.347502459089804324e+04
3.347900824191916763e+04 3.333729828647962859e+04
3.331343040011439734e+04 3.316841176868599723e+04
3.311590787767978327e+04 3.296767455792823603e+04
3.288578641093390615e+04 3.273445255776460181e+04
3.262244762645230367e+04 3.246815037325654339e+04
3.232540604776814871e+04 3.216830564300693732e+04
3.199430514749254507e+04 3.183458560187808689e+04
3.162884041190543576e+04 3.146671376879921809e+04
3.122884464329805996e+04 3.106455162774123164e+04
3.079433079379718401e+04 3.062813974202345344e+04
3.032546319180407590e+04 3.015767301037661673e+04
2.982256281156621844e+04 2.965350571127808871e+04
2.928615290048190946e+04 2.911619184310677156e+04
2.871697179893574867e+04 2.854649955341353780e+04
2.811599342103515301e+04 2.794543710243327223e+04
2.748440371144091841e+04 2.731422179512249204e+04
2.682359980459500002e+04 2.665427711156363875e+04
2.613531523722041311e+04 2.596736457311335107e+04
2.542156900055665392e+04 2.525553005433167345e+04
2.468453404798453266e+04 2.452096545249580595e+04
2.392666626301948418e+04 2.376614060349350621e+04
2.315090709400306514e+04 2.299401075302763638e+04
2.236029267720503412e+04 2.220761710623525141e+04
2.155792031276256603e+04 2.141005237349922754e+04
2.074746125633914562e+04 2.060497836637971704e+04
1.993279745593172993e+04 1.979626046341906476e+04
1.911760149769575946e+04 1.898754505330100801e+04
1.830579383855652486e+04 1.818271590204280801e+04
1.750187566781838177e+04 1.738622713033116088e+04
1.670994438096426165e+04 1.660212422471185346e+04
1.593373968889381104e+04 1.583408950153951810e+04
1.517760579714923369e+04 1.508639045242838802e+04
1.444564167817029193e+04 1.436304704526372188e+04
1.374118409448054626e+04 1.366732521469290441e+04
1.306760080240888055e+04 1.300250292059786989e+04
1.242850803427284882e+04 1.237208414162471126e+04
1.182669845324326707e+04 1.177877234207883885e+04
1.126421762527839928e+04 1.122453772390926861e+04
1.074265744896917386e+04 1.071086708384498161e+04
1.026310142274065947e+04 1.023875342727427233e+04
9.826186916606193336e+03 9.808770970955754819e+03
9.432400994663588790e+03 9.421315734923740820e+03
9.082186202123139083e+03 9.076711335333793613e+03
8.775860383732953778e+03 8.775180906446301378e+03
8.511942687574532101e+03 8.515201898284338313e+03
8.284985776571651513e+03 8.291370048340208086e+03
8.089650887005690493e+03 8.098384704740314191e+03
7.921443437686474681e+03 7.931777606066810222e+03
7.776857464284595153e+03 7.788066719527734676e+03
7.652784015366676613e+03 7.664158938886695069e+03
7.544419116603983639e+03 7.555337005372507519e+03
7.444648343501854470e+03 7.454669853431760203e+03
7.346295443926672306e+03 7.355180510951550787e+03
7.240684613363287099e+03 7.248513002947349378e+03
7.118882872081348069e+03 7.126094789460971697e+03
6.972783333759894049e+03 6.980205648928377741e+03
6.795364863913806403e+03 6.804223307059594845e+03
6.581794511318134028e+03 6.593642943163529708e+03
6.330699858050981675e+03 6.347324739630957993e+03
6.043094298914185856e+03 6.066384528117651826e+03
5.723391964489576822e+03 5.755202246958014257e+03
5.377690463401137094e+03 5.419712459695242615e+03
5.013903567171801114e+03 5.067570947322795291e+03
4.641182689463155839e+03 4.707547060020348908e+03
4.270105747905002318e+03 4.349744852709251063e+03
3.912351727737162946e+03 4.005256387938396074e+03
3.579684548828172865e+03 3.685251810572605336e+03
3.282841930791575123e+03 3.399775031437572125e+03
3.029603990862038245e+03 3.156164796267866222e+03
2.823630472661894601e+03 2.957712905931742625e+03
2.665881310813750133e+03 2.805180282197341512e+03
2.552715826484056834e+03 2.694953915803544078e+03
2.478752371648947246e+03 2.621752371611350100e+03
2.435406581536652084e+03 2.577333477671921173e+03
2.412464435483714624e+03 2.551947161652337854e+03
2.397522265995543876e+03 2.533885386080006811e+03
2.377552165718923789e+03 2.510951642686815376e+03
2.340250052438042076e+03 2.471729675867166861e+03
2.275950763994332647e+03 2.407341872535992024e+03
2.178892953912721168e+03 2.312607173427821181e+03
2.048641842617043494e+03 2.187297182605223043e+03
1.891351854623638246e+03 2.037271488711302027e+03
1.720380226755492458e+03 1.875013853586020105e+03
1.552601441056112662e+03 1.716134133990816508e+03
1.402894913998976563e+03 1.574329379476862641e+03
1.280667773305020546e+03 1.458172669248313014e+03
1.190055791124765165e+03 1.371322992912087784e+03
1.131216788611110360e+03 1.313755977982727472e+03
1.099561205276027522e+03 1.281102830245774157e+03
1.084670493692126001e+03 1.263712112638938834e+03
1.072587622395526296e+03 1.248805893128812613e+03
1.050662089985525881e+03 1.224916292918374893e+03
1.010701552118545578e+03 1.184708373130548580e+03
9.502052613533179510e+02 1.126047484399326322e+03
8.739685372489384463e+02 1.053388491273570935e+03
7.930343668344351045e+02 9.767568876985035331e+02
7.194121602951336172e+02 9.069460000729209241e+02
6.617605962695096196e+02 8.516395822394396191e+02
6.233259179395399769e+02 8.136162767647587089e+02
6.004808692109722870e+02 7.895213233107295991e+02
5.846679296732811508e+02 7.716727633956053296e+02
5.669236179171231242e+02 7.521173843470430711e+02
5.406276822849449673e+02 7.250521809494338186e+02
5.043070834498824411e+02 6.892582670053952825e+02
4.631511666868055954e+02 6.493634333069010154e+02
4.247620717059893991e+02 6.120404619746185517e+02
3.945328795987254011e+02 5.819489874666994638e+02
3.735575789510139657e+02 5.599631069837556652e+02
3.580666208471054119e+02 5.427578838922346449e+02
3.424267133539152610e+02 5.254558249616475223e+02
3.231490823561861703e+02 5.050826479338068111e+02
3.005008055348429252e+02 4.819087207964707886e+02
2.779549545945427553e+02 4.589198050954218502e+02
2.590079380548316408e+02 4.390693452220216386e+02
2.443155637014498041e+02 4.228718648852313891e+02
2.317555425067980082e+02 4.085120442197256807e+02
2.187624691454913091e+02 3.938389796105342953e+02
2.045087564721547437e+02 3.781797699519963771e+02
1.903356604135927910e+02 3.626597744487779664e+02
1.778837590031576781e+02 3.486248114020290245e+02
1.673435116177370219e+02 3.362116065468827060e+02
1.575784077490364723e+02 3.244812240496048048e+02
1.476843760093021558e+02 3.127027843763656278e+02
1.378847554528638000e+02 3.010621113665933990e+02
1.289241584826559119e+02 2.901527312767794342e+02
1.209361188112256542e+02 2.800714000224830897e+02
1.134337464029612761e+02 2.704276439470361879e+02
1.061228770237775620e+02 2.609909422523620606e+02
9.919336954275145501e+01 2.519089365963968419e+02
9.283756763062649497e+01 2.433259573625895484e+02
8.693778011371125558e+01 2.351476623083351853e+02
8.131310701851728595e+01 2.272344385469483825e+02
7.601304746709620019e+01 2.196228772609111672e+02
7.108261214014822826e+01 2.123426879561003204e+02
6.648465068816716439e+01 2.053658639485981894e+02
6.216468307850013986e+01 1.986500263318429518e+02
5.810658448989807567e+01 1.921806031930243819e+02
5.429775315646429590e+01 1.859461853926775348e+02
5.072579354365070969e+01 1.799359876449904903e+02
4.737856639071956266e+01 1.741398111750943087e+02
4.424423090230398969e+01 1.685480088319290815e+02
4.131127969175946646e+01 1.631514524803179427e+02
3.856848301379978494e+01 1.579414247735952301e+02
3.600411216817792592e+01 1.529088101243183644e+02
3.360655674148323868e+01 1.480445065465710570e+02
3.136497180759949188e+01 1.433399898442835649e+02
2.926923461116235003e+01 1.387872852213876627e+02
2.730989431293514969e+01 1.343789319531090598e+02
2.547812542210225573e+01 1.301079506300226001e+02
2.376568463194869096e+01 1.259678127586503251e+02
2.216492035518022163e+01 1.219525290917601126e+02
2.066884136158019203e+01 1.180569038448578709e+02
1.927090603748629860e+01 1.142761375148536445e+02
1.796495419617888345e+01 1.106057062156999677e+02
1.674518718604391765e+01 1.070413456284285303e+02
1.560614883895078542e+01 1.035790359165620060e+02
1.454270724012634552e+01 1.002149875357083175e+02
1.355003677049423416e+01 9.694562942111704729e+01
1.262358206096747004e+01 9.376765565927895807e+01
1.175904286016277389e+01 9.067802279449553282e+01
1.095238793991241799e+01 8.767385578765257037e+01
1.019984072388331420e+01 8.475243274782117453e+01
9.497863763452533803e+00 8.191117611078021810e+01
8.843144120324744506e+00 7.914764427498914756e+01
8.232579605667806888e+00 7.645952366564335989e+01
7.663266421425849906e+00 7.384463369195354687e+01
7.132490957498635709e+00 7.130100898055239611e+01
6.637714541258255885e+00 6.882682563626605088e+01
6.176560042087139379e+00 6.642033818991902194e+01
5.746802026363537763e+00 6.407987451569927373e+01
5.346357496785106633e+00 6.180383141751731557e+01
4.973277164380919935e+00 5.959067042467121667e+01
4.625737224338005049e+00 5.743891381191026824e+01
4.302031012772923546e+00 5.534716186411900907e+01
4.000560899673977211e+00 5.331412274681760977e+01
3.719833157998143403e+00 5.133855280102296348e+01
3.458451732295919179e+00 4.941924281791882123e+01
3.215112059358606444e+00 4.755501580260366978e+01
2.988595264062850809e+00 4.574472485672480815e+01
2.777762708805201264e+00 4.398725117635119375e+01
2.581550877501481267e+00 4.228150359247741363e+01
2.398966604052990448e+00 4.062645038072922432e+01
2.229082554185983778e+00 3.902111269300081631e+01
2.071032955831217492e+00 3.746452344515113708e+01
1.924009632259986446e+00 3.595572477082908591e+01
1.787258283176632379e+00 3.449376748840634122e+01
1.660074997214851189e+00 3.307771062659094241e+01
1.541802982101798225e+00 3.170662100675464501e+01
1.431829479389511883e+00 3.037958211147955012e+01
