1.632198864813540240e+04 1.622399904720375343e+04
1.651105419223726858e+04 1.640916588904299351e+04
1.669455440651068784e+04 1.658867022457552957e+04
1.687203365961589589e+04 1.676205770938014757e+04
1.704301872828457635e+04 1.692885792711547037e+04
1.720702369939921846e+04 1.708858904430004259e+04
1.736356090022855642e+04 1.724076801380265897e+04
1.751213300630025697e+04 1.738490272755627666e+04
1.765222120197349068e+04 1.752048026686591038e+04
1.778330603518488715e+04 1.764698768917774214e+04
1.790487039693490806e+04 1.776391506371861396e+04
1.801638268306984537e+04 1.787073916612249741e+04
1.811730827024732571e+04 1.796693472038348045e+04
1.820712301442172611e+04 1.805198759460077417e+04
1.828530393168512455e+04 1.812538584307304336e+04
1.835132213531963862e+04 1.818661294668735354e+04
1.840466486263709885e+04 1.823516923397594292e+04
1.844483799514199200e+04 1.827057444445936926e+04
1.847135366110061295e+04 1.829235611859976052e+04
1.848374398583654693e+04 1.830006275280567934e+04
1.848157166667157435e+04 1.829327394055536570e+04
1.846442931848555236e+04 1.827160036761852461e+04
1.843194126934377346e+04 1.823468579757993211e+04
1.838377195487551217e+04 1.818221443295941936e+04
1.831963305815186322e+04 1.811391815636163301e+04
1.823930048093937876e+04 1.802959447573638317e+04
1.814260464091600079e+04 1.792909568831167780e+04
1.802942898287572461e+04 1.781232685344925267e+04
1.789974874031697254e+04 1.767928539579914650e+04
1.775363343232142142e+04 1.753006340799624377e+04
1.759120882691493898e+04 1.736480834437624071e+04
1.741268597160710851e+04 1.718375219426041440e+04
1.721843977312914285e+04 1.698729077679197871e+04
1.700891847749163571e+04 1.677589186338683066e+04
1.678462495813027272e+04 1.655007602495179890e+04
1.654624918521308791e+04 1.631054954580152844e+04
1.629462879877536398e+04 1.605816452290225425e+04
1.603062604424837991e+04 1.579379508900022302e+04
1.575521176773486513e+04 1.551842129844113879e+04
1.546961016898305752e+04 1.523327363796095597e+04
1.517506825009028580e+04 1.493960238826864952e+04
1.487283019483826502e+04 1.463865196237146301e+04
1.456437853933129372e+04 1.433190082613726008e+04
1.425129989845536329e+04 1.402092783423725086e+04
1.393510034780455135e+04 1.370722874961728667e+04
1.361732986817273559e+04 1.339233968394404110e+04
1.329970269214569271e+04 1.307795640401428682e+04
1.298383509562438121e+04 1.276567502386183696e+04
1.267123291602009886e+04 1.245697981040711784e+04
1.236344528410975363e+04 1.215339396007585856e+04
1.206195764708412753e+04 1.185637547002219253e+04
1.176810606602989355e+04 1.156723388951516608e+04
1.148295376621133801e+04 1.128700911960447957e+04
1.120724068138294388e+04 1.101642213331066887e+04
1.094160129178711213e+04 1.075609014871326872e+04
1.068656050804634469e+04 1.050652259663221412e+04
1.044239509078207448e+04 1.026798329016480602e+04
1.020927488097106834e+04 1.004063119009581715e+04
9.987246483798244299e+03 9.824506528581690873e+03
9.774853042548716985e+03 9.618189699322920205e+03
9.569554045695876994e+03 9.419207254262928473e+03
9.368990405724473021e+03 9.225260209411208052e+03
9.171294561164653715e+03 9.034533609733220146e+03
8.975002963127202747e+03 8.845608938562974799e+03
8.778689597981168845e+03 8.657100860173011824e+03
8.580358575316713541e+03 8.467074698026306578e+03
8.377898448382486094e+03 8.273478452620502139e+03
8.169174798355819803e+03 8.074235889592172498e+03
7.951814202809212475e+03 7.867042977637914191e+03
7.723805718521180097e+03 7.649934430824115225e+03
7.483972854560215637e+03 7.421764651258031336e+03
7.231747405556256126e+03 7.181967181733164580e+03
6.968101529539328112e+03 6.931474160123388174e+03
6.695091704919106633e+03 6.672270377234592161e+03
6.415992936424460822e+03 6.407516597416984041e+03
6.134984207295163287e+03 6.141254986010929315e+03
5.856381586780052203e+03 5.877649833172565195e+03
5.584426043012979790e+03 5.620792655473738705e+03
5.323021533783895393e+03 5.374432989057165287e+03
5.075646503974795451e+03 5.141910119713900713e+03
4.845513106661734128e+03 4.926290332384506655e+03
4.635148969747234332e+03 4.729981742208978176e+03
4.446199671994027995e+03 4.554522330604265335e+03
4.278918560098685703e+03 4.400135381951255113e+03
4.131281076339908395e+03 4.264831068180416878e+03
3.999749144384045849e+03 4.145173945143384117e+03
3.878786606011536605e+03 4.035796781008135440e+03
3.762502868095223675e+03 3.930982521788290342e+03
3.645018787671357586e+03 3.825004780228025083e+03
3.521577203825544984e+03 3.713214111024542490e+03
3.388874670368677016e+03 3.592349982663211904e+03
3.245666065464525673e+03 3.461159209210124573e+03
3.093108582908248081e+03 3.320733342967996577e+03
2.934364860072967986e+03 3.174130137738304256e+03
2.774160868305605163e+03 3.025943896118620160e+03
2.617729468687402459e+03 2.881252559276011198e+03
2.470324739847674209e+03 2.745140637239343505e+03
2.336746982413324076e+03 2.622234333360217079e+03
2.220343600743871775e+03 2.515728544076628168e+03
2.121218535661917940e+03 2.425689902024579169e+03
2.035868813609024528e+03 2.348718285254221882e+03
1.958641326332782228e+03 2.279342995002212774e+03
1.883957079883359711e+03 2.212162647779159215e+03
1.807350175625504107e+03 2.142843177786980505e+03
1.725453988545114498e+03 2.068112574630841664e+03
1.637195080303243230e+03 1.986935070010428490e+03
1.545257628755804262e+03 1.901933358490417504e+03
1.454781687513348515e+03 1.818100374075694845e+03
1.370393366300247180e+03 1.739898447167452559e+03
1.294951587393660930e+03 1.670051844401506287e+03
1.229287980188482152e+03 1.609320322685129440e+03
1.171803487331618953e+03 1.556142749010993157e+03
1.118792205978478478e+03 1.506961688438233750e+03
1.066501360722845902e+03 1.458194691778440074e+03
1.012422181400616864e+03 1.407466463501019462e+03
9.563839924127712493e+02 1.354647682385158532e+03
9.008538587822483805e+02 1.302112027024148802e+03
8.487006163709232851e+02 1.252581018049288787e+03
8.014684704638392532e+02 1.207489356661728380e+03
7.592896730172218440e+02 1.166930601824326232e+03
7.205170899999683343e+02 1.129346245851991853e+03
6.829185084150393550e+02 1.092661344303128089e+03
6.454462276875538009e+02 1.055925955441614633e+03
6.083818297650309432e+02 1.019425477087356512e+03
5.730090411424230297e+02 9.843489361385757093e+02
5.404177761858450140e+02 9.516786288107314249e+02
5.104674678905906831e+02 9.212687799115047937e+02
4.823192193640087453e+02 8.923563566386220600e+02
4.551550345581823080e+02 8.642176000847913429e+02
4.287999911980784304e+02 8.367109403105139336e+02
4.037181331334641072e+02 8.102495116654196181e+02
3.803004722553840224e+02 7.851666889557241120e+02
3.584230157864179205e+02 7.613460102630169786e+02
3.376969513118511941e+02 7.384531515211343731e+02
3.178905349756289525e+02 7.162959852451458573e+02
2.990696857477248045e+02 6.949311860297164003e+02
2.813763934871338961e+02 6.744711602822440000e+02
2.647443934072410343e+02 6.548561996810499295e+02
2.490124746326281695e+02 6.359544009844626089e+02
2.340994897632023992e+02 6.177006769030120950e+02
2.200233323331940767e+02 6.001058854378825345e+02
2.067730782543984276e+02 5.831568928212802803e+02
1.942749038831082942e+02 5.667943543360225931e+02
1.824716913296156520e+02 5.509730443412591967e+02
1.713424146572922382e+02 5.356739434506777116e+02
1.608623026139890442e+02 5.208750379525440621e+02
1.509859127237012046e+02 5.065408487238515818e+02
1.416847911124957022e+02 4.926477803796527724e+02
1.329246335688432055e+02 4.791691260411758435e+02
1.246788118739672058e+02 4.660834258919953754e+02
1.169201522176937260e+02 4.533694249269231022e+02
1.096215324840202641e+02 4.410063832568230850e+02
1.027572304670231489e+02 4.289749614522560819e+02
9.630285909414945422e+01 4.172571378766112957e+02
9.023530374969109857e+01 4.058361319404613141e+02
8.453266212660267342e+01 3.946963330560568011e+02
7.917419253864913742e+01 3.838232442338531314e+02
7.414036384188337081e+01 3.732035950227202648e+02
6.941275870061440401e+01 3.628252453377285747e+02
6.497390825537311798e+01 3.526769550404298457e+02
6.080724705942137831e+01 3.427483295608225262e+02
5.689707362292580939e+01 3.330297752048949178e+02
5.322851211674253591e+01 3.235124570717932784e+02
4.978747521038436474e+01 3.141882595655511068e+02
4.656060868536432906e+01 3.050498849876988743e+02
4.353523278546385455e+01 2.960910174423721060e+02
4.069936145671834993e+01 2.873059515933110220e+02
3.804167663902995145e+01 2.786894998365087304e+02
3.555149435583068396e+01 2.702369638371867495e+02
3.321873228558773405e+01 2.619441070661120534e+02
3.103387876762824860e+01 2.538071282240854316e+02
2.898796396589993662e+01 2.458227011824650390e+02
2.707253696592946568e+01 2.379884360121254190e+02
2.527963389246517423e+01 2.303025040942206658e+02
2.360174861279880787e+01 2.227633016753101458e+02
2.203180857467712528e+01 2.153694293149461316e+02
2.056315178494097040e+01 2.081196743423832913e+02
1.918950485791976135e+01 2.010129936593428113e+02
1.790496202225845934e+01 1.940485075276506848e+02
1.670396176584658576e+01 1.872260016263082036e+02
1.558126752204373489e+01 1.805460537054849226e+02
1.453195520905462423e+01 1.740092215286617545e+02
1.355139616647512923e+01 1.676159715618097721e+02
1.263524051659715752e+01 1.613666743600301459e+02
1.177940138188099617e+01 1.552616003501838691e+02
1.098003992047867605e+01 1.493009160206229637e+02
1.023355095936096681e+01 1.434848872006579370e+02
9.536549025462441875e+00 1.378145240738258508e+02
8.885856385402185253e+00 1.322907889989346302e+02
8.278491208597518636e+00 1.269143292966067804e+02
7.711656119487884098e+00 1.216854896660757532e+02
7.182727371223919910e+00 1.166043249849547436e+02
6.689244610609134334e+00 1.116706134143729372e+02
6.228901171615353505e+00 1.068838917300345486e+02
5.799534452894584469e+00 1.022437966118791337e+02
5.399117550771088681e+00 9.774994350495812512e+01
5.025751593371520443e+00 9.340162316241354290e+01
4.677658022937249527e+00 8.919781511412773511e+01
4.353171302779598406e+00 8.513721060510724215e+01
4.050732041161028363e+00 8.121823518783187978e+01
