2.279344527648634175e+04 2.265738889386078517e+04
2.303511569823556783e+04 2.289361877638079022e+04
2.326661770269144836e+04 2.311954257217745908e+04
2.348716710875756326e+04 2.333437968125839689e+04
2.369596199777891889e+04 2.353733329128042897e+04
2.389220096810933683e+04 2.372760798026581324e+04
2.407505817095777456e+04 2.390438478167200083e+04
2.424367010083577043e+04 2.406680803840899171e+04
2.439717915169443586e+04 2.421402901875754833e+04
2.453473288402468825e+04 2.434520534645930093e+04
2.465545020457238934e+04 2.445946780579831102e+04
2.475845645489272283e+04 2.455595502094463518e+04
2.484290251801013801e+04 2.463383237037165600e+04
2.490793419640840148e+04 2.469226208247578325e+04
2.495269465741060048e+04 2.473040577689932616e+04
2.497636840689039673e+04 2.474746768461105239e+04
2.497817747961683926e+04 2.474269122589508333e+04
2.495735729602385618e+04 2.471533601681494110e+04
2.491319656784092876e+04 2.466471644068529713e+04
2.484505245660766741e+04 2.459021647402445888e+04
2.475234344767614675e+04 2.449128419877026317e+04
2.463455991212423396e+04 2.436744172470163176e+04
2.449128159176565896e+04 2.421830110209963459e+04
2.432219428708929627e+04 2.404358198303592508e+04
2.412710914445426533e+04 2.384313226655815743e+04
2.390594615955982954e+04 2.361690876460568688e+04
2.365874571084358467e+04 2.336498836888718142e+04
2.338575505696025721e+04 2.308765692066234988e+04
2.308738019439353229e+04 2.278535894871141863e+04
2.276413800866445308e+04 2.245864780369156142e+04
2.241677235336780723e+04 2.210830290261282425e+04
2.204631572445560960e+04 2.173539165940383464e+04
2.165390004446420062e+04 2.134107730246895517e+04
2.124079625912871415e+04 2.092665814704617515e+04
2.080869244442200579e+04 2.049384621905523090e+04
2.035942406146425128e+04 2.004449599074798971e+04
1.989484433568377426e+04 1.958047406199814577e+04
1.941717627065279521e+04 1.910400855001475065e+04
1.892900217425866140e+04 1.861767808573966249e+04
1.843281438716534831e+04 1.812396556636161768e+04
1.793114204581603190e+04 1.762538329545839588e+04
1.742695173757785597e+04 1.712486817658618747e+04
1.692311588685736569e+04 1.662525736282728394e+04
1.642230651367901010e+04 1.612918335145658784e+04
1.592765790658668629e+04 1.563971699624078428e+04
1.544251492399275958e+04 1.516012380529181610e+04
1.496984468308532814e+04 1.469329469304345184e+04
1.451208191130512023e+04 1.424159319382462490e+04
1.407094609556025898e+04 1.380667413532392129e+04
1.364784776442937255e+04 1.338988888974129986e+04
1.324413498177282236e+04 1.299252369457982968e+04
1.286236712790956881e+04 1.261700922642882324e+04
1.250551746836053644e+04 1.226616503648389335e+04
1.217612483309516574e+04 1.194239450246928209e+04
1.187405081316139695e+04 1.164550740978029535e+04
1.159635875277171363e+04 1.137260249440804364e+04
1.134022223410128754e+04 1.112089081841459119e+04
1.110302506183704281e+04 1.088779866286666766e+04
1.088232177022246833e+04 1.067092947692198322e+04
1.067576623566456510e+04 1.046798809926051399e+04
1.048005509198083746e+04 1.027578024566727436e+04
1.029136471764145608e+04 1.009062508483245801e+04
1.010569413466879996e+04 9.908686810929935746e+03
9.918010113956828718e+03 9.725181358701436693e+03
9.723311129797113608e+03 9.535363170911010457e+03
9.516047746412798006e+03 9.334008631614626211e+03
9.290679859244586623e+03 9.115918509513438039e+03
9.042760613442722388e+03 8.876959275604345748e+03
8.769068287357789814e+03 8.614180097354354075e+03
8.468313265213599152e+03 8.326461473958237548e+03
8.141493261697677553e+03 8.014857675639260378e+03
7.791791935100556657e+03 7.682465562756488907e+03
7.424655545222120054e+03 7.334507206991469502e+03
7.046839139443669410e+03 6.977397187223017681e+03
6.665914294543266806e+03 6.618290257152742925e+03
6.290035170349529835e+03 6.264843394883610927e+03
5.927361041468302574e+03 5.924677981745753641e+03
5.586487346756369334e+03 5.605740184192569359e+03
5.274733933488963885e+03 5.314789630566739106e+03
4.998551498682577403e+03 5.057654170630829867e+03
4.761959493998337166e+03 4.837931831809794858e+03
4.565684744187520664e+03 4.656086006849482146e+03
4.407162672809180549e+03 4.509576639443020213e+03
4.280428492712614570e+03 4.392717250095799500e+03
4.176804381601826208e+03 4.297385118449681613e+03
4.086052378999161192e+03 4.214051781440299237e+03
3.996876280801181565e+03 4.132275712171695886e+03
3.898438959807280298e+03 4.042071255247258250e+03
3.781471561892141381e+03 3.934918358473374610e+03
3.640088379254032134e+03 3.805442367878190453e+03
3.472906655854949349e+03 3.652438175747558034e+03
3.283172664032987086e+03 3.478971744537136601e+03
3.078388771851284218e+03 3.292026601316791584e+03
2.869611292924337249e+03 3.101809177364214520e+03
2.670069513460283815e+03 2.920407384307111897e+03
2.492329433454258833e+03 2.759178516425938597e+03
2.344830807760397875e+03 2.625626119569514685e+03
2.229602643846144019e+03 2.521390857188228892e+03
2.142729740607055646e+03 2.442769579987838370e+03
2.076434793064615860e+03 2.382648058068383762e+03
2.020149462528544291e+03 2.331463983261127396e+03
1.961256146890508717e+03 2.277851398810039427e+03
1.888511565978046747e+03 2.211708172461550930e+03
1.797045416373148100e+03 2.128706688863435829e+03
1.689895500164519945e+03 2.031675311509406356e+03
1.575476284368582355e+03 1.928263213200470545e+03
1.464612096199065945e+03 1.828183535226972253e+03
1.367636335464755803e+03 1.740557081134713144e+03
1.290416602310537883e+03 1.670424418070077763e+03
1.232060052087998201e+03 1.616839792940359303e+03
1.186061780269783412e+03 1.573991357101310086e+03
1.142552453409153941e+03 1.533198254205772173e+03
1.092566344478504561e+03 1.486637887788737316e+03
1.033057274538925412e+03 1.431722953773047266e+03
9.672470516004331103e+02 1.371358163213786838e+03
9.020736161813264289e+02 1.311616547346642164e+03
8.449299218022994182e+02 1.258831006850706672e+03
7.989882319624498450e+02 1.215602912754629415e+03
7.616847210737511205e+02 1.179644322414858834e+03
7.272867333370844563e+02 1.146053688465612368e+03
6.903808060604062575e+02 1.110285885687590053e+03
6.496193478554556577e+02 1.071276540352916527e+03
6.082237034004210727e+02 1.031774358529544088e+03
5.704616727452477107e+02 9.953109042590207309e+02
5.384158235453221550e+02 9.635323248540541954e+02
5.106108925087309558e+02 9.351698085686791728e+02
4.836850363655169076e+02 9.074852931903441231e+02
4.557225550994337482e+02 8.789704035509338382e+02
4.276607876120243077e+02 8.504085920701796795e+02
4.016465090959388249e+02 8.234923965446388365e+02
3.786329637098229455e+02 7.989278720610491291e+02
3.575584525807748264e+02 7.758623535613451168e+02
3.369237568587403757e+02 7.531506796403559747e+02
3.165411035286533092e+02 7.306684469616541264e+02
2.973262406154191240e+02 7.091007773445417115e+02
2.797949858404010683e+02 6.888075790492471242e+02
2.634590041860572001e+02 6.694169911276470657e+02
2.477027793357707424e+02 6.504883144132821826e+02
2.326118285087030984e+02 6.320851417536791814e+02
2.185418433745896039e+02 6.144463560902570407e+02
2.054338078343694463e+02 5.975197273339866797e+02
1.929861875881761648e+02 5.810986209180038031e+02
1.811615568053478569e+02 5.651566807822285909e+02
1.700753070015559274e+02 5.497620558088109419e+02
1.596701367192520706e+02 5.348711653990491186e+02
1.498695099231244683e+02 5.204326191723597503e+02
1.406295290601838985e+02 5.064151472307632957e+02
1.319231552694133995e+02 4.927971729488945130e+02
1.237243571467053869e+02 4.795585951366987274e+02
1.160078682586343604e+02 4.666805603732973395e+02
1.087492191226906755e+02 4.541453907727082537e+02
1.019247616381855295e+02 4.419365168196366085e+02
9.551168165200100191e+01 4.300384119675449597e+02
8.948741270075124987e+01 4.184361746523885017e+02
8.382927917231059212e+01 4.071151776800177231e+02
7.851575260732526829e+01 3.960617095116468249e+02
7.352653778951274433e+01 3.852630086969544436e+02
6.884250320338956897e+01 3.747072128641703443e+02
6.444561540329512184e+01 3.643833109834857282e+02
6.031887707125375186e+01 3.542810985939531179e+02
5.644630064442168305e+01 3.443912320384796999e+02
5.281301039522507779e+01 3.347056978030707342e+02
4.940501772979612838e+01 3.252173315300133254e+02
4.620908719809110465e+01 3.159195174004792648e+02
4.321270082436631554e+01 3.068061586832018293e+02
4.040402396245524130e+01 2.978716502673842683e+02
3.777187240618840036e+01 2.891108523197050886e+02
3.530567989888897529e+01 2.805190716060549221e+02
3.299544300003756092e+01 2.720922414337504165e+02
3.083169540943478637e+01 2.638269073412146213e+02
2.880551373038133178e+01 2.557199425769829872e+02
2.690849040119332258e+01 2.477685126573417165e+02
2.513270592886590649e+01 2.399700564668019638e+02
2.347070246878464417e+01 2.323222678375268515e+02
2.191545869583740114e+01 2.248230775774167114e+02
2.046036637168132089e+01 2.174707905545206756e+02
1.909920865746403607e+01 2.102644518625901640e+02
1.782613689093570386e+01 2.032033235697762166e+02
1.663564975145898828e+01 1.962867299985077238e+02
1.552257391038823719e+01 1.895140473361356896e+02
1.448204566439936336e+01 1.828846935481146829e+02
1.350949350878000388e+01 1.763981186041309002e+02
1.260062148270252536e+01 1.700538410596769552e+02
1.175139200327629752e+01 1.638520095061254551e+02
1.095801197251128301e+01 1.577931216524399929e+02
1.021692005245660795e+01 1.518775222205254067e+02
9.524773253311382248e+00 1.461053931985238421e+02
8.878434214926627988e+00 1.404767560044551260e+02
8.274959179201397674e+00 1.349914739857956647e+02
7.711586617654226927e+00 1.296492566929680947e+02
7.185726161773447807e+00 1.244499243899085457e+02
6.694948204925018409e+00 1.193936544789369520e+02
6.236975058726520693e+00 1.144804182277282933e+02
5.809671958878197984e+00 1.097099136192032205e+02
5.411038477813084668e+00 1.050815798466115467e+02
5.039200424631283148e+00 1.005946118815188868e+02
4.692402206781091323e+00 9.624797505398449005e+01
4.368999567498777381e+00 9.204045105256929560e+01
4.067452456809843575e+00 8.797083592781875439e+01
3.786318996797557457e+00 8.403778862556326601e+01
