1.960083708515420221e+04 1.953206619501367823e+04
1.973499065715894176e+04 1.966386602904223037e+04
1.985901993796605893e+04 1.978550684300691501e+04
1.997237952378958289e+04 1.989644710365627179e+04
2.007452891730915871e+04 1.999615062178694279e+04
2.016493572320609019e+04 2.008408966487011639e+04
2.024305545567208173e+04 2.015972494552270291e+04
2.030834732733574492e+04 2.022252131300125620e+04
2.036028895758546423e+04 2.027196236640978532e+04
2.039835713742141161e+04 2.030753162016310307e+04
2.042201636561264968e+04 2.032870130852985312e+04
2.043075550512937116e+04 2.033496841791745101e+04
2.042408937783325018e+04 2.032585635130505034e+04
2.040153423830118481e+04 2.030089121983802033e+04
2.036263191198860659e+04 2.025962533958978383e+04
2.030696606399618395e+04 2.020165308594515955e+04
2.023414506537663328e+04 2.012659465080757946e+04
2.014379871286013804e+04 2.003409303065127460e+04
2.003560930729525353e+04 1.992384380463410344e+04
1.990931514917127788e+04 1.979559887309766418e+04
1.976470466787518671e+04 1.964916219178704341e+04
1.960162840697908905e+04 1.948440012337183362e+04
1.942000648469776934e+04 1.930124815266941368e+04
1.921984177235874085e+04 1.909972581064221959e+04
1.900122302533148104e+04 1.887993977434786211e+04
1.876431515126928934e+04 1.864207183357336544e+04
1.850937766808638116e+04 1.838639791592260735e+04
1.823681773360678926e+04 1.811334344504546607e+04
1.794713277348546762e+04 1.782342300770906877e+04
1.764089627809485683e+04 1.751722520232116949e+04
1.731886161755762805e+04 1.719551881715736090e+04
1.698194059269478021e+04 1.685923072420707831e+04
1.663109422012286814e+04 1.650933398461529578e+04
1.626740085380622986e+04 1.614691662632628504e+04
1.589221342592703695e+04 1.577334057606945316e+04
1.550693261671882283e+04 1.539001232058015376e+04
1.511296604419449432e+04 1.499834154972991200e+04
1.471199440806215534e+04 1.460000747829349530e+04
1.430585599832524895e+04 1.419684345174966438e+04
1.389630042785562910e+04 1.379059085469775891e+04
1.348514005162860849e+04 1.338304911326606452e+04
1.307448309286167205e+04 1.297630671061989051e+04
1.266632332153650532e+04 1.257233570539494576e+04
1.226250114180181481e+04 1.217295308942583506e+04
1.186506478692878409e+04 1.178017249489438655e+04
1.147606693615113727e+04 1.139600736930463427e+04
1.109730294290854181e+04 1.102221728339884612e+04
1.073039716169346138e+04 1.066038730222780032e+04
1.037689322596918282e+04 1.031201147189219591e+04
1.003811513211856982e+04 9.978369624833045236e+03
9.715176901818853366e+03 9.660536345301041365e+03
9.409068430998479016e+03 9.359446934058923944e+03
9.120638426435798465e+03 9.075893869686558901e+03
8.850576260522784651e+03 8.810520319595329056e+03
8.598852474532608539e+03 8.563264253161371016e+03
8.364380460748747282e+03 8.333020526170093945e+03
8.146060337223661918e+03 8.118674173740024344e+03
7.942585594367782505e+03 7.918914896994507217e+03
7.751541262528499828e+03 7.731361969807004243e+03
7.570414303414290771e+03 7.553540917388414528e+03
7.396891797334329567e+03 7.383175984646785764e+03
7.228787619911737238e+03 7.218131601966074413e+03
7.064078686970099625e+03 7.056433470043034504e+03
6.900376355244791739e+03 6.895764516065210955e+03
6.734347093340104948e+03 6.732916071303716308e+03
6.562802655785525531e+03 6.564818594530211158e+03
6.382440656213985676e+03 6.388326230687646785e+03
6.190097183495257013e+03 6.200438691214480968e+03
5.983608344265686355e+03 5.999124459361347363e+03
5.762205947094408657e+03 5.783721069069567420e+03
5.526230889355370891e+03 5.554611254972975075e+03
5.278375708297941856e+03 5.314440248539412096e+03
5.021985232121181070e+03 5.066457116271944869e+03
4.761232688744953521e+03 4.814686718588034637e+03
4.500392616717801502e+03 4.563231055085876505e+03
4.244247174232344150e+03 4.316648040524556563e+03
3.997334078410754955e+03 4.079249270418934429e+03
3.764187329989399132e+03 3.855307213709550524e+03
3.548998661188548795e+03 3.648754849898527937e+03
3.355747125411110574e+03 3.463297876657025427e+03
3.186783811339739714e+03 3.301068914970949663e+03
3.043178705620192886e+03 3.162980503784949633e+03
2.923228637009823615e+03 3.047339411940745322e+03
2.823485338902251442e+03 2.950789797637007723e+03
2.738614071315661022e+03 2.868249869688620947e+03
2.662507696665953517e+03 2.793929341532256331e+03
2.588702295414074797e+03 2.721762814770583191e+03
2.511195746901258190e+03 2.646149115634715145e+03
2.424919112137919001e+03 2.562403439051428904e+03
2.326842200191592383e+03 2.467772126211253635e+03
2.216182702487258666e+03 2.361598797966073562e+03
2.094774388944479142e+03 2.245662868971491662e+03
1.966282136862509560e+03 2.123417940835033278e+03
1.835838998959894525e+03 1.999645228571783719e+03
1.709830063104375540e+03 1.880247910169730631e+03
1.595153039241184388e+03 1.771536110467322487e+03
1.496911876803332461e+03 1.678131878491746193e+03
1.416741424906911107e+03 1.601445843238198449e+03
1.352465449842304452e+03 1.539389168454250239e+03
1.299866383207398030e+03 1.488037562510457519e+03
1.254128403319940389e+03 1.442957463417948247e+03
1.209455964707192152e+03 1.398870342854420414e+03
1.160019100445242429e+03 1.350516426002720209e+03
1.102623213996489312e+03 1.295060494728908679e+03
1.038324325783766426e+03 1.233514321655329468e+03
9.709574530743093419e+02 1.169373380150180083e+03
9.050910699047204844e+02 1.106752142433011841e+03
8.452657776595652876e+02 1.049691530068182601e+03
7.945670097538202299e+02 1.000891642986422312e+03
7.530881806051635294e+02 9.603707240211037970e+02
7.184149837925097017e+02 9.259334786077494073e+02
6.866922235137462849e+02 8.941448044267158366e+02
6.538113306198124519e+02 8.613898499883007389e+02
6.178813451007578124e+02 8.260361426985349453e+02
5.799703189599608777e+02 7.890497410196636565e+02
5.424013947637821502e+02 7.524724651501154540e+02
5.078475351806698086e+02 7.186171896543179400e+02
4.780202227562880921e+02 6.889325123432772671e+02
4.523068476637403705e+02 6.628536101353707863e+02
4.287946909789114329e+02 6.387162245845214557e+02
4.055535339566768585e+02 6.148682857005126152e+02
3.816504260060984848e+02 5.905280933410168700e+02
3.578635780458122326e+02 5.663662512947207688e+02
3.355569468742152139e+02 5.435298667527677026e+02
3.154588657466804875e+02 5.226139450237484425e+02
2.973722255188333747e+02 5.034351928662828755e+02
2.803649822398740525e+02 4.852093775253746912e+02
2.637084408261552539e+02 4.673351135111524286e+02
2.474778415624529089e+02 4.498770533169353030e+02
2.321605321273200104e+02 4.332301614872411051e+02
2.180717546324844704e+02 4.176408441090712245e+02
2.050100712030130126e+02 4.029374788198655324e+02
1.926251363031810229e+02 3.888348986721680944e+02
1.807407908297240340e+02 3.751918238731223028e+02
1.695094193880188413e+02 3.621256930380316703e+02
1.590329590684461891e+02 3.497107934356929491e+02
1.492389772852717158e+02 3.378852521642341458e+02
1.399796066305631257e+02 3.265316113014861230e+02
1.312171403155096527e+02 3.156183769143775066e+02
1.229881190288288622e+02 3.051695812912511201e+02
1.152769259963929613e+02 2.951694527232087353e+02
1.080233085809766749e+02 2.855698583589601753e+02
1.011889922471744256e+02 2.763398051497407550e+02
9.476949386280264775e+01 2.674729223529344040e+02
8.874520563776918891e+01 2.589520315187900792e+02
8.308534276518970785e+01 2.507523251786188609e+02
7.776841719827116606e+01 2.428560681275683919e+02
7.277705553371939118e+01 2.352484612161747464e+02
6.809389437642914800e+01 2.279150242624480427e+02
6.370075523856237254e+01 2.208410659775231011e+02
5.958038386910561002e+01 2.140127635727977804e+02
5.571651064579869939e+01 2.074171777474272744e+02
5.209379673065716077e+01 2.010421943580362267e+02
4.869778304737065611e+01 1.948764705163931694e+02
4.551484193857835692e+01 1.889093847375195310e+02
4.253215368039369082e+01 1.831310317609532490e+02
3.973775575976959828e+01 1.775323640232410014e+02
3.712039061207202906e+01 1.721049742488137326e+02
3.466942134097855899e+01 1.668409711755534488e+02
3.237480167461462344e+01 1.617329481934433488e+02
3.022704709821118030e+01 1.567739542138551769e+02
2.821720708448821213e+01 1.519574664832086057e+02
2.633683795829869823e+01 1.472773672231728312e+02
2.457795592764760784e+01 1.427280213109476108e+02
2.293301014622328537e+01 1.383042855087349778e+02
2.139489412092154907e+01 1.340013335318602969e+02
1.995692384211759318e+01 1.298146255967105844e+02
1.861281420352435134e+01 1.257398920242891336e+02
1.735665662694564659e+01 1.217731177806463165e+02
1.618289783826177697e+01 1.179105278837877933e+02
1.508632053825861874e+01 1.141485983527503123e+02
1.406202833552822895e+01 1.104841773591865177e+02
1.310542326251412959e+01 1.069143550544301462e+02
1.221218645027834171e+01 1.034363800599296752e+02
1.137826222357374562e+01 1.000476500912484425e+02
1.059984302967344760e+01 9.674570325088343736e+01
9.873355156270630317e+00 9.352820973146296524e+01
9.195445187258707520e+00 9.039296460440175451e+01
8.562966123670257446e+00 8.733793071123929508e+01
7.972964940948386925e+00 8.436125653685903103e+01
7.422673091172342197e+00 8.146118275027846778e+01
6.909495724627750413e+00 7.863602800650237157e+01
6.431001318365910713e+00 7.588418384636187852e+01
5.984911883897567897e+00 7.320410982138400868e+01
5.569093724683851221e+00 7.059432883469040121e+01
5.181548605724204393e+00 6.805343208032338964e+01
4.820404857687229594e+00 6.558013592155606375e+01
4.483910291928226322e+00 6.317322851531051953e+01
4.170425303227299096e+00 6.083152901325527750e+01
3.878415927127225160e+00 5.855388475488529565e+01
3.606447300946964418e+00 5.633916882506633783e+01
3.353177509086779029e+00 5.418627774570820321e+01
3.117351791064042033e+00 5.209412974049137546e+01
2.897797038130830227e+00 5.006171214121929580e+01
2.693416640811538088e+00 4.808811413353542719e+01
2.503185785957418030e+00 4.617242840208572119e+01
2.326146934204250449e+00 4.431373936973544403e+01
2.161405557075214201e+00 4.251112336142672632e+01
2.008126132341330639e+00 4.076364882464140038e+01
1.865528382893334003e+00 3.907037660420887448e+01
