1.722862003228952744e+04 1.710839433172819918e+04
1.744362813463514613e+04 1.731851594943016244e+04
1.765334847999647536e+04 1.752322286450045431e+04
1.785729971021934034e+04 1.772203511978829192e+04
1.805497922030498739e+04 1.791445343360710467e+04
1.824586856974343755e+04 1.809996427906596000e+04
1.842944520996632491e+04 1.827805070005759626e+04
1.860517455226440143e+04 1.844818445340244216e+04
1.877249827102025665e+04 1.860981444554265181e+04
1.893085497978064086e+04 1.876238729156483532e+04
1.907968294788499770e+04 1.890535009995259315e+04
1.921840162541041718e+04 1.903813268584648176e+04
1.934642385799554904e+04 1.916015948657007539e+04
1.946317035532622685e+04 1.927086364122748637e+04
1.956806001811451279e+04 1.936967774541346080e+04
1.966050234729075601e+04 1.945602662923560638e+04
1.973992034365118889e+04 1.952934953798978313e+04
1.980575321610320680e+04 1.958910287321848591e+04
1.985744330804769561e+04 1.963474797804790069e+04
1.989445031753812145e+04 1.966576471919025425e+04
1.991626255329899141e+04 1.968166225566582943e+04
1.992239517690178036e+04 1.968197789924735480e+04
1.991239154455628159e+04 1.966627865896476578e+04
1.988583382246713518e+04 1.963417081702921860e+04
1.984235022020770703e+04 1.958530718778996379e+04
1.978163132803404005e+04 1.951940424321692262e+04
1.970342220215350972e+04 1.943623322491754152e+04
1.960752142182123134e+04 1.933561868259110634e+04
1.949381851484444269e+04 1.921747638598665071e+04
1.936229893573580557e+04 1.908181811496860973e+04
1.921300728991496362e+04 1.892871392350854876e+04
1.904607544002986833e+04 1.875832016097062296e+04
1.886180523378091675e+04 1.857096235331302887e+04
1.866057923307388410e+04 1.836704517570970711e+04
1.844283921362831825e+04 1.814703062753684208e+04
1.820921422330099085e+04 1.791156596645746686e+04
1.796049149071952706e+04 1.766145426115938972e+04
1.769749234532822447e+04 1.739753005435359592e+04
1.742115931927649581e+04 1.712074604993632238e+04
1.713272924485929980e+04 1.683234534100582459e+04
1.683348035343206357e+04 1.653360913206000623e+04
1.652468894417583579e+04 1.622581367371662600e+04
1.620782014328166588e+04 1.591042125301160559e+04
1.588443359491496267e+04 1.558898571817566881e+04
1.555602537169182324e+04 1.526299439515684026e+04
1.522425941582349697e+04 1.493409746408564752e+04
1.489123958749645863e+04 1.460437730462231048e+04
1.455899405951792869e+04 1.427583797210271405e+04
1.422932542681616178e+04 1.395025851287986006e+04
1.390327294148178953e+04 1.362867074962576589e+04
1.358146773872951053e+04 1.331170556990517980e+04
1.326449284156855538e+04 1.299994355468797221e+04
1.295376192127430841e+04 1.269477868301879425e+04
1.265208626260335041e+04 1.239897566388904306e+04
1.236216133414806245e+04 1.211518378165894137e+04
1.208604383436551689e+04 1.184542613741059904e+04
1.182309849951759679e+04 1.158909286460781732e+04
1.157171987781744974e+04 1.134462457007561534e+04
1.133040977977455805e+04 1.111056584935676801e+04
1.109761603479120276e+04 1.088541142495478925e+04
1.087175195343353153e+04 1.066762384688058592e+04
1.065132504828113997e+04 1.045575480765642897e+04
1.043461416316482246e+04 1.024813071270042019e+04
1.021971466804816737e+04 1.004289509683052165e+04
1.000481367268988106e+04 9.838274377141302466e+03
9.787824522500406601e+03 9.632219287390520549e+03
9.566639484272600384e+03 9.422649322898872924e+03
9.339090189608903529e+03 9.207411449938364967e+03
9.102627319780414837e+03 8.983962954218435698e+03
8.855003393098655579e+03 8.750039218744374011e+03
8.594653261046090847e+03 8.504037323833008486e+03
8.320586272991902661e+03 8.244903972216729017e+03
8.033327763817095729e+03 7.973082475346895990e+03
7.734607700132828541e+03 7.690208304467226299e+03
7.427542055408770466e+03 7.399295721137773398e+03
7.116458149345010497e+03 7.104577546474896735e+03
6.806026261358658303e+03 6.810636964686184001e+03
6.501052431446001719e+03 6.522210508788483821e+03
6.206004975874639058e+03 6.243705076097917299e+03
5.924902512305392520e+03 5.979096677247698608e+03
5.661396270801063110e+03 5.732000140473592182e+03
5.418484224634690690e+03 5.505398144082107137e+03
5.198370791478867432e+03 5.301485109284593818e+03
5.001944230696773047e+03 5.121184088936014632e+03
4.827798615276024066e+03 4.963131763689115360e+03
4.672838591837831700e+03 4.824290778724671327e+03
4.531489984434462713e+03 4.699126583111700711e+03
4.397442705327742260e+03 4.581319782911219590e+03
4.263988731205954537e+03 4.464081196301397540e+03
4.125429390241749388e+03 4.341567799283377099e+03
3.977480520034779147e+03 4.209300952950349711e+03
3.818007758742766327e+03 4.064961211385936167e+03
3.647432593380021899e+03 3.908841370098399238e+03
3.468548678034725071e+03 3.743693607515373515e+03
3.286268665674713247e+03 3.574494196595345329e+03
3.106367506477924508e+03 3.407133548454969969e+03
2.934758697813034360e+03 3.247664449399862406e+03
2.776956084477526474e+03 3.101734410197509533e+03
2.637325966035160036e+03 2.973810312692449315e+03
2.517326711090581284e+03 2.865405469615207494e+03
2.414421599614609477e+03 2.773969935757601434e+03
2.322804317223820362e+03 2.693595128841030601e+03
2.235810137118438433e+03 2.617447068916584612e+03
2.147941769579430002e+03 2.539831983769211092e+03
2.055107455785720504e+03 2.456462718897304512e+03
1.955165361138120034e+03 2.365067584713730412e+03
1.849684618493996595e+03 2.267262599246568698e+03
1.743891212736488569e+03 2.168496363468130767e+03
1.643614955765109926e+03 2.074837568293090044e+03
1.552767746669676171e+03 1.990335665513825234e+03
1.473074452546481325e+03 1.916757820545414006e+03
1.403607653242185279e+03 1.853139135623397578e+03
1.340619208077243911e+03 1.795617886762878015e+03
1.279612321625368395e+03 1.739564913915694433e+03
1.217196878252518673e+03 1.681495627793869971e+03
1.152248176102078105e+03 1.620281630293992748e+03
1.086751974817263090e+03 1.558013574709404111e+03
1.024268066143990382e+03 1.498377568839618107e+03
9.671518382064429034e+02 1.443778886103306832e+03
9.160173890394810314e+02 1.394818988074723165e+03
8.695902679994452456e+02 1.350185889850262583e+03
8.252186869950725168e+02 1.307203142684543764e+03
7.811260050954126655e+02 1.264110744963818888e+03
7.372417333882799539e+02 1.220880620789871955e+03
6.947986280373611407e+02 1.178775070590116457e+03
6.553431269767506819e+02 1.139328384083510173e+03
6.191856469030503831e+02 1.102827809589224898e+03
5.854495068397533259e+02 1.068406549368676906e+03
5.530823555238346216e+02 1.035055071800388532e+03
5.215957867905774492e+02 1.002329262621572525e+03
4.913859523483986322e+02 9.706260654925848712e+02
4.630535436091469137e+02 9.405117047912303860e+02
4.366333130244184986e+02 9.120086739495563961e+02
4.117085477917935918e+02 8.847299685864994672e+02
3.878792183141782175e+02 8.583201857541971549e+02
3.651594234652390583e+02 8.328006348516368007e+02
3.437225097420378574e+02 8.083243409756324809e+02
3.235932581320095096e+02 7.849065107773798218e+02
3.045735567504594314e+02 7.623747018206883013e+02
2.865254723206588210e+02 7.406139719043146670e+02
2.694502832239193140e+02 7.196244046587110006e+02
2.533655578003106541e+02 6.994151202645855392e+02
2.381981840912389430e+02 6.799231332365714024e+02
2.238627028668244066e+02 6.610788497004563169e+02
2.103292602959767237e+02 6.428553953880210656e+02
1.975764653234536752e+02 6.252310464866984603e+02
1.855551095118316596e+02 6.081645967693438024e+02
1.742220113174400353e+02 5.916200844326325523e+02
1.635417197461796377e+02 5.755673788992637583e+02
1.534820921795698325e+02 5.599793251835070578e+02
1.440102334046815429e+02 5.448282498961133342e+02
1.350939620119356732e+02 5.300874151562213683e+02
1.267027100088950533e+02 5.157319813745917827e+02
1.188074541394600345e+02 5.017388976646948322e+02
1.113806468664866856e+02 4.880867980335125367e+02
1.043961498538066337e+02 4.747559057827482434e+02
9.782917392389809663e+01 4.617279426071232251e+02
9.165631746014616965e+01 4.489859773183537754e+02
8.585548454039303579e+01 4.365143526431753571e+02
8.040570057908654178e+01 4.242986974362439696e+02
7.528705872631731211e+01 4.123258645398954627e+02
7.048067437795803869e+01 4.005838684578122297e+02
6.596864094173616877e+01 3.890618267481956423e+02
6.173398686867351870e+01 3.777499048152718615e+02
5.776061571715219145e+01 3.666394973062248823e+02
5.403323686506833923e+01 3.557236055338909750e+02
5.053738190966823396e+01 3.449961443683499738e+02
4.725937574160881383e+01 3.344517587072197102e+02
4.418629730891434804e+01 3.240857836768207676e+02
4.130594201284701938e+01 3.138942058017573231e+02
3.860678569021909823e+01 3.038736249744374049e+02
3.607795057064025457e+01 2.940213690703894827e+02
3.370917559532629326e+01 2.843366793193414992e+02
3.149078202211165234e+01 2.748198377043381697e+02
2.941364097922431853e+01 2.654713021773511628e+02
2.746914490195132430e+01 2.562916756897939194e+02
2.564918027462234917e+01 2.472816841283581937e+02
2.394610160992454340e+01 2.384421545535304574e+02
2.235270654914393518e+01 2.297740164149024906e+02
2.086220874053557139e+01 2.212793695247906385e+02
1.946821494543020492e+01 2.129617454164627190e+02
1.816470914913826107e+01 2.048244115150907021e+02
1.694603220667577403e+01 1.968702366039099161e+02
1.580686205725793236e+01 1.891016957780167331e+02
1.474219493266826930e+01 1.815208763856677479e+02
1.374732751713979440e+01 1.741294849121168511e+02
1.281783970479375512e+01 1.669291626102053954e+02
1.194957772924528605e+01 1.599223569846955968e+02
1.113864016740800800e+01 1.531112072080734379e+02
1.038136381159491073e+01 1.464972171876420646e+02
9.674309924239409497e+00 1.400812888392114814e+02
9.014251225574318127e+00 1.338637559032675313e+02
8.398159579627233029e+00 1.278444180804434467e+02
7.823194281367037206e+00 1.220225964782092802e+02
7.286690299049577213e+00 1.163974225610080282e+02
6.786148346682240096e+00 1.109677351435115327e+02
6.319225704070487559e+00 1.057318914141704340e+02
5.883726873759002274e+00 1.006878030233017967e+02
5.477594747450305945e+00 9.583297633972300389e+01
5.098902270733664643e+00 9.116455159264631902e+01
