1.618781047069624401e+04 1.612780079181395013e+04
1.632389156611341787e+04 1.626159398974991927e+04
1.645212750736901944e+04 1.638748890598227808e+04
1.657199535333835229e+04 1.650496359557127289e+04
1.668296535371973732e+04 1.661348983832116937e+04
1.678447515952937465e+04 1.671250796769685257e+04
1.687596008113836797e+04 1.680145657832275174e+04
1.695686316812003497e+04 1.687978243998046673e+04
1.702661493778533986e+04 1.694692027458925077e+04
1.708463991699734470e+04 1.700229931852208756e+04
1.713037970425253661e+04 1.704536637109681033e+04
1.716328342937316847e+04 1.707557644535590589e+04
1.718278610195008150e+04 1.709237147662477219e+04
1.718834429925398945e+04 1.709521559125614294e+04
1.717944486861794212e+04 1.708360376443852510e+04
1.715558523970109309e+04 1.705704273148979337e+04
1.711628706164320101e+04 1.701506437935386202e+04
1.706111733321970678e+04 1.695724642268070966e+04
1.698968678983382051e+04 1.688321126259187076e+04
1.690164712748064630e+04 1.679262375173980399e+04
1.679670743149263944e+04 1.668520656135880563e+04
1.667464157073331444e+04 1.656074753181394408e+04
1.653530256255429049e+04 1.641911528720731440e+04
1.637861960791310412e+04 1.626025532214602754e+04
1.620459557398516154e+04 1.608418659313369426e+04
1.601334458898094817e+04 1.589104001375854750e+04
1.580511435002815051e+04 1.568108118175536401e+04
1.558023165060092288e+04 1.545465406593092484e+04
1.533912011114856796e+04 1.521219870736314442e+04
1.508241440054657687e+04 1.495436672001515763e+04
1.481086089733800691e+04 1.468192041698124194e+04
1.452526317606377961e+04 1.439567742717943656e+04
1.422662677850050204e+04 1.409665595439760000e+04
1.391617786765275196e+04 1.378609324950456357e+04
1.359516150965875204e+04 1.346524288339303348e+04
1.326490585365136940e+04 1.313543844539968268e+04
1.292709484716420593e+04 1.279836480498432502e+04
1.258345111416823056e+04 1.245574228538079115e+04
1.223562787751901124e+04 1.210921911306941365e+04
1.188548423753490533e+04 1.176064375595144702e+04
1.153503019619046790e+04 1.141201051062303304e+04
1.118611764489118104e+04 1.106515409539684515e+04
1.084061315566843950e+04 1.072191831659323725e+04
1.050079945045348359e+04 1.038454779723327920e+04
1.016881815328780613e+04 1.005514487892019861e+04
9.846527032187803343e+03 9.735530522019733326e+03
9.535320191407301536e+03 9.427063035125043825e+03
9.236231837502729832e+03 9.130742737588077944e+03
8.950129378899084259e+03 8.847406484685250689e+03
8.678159921460926853e+03 8.578156589221067406e+03
8.422339676586909263e+03 8.324926424485018288e+03
8.184572063601507580e+03 8.089539389951719386e+03
7.966136591383180530e+03 7.873210989200089898e+03
7.765849591378559126e+03 7.674744756599689936e+03
7.581778058375935871e+03 7.492212564039447898e+03
7.412149663325211804e+03 7.323847150110862458e+03
7.255227547065149338e+03 7.167922234084659067e+03
7.109375070564865382e+03 7.022813039619762094e+03
6.972812985822789415e+03 6.886762468713119233e+03
6.843033961370730140e+03 6.757319819498011384e+03
6.717513057723185739e+03 6.632022683506768772e+03
6.593273768673811901e+03 6.507992975436632150e+03
6.466952363621273435e+03 6.381997708844587578e+03
6.335150409165263227e+03 6.250786641875201894e+03
6.194030740721334041e+03 6.110723944059353016e+03
6.040093828867932643e+03 5.958508573217318371e+03
5.870585476573961387e+03 5.791590870447157613e+03
5.683522936706659493e+03 5.608163630472047771e+03
5.478574610937512261e+03 5.408014153182860355e+03
5.256590996634065959e+03 5.192047308520059232e+03
5.020352026060059870e+03 4.962995895064722390e+03
4.773622402676798629e+03 4.724503933164387490e+03
4.521269885412220901e+03 4.481233583938273114e+03
4.268448590169847193e+03 4.238088324878050116e+03
4.020653220694134689e+03 4.000264949803060517e+03
3.783509204933218371e+03 3.773038294229199892e+03
3.562435815296158125e+03 3.561470163613978912e+03
3.362144135799622291e+03 3.369913595777939918e+03
3.186624450317036917e+03 3.202018629421665537e+03
3.037758645061815059e+03 3.059431997862821845e+03
2.915763584902569164e+03 2.942221555697785789e+03
2.818004951403010182e+03 2.847795063709358146e+03
2.740243429726967861e+03 2.772072333285231252e+03
2.676226777512736589e+03 2.709145209885293752e+03
2.618899215140322667e+03 2.652414031368190535e+03
2.560751538311705644e+03 2.594925011226541756e+03
2.494674698756966791e+03 2.530170828380499188e+03
2.415040473409844253e+03 2.453065565784319006e+03
2.318561060129140060e+03 2.360709060532196418e+03
2.205148863793426699e+03 2.253147436096853653e+03
2.077824034052590832e+03 2.133246441681328179e+03
1.942302451689831059e+03 2.006286507218335828e+03
1.806353924862154827e+03 1.879362491883234270e+03
1.678798036914087106e+03 1.760457975615334135e+03
1.567503011636105612e+03 1.656622527208869769e+03
1.477037617668893290e+03 1.571871690650993969e+03
1.407645482784491151e+03 1.506293961111890894e+03
1.355932373980556349e+03 1.456708533209402503e+03
1.316156039417136753e+03 1.417867206148391233e+03
1.280867714730913576e+03 1.383062775436888160e+03
1.241711507932609265e+03 1.344864011394344061e+03
1.192035066775329597e+03 1.297433371976550461e+03
1.129930674039702808e+03 1.239180198458651375e+03
1.058544289212423564e+03 1.172971684449099939e+03
9.841310161776018504e+02 1.104366375334041322e+03
9.139499636497444044e+02 1.039736170361743461e+03
8.543656183099320742e+02 9.845955557561705973e+02
8.081220693636897749e+02 9.412447449492404985e+02
7.735284471861244810e+02 9.081145712908448786e+02
7.455218256943171582e+02 8.807470345751451077e+02
7.173902525382077329e+02 8.533280043344999513e+02
6.839351245331100699e+02 8.214177226942258585e+02
6.442894336784062261e+02 7.843317616295570360e+02
6.014688712173809790e+02 7.446965870941660341e+02
5.604107795809643449e+02 7.067274981453778082e+02
5.255665630177201137e+02 6.741624954358178456e+02
4.980306409284608549e+02 6.478623995861714775e+02
4.753180752418766133e+02 6.256820227293225116e+02
4.534254576269273684e+02 6.042480027449684030e+02
4.292493403902194018e+02 5.809882271138428678e+02
4.027807352753563919e+02 5.559272697071597804e+02
3.766309007424374045e+02 5.312397951181526423e+02
3.534406048612490281e+02 5.090823770836861399e+02
3.339961535511277475e+02 4.900623571244254890e+02
3.167900363392032546e+02 4.729223786492262320e+02
2.996230882812752725e+02 4.558752402262240366e+02
2.817076229315489968e+02 4.382984046489379466e+02
2.640503286222532893e+02 4.210071204893466188e+02
2.480317972973525116e+02 4.050916991461268708e+02
2.339085567508054453e+02 3.907347975282817742e+02
2.207598296720682072e+02 3.771982222399803959e+02
2.077151416419161194e+02 3.638013755858850686e+02
1.949318202431647649e+02 3.506695515993187655e+02
1.830513344346936151e+02 3.382922294918795956e+02
1.722421403176622334e+02 3.267868911392743598e+02
1.620672970494140372e+02 3.158139572346736372e+02
1.522135909839944645e+02 3.051359379921035497e+02
1.428451711817660055e+02 2.948734610439170183e+02
1.341595922532036127e+02 2.851666660241525051e+02
1.260402773794215392e+02 2.759237475816699430e+02
1.183048935255011145e+02 2.670089842783903009e+02
1.109823904929952363e+02 2.584404314263504148e+02
1.041387834894051849e+02 2.502606635825972319e+02
9.770624566225585284e+01 2.424177811403617397e+02
9.163792021613171812e+01 2.348757441924209672e+02
8.592718716593655870e+01 2.276270992558496573e+02
8.055532549502413531e+01 2.206557238857108416e+02
7.550372791871403422e+01 2.139459482413898854e+02
7.075468413196752238e+01 2.074831178078946152e+02
6.629134764004921010e+01 2.012535230342107297e+02
6.209769652259490158e+01 1.952443235394913756e+02
5.815841391643225933e+01 1.894433322191212312e+02
5.445890455090789573e+01 1.838390185146546685e+02
5.098534699070079768e+01 1.784205980498250028e+02
4.772465918683089114e+01 1.731779869474114832e+02
4.466446306784582276e+01 1.681017560744089678e+02
4.179305053231399114e+01 1.631830888238706621e+02
3.909935081284037750e+01 1.584137422257815331e+02
3.657290200931343094e+01 1.537860751337626652e+02
3.420382474666968875e+01 1.492931131859681102e+02
3.198278553989723605e+01 1.449283562303492943e+02
2.990096821757619949e+01 1.406857204003264030e+02
2.795004797359975512e+01 1.365595134154134769e+02
2.612216651962396696e+01 1.325444115680011521e+02
2.440990830636838993e+01 1.286354382528739961e+02
2.280627737565821533e+01 1.248279612930975588e+02
2.130467181633729012e+01 1.211178468371909958e+02
1.989886587788751626e+01 1.175013452714485851e+02
1.858299315167178989e+01 1.139749454288735819e+02
1.735152742063399245e+01 1.105353592986024864e+02
1.619926437058563806e+01 1.071795095397360882e+02
1.512130417837125584e+01 1.039045176673944724e+02
1.411303493919011309e+01 1.007076933011379936e+02
1.317011634281205801e+01 9.758659906110021609e+01
1.228846427531472152e+01 9.453911259372110010e+01
1.146423785710574883e+01 9.156325971247269990e+01
1.069382601872810135e+01 8.865718471874225770e+01
9.973834589727374578e+00 8.581914338474282999e+01
9.301074050238131719e+00 8.304749623154907567e+01
8.672547915873789037e+00 8.034070208390723167e+01
8.085441572380354103e+00 7.769732399701445047e+01
7.537110811936734045e+00 7.511610905236410929e+01
7.025072928268996542e+00 7.259591844156003049e+01
6.546998029068785918e+00 7.013566814199830901e+01
6.100700105425165276e+00 6.773432447126504030e+01
5.684128583091495379e+00 6.539090021020498966e+01
5.295360337069730861e+00 6.310445087816034970e+01
4.932592143542883889e+00 6.087407181198061323e+01
4.594133342182964874e+00 5.869894295385641669e+01
4.278399041083709164e+00 5.657834956166215790e+01
3.983904155932239455e+00 5.451159524948808155e+01
3.709257429735332234e+00 5.249799158645573272e+01
3.453155754600898408e+00 5.053685644870343197e+01
3.214378818240967384e+00 4.862751247205862626e+01
2.991784058029158366e+00 4.676928560494533826e+01
2.784301856412095155e+00 4.496152181788934143e+01
2.590930825730402010e+00 4.320367710587397170e+01
2.410733859701384318e+00 4.149522948573547154e+01
2.242834286909863195e+00 3.983562983300331695e+01
2.086412113226846721e+00 3.822430271849918171e+01
