3.584362801108601707e+04 3.555999573703037458e+04
3.616347762826505641e+04 3.586952250485029799e+04
3.646617894132498623e+04 3.616172680741778458e+04
3.675060584907347220e+04 3.643549945768903854e+04
3.701563779654417158e+04 3.668973838430285832e+04
3.726013818946263928e+04 3.692332728257605777e+04
3.748291565189883113e+04 3.713509739077644917e+04
3.768278660242753540e+04 3.732388947448186809e+04
3.785858664066611527e+04 3.748856525920540298e+04
3.800912773292598285e+04 3.762796630521174666e+04
3.813322652597402339e+04 3.774094155443560157e+04
3.822974153415222827e+04 3.782638339391958289e+04
3.829754683805270906e+04 3.788320243682790169e+04
3.833550958609803638e+04 3.791030601051078702e+04
3.834255432333775389e+04 3.790666039060734329e+04
3.831767202800382074e+04 3.787129981525174662e+04
3.825989263083291007e+04 3.780330117196509673e+04
3.816831771486474463e+04 3.770181489205836260e+04
3.804214643690665980e+04 3.756608948735494778e+04
3.788067923334850639e+04 3.739547683384588163e+04
3.768332415349402436e+04 3.718943885230895830e+04
3.744961061815744324e+04 3.694755840963932133e+04
3.717921062508650357e+04 3.666956059444969287e+04
3.687199636399910378e+04 3.635537237354702665e+04
3.652799810571422131e+04 3.600507764177032368e+04
3.614739385204549035e+04 3.561890550204112515e+04
3.573063508242848184e+04 3.519735743342359638e+04
3.527844316830925527e+04 3.474120296265774232e+04
3.479167972796543472e+04 3.425134745072398073e+04
3.427143957048877928e+04 3.372892502408028668e+04
3.371928119509082171e+04 3.317552963203719992e+04
3.313692959204495855e+04 3.259291571948138517e+04
3.252622169909115473e+04 3.198294302346107725e+04
3.188950327925307647e+04 3.134797320192176267e+04
3.122946706039877608e+04 3.069070732466654954e+04
3.054879567578003480e+04 3.001382865736945314e+04
2.985044243268355785e+04 2.932028220812512154e+04
2.913801534560209620e+04 2.861365672167703451e+04
2.841506693360396093e+04 2.789747771130051478e+04
2.768503746174148546e+04 2.717515144950848480e+04
2.695186537629856684e+04 2.645057193897431353e+04
2.621957763337589859e+04 2.572771430489154955e+04
2.549187263877553778e+04 2.501022141700643988e+04
2.477263529715420009e+04 2.430191112201427677e+04
2.406627003367429279e+04 2.360710449029098891e+04
2.337678932891647128e+04 2.292973162254560521e+04
2.270763187705750897e+04 2.227315513023135281e+04
2.206114598420183029e+04 2.163966622993052806e+04
2.143910254014023667e+04 2.103098851169136833e+04
2.084303909581266635e+04 2.044861588546519488e+04
2.027528078891219775e+04 1.989480349641386783e+04
1.973914864537470930e+04 1.937277217775789904e+04
1.923764548146235757e+04 1.888543790816483306e+04
1.877168955110996467e+04 1.843368999986991912e+04
1.833697566439876027e+04 1.801332443444770252e+04
1.792863641348468082e+04 1.761958844886489533e+04
1.754229155203708069e+04 1.724820838306852602e+04
1.717415703361227861e+04 1.689550536770539111e+04
1.682077314801537432e+04 1.655811526861591847e+04
1.647801648674299940e+04 1.623202686688761605e+04
1.614060141762898820e+04 1.591209390614775657e+04
1.580334535256216623e+04 1.559325540213517343e+04
1.545996284312213720e+04 1.526936619978632370e+04
1.510396317337361688e+04 1.493405525972952455e+04
1.472896732741873711e+04 1.458103745753007206e+04
1.432861285352380764e+04 1.420401780622375190e+04
1.389807963696727165e+04 1.379817471416658918e+04
1.343518417818747366e+04 1.336126869621066726e+04
1.293978798899514550e+04 1.289303555855754348e+04
1.241555325261063808e+04 1.239697293892574271e+04
1.186811528195348728e+04 1.187850772558547760e+04
1.130634385843485688e+04 1.134628438474249015e+04
1.073987722755000686e+04 1.080970712302434913e+04
1.017919679482795254e+04 1.027902275202140845e+04
9.634614954470567682e+03 9.764308824242825722e+03
9.116193327495886479e+03 9.275402240271800110e+03
8.633745589995487535e+03 8.821818348169155797e+03
8.195733918711419392e+03 8.411806725702665062e+03
7.808004553432441753e+03 8.050993220614871461e+03
7.473962883226006852e+03 7.742663825497378639e+03
7.191269657186399854e+03 7.484522076200187257e+03
6.954244814143613439e+03 7.271031442401967070e+03
6.751935173795432092e+03 7.091543463461671308e+03
6.571489046024107665e+03 6.933504086384753464e+03
6.398378040573754333e+03 6.782648685855326221e+03
6.218638522676302273e+03 6.625150668325924926e+03
6.020154518321551222e+03 6.448877357430458687e+03
5.794507494026959648e+03 6.245282197712786001e+03
5.538790378799445534e+03 6.011294826458884927e+03
5.255831611259865895e+03 5.749605005682126830e+03
4.953920622588370861e+03 5.468455247479974787e+03
4.645337465424855509e+03 5.180118917922742185e+03
4.344936475314560994e+03 4.899390294893138162e+03
4.068171135799059357e+03 4.641559902094280005e+03
3.827927135053178063e+03 4.419252024824890213e+03
3.630149567983130055e+03 4.238169344161771733e+03
3.471836539810076374e+03 4.095273679623243424e+03
3.343378500643988446e+03 3.981119091558252876e+03
3.232029223730125068e+03 3.883205868347098658e+03
3.123663575763068366e+03 3.787627846329949534e+03
3.004309783813217109e+03 3.680542333340980349e+03
2.864764514029871862e+03 3.552794028962869106e+03
2.705558020019552259e+03 3.404945986156751133e+03
2.535989517728361989e+03 3.246330190155980745e+03
2.368718293909988006e+03 3.089556165306920775e+03
2.216098091932557509e+03 2.946750580275323045e+03
2.086729200609226154e+03 2.826174297243954697e+03
1.982201607075183119e+03 2.729190804784206648e+03
1.896263088836845100e+03 2.649622549551449538e+03
1.818281917180823257e+03 2.577147543570821654e+03
1.737044413864933858e+03 2.500945622925986754e+03
1.646122129688958466e+03 2.414896211618421148e+03
1.547528461535825500e+03 2.321089249331618248e+03
1.448618452841455110e+03 2.226711014326547229e+03
1.357541277490888206e+03 2.139533366416002991e+03
1.279755272388148569e+03 2.064590371009907813e+03
1.214307019750913923e+03 2.000826884400537665e+03
1.155160648812068757e+03 1.942529358265526298e+03
1.095938643342553405e+03 1.883799699255644327e+03
1.033483583712963764e+03 1.821829336859724663e+03
9.698900303139630523e+02 1.758655144950166914e+03
9.100166359405910725e+02 1.698720847471962088e+03
8.568623623087098622e+02 1.644645423600865797e+03
8.098948893393054504e+02 1.595851239299756116e+03
7.658667640816235007e+02 1.549437489119971815e+03
7.219673039752109389e+02 1.502995819227303855e+03
6.782826836659352239e+02 1.456667502045400397e+03
6.368940578444162384e+02 1.412239717625170897e+03
5.992265530408484437e+02 1.370859310542292860e+03
5.647144563303263567e+02 1.332003119491892903e+03
5.317848118741658254e+02 1.294380708846496873e+03
4.997235435756801962e+02 1.257445123081801739e+03
4.692081868165299738e+02 1.221738013852984977e+03
4.409074993648255827e+02 1.187749157540245051e+03
4.145827610544810113e+02 1.155266057940420751e+03
3.895584255262023134e+02 1.123779310174710645e+03
3.656738865057524777e+02 1.093174276691313480e+03
3.432198045243983984e+02 1.063644842966684791e+03
3.222408375268085479e+02 1.035200052898427884e+03
3.024616517195912024e+02 1.007640352037447428e+03
2.837277268590970607e+02 9.808569945182753145e+02
2.661097741098986944e+02 9.548819612394200931e+02
2.495718576383974607e+02 9.296777544865395839e+02
2.340170857055676947e+02 9.051735992650710614e+02
2.193748497106713842e+02 8.813176908076350173e+02
2.055967273180799282e+02 8.580702794747547841e+02
1.926374299109448316e+02 8.353949702075699406e+02
1.804534944462233739e+02 8.132579893710851593e+02
1.690032616434878889e+02 7.916280393531404798e+02
1.582468487774771404e+02 7.704761643364581687e+02
1.481461177515722056e+02 7.497756261021593218e+02
1.386644061582003360e+02 7.295018033106123312e+02
1.297657865500225114e+02 7.096321325232414665e+02
1.214159995207293008e+02 6.901459546646408398e+02
1.135826942096224457e+02 6.710244018753703585e+02
1.062353285919179910e+02 6.522503097559280150e+02
9.934507455457058711e+01 6.338081344349355959e+02
9.288472757306050198e+01 6.156838738300912155e+02
8.682862698018401204e+01 5.978650638457504556e+02
8.115268601986419128e+01 5.803420572620667599e+02
7.583426862583488059e+01 5.631076602346171285e+02
7.085199178219974669e+01 5.461556579584753308e+02
6.618565944562568859e+01 5.294807071292115097e+02
6.181620386530288158e+01 5.130782848333777793e+02
5.772562924806387485e+01 4.969446382079865430e+02
5.389695771017920123e+01 4.810767351892380361e+02
5.031416403315851937e+01 4.654729817224690009e+02
4.696210469206492633e+01 4.501345725521024974e+02
4.382651162643930576e+01 4.350632933379314409e+02
4.089395331305131975e+01 4.202610161042277923e+02
3.815178917155591876e+01 4.057296719240284801e+02
3.558812620056290399e+01 3.914712241229825054e+02
3.319177775353939097e+01 3.774876420659463747e+02
3.095222447116652020e+01 3.637810683582930551e+02
2.885957811807115903e+01 3.503558069629561942e+02
2.690454549306119958e+01 3.372171540783202204e+02
2.507839405124840226e+01 3.243697792808954432e+02
2.337292016964214980e+01 3.118177074976558742e+02
2.178041906437590214e+01 2.995643308705061827e+02
2.029365627104339254e+01 2.876124220349299208e+02
1.890584060736738437e+01 2.759641537171695518e+02
1.761059701985418613e+01 2.646218696898729945e+02
1.640194129507397491e+01 2.535887350697429952e+02
1.527426056376858554e+01 2.428671671312284275e+02
1.422229183864807034e+01 2.324586682798002926e+02
1.324110128695143018e+01 2.223638757592261754e+02
1.232606464885750164e+01 2.125826118789281622e+02
1.147284874450131298e+01 2.031139344644317362e+02
1.067739388230848263e+01 1.939562480608226451e+02
9.935896612716005549e+00 1.851077235624329091e+02
9.244794972603502359e+00 1.765660192918520011e+02
8.600754282341194212e+00 1.683281092813714110e+02
8.000653259421850905e+00 1.603903411771437106e+02
7.441570931269598788e+00 1.527484938345627654e+02
6.920774307076065668e+00 1.453978332183885414e+02
6.435706760390375258e+00 1.383331665487783084e+02
5.983976754424597644e+00 1.315489001227466588e+02
5.563347529617055365e+00 1.250390902322702686e+02
5.171727982927371237e+00 1.187974815694976485e+02
4.807163567732052556e+00 1.128175520033225325e+02
