3.816866198726554285e+04 3.798132414131159021e+04
3.840922775981867017e+04 3.821512491338303516e+04
3.862638945429521118e+04 3.842540151419831091e+04
3.881887939323063620e+04 3.861089352578733087e+04
3.898536803148169565e+04 3.877028230440197513e+04
3.912450385369879950e+04 3.890223008675062010e+04
3.923497592345153680e+04 3.900544108739345393e+04
3.931547052313086897e+04 3.907861860969121335e+04
3.936462577753618098e+04 3.912042022157014435e+04
3.938113426468693069e+04 3.912955955179835291e+04
3.936375041602773854e+04 3.910481391385139432e+04
3.931120003972623090e+04 3.904493621631320275e+04
3.922225500375794945e+04 3.894872813610405865e+04
3.909579655549557356e+04 3.881510213300833857e+04
3.893075872911980696e+04 3.864302724562261574e+04
3.872610804821982310e+04 3.843150988678578142e+04
3.848095272980454320e+04 3.817969931629838538e+04
3.819454650441641570e+04 3.788689213747593021e+04
3.786622818426201411e+04 3.755247691344869236e+04
3.749549690537677088e+04 3.717600444052673993e+04
3.708205341187728482e+04 3.675722658666923962e+04
3.662579260081512621e+04 3.629609439769181336e+04
3.612681199422191276e+04 3.579276629989455250e+04
3.558543995909741352e+04 3.524762885679228202e+04
3.500226760032200400e+04 3.466133067573554581e+04
3.437821794833373133e+04 3.403485893056271743e+04
3.371447094332655251e+04 3.336945404723045067e+04
3.301245346048794454e+04 3.266659672764252900e+04
3.227404888168005709e+04 3.192822558319160453e+04
3.150152387484699648e+04 3.115666026083100223e+04
3.069732106088906585e+04 3.035438530175996857e+04
2.986424036616926605e+04 2.952423443018986291e+04
2.900573011148493606e+04 2.866968662341548043e+04
2.812535767100003432e+04 2.779432704956174348e+04
2.722676816594135744e+04 2.690180411001333778e+04
2.631440339991759538e+04 2.599654869402918484e+04
2.539301992778151907e+04 2.508329238121261733e+04
2.446711489114219876e+04 2.416649418059821255e+04
2.354143205458516604e+04 2.325084272556331416e+04
2.262134683470952950e+04 2.234163883619042826e+04
2.171178652886434429e+04 2.144372816909569156e+04
2.081734603497192074e+04 2.056161272998005006e+04
1.994375263771124446e+04 1.970087264107579540e+04
1.909660170787250536e+04 1.886694497603116542e+04
1.828053999388537704e+04 1.806433571444400877e+04
1.749927580925738221e+04 1.729661372675769235e+04
1.675565096798942614e+04 1.656647886238312640e+04
1.605183060011245470e+04 1.587597780419895207e+04
1.539000715081950693e+04 1.522717258413324998e+04
1.477481423766290754e+04 1.462441628598527132e+04
1.421088175112094177e+04 1.407206098626067615e+04
1.370165634577517085e+04 1.357333882404472752e+04
1.324584136121438132e+04 1.312685403693346052e+04
1.283929029252609689e+04 1.272842842682658375e+04
1.247827599014088810e+04 1.237430589792694627e+04
1.215910588802001985e+04 1.206077408144064066e+04
1.187822476474466384e+04 1.178426021963066160e+04
1.163215883726575703e+04 1.154128138500758905e+04
1.141556055275004837e+04 1.132658080763409453e+04
1.122265318409751671e+04 1.113450048619116569e+04
1.104685150350324693e+04 1.095864757085968267e+04
1.087970607934243162e+04 1.079091302924406227e+04
1.071263969262004321e+04 1.062309670089068277e+04
1.053536369365723476e+04 1.044547723684764242e+04
1.033750476535563575e+04 1.024829910659355846e+04
1.010940738525878442e+04 1.002259383829166472e+04
9.842567690149360715e+03 9.760536425078556931e+03
9.531750857765709952e+03 9.457447246997744514e+03
9.174937513487062461e+03 9.111695222840631686e+03
8.773533645623005214e+03 8.724875425335656473e+03
8.332007631584581759e+03 8.301420484234007745e+03
7.858604025066390932e+03 7.849256724665258844e+03
7.363777597044592767e+03 7.378302512672014927e+03
6.859889053847572541e+03 6.900198501610307176e+03
6.360576240131499617e+03 6.427661855302289041e+03
5.880916257003552346e+03 5.974681489823906304e+03
5.434648195156180009e+03 5.553914048469462614e+03
5.035196312457851491e+03 5.177601144312556244e+03
4.691861386821235101e+03 4.854151249385186020e+03
4.410395060570692294e+03 4.588554325486947164e+03
4.191051413118369055e+03 4.380750098467263342e+03
4.030214070305398764e+03 4.227039793644747078e+03
3.919375261575878085e+03 4.119303838960880967e+03
3.847271841950980161e+03 4.046926278627733154e+03
3.799120778345540202e+03 3.996215996899363290e+03
3.758025139628480702e+03 3.951703791748247113e+03
3.706329286618449260e+03 3.897403786091836537e+03
3.627825491171490285e+03 3.818804478809245211e+03
3.510644422847336500e+03 3.705448283710209125e+03
3.349088054841728081e+03 3.552508833294548822e+03
3.145174726975747035e+03 3.362104257777132716e+03
2.909541399691986499e+03 3.144049701691548762e+03
2.660757077374847086e+03 2.915130115793546338e+03
2.421062068031296349e+03 2.695200596153681090e+03
2.210156268076601918e+03 2.501663364849984191e+03
2.040556713950094945e+03 2.345378280534829628e+03
1.916780087674394508e+03 2.230010988805771376e+03
1.836721511897676237e+03 2.153355230901642244e+03
1.791686566638282784e+03 2.107461620723240230e+03
1.765696995029351228e+03 2.078137263522221474e+03
1.738423176464268181e+03 2.047592595138409706e+03
1.692026675440838289e+03 2.000410077784192708e+03
1.616499728993701410e+03 1.928119099883424724e+03
1.511913892132713045e+03 1.831048455337401720e+03
1.388495890472218434e+03 1.718257508581565844e+03
1.263881894104421690e+03 1.605012450441392502e+03
1.155605106729343788e+03 1.506242408047643266e+03
1.074543430916896796e+03 1.430975724846118055e+03
1.022417030829637611e+03 1.380372983162733590e+03
9.912040771418438680e+02 1.347419186353203713e+03
9.661970000103584653e+02 1.319644201527606810e+03
9.331714466786885396e+02 1.285178917733920116e+03
8.840206065435738765e+02 1.237410994452892737e+03
8.201737971137416707e+02 1.177723882598871796e+03
7.523266953155416559e+02 1.115085701561185033e+03
6.930936121201727929e+02 1.059827853686691014e+03
6.494203891778412299e+02 1.017453175363193850e+03
6.200895581205736562e+02 9.867755478621402290e+02
5.967634053817301947e+02 9.609573051021139918e+02
5.697953569023118234e+02 9.322728143900696978e+02
5.350263081412045949e+02 8.975075761896954418e+02
4.956468040777450028e+02 8.593009026627694311e+02
4.589978074528188472e+02 8.234519461943668830e+02
4.302612928085252406e+02 7.939179179975003535e+02
4.085187091691167893e+02 7.698699672367669109e+02
3.885457352217928815e+02 7.472393534558999590e+02
3.660106584236546610e+02 7.227526666932013768e+02
3.411002115883646866e+02 6.966142598875844669e+02
3.175427828444420584e+02 6.716384251380397927e+02
2.980152800272569493e+02 6.497639091244257088e+02
2.815781405439099103e+02 6.302389991393811215e+02
2.653928301775261502e+02 6.109825353273511155e+02
2.483321160895159494e+02 5.912077538011708384e+02
2.317962820303166609e+02 5.719276587711848379e+02
2.173016169790013521e+02 5.541875201079664066e+02
2.044250393000187387e+02 5.376612017520832296e+02
1.918619425263774474e+02 5.214457686678301798e+02
1.794148928473323394e+02 5.054164571283901068e+02
1.678663228259453888e+02 4.900927040665029040e+02
1.574392694327617619e+02 4.756033014331907225e+02
1.476023738980208577e+02 4.615960922550406167e+02
1.380907830548681261e+02 4.479006572252941396e+02
1.291348573492600735e+02 4.346491918641141297e+02
1.207975187139503532e+02 4.218805814224331243e+02
1.130234541086477833e+02 4.095590621084230634e+02
1.057628471487260242e+02 3.976511887976565163e+02
9.897138497063140505e+01 3.861261091139619452e+02
9.260961490058325296e+01 3.749553784664260547e+02
8.664238242512330146e+01 3.641127934373257631e+02
8.103836030275954272e+01 3.535742618406119391e+02
7.577249090822857625e+01 3.433204997655444686e+02
7.082747100184992917e+01 3.333393691287033676e+02
6.618717915133557028e+01 3.236201468926494726e+02
6.183590067658335698e+01 3.141527376313264881e+02
5.775836703810438166e+01 3.049276389851667091e+02
5.393978773740135324e+01 2.959359091020540404e+02
5.036587537486157373e+01 2.871691359144917328e+02
4.702277555191486158e+01 2.786193567677304372e+02
4.389630650495412567e+01 2.702785568281536257e+02
4.097258501267666730e+01 2.621389263234569285e+02
3.823861572279410126e+01 2.541931773666832157e+02
3.568224052682864311e+01 2.464345191299559019e+02
3.329208340976803271e+01 2.388566298001297810e+02
3.105749906155001483e+01 2.314536299504056842e+02
2.896852512104812405e+01 2.242200578205398926e+02
2.701589646104395825e+01 2.171511165425207537e+02
2.519107082705060918e+01 2.102430246823250286e+02
2.348603288691634461e+01 2.034923333575165429e+02
2.189323976052515874e+01 1.968957934448148990e+02
2.040559568905612053e+01 1.904503425780331156e+02
1.901642785767729649e+01 1.841530926307867730e+02
1.771946333580463673e+01 1.780013176615698001e+02
1.650880562424827502e+01 1.719924564272223222e+02
1.537889554847022744e+01 1.661242843182225783e+02
1.432450267428722768e+01 1.603948216569937415e+02
1.334072307645480926e+01 1.548021626149284771e+02
1.242296023430691854e+01 1.493444641591571838e+02
1.156690659536086940e+01 1.440199392986002636e+02
1.076852618309423093e+01 1.388268506219498022e+02
1.002403819433138388e+01 1.337635041449892412e+02
9.329902063473928919e+00 1.288283290117283286e+02
8.682803836316670854e+00 1.240200456827484032e+02
8.079640689209526272e+00 1.193374021621224443e+02
7.517507686224383257e+00 1.147791102615966707e+02
6.993685689660268601e+00 1.103438448622718369e+02
6.505629968498054083e+00 1.060302433636929180e+02
6.050959467555211191e+00 1.018369053179205395e+02
5.627446674598198584e+00 9.776240339193256546e+01
5.233007614125295248e+00 9.380549273639583419e+01
4.865693103369183703e+00 8.996505387971161838e+01
4.523680875263528911e+00 8.623986878601596118e+01
4.205267627865466373e+00 8.262861786066913794e+01
3.908861529539747526e+00 7.912988588383434774e+01
3.632975175415439129e+00 7.574216794092509986e+01
3.376218969519233060e+00 7.246387533463196462e+01
3.137294852582908078e+00 6.929339779971968483e+01
2.914990315493045436e+00 6.622927182568099624e+01
2.708173143399804861e+00 6.326997562855112278e+01
2.515786326844882570e+00 6.041387069373810448e+01
2.336843218827017399e+00 5.765921252723575208e+01
