2.373493602568206188e+04 2.359354548499215525e+04
2.396775897251935021e+04 2.382101053874728677e+04
2.419057467074817396e+04 2.403835246504013776e+04
2.440266184588831675e+04 2.424485593613862147e+04
2.460329846261009152e+04 2.443980561765673701e+04
2.479174824534483196e+04 2.462247275600328794e+04
2.496724607907498648e+04 2.479210068032765048e+04
2.512902956271502990e+04 2.494793627692430528e+04
2.527633987212926149e+04 2.508923097427594621e+04
2.540838391152302211e+04 2.521520373502619259e+04
2.552436314686158948e+04 2.532506942467248155e+04
2.562349815959080297e+04 2.541806295932167995e+04
2.570500671294764834e+04 2.549341802697681851e+04
2.576809584915773667e+04 2.555035950514939032e+04
2.581200218694247451e+04 2.558814283368688848e+04
2.583599048430563562e+04 2.560605278864335560e+04
2.583931991187958192e+04 2.560337110269515324e+04
2.582128244541564709e+04 2.557941363215704041e+04
2.578122290752548361e+04 2.553354981749179206e+04
2.571852170342221507e+04 2.546518685043454025e+04
2.563259963516646894e+04 2.537377443917929486e+04
2.552294784527622687e+04 2.525883297731074344e+04
2.538913295029777510e+04 2.511995924456214925e+04
2.523079809103238949e+04 2.495682932371353309e+04
2.504767318860129672e+04 2.476920628271566966e+04
2.483958364772946879e+04 2.455694816151019768e+04
2.460648776007208653e+04 2.432004774115797409e+04
2.434847044218618976e+04 2.405862514813250164e+04
2.406571896016375103e+04 2.377290106983972510e+04
2.375857377933222233e+04 2.346324870217295393e+04
2.342759845815180233e+04 2.313026528539092760e+04
2.307346967372493236e+04 2.277465844304327766e+04
2.269697966083801657e+04 2.239724805686894979e+04
2.229922645196873054e+04 2.199915881950589755e+04
2.188149420435166394e+04 2.158169848740290399e+04
2.144512347845296972e+04 2.114622617475386505e+04
2.099169613455235231e+04 2.069433795886180815e+04
2.052315202052297172e+04 2.022798380000138786e+04
2.004144442587824960e+04 1.974912129647401525e+04
1.954857735619157756e+04 1.925975251454745739e+04
1.904702869497325810e+04 1.876234508944040499e+04
1.853935968220355062e+04 1.825944360990401037e+04
1.802799234423361486e+04 1.775344850958095776e+04
1.751554962893971606e+04 1.724695241483099016e+04
1.700489367370105538e+04 1.674277836686886803e+04
1.649865458740622853e+04 1.624351525316397237e+04
1.599936917640613319e+04 1.575165257832551106e+04
1.551001393661672410e+04 1.527009787936881003e+04
1.503340301988934698e+04 1.480159472236335932e+04
1.457197839597343227e+04 1.434852023810673927e+04
1.412754983339914179e+04 1.391262404571154548e+04
1.370139082953634534e+04 1.349512474558278700e+04
1.329456053017687373e+04 1.309703351442003986e+04
1.290827268455919511e+04 1.271950459334545121e+04
1.254454161396852578e+04 1.236444728937061154e+04
1.220529411359911319e+04 1.203368927887892460e+04
1.189176953687734203e+04 1.172839837755198459e+04
1.160175782716869253e+04 1.144639095564007948e+04
1.133176772632350912e+04 1.118423839280872926e+04
1.107863126767170979e+04 1.093882959457423931e+04
1.083961275334600759e+04 1.070748841274097322e+04
1.061227316230164070e+04 1.048783285525707288e+04
1.039403811866269461e+04 1.027735438398006772e+04
1.018129377161466982e+04 1.007255532319671511e+04
9.970385632256913595e+03 9.869896850279314094e+03
9.757136190996996447e+03 9.665351292343959358e+03
9.536811625652049770e+03 9.454366908458361650e+03
9.304907726198929595e+03 9.232610536898815553e+03
9.056825675277086702e+03 8.995685483946645036e+03
8.788689974222403180e+03 8.739874549037904217e+03
8.498534875547973570e+03 8.463324869309943097e+03
8.185749939956491289e+03 8.165471304745491580e+03
7.852185300254765025e+03 7.848126768084366631e+03
7.501233974014362502e+03 7.514574268887758990e+03
7.138403418977633009e+03 7.170120980682408117e+03
6.770056328479189688e+03 6.820882743423036118e+03
6.403248096324794460e+03 6.473611049758571426e+03
6.044924361399682311e+03 6.134937342164857000e+03
5.702174355783731698e+03 5.811601597861131268e+03
5.381787290527648111e+03 5.510002436854984808e+03
5.090109237904353904e+03 5.236093402343763955e+03
4.831677151596396470e+03 4.994092439882192593e+03
4.609409810767527233e+03 4.786630886329487112e+03
4.422862342653044834e+03 4.613189487426988308e+03
4.268818081993447777e+03 4.470605410156252219e+03
4.140825838469761038e+03 4.352717414056332018e+03
4.030717330660026164e+03 4.251743934964038090e+03
3.928874931710617147e+03 4.158578050097899904e+03
3.825719953238333346e+03 4.064147344212457938e+03
3.712339163779696264e+03 3.960008264862738088e+03
3.582017122753933563e+03 3.839807492192734571e+03
3.431239322492203428e+03 3.700223665660242204e+03
3.260435361571154317e+03 3.541694042289527715e+03
3.073956844382694271e+03 3.368399170434123789e+03
2.879179277579759400e+03 3.187370291221504885e+03
2.685728528081491731e+03 3.007723513446628658e+03
2.504414644628043789e+03 2.839614333460736361e+03
2.345040824749377407e+03 2.692129188837605852e+03
2.213184204214924193e+03 2.570330650445830543e+03
2.108662827693245617e+03 2.473909287479589693e+03
2.026483983284706710e+03 2.398118703987986464e+03
1.958969851485814843e+03 2.335778832622940627e+03
1.896937629665284703e+03 2.278355472782914148e+03
1.830392658414946027e+03 2.216581959399454263e+03
1.751418765774207714e+03 2.143141848433292580e+03
1.658089650253933996e+03 2.056313909023996530e+03
1.554916395583398980e+03 1.960369290026250610e+03
1.449694736199254294e+03 1.862585286513744677e+03
1.350925164240337608e+03 1.770783303610680832e+03
1.265861998682922149e+03 1.691514946802725945e+03
1.197432474710690940e+03 1.627306802981852115e+03
1.143177855940081145e+03 1.575808252552583781e+03
1.096860695568632082e+03 1.531319752610502974e+03
1.050670334479885014e+03 1.486795163780979919e+03
9.987007986566852651e+02 1.436967097661285834e+03
9.403843068189836458e+02 1.381410521339736761e+03
8.795508082382127668e+02 1.323629804921497680e+03
8.216912299558761106e+02 1.268527512426739577e+03
7.715947820521963649e+02 1.220268607537023627e+03
7.302464646798268859e+02 1.179613628117190729e+03
6.945598759370983544e+02 1.143797266897470763e+03
6.601067578498988269e+02 1.108966533106376801e+03
6.236705304159535217e+02 1.072388206967755877e+03
5.854069255099375368e+02 1.034259144386207481e+03
5.482455329517397331e+02 9.971020146557938233e+02
5.148548478850468655e+02 9.631384885662687338e+02
4.858362086617943874e+02 9.328092206005512708e+02
4.595176204842850893e+02 9.046861179108263968e+02
4.336397589194048123e+02 8.769167522098532572e+02
4.075012545308209155e+02 8.489613433716148165e+02
3.821827731425855177e+02 8.217080552765937682e+02
3.589709195438738334e+02 7.961638630858384431e+02
3.380158753008923895e+02 7.724123171761691538e+02
3.183640476661573757e+02 7.496943660133345020e+02
2.992204373012771725e+02 7.274063207132702473e+02
2.807547504640116358e+02 7.056847955507068946e+02
2.635354244711936644e+02 6.849446637245114289e+02
2.476509840695293008e+02 6.652319579805008516e+02
2.326809218996983759e+02 6.462325204472593896e+02
2.183509805043539700e+02 6.277513830489198199e+02
2.047990426720208745e+02 6.098814833635760806e+02
1.921609632892784418e+02 5.927051524994927831e+02
1.803084237604938096e+02 5.761267882363870285e+02
1.690814656349296285e+02 5.600369379131346932e+02
1.584940847147951217e+02 5.444396135342475418e+02
1.485737161552320060e+02 5.293444372210040001e+02
1.392541033669826049e+02 5.147039976813451858e+02
1.304861086573218074e+02 5.004836711986097839e+02
1.222395141708997812e+02 4.866603289015101268e+02
1.144866774628397792e+02 4.732126891770853376e+02
1.072010981715045546e+02 4.601209041928625538e+02
1.003574013442401167e+02 4.473664759462640177e+02
9.393131772324980489e+01 4.349321784408888902e+02
8.789966139468101858e+01 4.228019854272113207e+02
8.224027843320767772e+01 4.109610077986325791e+02
7.693160331676271824e+01 3.993955064917557252e+02
7.195283168670319185e+01 3.880928121712896655e+02
6.728432068610834449e+01 3.770411975120578063e+02
6.290754103161626176e+01 3.662298242896374063e+02
5.880501741671124449e+01 3.556486958839888644e+02
5.496027188919413931e+01 3.452886124466789965e+02
5.135777009074908506e+01 3.351411286507675982e+02
4.798290187400544937e+01 3.251987804700356151e+02
4.482198149721464375e+01 3.154555241769089093e+02
4.186210616382572880e+01 3.059059708871408247e+02
3.909109769437994686e+01 2.965451998566251746e+02
3.649746604156339203e+01 2.873687312800806239e+02
3.407037431730281440e+01 2.783724999792755739e+02
3.179960529455454576e+01 2.695528298989098062e+02
2.967552770834872078e+01 2.609064530830980857e+02
2.768904805595579077e+01 2.524309795651267336e+02
2.583159340758693645e+01 2.441246234759305196e+02
2.409509834490882696e+01 2.359857782229894383e+02
2.247197718174875547e+01 2.280129923320775163e+02
2.095509727891724339e+01 2.202049537529051690e+02
1.953775370657704613e+01 2.125604745566640474e+02
1.821364519835458751e+01 2.050784773052110381e+02
1.697685190556154922e+01 1.977583102802040003e+02
1.582181428371926657e+01 1.906001029424612625e+02
1.474331118313784472e+01 1.836039995803855618e+02
1.373644027997681327e+01 1.767700364005377764e+02
1.279659974277552159e+01 1.700981385827635393e+02
1.191947086701288150e+01 1.635881177370977184e+02
1.110100163301500054e+01 1.572396697674055019e+02
1.033739093085492833e+01 1.510524519104768615e+02
9.625072227279375170e+00 1.450267068441281424e+02
8.960701066386450364e+00 1.391628093634658683e+02
8.341143033793542827e+00 1.334608368107073773e+02
7.763461199030330384e+00 1.279205776213786407e+02
7.224904250367056413e+00 1.225415446278536393e+02
6.722895298602504788e+00 1.173229885687759548e+02
6.255021312849731174e+00 1.122639140178839199e+02
5.819022922964071753e+00 1.073633133326161584e+02
5.412784922642444485e+00 1.026203128647371017e+02
5.034327897113241690e+00 9.803376567501557304e+01
4.681799908627358064e+00 9.360222611222916100e+01
4.353468614712702411e+00 8.932397296316482027e+01
4.047713848565607009e+00 8.519703216648368027e+01
3.763020636377005790e+00 8.121919901088858751e+01
3.497972579768519275e+00 7.738807514853633052e+01
