2.422578870041655682e+04 2.414004610116889307e+04
2.439562530229771073e+04 2.430686707912761995e+04
2.455170127402269281e+04 2.445988124226778382e+04
2.469322903825786125e+04 2.459830489965471861e+04
2.481937397282142774e+04 2.472130915932157222e+04
2.492929353420486950e+04 2.482805828542842937e+04
2.502216475792745041e+04 2.491773666892647088e+04
2.509715365127495897e+04 2.498951853914413368e+04
2.515340637786405932e+04 2.504255928716030030e+04
2.519010028566229084e+04 2.507604607661368209e+04
2.520643907853352357e+04 2.508919323717393490e+04
2.520160105798479708e+04 2.508119162211699222e+04
2.517479451425040315e+04 2.505126302565635342e+04
2.512528559896838124e+04 2.499868760741557708e+04
2.505236218806285251e+04 2.492276903320868951e+04
2.495533673922650996e+04 2.482283740734967432e+04
2.483360087339319580e+04 2.469830228699480722e+04
2.468662335005065324e+04 2.454865121358844044e+04
2.451392221014837924e+04 2.437342395897319511e+04
2.431510860032379787e+04 2.417225386506884388e+04
2.408990530045694322e+04 2.394488558293336246e+04
2.383814618824294666e+04 2.369117729589310693e+04
2.355978317353188322e+04 2.341110694687894284e+04
2.325489792138831035e+04 2.310478088987401134e+04
2.292372632808025810e+04 2.277245965248072025e+04
2.256670227408891878e+04 2.241460477231761251e+04
2.218440572359174985e+04 2.203182208218599408e+04
2.177756129529116151e+04 2.162485925801689882e+04
2.134717414523880507e+04 2.119474577494417827e+04
2.089447208542890439e+04 2.074273289850818037e+04
2.042078772135889085e+04 2.027017192140693442e+04
1.992767937018043085e+04 1.977863686226905702e+04
1.941709589643540312e+04 1.927009182257791690e+04
1.889106247298357994e+04 1.874657173875215813e+04
1.835166568695790920e+04 1.821016678069569753e+04
1.780148410858950228e+04 1.766345402055256272e+04
1.724329756020015702e+04 1.710920622419870779e+04
1.667975825949210048e+04 1.655006266356856577e+04
1.611368208206063900e+04 1.598881928263799273e+04
1.554827939356148818e+04 1.542865895307629398e+04
1.498653539300446209e+04 1.487253592504132757e+04
1.443126497042576375e+04 1.432322892160596894e+04
1.388597103068270371e+04 1.378418106213912324e+04
1.335414607912943211e+04 1.325881909684831408e+04
1.283876812203687405e+04 1.275006212078601311e+04
1.234223723982699084e+04 1.226025211485842556e+04
1.186637895837294491e+04 1.179115487032714191e+04
1.141264542086302390e+04 1.134417196951742699e+04
1.098249075176118640e+04 1.092070297694378678e+04
1.057891339284845526e+04 1.052362361332968067e+04
1.020504750201141360e+04 1.015594189195942272e+04
9.863350050962808382e+03 9.820017094509175877e+03
9.553438544635651851e+03 9.515417120445514229e+03
9.272930874837873489e+03 9.239741224763522041e+03
9.019633194281341275e+03 8.990779834886385288e+03
8.791335610014986742e+03 8.766312625299644424e+03
8.585849775902224792e+03 8.564143613915299284e+03
8.401043300658613589e+03 8.382136522802427862e+03
8.233686462378262149e+03 8.217099547603602332e+03
8.080222810761244546e+03 8.065527609398519417e+03
7.936735155799038694e+03 7.923580906739763122e+03
7.798253932860251552e+03 7.786428832827973565e+03
7.659773292490985114e+03 7.649215471943506600e+03
7.515267881291977574e+03 7.506147375098551493e+03
7.358629192065760435e+03 7.351367993329825367e+03
7.184242781944823037e+03 7.179542688335472121e+03
6.987179044248835453e+03 6.986020892486197226e+03
6.764175158638430730e+03 6.767780361552529939e+03
6.513743119543147259e+03 6.523515982720523425e+03
6.236824844243878943e+03 6.254250766907048273e+03
5.936542567934652652e+03 5.963083647901018594e+03
5.617977526219996435e+03 5.654961857178083847e+03
5.287435909710191481e+03 5.335969972722798047e+03
4.952439246881454892e+03 5.013321571253675756e+03
4.621133504922890097e+03 4.694776292366860616e+03
4.302494097409307869e+03 4.388841864798762799e+03
4.004694986127209631e+03 4.103235585460120092e+03
3.735886844370698782e+03 3.845580527168959179e+03
3.501937482076616106e+03 3.621341666206846185e+03
3.306592671661343957e+03 3.433901280619777026e+03
3.150240543293842620e+03 3.283487196796343142e+03
3.030587482494552205e+03 3.167759808556372718e+03
2.942146838442551143e+03 3.081411223213128778e+03
2.877590641779675479e+03 3.017417392631733946e+03
2.827440329316103544e+03 2.966807979807349511e+03
2.781133377974276300e+03 2.919670744627261229e+03
2.727822561126454730e+03 2.865910868282960109e+03
2.657789896660263821e+03 2.796569524049185475e+03
2.564222029895426658e+03 2.705453999055851455e+03
2.444258560651273910e+03 2.590067484178649011e+03
2.299701952595865350e+03 2.452228760068750034e+03
2.137229319893912816e+03 2.298235230502878494e+03
1.967930445887978522e+03 2.138384768421938588e+03
1.805205991880767669e+03 1.985007173225144470e+03
1.661317940936430659e+03 1.849299787858667514e+03
1.544209629968113404e+03 1.738422656128671179e+03
1.456391569675471374e+03 1.654511394930756069e+03
1.395830390085148110e+03 1.595542044808156788e+03
1.356633013401657308e+03 1.556003273907099128e+03
1.328859741567258880e+03 1.526777272980574025e+03
1.299880292571594282e+03 1.496413470257868767e+03
1.258555743357507708e+03 1.454918202923087847e+03
1.199286276960205441e+03 1.397365738038033442e+03
1.123002439143430138e+03 1.324726079291784117e+03
1.036378342252978200e+03 1.243087857310627214e+03
9.502270141350993526e+02 1.162157265188347765e+03
8.752831687035285313e+02 1.091458491531617483e+03
8.179678635793208059e+02 1.036583631205959364e+03
7.787941453616042509e+02 9.978470816431205321e+02
7.524606519006491681e+02 9.704539751256693307e+02
7.295672318387444193e+02 9.460830667791442465e+02
7.012193336562162358e+02 9.169592925491870119e+02
6.630674607745564799e+02 8.793575146860922587e+02
6.166135863140617630e+02 8.346781725334436715e+02
5.685557448449508229e+02 7.887909865129271338e+02
5.266881486145737199e+02 7.484145399888745942e+02
4.949516345539014424e+02 7.168622070489520866e+02
4.720609686512688654e+02 6.929407338929041771e+02
4.526641847269680170e+02 6.720298245053197661e+02
4.308328296788929492e+02 6.490971484050321578e+02
4.043646154742510248e+02 6.223279826235399241e+02
3.756585398623552692e+02 5.937927079596321391e+02
3.492277546147099656e+02 5.672814956242974631e+02
3.280195123947330558e+02 5.452097733034051998e+02
3.111519705809871539e+02 5.267922525437484182e+02
2.952619796499570839e+02 5.092304928204961811e+02
2.778505439587898422e+02 4.904885148145821177e+02
2.593021745294603306e+02 4.709077346022071993e+02
2.419738750843234811e+02 4.524054264489166712e+02
2.273283321687939349e+02 4.361361748080831262e+02
2.146186157519306050e+02 4.214743585263928480e+02
2.020712780938793003e+02 4.070037959136603831e+02
1.891581637432651348e+02 3.923185713346295529e+02
1.768090966250305769e+02 3.781524288258275419e+02
1.658721331847681029e+02 3.651530312875946720e+02
1.559815262499565165e+02 3.530235711283148703e+02
1.463505836304654508e+02 3.411592706111579787e+02
1.369341214247293124e+02 3.295291154305288046e+02
1.282105479579025200e+02 3.184894954951790851e+02
1.202605507650482224e+02 3.080917679963883415e+02
1.127248371645577976e+02 2.980664174914155069e+02
1.054941614412185658e+02 2.883331111123798109e+02
9.874405335848676657e+01 2.790157655603757689e+02
9.243137792154438159e+01 2.700791245845053368e+02
8.651264749460737846e+01 2.614887149553871382e+02
8.096218573237879923e+01 2.532240071567306643e+02
7.575620315969852925e+01 2.452659021585926666e+02
7.087261182826478034e+01 2.375966013257725251e+02
6.629088936952767597e+01 2.301995143653697937e+02
6.199202514350827187e+01 2.230592324278317449e+02
5.795925983974841245e+01 2.161621844544322641e+02
5.417745475444281311e+01 2.094962479152146670e+02
5.063222182812632610e+01 2.030500556503595249e+02
4.730988058044359690e+01 1.968129337993997581e+02
4.419743406610923131e+01 1.907748583688074291e+02
4.128254462503763733e+01 1.849264148768565406e+02
3.855350951817543148e+01 1.792587608230542457e+02
3.599917178968957643e+01 1.737635831749504121e+02
3.360879081811924607e+01 1.684330515916630873e+02
3.137221916552164203e+01 1.632598093276348834e+02
2.927991117351456296e+01 1.582369494326480890e+02
2.732288906258552075e+01 1.533579880219172082e+02
2.549271082256254672e+01 1.486168392834811414e+02
2.378143980728219731e+01 1.440077920840117827e+02
2.218161712241093753e+01 1.395254996732112147e+02
2.068625204565420717e+01 1.351651433777188345e+02
1.928878718876436338e+01 1.309223541101922308e+02
1.798305612500047346e+01 1.267930175650597704e+02
1.676326120835012290e+01 1.227732543887829451e+02
1.562395305874339257e+01 1.188594068436403006e+02
1.456001107037615760e+01 1.150480261827914319e+02
1.356662490099733631e+01 1.113358606882760711e+02
1.263927550747328077e+01 1.077198824756156057e+02
1.177371559376713073e+01 1.041973659496346301e+02
1.096595870066522060e+01 1.007657567570155379e+02
1.021226518973020880e+01 9.742263096813314860e+01
9.509127764970829233e+00 9.416568739206064720e+01
8.853257782967023815e+00 9.099274024563274565e+01
8.241572313031541697e+00 8.790171215691427165e+01
7.671181874508739007e+00 8.489063054992122659e+01
7.139378202853922772e+00 8.195768230158465428e+01
6.643623616782620367e+00 7.910119459230575956e+01
6.181541507266919311e+00 7.631956315460151075e+01
5.750906594065522626e+00 7.361124511297281003e+01
5.349635707605600921e+00 7.097475478797018411e+01
4.975779100525255849e+00 6.840865969220877219e+01
4.627512260824873103e+00 6.591157671197788659e+01
4.303128128287017518e+00 6.348218754451373513e+01
4.001029646330732881e+00 6.111928980722188243e+01
3.719723209210768822e+00 5.882172510860677050e+01
3.457812296121937745e+00 5.658835483736584848e+01
3.213991398320759085e+00 5.441805835329077468e+01
2.987040307804575967e+00 5.230973129341969496e+01
2.775818747405399467e+00 5.026228399110819112e+01
2.579261318616326903e+00 4.827464275142474293e+01
2.396372646475988244e+00 4.634581843471397633e+01
2.226222953011788519e+00 4.447489786519258104e+01
2.067944014450740831e+00 4.266095722807771295e+01
1.920725226672591823e+00 4.090305840502009715e+01
1.783809904943802760e+00 3.920024987506947411e+01
