2.209367316565425790e+04 2.192132456469339741e+04
2.236944021877853083e+04 2.219003156114981175e+04
2.263754216680398531e+04 2.245088886213587466e+04
2.289727567313896725e+04 2.270319847308193494e+04
2.314792944169025941e+04 2.294625537887289101e+04
2.338876878454345206e+04 2.317933218161176046e+04
2.361902943333794246e+04 2.340167298669533557e+04
2.383794297772066056e+04 2.361251884288523433e+04
2.404473371821704495e+04 2.381110480489489782e+04
2.423858864814560002e+04 2.399663073023650941e+04
2.441868705716843760e+04 2.416829032292493503e+04
2.458421585957568459e+04 2.432528620704116838e+04
2.473434939524557558e+04 2.446681037291425673e+04
2.486825076217774040e+04 2.459204560917388153e+04
2.498510125412510024e+04 2.470019427279315278e+04
2.508409604523688540e+04 2.479047425455325356e+04
2.516442076059475949e+04 2.486209648633163670e+04
2.522528526804842113e+04 2.491429773204914818e+04
2.526593674608111905e+04 2.494635334715294812e+04
2.528564902991660711e+04 2.495756756547697660e+04
2.528373105148042669e+04 2.494728165565210293e+04
2.525954594132631246e+04 2.491489202275054049e+04
2.521251897062494754e+04 2.485985846210208547e+04
2.514214639675618309e+04 2.478171367922032368e+04
2.504799612606739174e+04 2.468006260135682533e+04
2.492971612444793936e+04 2.455459041856080148e+04
2.478708267100405283e+04 2.440511144327181319e+04
2.461998499200536753e+04 2.423155302538971591e+04
2.442839898324871319e+04 2.403392838424469301e+04
2.421244902160125639e+04 2.381239831631215566e+04
2.397246872645595431e+04 2.356733171891651000e+04
2.370889033670690696e+04 2.329919418980553382e+04
2.342225814248593451e+04 2.300856104081537705e+04
2.311342046267492333e+04 2.269630829556767640e+04
2.278339383653435652e+04 2.236347671773315597e+04
2.243325310007091321e+04 2.201116193856169411e+04
2.206432506489176012e+04 2.164070675625325748e+04
2.167827135087230272e+04 2.125378288353963580e+04
2.127677679056449779e+04 2.085208083604679632e+04
2.086160173600826602e+04 2.043736172918556622e+04
2.043496384569966176e+04 2.001183565242550321e+04
1.999916592717615276e+04 1.957779206027154214e+04
1.955641749540117235e+04 1.913742297831690666e+04
1.910913991797048948e+04 1.869312618536995069e+04
1.865997341405678162e+04 1.824751200318885094e+04
1.821138771930934308e+04 1.780301707512703069e+04
1.776580148190445470e+04 1.736202298828968560e+04
1.732599419024390590e+04 1.692726395820356265e+04
1.689462624962370683e+04 1.650135249487364490e+04
1.647407315143533924e+04 1.608661683490987707e+04
1.606607974156104865e+04 1.568476931164510643e+04
1.567186767042691645e+04 1.529701154144944485e+04
1.529250305979306540e+04 1.492438990338627627e+04
1.492918731375530297e+04 1.456808225639630109e+04
1.458375247513541581e+04 1.422988601327740434e+04
1.425797793728275246e+04 1.391154666059668853e+04
1.395300175410555858e+04 1.361418529874098749e+04
1.366649404640095054e+04 1.333555226438650425e+04
1.339483192366623916e+04 1.307214115954819681e+04
1.313470557423116406e+04 1.282075036233764149e+04
1.288339437528126655e+04 1.257875898126294669e+04
1.263852884853033902e+04 1.234388829196559345e+04
1.239760765501530113e+04 1.211372619629896508e+04
1.215719832620703346e+04 1.188494764341269001e+04
1.191385017505697579e+04 1.165419853908176083e+04
1.166366848051939451e+04 1.141767307554960280e+04
1.140231733018976774e+04 1.117111093846302174e+04
1.112581412980362256e+04 1.091057121840514264e+04
1.083045992498979831e+04 1.063236028556900783e+04
1.051334296158754296e+04 1.033352550251527282e+04
1.017359439413674590e+04 1.001310805569288823e+04
9.811699144168773273e+03 9.671461195118905380e+03
9.430956540356786718e+03 9.311724007002370854e+03
9.036163226801329074e+03 8.938520584196949130e+03
8.633754521010127064e+03 8.558118626849254724e+03
8.230640960188999088e+03 8.177277633235803478e+03
7.834086682482540709e+03 7.803121752556630781e+03
7.450985341004064139e+03 7.442429052725001384e+03
7.088029316929869310e+03 7.101788002234367923e+03
6.751287404926602903e+03 6.787170948458854582e+03
6.446158689473761115e+03 6.503906436718461009e+03
6.175907703063980080e+03 6.255250219281934733e+03
5.941750207481063626e+03 6.042445869509551812e+03
5.741258741869469304e+03 5.863188931584859347e+03
5.569024147260412064e+03 5.712219112832705832e+03
5.416635365422613177e+03 5.581282308119668414e+03
5.274392862656772195e+03 5.460751551914722768e+03
5.132135641059619957e+03 5.340412770329259729e+03
4.980775260879462621e+03 5.210976633850651524e+03
4.813092857843784259e+03 5.064900237946127163e+03
4.625229256516343412e+03 4.897985461179292543e+03
4.417222474319994944e+03 4.710004805407513231e+03
4.193148323643714320e+03 4.504935709997436788e+03
3.960403749180375144e+03 4.290262371369588436e+03
3.728300116113462991e+03 4.075493043671216583e+03
3.507088181606473881e+03 3.871118450153559479e+03
3.306742912388811419e+03 3.687331702264255910e+03
3.134632966478206527e+03 3.531634626638247482e+03
2.992484190953092366e+03 3.405812356038827147e+03
2.875742006086298716e+03 3.305303839648156554e+03
2.775763680830696103e+03 3.221372718045945021e+03
2.682780780781420162e+03 3.144047924138132657e+03
2.587311789939677055e+03 3.063511198917548882e+03
2.481157073101113838e+03 2.971138669665599082e+03
2.360555734250250225e+03 2.862884581535577581e+03
2.228929876208595033e+03 2.742268269620985393e+03
2.094822726755765871e+03 2.618232084392373054e+03
1.967319216420835346e+03 2.500268104770525497e+03
1.853758960146979689e+03 2.395972784413923819e+03
1.757864885225736543e+03 2.309147947556596137e+03
1.678082424679268343e+03 2.238162049364343147e+03
1.608135823512830711e+03 2.176552337330527735e+03
1.540214352828194706e+03 2.116267523594332488e+03
1.467815722514112849e+03 2.050588631049622109e+03
1.389012885563202417e+03 1.977558964435486587e+03
1.307612879073595877e+03 1.901191252413816528e+03
1.229453764894983124e+03 1.827555660363176685e+03
1.159214131808947741e+03 1.761430206414192753e+03
1.098706010048551207e+03 1.704596472107661157e+03
1.045323687168593096e+03 1.654362278005469761e+03
9.943122145071826026e+02 1.605920230995906422e+03
9.423001237060393578e+02 1.555920932434250290e+03
8.888506795945387466e+02 1.504006493099997215e+03
8.366031595569324963e+02 1.452874372587008111e+03
7.885936320177202106e+02 1.405527644889271414e+03
7.455665444028862794e+02 1.362649940087997265e+03
7.060892628248118399e+02 1.322813160525464355e+03
6.679035406899001828e+02 1.283852434961707331e+03
6.299986989562506778e+02 1.244852972346689285e+03
5.932615530771613521e+02 1.206697416274784246e+03
5.590167440552150993e+02 1.170624631848089621e+03
5.275269878674922666e+02 1.136849702881544090e+03
4.979358251375709301e+02 1.104579923340911137e+03
4.694142978023155592e+02 1.073087706128435457e+03
4.419560994469229627e+02 1.042391228309480312e+03
4.161124111535236239e+02 1.012971509908552434e+03
3.919959417179469483e+02 9.849103880033289897e+02
3.692403302982315267e+02 9.578937775143818953e+02
3.475313298253591370e+02 9.316695316215586899e+02
3.269403496130033204e+02 9.062980355974932536e+02
3.075903631224193191e+02 8.818680323278489368e+02
2.893692992517794664e+02 8.582850055824852689e+02
2.721124401904218644e+02 8.354227863890027947e+02
2.557923487179348569e+02 8.132577720760945112e+02
2.404174726560131035e+02 7.917883445702269682e+02
2.259522232110932407e+02 7.709801614377608985e+02
2.122663961765830436e+02 7.507415821359400070e+02
1.993633563077778490e+02 7.310669840880963193e+02
1.872115280334422494e+02 7.119287111523209433e+02
1.757682545101303617e+02 6.932924155540029005e+02
1.649933083036862627e+02 6.751262006770874677e+02
1.548487482474432682e+02 6.574004786373103570e+02
1.452987852061731644e+02 6.400878396984255687e+02
1.363096561591592319e+02 6.231629323311805138e+02
1.278495683428957932e+02 6.066023605331916997e+02
1.198892508476038046e+02 5.903846686317541526e+02
1.124014042210399822e+02 5.744902052206969074e+02
1.053600448894864030e+02 5.589009668442323573e+02
9.874044641657961563e+01 5.436005158771137076e+02
9.251909259218165005e+01 5.285739049071760292e+02
8.667363112830939542e+01 5.138076056111276557e+02
8.118282747468536797e+01 4.992894436777002625e+02
7.602644227787921238e+01 4.850088307492337094e+02
7.118513685840338212e+01 4.709569579593191975e+02
6.664059736558516533e+01 4.571261511751047806e+02
6.237550543221859556e+01 4.435097409048734676e+02
5.837348900561342191e+01 4.301020110996462336e+02
5.461907526022059756e+01 4.168981489907409355e+02
5.109764552796962533e+01 4.038941957159864273e+02
4.779539444090914913e+01 3.910873339796685286e+02
4.469930026381503296e+01 3.784776800196807471e+02
4.179707306781321563e+01 3.660666217821889745e+02
3.907711070106693541e+01 3.538557709889984721e+02
3.652846365706751186e+01 3.418469298793790472e+02
3.414080150905520838e+01 3.300420614211193424e+02
3.190438083812373549e+01 3.184432597507069431e+02
2.981001445040169884e+01 3.070527738743485884e+02
2.784903721107041008e+01 2.958747233147278735e+02
2.601327867171598029e+01 2.849151604676523561e+02
2.429504345084568229e+01 2.741796971907814395e+02
2.268708589136630138e+01 2.636733583591163779e+02
2.118258552275722906e+01 2.534005883913380330e+02
1.977512373385411948e+01 2.433652593328928901e+02
1.845866160580258963e+01 2.335706804206619722e+02
1.722751850472944568e+01 2.240200420546710518e+02
1.607635125175637469e+01 2.147175468208045004e+02
1.500013646670800149e+01 2.056669105558178501e+02
1.399415286781152723e+01 1.968709555594758172e+02
1.305396412562139474e+01 1.883316551475068366e+02
1.217540261414049141e+01 1.800501792095258224e+02
1.135455401773690021e+01 1.720269404434453406e+02
1.058774266931064112e+01 1.642616629332116531e+02
9.871516669896086782e+00 1.567537185672497060e+02
9.202635479795203466e+00 1.495020324758283721e+02
8.578058575774516470e+00 1.425048639715492982e+02
7.994933706243656957e+00 1.357598543695820013e+02
7.450585768736887715e+00 1.292640806625981043e+02
6.942506304414269636e+00 1.230141078580961249e+02
6.468343577265406097e+00 1.170060397580974296e+02
6.025892978840788672e+00 1.112355654165772165e+02
