1.904608681762215565e+04 1.895134869863119820e+04
1.922601134337654730e+04 1.912763316594853677e+04
1.939732678348286208e+04 1.929522351558423179e+04
1.955945722438344819e+04 1.945354680964438376e+04
1.971182374776980578e+04 1.960202778126691192e+04
1.985384939427080462e+04 1.974009364635118254e+04
1.998493986663494798e+04 1.986715479045519896e+04
2.010449452285147345e+04 1.998261580873142884e+04
2.021192307858669301e+04 2.008589225402953889e+04
2.030663251965556628e+04 2.017639780029891699e+04
2.038801196288163555e+04 2.025352939707883343e+04
2.045546511228167219e+04 2.031669931785150766e+04
2.050841436176804200e+04 2.036533927931177823e+04
2.054627803778423913e+04 2.039887826794511784e+04
2.056848876039166498e+04 2.041676058511807059e+04
2.057451178666135092e+04 2.041846385682767504e+04
2.056383294874451531e+04 2.040348755824094769e+04
2.053595133501117380e+04 2.037134610882532797e+04
2.049040851027966346e+04 2.032159709388050760e+04
2.042679378315480062e+04 2.025384660988836185e+04
2.034473943310058894e+04 2.016774577815919110e+04
2.024393114248541679e+04 2.006300010406094952e+04
2.012411637283767777e+04 1.993937711835530718e+04
1.998511833570737144e+04 1.979672154080059045e+04
1.982684298166198641e+04 1.963496258387426496e+04
1.964926800383068257e+04 1.945410100766761025e+04
1.945245715904858662e+04 1.925422364673134871e+04
1.923661529797355979e+04 1.903556035659920963e+04
1.900204129692327479e+04 1.879843474705117478e+04
1.874910942595668530e+04 1.854324449841274691e+04
1.847836287776193421e+04 1.827055641114014361e+04
1.819051825097879555e+04 1.798111065420738669e+04
1.788635302126066017e+04 1.767570591792194682e+04
1.756675486714614090e+04 1.735524888165583980e+04
1.723289332716852368e+04 1.702092689557476842e+04
1.688601719028895604e+04 1.667400356983334495e+04
1.652739561802691969e+04 1.631575929169832489e+04
1.615855875205112898e+04 1.594773124520836063e+04
1.578124285424986374e+04 1.557165838667519893e+04
1.539713073853675814e+04 1.518922240993201558e+04
1.500796622630963248e+04 1.480216086327756238e+04
1.461582411950051392e+04 1.441253389172786046e+04
1.422272224200734672e+04 1.402234094047669350e+04
1.383054887832494387e+04 1.363344909099581855e+04
1.344138711190141657e+04 1.324790916780216867e+04
1.305738375802160590e+04 1.286782846477486601e+04
1.268046846891738278e+04 1.249509789498200553e+04
1.231243360517629480e+04 1.213146697771450454e+04
1.195505877243247414e+04 1.177866073127304844e+04
1.160993180067888534e+04 1.143821459890360711e+04
1.127842616251812433e+04 1.111145323112721599e+04
1.096167338935848420e+04 1.079945060244003434e+04
1.066061062338477495e+04 1.050308435476387785e+04
1.037603434147786356e+04 1.022309821955162806e+04
1.010825962454732871e+04 9.959764486693233266e+03
9.856786374423963935e+03 9.712553022054256871e+03
9.621046523993689334e+03 9.480870225937109353e+03
9.400166877755895257e+03 9.263833318417573537e+03
9.191634612588164600e+03 9.058986110396397635e+03
8.992612408549117390e+03 8.863563036641446161e+03
8.800525129968767942e+03 8.675056682891914534e+03
8.613176910828171458e+03 8.491345370255128728e+03
8.428602250219535563e+03 8.310534853281593314e+03
8.244556108164661055e+03 8.130473103467240435e+03
8.057840707187138833e+03 7.948120576724269085e+03
7.865346254173522539e+03 7.760522359968505043e+03
7.663759929635391927e+03 7.564562998667596730e+03
7.449761295453769890e+03 7.357137356906628156e+03
7.220867754760385651e+03 7.135942904732030001e+03
6.975868577274573909e+03 6.899918726204821724e+03
6.714619286598361214e+03 6.648995871187775265e+03
6.439512497843743404e+03 6.385518760524438221e+03
6.153812445823278722e+03 6.112633499272049448e+03
5.861991006198043578e+03 5.834605224194862785e+03
5.568776950236330777e+03 5.555918256177634248e+03
5.279424119552892080e+03 5.281513117754778250e+03
4.998922479681647928e+03 5.016064236813925163e+03
4.732110949282377987e+03 4.764058002679824313e+03
4.483445385121496656e+03 4.529604705256985653e+03
4.257248443267605580e+03 4.316654825465020622e+03
4.056455707406426882e+03 4.127828627634959958e+03
3.882779823456048689e+03 3.964590336839839892e+03
3.735123532628816974e+03 3.825807141845378737e+03
3.610233333668445539e+03 3.708324318523603779e+03
3.502586546429148257e+03 3.606941558528160840e+03
3.405414494622906659e+03 3.515326477941373014e+03
3.311511932030646221e+03 3.426811016736430702e+03
3.214097963328561946e+03 3.335147636327084001e+03
3.107455492275200868e+03 3.235118215474019962e+03
2.987935636133277512e+03 3.123430654215658706e+03
2.854339981481990435e+03 2.999051513477210847e+03
2.708573186403684758e+03 2.863800653037350912e+03
2.554703882433651415e+03 2.721451829909970002e+03
2.398362483542272003e+03 2.577179061709972757e+03
2.246283824545787866e+03 2.437116630961632382e+03
2.105797078814944143e+03 2.307864914919500279e+03
1.983055239714788968e+03 2.194908932205193651e+03
1.881010926522087630e+03 2.100798797675508467e+03
1.797924143575205562e+03 2.023845068733271091e+03
1.728780587619274684e+03 1.959455504496347658e+03
1.667653489239982036e+03 1.902263438180810908e+03
1.608358687117028694e+03 1.846719175643337621e+03
1.544697700441450479e+03 1.787304746677400544e+03
1.472327451700279653e+03 1.720197063239709905e+03
1.391504038773016418e+03 1.645685893273976035e+03
1.306737802272392173e+03 1.567827118493260059e+03
1.223611580802618846e+03 1.491579673387905814e+03
1.147197117681527516e+03 1.421388673812494062e+03
1.081208286215186263e+03 1.360449310557888793e+03
1.026274477104510424e+03 1.309229560598841772e+03
9.796764247622842277e+02 1.265289388734474187e+03
9.370240640121489832e+02 1.224776997246023711e+03
8.936595235696953523e+02 1.183657553147751742e+03
8.467980449697772656e+02 1.139556951799412673e+03
7.973750289234584443e+02 1.093321492269765940e+03
7.483926039292055066e+02 1.047549743771062367e+03
7.028487076608403186e+02 1.004791090140588835e+03
6.628809608099267052e+02 9.668202076440314841e+02
6.281595567542161689e+02 9.333079434729241939e+02
5.963228597832919604e+02 9.022357440324071831e+02
5.650575174539935688e+02 8.716632730287104778e+02
5.331602234110457630e+02 8.406044859740895845e+02
5.013106777030120043e+02 8.096415838929782467e+02
4.712541923861666646e+02 7.802117259011386068e+02
4.439586997946900624e+02 7.530858911227976478e+02
4.192200793505085699e+02 7.280712753157517909e+02
3.959796547429133966e+02 7.042973494495159912e+02
3.732882151829632562e+02 6.810033109169858108e+02
3.511381512084711289e+02 6.581894219122160621e+02
3.301579372461224011e+02 6.363504118841374293e+02
3.107356834933007690e+02 6.157780690706284759e+02
2.926945789255113937e+02 5.963211858333208966e+02
2.755667680576237899e+02 5.776126930534155690e+02
2.591305692959716680e+02 5.594825345000725747e+02
2.435414933226167875e+02 5.420453484228763728e+02
2.289499253356941040e+02 5.254059931223188187e+02
2.152734501418018453e+02 5.094953317661075403e+02
2.023284011740909136e+02 4.941740971568496548e+02
1.900523920428166491e+02 4.793938581692275420e+02
1.784897664728944164e+02 4.651813558313838826e+02
1.676295334313717831e+02 4.515229236256613490e+02
1.573927129479382359e+02 4.383588636702510826e+02
1.477274202465377186e+02 4.256497229652746910e+02
1.386275739780268736e+02 4.133869666415522488e+02
1.300686282981468764e+02 4.015497552928262621e+02
1.220101479906335697e+02 3.901075998333605526e+02
1.144244994242901470e+02 3.790388028828693905e+02
1.072884672569489766e+02 3.683248730344606088e+02
1.005781312732207340e+02 3.579471005491432152e+02
9.426954786842921408e+01 3.478874810493004475e+02
8.833986544923705253e+01 3.381290967509005441e+02
8.276745415699392083e+01 3.286561180158021784e+02
7.753184546029225999e+01 3.194537365828532529e+02
7.261367443515159437e+01 3.105081037591335757e+02
6.799462463095009923e+01 3.018062731406796502e+02
6.365738572398004891e+01 2.933361768457575067e+02
5.958570131760991018e+01 2.850868721271630761e+02
5.576424845069336556e+01 2.770483344938524510e+02
5.217851395911290524e+01 2.692111929479556807e+02
4.881475639512905218e+01 2.615666901346380655e+02
4.565997048666636715e+01 2.541066484147366111e+02
4.270185280739161726e+01 2.468234380217579087e+02
3.992876855836573213e+01 2.397099476838889416e+02
3.732970017567286902e+01 2.327596794755137921e+02
3.489419982064421788e+01 2.259668559878987253e+02
3.261240592829643958e+01 2.193261284212092050e+02
3.047501906400097127e+01 2.128325146257714096e+02
2.847327225262656469e+01 2.064813790353333047e+02
2.659890270407622737e+01 2.002684135341297633e+02
2.484412488148400300e+01 1.941896191800836391e+02
2.320160548378341758e+01 1.882413115200639311e+02
2.166444386732438687e+01 1.824202910677609566e+02
2.022614468253102160e+01 1.767237031180972338e+02
1.888059238542690821e+01 1.711488952425550565e+02
1.762203057576506993e+01 1.656934032468351745e+02
1.644504237603796426e+01 1.603549389427135452e+02
1.534453177216659370e+01 1.551313783256304646e+02
1.431570586226372122e+01 1.500207510841028977e+02
1.335405629282033857e+01 1.450213446553044037e+02
1.245534227529583937e+01 1.401317825019382326e+02
1.161557900227460927e+01 1.353507884627831004e+02
1.083102346256331039e+01 1.306771508868062597e+02
1.009816057155381941e+01 1.261097155473194107e+02
9.413690037262457011e+00 1.216473788049514724e+02
8.774513927413192249e+00 1.172890810196193172e+02
8.177724779000163480e+00 1.130338434494945545e+02
7.620593679542182031e+00 1.088810510884479896e+02
7.100560514479480112e+00 1.048302168265723111e+02
6.615224514505012365e+00 1.008807980047154871e+02
6.162334795199517323e+00 9.703219489928584096e+01
5.739781421098012260e+00 9.328375057054515196e+01
5.345586970780640712e+00 8.963475089112624516e+01
4.977898574541680610e+00 8.608442721632890482e+01
4.634980208401600521e+00 8.263214290381563387e+01
4.315205548219211096e+00 7.927748487752414519e+01
4.017051662139209611e+00 7.601993409570670224e+01
3.739092731153849325e+00 7.285883825905206379e+01
3.479994097082183657e+00 6.979341905604775320e+01
3.238506657091837937e+00 6.682277941972053270e+01
3.013461585944149146e+00 6.394591077198486317e+01
