2.351545707425921501e+04 2.334513844259433245e+04
2.377440721561863029e+04 2.359753939131347579e+04
2.402467183562151695e+04 2.384111589436315990e+04
2.426555864262417163e+04 2.407518076921582178e+04
2.449633953881285561e+04 2.429901435197517276e+04
2.471626832753850613e+04 2.451188100483902963e+04
2.492459730440201747e+04 2.471304456004744134e+04
2.512055812267241708e+04 2.490174949432884387e+04
2.530335363747939482e+04 2.507721295615947747e+04
2.547219032937786324e+04 2.523865679190789524e+04
2.562627617186322823e+04 2.538530567117510873e+04
2.576479229970095184e+04 2.551635995540263320e+04
2.588692374325547280e+04 2.563102541957422363e+04
2.599187435992662722e+04 2.572852774224403038e+04
2.607884437753309976e+04 2.580809112523911244e+04
2.614703524132008170e+04 2.586894308882756377e+04
2.619568052139353313e+04 2.591034420562726518e+04
2.622404271026545030e+04 2.593158535704772294e+04
2.623139859685194824e+04 2.593197429517361525e+04
2.621706804616196678e+04 2.591086275908731113e+04
2.618042476545810496e+04 2.586765685002231839e+04
2.612089848532819451e+04 2.580182060573953640e+04
2.603798152762828977e+04 2.571288174647848064e+04
2.593123638861233121e+04 2.560043791583885104e+04
2.580031766840232376e+04 2.546417924370709443e+04
2.564499330836141598e+04 2.530391017794469735e+04
2.546511792410659837e+04 2.511952087002075496e+04
2.526064641006398233e+04 2.491100049206406402e+04
2.503172181457108309e+04 2.467852612261043396e+04
2.477861661536405882e+04 2.442240266029875056e+04
2.450169251384201925e+04 2.414302162730856071e+04
2.420151781917380868e+04 2.384097896359915831e+04
2.387889837632223498e+04 2.351710571801412516e+04
2.353471862320853688e+04 2.317230783339143454e+04
2.317000294552683772e+04 2.280762726244002261e+04
2.278616341901908891e+04 2.242448946949285892e+04
2.238472741299058907e+04 2.202443061814271277e+04
2.196724792483835336e+04 2.160900787419079643e+04
2.153557111339853145e+04 2.118006728403725356e+04
2.109176768581296346e+04 2.073967494616613840e+04
2.063785440022196053e+04 2.028983832194126080e+04
2.017603109952646628e+04 1.983274172273939257e+04
1.970909643202976440e+04 1.937115909075977834e+04
1.923978999021919299e+04 1.890780111178774678e+04
1.877063615709092846e+04 1.844516164779735118e+04
1.830376737265456177e+04 1.798535037541225029e+04
1.784102597528068873e+04 1.753019035019686999e+04
1.738409831912039590e+04 1.708134652305320196e+04
1.693524886006607994e+04 1.664104874797398952e+04
1.649782736787750764e+04 1.621259195438749884e+04
1.607496653820150277e+04 1.579905609937806730e+04
1.566927625816340333e+04 1.540300726668160496e+04
1.528195387636827036e+04 1.502562544672448894e+04
1.491361730199197336e+04 1.466752268553885187e+04
1.456473468424532439e+04 1.432916573052085550e+04
1.423465275171003304e+04 1.400992519222885130e+04
1.392184859012747256e+04 1.370832072456295464e+04
1.362484343325504778e+04 1.342291507018720768e+04
1.334155353867719714e+04 1.315168047438130998e+04
1.306941726289976032e+04 1.289212028636900868e+04
1.280595644617084872e+04 1.264181491781416844e+04
1.254819466044862020e+04 1.239785287992128724e+04
1.229305157920124111e+04 1.215721182382355073e+04
1.203726961632384337e+04 1.191668270080510592e+04
1.177695963306177327e+04 1.167241999963946000e+04
1.150837523880171284e+04 1.142069594295230127e+04
1.122746935388135898e+04 1.115746525586408643e+04
1.093043061770552049e+04 1.087888408341455033e+04
1.061436632560352336e+04 1.058199820346574961e+04
1.027730784272663186e+04 1.026474419646588831e+04
9.919253263676724600e+03 9.927001951381047547e+03
9.542085647294637965e+03 9.570524958721327494e+03
9.149629329104322096e+03 9.199007319400521737e+03
8.747289398495366186e+03 8.817740008990291244e+03
8.341566721594030241e+03 8.433121021625589492e+03
7.939355176643656705e+03 8.051966436933274053e+03
7.547659948491521391e+03 7.681214533333939471e+03
7.173117204809211216e+03 7.327446942582416341e+03
6.822122036730193031e+03 6.996996221271418108e+03
6.499933448407955439e+03 6.695099528998290225e+03
6.210790290923530847e+03 6.425953951680365208e+03
5.956717397784359491e+03 6.191607874137371255e+03
5.737007388598320176e+03 5.991387093486800040e+03
5.547776533778687735e+03 5.821494321904981007e+03
5.382408187019545949e+03 5.675386978696420556e+03
5.232008096653060420e+03 5.544220152568881531e+03
5.086990644582882851e+03 5.418367087999561591e+03
4.937875063860572482e+03 5.288205548060094770e+03
4.776709558315064896e+03 5.145554825612101013e+03
4.597944112746496103e+03 4.984590404369941098e+03
4.399561077538442987e+03 4.803071315248381325e+03
4.183674993334979263e+03 4.603018614160742800e+03
3.955972074571502617e+03 4.390168316607922861e+03
3.724795090171645825e+03 4.173039713278924864e+03
3.499943098255859240e+03 3.961657188020794365e+03
3.291460183866989610e+03 3.766255874042000869e+03
3.107763541175006594e+03 3.595370264054965901e+03
2.953204942705094254e+03 3.453395971794628622e+03
2.826331922341065365e+03 3.338865574539260706e+03
2.720425314541745593e+03 3.245003226606426779e+03
2.626133668041793499e+03 3.162349464497126064e+03
2.533762905618119476e+03 3.081025147366330657e+03
2.434399346873938157e+03 2.991859678633890326e+03
2.321990832157277055e+03 2.888575727275584995e+03
2.196514389342174127e+03 2.771135121972252364e+03
2.064383890860282008e+03 2.646186777472350968e+03
1.934824292823878295e+03 2.523260595158877550e+03
1.816222849208029174e+03 2.410938128392664112e+03
1.714255243415931091e+03 2.314938149980902381e+03
1.629951298530351323e+03 2.236228978418212137e+03
1.558884521935485736e+03 2.170288152252419877e+03
1.493366667868633158e+03 2.109334893056830424e+03
1.425770464574329480e+03 2.045665029046680729e+03
1.351713690547200258e+03 1.974892012965146478e+03
1.272537017150196561e+03 1.898462965845058989e+03
1.193822773439577986e+03 1.822086209431442057e+03
1.121348541881740857e+03 1.751559184801503307e+03
1.058619023293573946e+03 1.690302357406565307e+03
1.004962704280188632e+03 1.637564697461775040e+03
9.559072141691922297e+02 1.588903579227624959e+03
9.068145663841849000e+02 1.539794705366062544e+03
8.556731391122724517e+02 1.488350017288724075e+03
8.040338674367661724e+02 1.436159072278961503e+03
7.554747582756077691e+02 1.386694316649086431e+03
7.121592843045758627e+02 1.341974501784345875e+03
6.734711663880458445e+02 1.301354729287992996e+03
6.370085236950059198e+02 1.262564520304211328e+03
6.007508223465409856e+02 1.223763295214066602e+03
5.648417338810824049e+02 1.185136831187511689e+03
5.308867597052557130e+02 1.148161598788771471e+03
4.998861911958443329e+02 1.113705806997928221e+03
4.713462490058172421e+02 1.081297599316618061e+03
4.440400091843829387e+02 1.049864370956750236e+03
4.175116151400551985e+02 1.019036940586790706e+03
3.922781872040317239e+02 9.892642991620285784e+02
3.688581989211362497e+02 9.609619015649928997e+02
3.470102145366146829e+02 9.339126060825872173e+02
3.262154039292644256e+02 9.076979509873234520e+02
3.063713046741785888e+02 8.822424785460218573e+02
2.877144912568103905e+02 8.577218433284797356e+02
2.702619347974705306e+02 8.341346482561056064e+02
2.537839075323850295e+02 8.113042271301756045e+02
2.381716867748556012e+02 7.891493672466237967e+02
2.234813292113201442e+02 7.677010744228857675e+02
2.096845809824147580e+02 7.469294666361158761e+02
1.966924169570409902e+02 7.267680619605988568e+02
1.844564506180883825e+02 7.071786212685700548e+02
1.729371691951168657e+02 6.881274836896352554e+02
1.620972234015651168e+02 6.695834414189122299e+02
1.519007792573338520e+02 6.515174555712447955e+02
1.423134961785088706e+02 6.339025297954045755e+02
1.333025012407832151e+02 6.167135936303089920e+02
1.248363387693839286e+02 5.999273769435767463e+02
1.168844554973500891e+02 5.835218901046765723e+02
1.094173005685765929e+02 5.674763668429093286e+02
1.024068797945444942e+02 5.517716564018686540e+02
9.582670787258393830e+01 5.363901614358528604e+02
8.965173434243286010e+01 5.213157579489867430e+02
8.385827269593833933e+01 5.065337202301025172e+02
7.842393257371493576e+01 4.920306505542454829e+02
7.332758985554569620e+01 4.777947662032443645e+02
6.854937488214082464e+01 4.638164318680387055e+02
6.407051130125141469e+01 4.500871644743049274e+02
5.987324460680852667e+01 4.365993889803303318e+02
5.594079322718472724e+01 4.233463898421512681e+02
5.225730144239032171e+01 4.103222639087263701e+02
4.880779410186165279e+01 3.975218745350584300e+02
4.557813016169139786e+01 3.849409705710691583e+02
4.255494002612808657e+01 3.725773747234767939e+02
3.972560441037960999e+01 3.604300604820652438e+02
3.707822996804991078e+01 3.484983077151752582e+02
3.460161107749253517e+01 3.367816665901221427e+02
3.228519326613123042e+01 3.252799289537348955e+02
3.011903834234247768e+01 3.139931000868345450e+02
2.809379115097646817e+01 3.029213993099301661e+02
2.620064703725041255e+01 2.920664512259789944e+02
2.443132170577121443e+01 2.814315031534073910e+02
2.277802397155922520e+01 2.710196017135885995e+02
2.123342853257000939e+01 2.608334524351233767e+02
1.979064999516563361e+01 2.508754187339965824e+02
1.844321820544526958e+01 2.411475218218641032e+02
1.718505483138840617e+01 2.316514415353960032e+02
1.601045044538411588e+01 2.223889364063934408e+02
1.491404178441370121e+01 2.133629380188211542e+02
1.389079440646235852e+01 2.045760927342153366e+02
1.293598435607518482e+01 1.960303542228357117e+02
1.204518007582818839e+01 1.877270152244055623e+02
1.121422529114043165e+01 1.796667400734257569e+02
1.043922282205233820e+01 1.718495977866177213e+02
9.716519199815769170e+00 1.642751349346315521e+02
9.042689365447760252e+00 1.569428502517986033e+02
8.414523585714020371e+00 1.498519777829461646e+02
7.829015259665478510e+00 1.430011509301907608e+02
7.283348675163426655e+00 1.363884411889283115e+02
6.774887444060759378e+00 1.300114037152217179e+02
6.301163595492495162e+00 1.238671219473112757e+02
5.859867290166612896e+00 1.179522514167766900e+02
5.448836865196090784e+00 1.122630917814205276e+02
5.066049586951930195e+00 1.067956444541529919e+02
4.709613576788783007e+00 1.015455945607652666e+02
