1.810864284002591739e+04 1.799232914279990655e+04
1.831899086535930110e+04 1.819804903974535409e+04
1.852308921190545516e+04 1.839740377292348421e+04
1.872041319127020324e+04 1.858987152264910765e+04
1.891041990347241153e+04 1.877491379663695989e+04
1.909256278115595705e+04 1.895198907689332555e+04
1.926628401489341559e+04 1.912054528179424233e+04
1.943100030795214116e+04 1.928000562425758108e+04
1.958612541831301132e+04 1.942979108937808633e+04
1.973107393653613326e+04 1.956932426973168913e+04
1.986524049690463653e+04 1.969800918520118648e+04
1.998801198687234501e+04 1.981524327088414429e+04
2.009878478184965934e+04 1.992043424526313902e+04
2.019695422754143146e+04 2.001298997046185104e+04
2.028190462619885147e+04 2.009230881716663498e+04
2.035303552807066444e+04 2.015780528919014250e+04
2.040976487540175731e+04 2.020891319302938791e+04
2.045151215830516958e+04 2.024506965358850721e+04
2.047771508656558581e+04 2.026573118441826227e+04
2.048784348792414312e+04 2.027038709033570558e+04
2.048139504402147213e+04 2.025855587287462913e+04
2.045789553041058389e+04 2.022978572471647567e+04
2.041691381463298603e+04 2.018366841405743253e+04
2.035806890362042031e+04 2.011984640140120609e+04
2.028104292651167270e+04 2.003802682074448967e+04
2.018557671549242150e+04 1.993797591747970728e+04
2.007147066667161198e+04 1.981951932053237761e+04
1.993862117179929919e+04 1.968257926195113032e+04
1.978702492514436744e+04 1.952717869737924775e+04
1.961674428010497286e+04 1.935340537860480254e+04
1.942793634512768404e+04 1.916144103211228867e+04
1.922093234767307149e+04 1.895164135246210571e+04
1.899614895027188686e+04 1.872444599654480771e+04
1.875407024146466938e+04 1.848036010409069786e+04
1.849538803709925924e+04 1.822009487364129382e+04
1.822096132789549665e+04 1.794452651460231209e+04
1.793168650697596604e+04 1.765456583248848619e+04
1.762859071512300943e+04 1.735125137176712087e+04
1.731298955830242994e+04 1.703590672816567530e+04
1.698623424175920809e+04 1.670988768171796255e+04
1.664968658566767044e+04 1.637455715129450255e+04
1.630500187411238039e+04 1.603156653736130647e+04
1.595396639892328312e+04 1.568269392405751205e+04
1.559828413256964086e+04 1.532963201441340061e+04
1.523973017627609443e+04 1.497414067147118112e+04
1.488028716430517488e+04 1.461818240565364067e+04
1.452182936081401385e+04 1.426360913416171934e+04
1.416612634131134473e+04 1.391216588618802598e+04
1.381512772843781750e+04 1.356577109413352809e+04
1.347074893950067053e+04 1.322630646526844430e+04
1.313471175780287012e+04 1.289546096712409781e+04
1.280834464639483303e+04 1.257453618118659688e+04
1.249251806264127299e+04 1.226438375284102221e+04
1.218797269853555372e+04 1.196572717607467166e+04
1.189542316696340276e+04 1.167926295724732154e+04
1.161584733397741002e+04 1.140594088371199177e+04
1.135022690997356403e+04 1.114671416496428719e+04
1.109929321908341626e+04 1.090229341757607108e+04
1.086162378608278959e+04 1.067129230184727749e+04
1.063434778794764497e+04 1.045091292888592398e+04
1.041479835841802924e+04 1.023855483478595670e+04
1.020081247218955104e+04 1.003211420177826403e+04
9.990623708562639877e+03 9.829876538047026770e+03
9.782495650993849267e+03 9.630153487530094935e+03
9.574064703690719398e+03 9.430648099242753233e+03
9.362852833625682251e+03 9.228946159717068440e+03
9.146264244646323277e+03 9.022514689546387672e+03
8.921323070288515737e+03 8.808448867859015081e+03
8.685358131682989551e+03 8.584126537444246424e+03
8.436146803090525282e+03 8.347365294180197452e+03
8.172007826397675672e+03 8.096494574565944276e+03
7.892814636030631846e+03 7.831363204248777947e+03
7.599594741633648482e+03 7.552941380769004354e+03
7.295094638473176929e+03 7.263876218466737555e+03
6.983361451733117065e+03 6.968090931507064852e+03
6.669180389163714608e+03 6.670225245887432720e+03
6.357672195885072142e+03 6.375252811194373862e+03
6.053882096199506123e+03 6.088061906181390441e+03
5.762495891337269313e+03 5.813195345322865251e+03
5.487927783751251809e+03 5.554918274693335661e+03
5.233985935040102049e+03 5.316905336238982272e+03
5.003881900099586346e+03 5.102232858855446466e+03
4.799390587140545904e+03 4.912612671908494121e+03
4.620284596963397235e+03 4.747790215800591795e+03
4.464281884537668702e+03 4.605544055864589609e+03
4.326464781785044579e+03 4.481084440905728115e+03
4.200542393036061185e+03 4.368283905336003954e+03
4.079315422431516708e+03 4.260099951489376508e+03
3.955953351985715017e+03 4.149821027200451681e+03
3.824672213746781836e+03 4.031713845087740992e+03
3.681493142391947458e+03 3.901793273953688185e+03
3.525027124769146667e+03 3.758617627094010913e+03
3.356548602463052703e+03 3.603378031545041722e+03
3.180085123572996508e+03 3.440017008920052831e+03
3.001370213601787782e+03 3.274172795240939195e+03
2.826959047526330778e+03 3.112295043283290852e+03
2.663550436176626590e+03 2.960959411488077421e+03
2.517244018669057823e+03 2.826115087747703910e+03
2.391719336710330481e+03 2.711321995471390892e+03
2.286561104073044135e+03 2.616150086294881476e+03
2.197233452339880387e+03 2.536156206164853756e+03
2.116982307005004259e+03 2.464733729936769578e+03
2.039150145122114964e+03 2.395353650268488764e+03
1.957952686982318710e+03 2.322315407341562604e+03
1.869039996896177399e+03 2.241316341286898023e+03
1.771580396149029639e+03 2.151536565485868323e+03
1.669464309419989149e+03 2.056834301329408390e+03
1.569040312001726079e+03 1.963479106155258478e+03
1.475920974518769526e+03 1.876971787971364620e+03
1.393855308278766188e+03 1.800938206801969955e+03
1.323907842285606193e+03 1.736366640604184340e+03
1.263573967158893311e+03 1.680787303074448573e+03
1.208074422884717023e+03 1.629548861968869232e+03
1.152555822173489787e+03 1.577948040524564703e+03
1.093847081559483286e+03 1.522936399866563534e+03
1.032172218041148881e+03 1.464776963569849840e+03
9.709236096895982655e+02 1.406787240347023044e+03
9.137102652687640330e+02 1.352443186503986453e+03
8.626811546330810643e+02 1.303769269424112736e+03
8.178661242843543278e+02 1.260749020944735548e+03
7.768088519361825774e+02 1.221028728941180589e+03
7.366263604103172611e+02 1.181894466263414870e+03
6.959708356913625948e+02 1.142111968275388335e+03
6.553874106593536908e+02 1.102230468320302407e+03
6.168074923069656279e+02 1.064059936986163848e+03
5.816266531024783717e+02 1.028869381679699245e+03
5.496033786985602774e+02 9.964086008959859555e+02
5.195351609473625558e+02 9.655722367404023316e+02
4.902541364288957766e+02 9.353192068833157009e+02
4.616334880755514973e+02 9.055580616822049933e+02
4.344242393312310924e+02 8.769622121130885262e+02
4.091791749521663633e+02 8.500045387666983743e+02
3.857165505553688263e+02 8.245117243776696796e+02
3.634365639932216823e+02 7.999663755226390549e+02
3.420468570840249640e+02 7.761276234013490694e+02
3.216935027634304447e+02 7.531210934774837824e+02
3.026264017148064340e+02 7.311454684604125305e+02
2.847442429206942620e+02 7.101091917766598272e+02
2.678086117581684675e+02 6.898182339521055155e+02
2.517213712845623093e+02 6.701950507424046464e+02
2.365473502179105481e+02 6.512855453552311928e+02
2.222870789676530308e+02 6.330829164055500087e+02
2.088350508226878617e+02 6.155033489103154807e+02
1.961207329182600461e+02 5.984916392543472057e+02
1.841359650067824418e+02 5.820367738502845896e+02
1.728574475489870963e+02 5.661162501579290165e+02
1.622314730619014824e+02 5.506881920284354237e+02
1.522176663155991889e+02 5.357204562664338710e+02
1.427902434317316818e+02 5.211908232289663374e+02
1.339190073349879242e+02 5.070748126175357697e+02
1.255729314511121402e+02 4.933479536907234433e+02
1.177226071896133988e+02 4.799874713125076369e+02
1.103401683740003989e+02 4.669721863684063692e+02
1.033992165735801620e+02 4.542824223755610547e+02
9.687474969471762165e+01 4.418999193450373468e+02
9.074310106387780195e+01 4.298077639815645057e+02
8.498202685723194350e+01 4.179905289470534058e+02
7.957059430925995969e+01 4.064341762166015428e+02
7.448894242912271579e+01 3.951257595548054269e+02
6.971822886675752784e+01 3.840533570811485902e+02
6.524058624904053261e+01 3.732060180299797025e+02
6.103907971757967488e+01 3.625737126796389020e+02
5.709766567261221581e+01 3.521472852570457235e+02
5.340113102134696277e+01 3.419185976574333381e+02
4.993502347903935856e+01 3.318808144729451328e+02
4.668567546722303518e+01 3.220278565032021447e+02
4.364017712305857088e+01 3.123542585943570202e+02
4.078633821712442398e+01 3.028551362322488671e+02
3.811265169998815594e+01 2.935261531753538407e+02
3.560825882858862457e+01 2.843634899914416678e+02
3.326291608329196237e+01 2.753639004493464881e+02
3.106696538360036186e+01 2.665254182828381317e+02
2.901130191215363396e+01 2.578468460675800884e+02
2.708734357232585310e+01 2.493272143498168418e+02
2.528700341520693939e+01 2.409657553854228524e+02
2.360266335457260567e+01 2.327618831557998931e+02
2.202714910644297319e+01 2.247151736981676322e+02
2.055370626965626002e+01 2.168253565749259906e+02
1.917597521236814018e+01 2.090929736670062766e+02
1.788796886446189305e+01 2.015196387864256735e+02
1.668405630656106808e+01 1.941068919621771158e+02
1.555894331434919664e+01 1.868560886410585908e+02
1.450765350356985195e+01 1.797683969527587919e+02
1.352551043535448194e+01 1.728447955372660090e+02
1.260812064000140609e+01 1.660860719398765468e+02
1.175135729426069453e+01 1.594930471396812663e+02
1.095134420909947792e+01 1.530673877537225849e+02
1.020444238211983468e+01 1.468106773689327440e+02
9.507236627891828107e+00 1.407240593154746477e+02
8.856522549254961518e+00 1.348082556783883774e+02
8.249294211220355777e+00 1.290635869206672623e+02
7.682732483818676350e+00 1.234899918951204825e+02
7.154193978201589310e+00 1.180870671141091321e+02
6.661199901581957405e+00 1.128544184521618661e+02
6.201426552536247527e+00 1.077915719928270590e+02
5.772696815207614129e+00 1.028976479095798595e+02
5.372971349873411739e+00 9.817137844482115838e+01
5.000340255265319556e+00 9.361113827069246440e+01
4.653015206447908447e+00 8.921497429090619846e+01
4.329322042986427199e+00 8.498063482210216080e+01
