2.032902279925916810e+04 2.024037290293842671e+04
2.050738123678262855e+04 2.041542559620512475e+04
2.067606166153847880e+04 2.058073089333981625e+04
2.083440363723356131e+04 2.073563217510534378e+04
2.098174702085083118e+04 2.087947372506374450e+04
2.111743093202196542e+04 2.101159963177484315e+04
2.124075762123427921e+04 2.113131782676311195e+04
2.135102013850794538e+04 2.123792769341635358e+04
2.144752455527275742e+04 2.133074223637091927e+04
2.152957089261061628e+04 2.140906941487709992e+04
2.159644614275278218e+04 2.147220537306282858e+04
2.164745922328972665e+04 2.151946886178700515e+04
2.168193881081505606e+04 2.155019921090963544e+04
2.169919799317527941e+04 2.156372183495845093e+04
2.169857177057717854e+04 2.155938502635862096e+04
2.167943751690755380e+04 2.153658006535606910e+04
2.164119523223731085e+04 2.149472246874473785e+04
2.158326968382580162e+04 2.143325422006365625e+04
2.150514380502302083e+04 2.135167592616840557e+04
2.140636097744001017e+04 2.124954950495264347e+04
2.128651613121575792e+04 2.112649087660184523e+04
2.114527578076240025e+04 2.098218811405493034e+04
2.098238869332605827e+04 2.081641149811338255e+04
2.079770315190696783e+04 2.062903279545163241e+04
2.059116910184106382e+04 2.042002683834883283e+04
2.036283005634223446e+04 2.018946116490209170e+04
2.011285265744448043e+04 1.993752647208253984e+04
1.984158145258125296e+04 1.966459344162666093e+04
1.954946968524424301e+04 1.937114012057787841e+04
1.923707517516124426e+04 1.905774707559457602e+04
1.890519874770879323e+04 1.872523835006853551e+04
1.855482246007578578e+04 1.837461812953877597e+04
1.818699623691859961e+04 1.800695492153325904e+04
1.780295539247028501e+04 1.762349995247252809e+04
1.740426287448127187e+04 1.722583043862612249e+04
1.699252924313287804e+04 1.681556695161400057e+04
1.656940757883691913e+04 1.639436781758054349e+04
1.613695838424294016e+04 1.596429299249340329e+04
1.569739162923715230e+04 1.552754672899236175e+04
1.525281281753027542e+04 1.508622455241183889e+04
1.480546722140041129e+04 1.464255518678983390e+04
1.435789258958784922e+04 1.419905191809178177e+04
1.391245518957995591e+04 1.375805400784236735e+04
1.347140909621382343e+04 1.332178398709488829e+04
1.303750448289573069e+04 1.289293928263349517e+04
1.261346152087877272e+04 1.247418206202883994e+04
1.220164888512294965e+04 1.206782777784890459e+04
1.180391903575011747e+04 1.167567774621559147e+04
1.142159199433479444e+04 1.129900233520509209e+04
1.105575276432043211e+04 1.093884289202443870e+04
1.070756146456199895e+04 1.059630910424329522e+04
1.037929182493866938e+04 1.027356830410759176e+04
1.007329449194242443e+04 9.972861089465061013e+03
9.791419600222727240e+03 9.695947798121840606e+03
9.532831001954164094e+03 9.441965079101859374e+03
9.295024098333229631e+03 9.208419521413585244e+03
9.075691817986296883e+03 8.993014647854231953e+03
8.872666320499190988e+03 8.793598588155360630e+03
8.683916443652708040e+03 8.608159038894487821e+03
8.507414529915191451e+03 8.434692141143656045e+03
8.340237824811405517e+03 8.270343603000010262e+03
8.179263764615099717e+03 8.112071542419544130e+03
8.021051899951882660e+03 7.956544762933762286e+03
7.861445639330087033e+03 7.799769891924882359e+03
7.696355523807579630e+03 7.637826327345729624e+03
7.521156194498022160e+03 7.466322528491234152e+03
7.331440997574992252e+03 7.281084764264448495e+03
7.123739293380910567e+03 7.078872540599382774e+03
6.895515999859094336e+03 6.857350206703777985e+03
6.646032832498313837e+03 6.615911325200043393e+03
6.376168333009162779e+03 6.355490759053861439e+03
6.088846860615962214e+03 6.078959057183501500e+03
5.788487957549383282e+03 5.790591473228027098e+03
5.480710065157427380e+03 5.495769027056632694e+03
5.171591233690639456e+03 5.200281428843271897e+03
4.867717045891099588e+03 4.910364653926340907e+03
4.575704493418596030e+03 4.632241100941810146e+03
4.302322191332132206e+03 4.372231826091548101e+03
4.053290142452027794e+03 4.135653472410080212e+03
3.833630001920849281e+03 3.927094547270758085e+03
3.646086004074124503e+03 3.749014579269872684e+03
3.491089274226161251e+03 3.601653216518629051e+03
3.366092583444058619e+03 3.482493016046845241e+03
3.266283892051450493e+03 3.386896937792706012e+03
3.184534739903814170e+03 3.308129356643903066e+03
3.112686856816431828e+03 3.238536056075328815e+03
3.041793667849196936e+03 3.169801514148221486e+03
2.963314564945575057e+03 3.094051390247234394e+03
2.870105274206161539e+03 3.004752601907219287e+03
2.757695188804762893e+03 2.897883799294148957e+03
2.625262582725374614e+03 2.772809505021324185e+03
2.475612583401824850e+03 2.632220504031520704e+03
2.314865233988019099e+03 2.481823541449163258e+03
2.151871528203448179e+03 2.329777730014696317e+03
1.997086893329074655e+03 2.185621241457970882e+03
1.860162625425939041e+03 2.058067791651961670e+03
1.747246296360563065e+03 1.952578413955624455e+03
1.659491582258737481e+03 1.870044686384181887e+03
1.593620409953172611e+03 1.807355630969819231e+03
1.543460065708576167e+03 1.758835105122794857e+03
1.500632736585035673e+03 1.716889098220260848e+03
1.455260691704674855e+03 1.672654667582324919e+03
1.398859414074158622e+03 1.618592636581217675e+03
1.328095723135419803e+03 1.551821717298290878e+03
1.245619280645257277e+03 1.474809081256132913e+03
1.158074145878616491e+03 1.393537292070173635e+03
1.073875581850643584e+03 1.315478715194195729e+03
1.000884443130178965e+03 1.247512895521318796e+03
9.432601443396465584e+02 1.193183494711389358e+03
8.999923870325800408e+02 1.151481916455015607e+03
8.658639590884357631e+02 1.117767118079735837e+03
8.332042757886586060e+02 1.085336882557433682e+03
7.953493506392052268e+02 1.048442472337294248e+03
7.502884665529709309e+02 1.005415112532435046e+03
7.006730409523769367e+02 9.586099134445460095e+02
6.519338578150366175e+02 9.127150129029927257e+02
6.096334461373304521e+02 8.724438369984619612e+02
5.758890313943082901e+02 8.395128551467868192e+02
5.485410740235009825e+02 8.120222205934524027e+02
5.231503577280506079e+02 7.862051052499576826e+02
4.956871933541475528e+02 7.587044272779202174e+02
4.653695847115545234e+02 7.289131371172500167e+02
4.347677247336518462e+02 6.989934772882635343e+02
4.070831282838390734e+02 6.715724195534668297e+02
3.837608742100247810e+02 6.477871728076648878e+02
3.635269957404952379e+02 6.265580865528600043e+02
3.438225842073783838e+02 6.058053309906680397e+02
3.233118261255515336e+02 5.844733971703323050e+02
3.028013005338827384e+02 5.632236634674750348e+02
2.839206981353802348e+02 5.433401574580543638e+02
2.672957892740889747e+02 5.252881099376205611e+02
2.520649152223556371e+02 5.083754747863555394e+02
2.371070655130218654e+02 4.917353227452932174e+02
2.223559504299766445e+02 4.753244229454381298e+02
2.085147022174704432e+02 4.596737094520565279e+02
1.959353735793817179e+02 4.450335055478466870e+02
1.842136258415375210e+02 4.310917794395596161e+02
1.729029634931984560e+02 4.175184511832475209e+02
1.620956075185228258e+02 4.043803424800670427e+02
1.520540209755427838e+02 3.918596368568763069e+02
1.427139712782855554e+02 3.799024241065778256e+02
1.338476779233912737e+02 3.683450362218919736e+02
1.254393839592581941e+02 3.571741477540887786e+02
1.175767545433377279e+02 3.464446233780554394e+02
1.102095604656340555e+02 3.361174627544974669e+02
1.032705382109892440e+02 3.261443272508365681e+02
9.674353216675697809e+01 3.165113333996013125e+02
9.060739238867256518e+01 3.072009212441547561e+02
8.484134253337695952e+01 2.981962530850138933e+02
7.942544479854878148e+01 2.894815431593796120e+02
7.434059237211327797e+01 2.810419906899155080e+02
6.956845391793186195e+01 2.728636923636042866e+02
6.509101066629645516e+01 2.649333151385025644e+02
6.089086282270420725e+01 2.572381840732982710e+02
5.695157942130563811e+01 2.497664406744704593e+02
5.325765382714488538e+01 2.425069966027493251e+02
4.979445491171358640e+01 2.354494872513132577e+02
4.654818060928634083e+01 2.285842286128834928e+02
4.350581385091107478e+01 2.219021777452438187e+02
4.065510861634884776e+01 2.153950671667575989e+02
3.798457746050483053e+01 2.090555778862752163e+02
3.548338378866338871e+01 2.028769170136334310e+02
3.314129860197325428e+01 1.968527276265366481e+02
3.094866986848250079e+01 1.909770643512979689e+02
2.889639317550461683e+01 1.852443703471662957e+02
2.697588362990897082e+01 1.796494555784569229e+02
2.517904754426828973e+01 1.741874998364146165e+02
2.349824442943049974e+01 1.688542487304627002e+02
2.192627233465127290e+01 1.636458646557634893e+02
2.045635366679524125e+01 1.585587544334175050e+02
1.908211200605684610e+01 1.535895532779844928e+02
1.779754994347654673e+01 1.487351115007350586e+02
1.659702802556235923e+01 1.439924817855421395e+02
1.547524476109004610e+01 1.393589074877333474e+02
1.442721795542876606e+01 1.348318985688571843e+02
1.344826693830395747e+01 1.304093053770394306e+02
1.253399476159730241e+01 1.260891226445969551e+02
1.168027194732569640e+01 1.218694546777204835e+02
1.088322117995359406e+01 1.177485075287003724e+02
1.013920280183026890e+01 1.137245814589857815e+02
9.444801075048959049e+00 1.097960636827853733e+02
8.796810979161152844e+00 1.059614390213087916e+02
8.192224448071673493e+00 1.022194223768367181e+02
7.628220019107623706e+00 9.856885427392035126e+01
7.102152828453363043e+00 9.500860095038572695e+01
6.611544093552667256e+00 9.153754971884191605e+01
6.154071172459288697e+00 8.815460546195933489e+01
5.727558181145909089e+00 8.485868731237401619e+01
5.329967138762689238e+00 8.164872641974407941e+01
4.959389449172729059e+00 7.852377122244043051e+01
4.614037933022860472e+00 7.548306469877942959e+01
4.292239757136127487e+00 7.252582748996952944e+01
3.992429458799660047e+00 6.965123216370801629e+01
3.713142333243784954e+00 6.685840455794144077e+01
3.453008206976401429e+00 6.414642521630598537e+01
3.210745576062851381e+00 6.151433091045780088e+01
2.985156049449273041e+00 5.896114145787843341e+01
2.775118900506257535e+00 5.648603276115998995e+01
2.579586436559268670e+00 5.408819928219993756e+01
2.397579572484353161e+00 5.176674786836922948e+01
