2.584030240513180252e+04 2.571460327115098335e+04
2.607783526805627844e+04 2.594706569457168371e+04
2.630129744779198882e+04 2.616532367393821551e+04
2.650972036449320876e+04 2.636841064164467025e+04
2.670207334962473396e+04 2.655530025264959477e+04
2.687732202972325831e+04 2.672496374654401006e+04
2.703444174919195939e+04 2.687638315424515531e+04
2.717236875611361756e+04 2.700850254974479321e+04
2.729002521845460069e+04 2.712025315645291994e+04
2.738636319230932713e+04 2.721059737357767881e+04
2.746033431792267584e+04 2.727849901821068488e+04
2.751085763479404341e+04 2.732289174416707829e+04
2.753689483529398058e+04 2.734275345739911791e+04
2.753745729493849285e+04 2.733711347523803852e+04
2.751154944340282964e+04 2.730499743516296439e+04
2.745822102659992379e+04 2.724547857306194783e+04
2.737660867051672176e+04 2.715771851057028107e+04
2.726590906790544250e+04 2.704094219974254520e+04
2.712537647989605830e+04 2.689443596304304083e+04
2.695437993911955709e+04 2.671760216252992177e+04
2.675241045099992698e+04 2.650996704443198178e+04
2.651906981695634022e+04 2.627117283956743995e+04
2.625409911294053745e+04 2.600100251722289613e+04
2.595739615345431957e+04 2.569939582251107640e+04
2.562905839688732885e+04 2.536649600207956610e+04
2.526938253007691674e+04 2.500264819716046622e+04
2.487883376463534296e+04 2.460836416753295998e+04
2.445810805402357801e+04 2.418438603240728480e+04
2.400823890292410579e+04 2.373179622158222264e+04
2.353044033245689207e+04 2.325185418501029926e+04
2.302609865845057720e+04 2.274598690548194281e+04
2.249703911873029938e+04 2.221605900379355080e+04
2.194536344189427473e+04 2.166420717327718012e+04
2.137324337718047900e+04 2.109263032290103365e+04
2.078320574778692389e+04 2.050387393079289541e+04
2.017833020365347693e+04 1.990102685594230206e+04
1.956166993575364904e+04 1.928714250666628504e+04
1.893628112463998696e+04 1.866526772386322773e+04
1.830579513962475176e+04 1.803900987874409839e+04
1.767386496733859531e+04 1.741198824962617800e+04
1.704386309278029512e+04 1.678753501933657390e+04
1.641969674125683377e+04 1.616948933640477662e+04
1.580585034640609047e+04 1.556223903252292621e+04
1.520628223172579055e+04 1.496964842126487383e+04
1.462435383804646699e+04 1.439498841867071133e+04
1.406279090609489867e+04 1.384089240097077527e+04
1.352382183150551646e+04 1.330950322468442209e+04
1.300937196096692787e+04 1.280266428458424161e+04
1.252294272279269717e+04 1.232370748439748058e+04
1.206899873330763330e+04 1.187687292150925350e+04
1.165128080377847800e+04 1.146570749696753592e+04
1.127133381558050314e+04 1.109161780693969195e+04
1.092759867883497100e+04 1.075297494509018543e+04
1.061837763464065392e+04 1.044802395910066662e+04
1.034186178793028375e+04 1.017490578860348251e+04
1.009588925096001913e+04 9.931415569218199380e+03
9.878451316635660987e+03 9.715502953630568300e+03
9.686589720166095503e+03 9.524216788860378074e+03
9.516433983294014979e+03 9.353740350221272820e+03
9.364052092423231443e+03 9.200213382068557621e+03
9.224090793658131588e+03 9.058464477251351127e+03
9.090928489999616431e+03 8.923090238308173866e+03
8.957819988240431485e+03 8.787685139573544802e+03
8.817099761982040945e+03 8.645031473707587793e+03
8.661182828542992866e+03 8.488052507292981318e+03
8.482493255211142241e+03 8.309769153747787641e+03
8.274591115677436392e+03 8.104317611934883644e+03
8.032830153846914982e+03 7.867590884679156261e+03
7.754805180848105920e+03 7.597586509626029510e+03
7.441285273266853437e+03 7.295285956159886155e+03
7.095543461197064062e+03 6.963962916388848498e+03
6.723428650652414035e+03 6.609247203917021579e+03
6.332749229469960483e+03 6.238520850009985224e+03
5.932720488178303640e+03 5.860398727115684778e+03
5.534519150292188897e+03 5.485222172751175094e+03
5.148951562810808355e+03 5.122938679148021947e+03
4.787922730408730786e+03 4.784377341736636481e+03
4.461573996945997351e+03 4.478747377411804337e+03
4.178332187646981765e+03 4.213530347680026352e+03
3.943223205245878489e+03 3.993111822007167575e+03
3.757563997492255567e+03 3.818378038245635253e+03
3.618693578260982576e+03 3.686610141034762364e+03
3.520825265786615546e+03 3.592222196968912613e+03
3.454650152134298423e+03 3.526516392376202020e+03
3.408626763384997048e+03 3.478865556181330248e+03
3.369064129728148146e+03 3.436857276061485663e+03
3.321457588843677968e+03 3.387525291465773535e+03
3.252506625333001011e+03 3.319142334845891128e+03
3.152062375252787660e+03 3.222911795331070607e+03
3.015143120787509361e+03 3.094696995161794348e+03
2.843118103119968964e+03 2.935996904398408333e+03
2.644310720339196450e+03 2.754393243853172407e+03
2.433343078660260289e+03 2.562901521827054694e+03
2.228335494881990599e+03 2.377467919295957472e+03
2.046170519892499215e+03 2.212791842887319035e+03
1.898163725105594267e+03 2.078556675110924061e+03
1.788764961591409701e+03 1.978365462053486681e+03
1.716461478296706673e+03 1.910601983966445459e+03
1.674089497312852018e+03 1.868786155931516078e+03
1.648448120118431007e+03 1.841341569867193130e+03
1.622307618275327286e+03 1.813410906025207851e+03
1.579929571256089048e+03 1.771607017126028722e+03
1.512351941899640906e+03 1.708467845523574169e+03
1.419429641578354222e+03 1.624097241636897024e+03
1.309758116164643525e+03 1.525986831777404859e+03
1.198401415055834605e+03 1.426965072523410072e+03
1.100949746611307319e+03 1.340105058536430988e+03
1.027335689397624492e+03 1.273543891297789742e+03
9.793357820161378413e+02 1.228515862954435534e+03
9.501729549319112493e+02 1.199175007687803145e+03
9.267902018380891604e+02 1.174611908793757038e+03
8.961056655736200582e+02 1.144065008275279297e+03
8.507101354364906456e+02 1.101568864162999034e+03
7.918036227131675560e+02 1.048268768215178397e+03
7.289447190907296772e+02 9.920616151523544204e+02
6.738487685089361321e+02 9.424201326799196750e+02
6.331217574098337764e+02 9.045228414520422575e+02
6.056999022931644276e+02 8.773495530941765992e+02
5.839053179155664566e+02 8.546837322580521459e+02
5.585745166402024324e+02 8.292684267509239362e+02
5.256485074907989201e+02 7.979882609784012857e+02
4.882018686578231836e+02 7.633498120051556270e+02
4.532862409782537156e+02 7.308678968449651165e+02
4.259702071630765090e+02 7.043864423189160107e+02
4.054119426800592123e+02 6.831553504397160168e+02
3.864712063109071210e+02 6.632066238308831316e+02
3.648335960182602662e+02 6.412984613258514628e+02
3.407060121683973080e+02 6.176429302833815882e+02
3.178682125183339053e+02 5.950770849611275253e+02
2.990382796964421459e+02 5.755661301988741343e+02
2.832647285137656468e+02 5.583568110329611045e+02
2.675982131750658937e+02 5.412935854843793777e+02
2.508951743616046599e+02 5.235775464412129168e+02
2.346544144291081011e+02 5.062916138254675502e+02
2.204886604798772964e+02 4.905515455275517525e+02
2.079351911267810920e+02 4.760044408741639472e+02
1.955871990756955654e+02 4.616744708835962001e+02
1.832538349598068521e+02 4.474412485269521085e+02
1.718173578624828508e+02 4.338952567818312218e+02
1.615322153734357755e+02 4.211883723155140160e+02
1.517567481587392990e+02 4.088924711313393345e+02
1.422670852973502633e+02 3.968596313777665614e+02
1.333576373913439852e+02 3.852701703276595140e+02
1.250369226759077321e+02 3.741290901617413169e+02
1.172530411912497641e+02 3.634013793758987845e+02
1.099597999267050881e+02 3.530547298079358711e+02
1.031160533316304964e+02 3.430593289167701982e+02
9.668512671436968731e+01 3.333876737111312423e+02
9.063431072546869416e+01 3.240144039788016244e+02
8.493610493846428255e+01 3.149176842820151023e+02
7.957217788534357794e+01 3.060834537511414624e+02
7.452651792070419390e+01 2.975000579173153596e+02
6.978347297750418932e+01 2.891565133493753024e+02
6.532779126774626377e+01 2.810424697057371759e+02
6.114465496771425279e+01 2.731481742169175391e+02
5.721970744703809686e+01 2.654644384128960724e+02
5.353904174754636358e+01 2.579825817017510872e+02
5.008852727443719743e+01 2.506938474195455342e+02
4.685404272662313474e+01 2.435894472394004993e+02
4.382229864069261538e+01 2.366611481025842352e+02
4.098082126807194214e+01 2.299012679265165104e+02
3.831790175996331982e+01 2.233026451233633338e+02
3.582254861159389492e+01 2.168586099827470548e+02
3.348444314873571415e+01 2.105629577534342616e+02
3.129393710005476237e+01 2.044100713985963012e+02
2.924211368133096300e+01 1.983953187254802231e+02
2.732059935623746938e+01 1.925145196201454212e+02
2.552149223836521585e+01 1.867637667039515748e+02
2.383733825779057369e+01 1.811394102382109850e+02
2.226110831633693365e+01 1.756380436810233050e+02
2.078617640768931452e+01 1.702564898475496307e+02
1.940629785789416317e+01 1.649917925887112062e+02
1.811557220817059388e+01 1.598413122862195053e+02
1.690842980334024759e+01 1.548026974865307750e+02
1.577963377740980988e+01 1.498737523963692979e+02
1.472426206429008566e+01 1.450524215469140188e+02
1.373768945977342248e+01 1.403367803128554669e+02
1.281557063435185384e+01 1.357250257517194427e+02
1.195382405153580407e+01 1.312154677494313830e+02
1.114861726168395784e+01 1.268065715181730724e+02
1.039635380021795896e+01 1.224970921467383960e+02
9.693657576667362719e+00 1.182858878981991353e+02
9.037359515985370351e+00 1.141718582333871410e+02
8.424485499745594907e+00 1.101539386649606200e+02
7.852244962148696494e+00 1.062310958174319495e+02
7.318020108783425570e+00 1.024023226935129145e+02
6.819355687728569038e+00 9.866664250746434561e+01
6.353948540549943402e+00 9.502328487024175274e+01
5.919638794596814968e+00 9.147164889799776688e+01
5.514402253152632660e+00 8.801109540796686304e+01
5.136342261642532492e+00 8.464093771828652280e+01
4.783681995119598795e+00 8.136044186454627436e+01
4.454757187819145869e+00 7.816882695640033774e+01
4.148009281231223255e+00 7.506526567156554108e+01
3.861978848077693094e+00 7.204895370920425535e+01
3.595299210035132642e+00 6.911929877699442670e+01
3.346691178329442184e+00 6.627567520556365821e+01
3.114957773209515501e+00 6.351735286200372599e+01
2.898979121422853300e+00 6.084350310457880795e+01
2.697707656788519870e+00 5.825320472801933391e+01
