2.127862071844171805e+04 2.113706038579295273e+04
2.153697213660319903e+04 2.138961349415289442e+04
2.178766055555576168e+04 2.163435011833600583e+04
2.202999453244961114e+04 2.187058043578356228e+04
2.226324914099044690e+04 2.209758344824291271e+04
2.248667639403557405e+04 2.231461697139238458e+04
2.269952397603200370e+04 2.252093541333267058e+04
2.290101626339269205e+04 2.271577086434982630e+04
2.309033431693340754e+04 2.289831320479847273e+04
2.326665680569715551e+04 2.306775099391729236e+04
2.342916287313487919e+04 2.322327446384933864e+04
2.357700039905742960e+04 2.336404450761895350e+04
2.370931270004074759e+04 2.348921899044703969e+04
2.382525952500211861e+04 2.359797343693680887e+04
2.392399135375027618e+04 2.368947596008380060e+04
2.400464367299949299e+04 2.376288178699496711e+04
2.406638045477800551e+04 2.381737594471128978e+04
2.410839285411751189e+04 2.385217218173714718e+04
2.412987157936804579e+04 2.386648641414855956e+04
2.413004423439508537e+04 2.385957299301889725e+04
2.410819260523554112e+04 2.383074157312059469e+04
2.406364177160385225e+04 2.377934738534509233e+04
2.399576873339315716e+04 2.370479958469922349e+04
2.390402474772451387e+04 2.360658225952482098e+04
2.378794576000159213e+04 2.348426535646084812e+04
2.364716466180571661e+04 2.333751800634253232e+04
2.348140866869338060e+04 2.316610390857814855e+04
2.329050907802168513e+04 2.296989063270408587e+04
2.307446487760988384e+04 2.274891458626696112e+04
2.283341721607791260e+04 2.250335424921689992e+04
2.256761299579821571e+04 2.223349229024821034e+04
2.227749026700015384e+04 2.193980139299906659e+04
2.196374298232917863e+04 2.162300909811452584e+04
2.162717290428098204e+04 2.128394786344961904e+04
2.126871510234414018e+04 2.092358016443740416e+04
2.088967212774607106e+04 2.054323258362524211e+04
2.049151041834081843e+04 2.014439131948778959e+04
2.007574230841677127e+04 1.972858375141352371e+04
1.964421668105570279e+04 1.929766715820756508e+04
1.919914281277724513e+04 1.885385178864057161e+04
1.874269559652244789e+04 1.839930818268003350e+04
1.827711292434387360e+04 1.793626378461015338e+04
1.780506101377778759e+04 1.746736495786353771e+04
1.732917424876273435e+04 1.699522067770186914e+04
1.685194798953721329e+04 1.652229623678419739e+04
1.637637840276710813e+04 1.605153993679081032e+04
1.590574272716861014e+04 1.558616784191282386e+04
1.544299890545810740e+04 1.512907676007892769e+04
1.499064486859188219e+04 1.468270797518809741e+04
1.455054930927107489e+04 1.424888336783577870e+04
1.412429195865204383e+04 1.382913884289740054e+04
1.371341014759043901e+04 1.342496391821154066e+04
1.332080373490939019e+04 1.303915729932375871e+04
1.294984722372134274e+04 1.267497139951900863e+04
1.260345061839863229e+04 1.233520775435531687e+04
1.228228152050547214e+04 1.202048602878351448e+04
1.198467082078792009e+04 1.172915302847963903e+04
1.170895567251335888e+04 1.145956553499574875e+04
1.145332622035882559e+04 1.120994537969193698e+04
1.121577017359173260e+04 1.097832569832134686e+04
1.099433731120911398e+04 1.076280345772540386e+04
1.078622003188504459e+04 1.056065790851295969e+04
1.058814029043552546e+04 1.036871986707210090e+04
1.039668236906503626e+04 1.018369232643401847e+04
1.020756236783344684e+04 1.000145512793588205e+04
1.001648264159402243e+04 9.817873644042980231e+03
9.818390108612733457e+03 9.628095669333128171e+03
9.608022400692718293e+03 9.427063978900094298e+03
9.380508859882493198e+03 9.210100080992489893e+03
9.131473939029974645e+03 8.972998761096245289e+03
8.857933393390549099e+03 8.712889054268027394e+03
8.558615880507179099e+03 8.428550035530532114e+03
8.234358257241288811e+03 8.120784460831519027e+03
7.888328787106630443e+03 7.792645795924938284e+03
7.525526675249755499e+03 7.448944334060556685e+03
7.152344138449743696e+03 7.095831640000938933e+03
6.776179001221776161e+03 6.740418224860999544e+03
6.404798135982476197e+03 6.390154104605792782e+03
6.046605275243490723e+03 6.053062888201698115e+03
5.709229546298154673e+03 5.736422642016765167e+03
5.400277745235961447e+03 5.447412781291900501e+03
5.125624678505676457e+03 5.191577526979239337e+03
4.889128502186706100e+03 4.972473474431776594e+03
4.691554819630790007e+03 4.790754181777211670e+03
4.530481895880146112e+03 4.644031623213842067e+03
4.400016214004632275e+03 4.526669943175826120e+03
4.292028641126833463e+03 4.430912211395300801e+03
4.196282244594909571e+03 4.347009956402921489e+03
4.101912854655911360e+03 4.264578969910561682e+03
3.998263401568028257e+03 4.173375993730917799e+03
3.876346913207915804e+03 4.064698072428324394e+03
3.730518135921152407e+03 3.933022204766659797e+03
3.559431065734544973e+03 3.776969346522605974e+03
3.366471860559214292e+03 3.599773670075393966e+03
3.159325008426310433e+03 3.408870597332730995e+03
2.949051268470504965e+03 3.214944345474848888e+03
2.748564232230421112e+03 3.030384928735818448e+03
2.570030185476355200e+03 2.866753626754175912e+03
2.421631248632366351e+03 2.731710940725395631e+03
2.305316782520033939e+03 2.626967479677648953e+03
2.217111217605845468e+03 2.548674565236667149e+03
2.148975780133574517e+03 2.489206252711444449e+03
2.090055499918897567e+03 2.438284685597781390e+03
2.027771309781747050e+03 2.383940820227896893e+03
1.951177156835025471e+03 2.315690172721523140e+03
1.855667211060201453e+03 2.229103124094595387e+03
1.744570345572493125e+03 2.127411995349127210e+03
1.626718994656145696e+03 2.019147591418725369e+03
1.513317442833639916e+03 1.915014339921385954e+03
1.414779851136615434e+03 1.824791250325231886e+03
1.336742517753930770e+03 1.753620669220300897e+03
1.277869462760274018e+03 1.700112869509198617e+03
1.230994170416768611e+03 1.657513157568665747e+03
1.185858183491343425e+03 1.616237733601791660e+03
1.133423809071987762e+03 1.567866893089921405e+03
1.070840457533968902e+03 1.509806706354277821e+03
1.001958899607346325e+03 1.445758518565709664e+03
9.343964504129108946e+02 1.382857450570484389e+03
8.758028492065292312e+02 1.328090859974870227e+03
8.291595834633945969e+02 1.284045709002349895e+03
7.913328302607777687e+02 1.247764700236612271e+03
7.559358421162260129e+02 1.213442969506799272e+03
7.173133101385147938e+02 1.176028927365462096e+03
6.744168679437894980e+02 1.134677438278852605e+03
6.310665018740897949e+02 1.092871664647840589e+03
5.920026063032380534e+02 1.054784914523336511e+03
5.592501820499484211e+02 1.022096992497915039e+03
5.308387600504698867e+02 9.930219079290521904e+02
5.029368675562716930e+02 9.642613267454390780e+02
4.736043526514118867e+02 9.342176963569947929e+02
4.441728374000751387e+02 9.040701107131383196e+02
4.171733172713678641e+02 8.759230903466863083e+02
3.935243828435083060e+02 8.504760097815517383e+02
3.718087426461983114e+02 8.265381634809994011e+02
3.502999506820461306e+02 8.027371804513937832e+02
3.289536048131227517e+02 7.790698868907940096e+02
3.089540604476944168e+02 7.564601640062678598e+02
2.908426812050316244e+02 7.352917099934326188e+02
2.739273167540767417e+02 7.150224643432542280e+02
2.574935102606314672e+02 6.951308685370886451e+02
2.417441528571057177e+02 6.757715996227373125e+02
2.271368683490088358e+02 6.572571786991682075e+02
2.135449045792191498e+02 6.394827679497012696e+02
2.005844667873915910e+02 6.221843636855204522e+02
1.882718695225596832e+02 6.053716550342552409e+02
1.767227716234021955e+02 5.891117903560507330e+02
1.658617478232999360e+02 5.733479151708133941e+02
1.556432467552263006e+02 5.580453253201967527e+02
1.460289621316251782e+02 5.431749456617698115e+02
1.369830211206348736e+02 5.287097356051674524e+02
1.284718147057101589e+02 5.146245648322715169e+02
1.204638408731295414e+02 5.008960994243603295e+02
1.129296209523832317e+02 4.875027420825812783e+02
1.058425792546552628e+02 4.744253116577809237e+02
9.917846981004009876e+01 4.616467590659063376e+02
9.291418957147389790e+01 4.491513196490466839e+02
8.702770679285436017e+01 4.369244190926822284e+02
8.149802786678145594e+01 4.249526113193828678e+02
7.630516369164426749e+01 4.132235204293045854e+02
7.143009564781227994e+01 4.017257863638371873e+02
6.685464628098964113e+01 3.904491236238720830e+02
6.256130733294254753e+01 3.793844592525755388e+02
5.853348296489884461e+01 3.685235971006024442e+02
5.475549694351445140e+01 3.578591161872884641e+02
5.121254560943653900e+01 3.473843312027916568e+02
4.789065298554771744e+01 3.370932545346763050e+02
4.477662794526425927e+01 3.269805596135551582e+02
4.185802618966246058e+01 3.170416215617813123e+02
3.912313736655286078e+01 3.072732249507274105e+02
3.656092807905352515e+01 2.976731029277849530e+02
3.416098615656780169e+01 2.882393488639659154e+02
3.191348856847244875e+01 2.789703828162829495e+02
2.980917105364080655e+01 2.698649269080200384e+02
2.783929909311596518e+01 2.609219810286414258e+02
2.599564014741361717e+01 2.521408036580295686e+02
2.427043292077794945e+01 2.435214836644945535e+02
2.265635960757813550e+01 2.350653792379767140e+02
2.114653083074837170e+01 2.267739200681371301e+02
1.973446328972055852e+01 2.186484481413764058e+02
1.841405741947217223e+01 2.106902084098085766e+02
1.717957616043949898e+01 2.029003399449615870e+02
1.602562479270164886e+01 1.952798676036476877e+02
1.494713151789249750e+01 1.878298733983337456e+02
1.393932782393109804e+01 1.805525131322274888e+02
1.299773279651284064e+01 1.734501014090850788e+02
1.211813760949763008e+01 1.665245244140301963e+02
1.129658991958022618e+01 1.597772510515921454e+02
1.052937908450213556e+01 1.532093472052351615e+02
9.813022169677321216e+00 1.468214906497188110e+02
9.144250691788144536e+00 1.406139963605878620e+02
8.519997525066772326e+00 1.345872407042936061e+02
7.937385047541980931e+00 1.287417388114552921e+02
7.393714819552887008e+00 1.230775545943437947e+02
6.886457006738283759e+00 1.175942855741246120e+02
6.413240328270498836e+00 1.122910937596188461e+02
5.971842567909956045e+00 1.071667363411434053e+02
5.560181619060179159e+00 1.022195960492623641e+02
5.176306952850603160e+00 9.744774482091983714e+01
4.818391389113508616e+00 9.284908511081968641e+01
4.484723947196723515e+00 8.842124065413641176e+01
