1.778816758818423114e+04 1.765643575789409442e+04
1.802288380722634611e+04 1.788576290025193157e+04
1.825298894610032949e+04 1.811033619731766521e+04
1.847798644331607284e+04 1.832966193409190601e+04
1.869735342953860891e+04 1.854322219916907488e+04
1.891055798078287262e+04 1.875049080535373287e+04
1.911705544153118535e+04 1.895092965104036193e+04
1.931627101915579624e+04 1.914397164532165334e+04
1.950761868915954255e+04 1.932903937065667196e+04
1.969050798821938952e+04 1.950555183494048106e+04
1.986432362913253019e+04 1.967290493175784286e+04
2.002842829272348899e+04 1.983047423709297800e+04
2.018218545606732368e+04 1.997763708278960621e+04
2.032495394714398208e+04 2.011376744600437814e+04
2.045606974944589820e+04 2.023821864473493406e+04
2.057487156492634676e+04 2.035034792558438494e+04
2.068070827662062220e+04 2.044952371260703512e+04
2.077291774765107766e+04 2.053510555730052874e+04
2.085083569926849668e+04 2.060645271851795769e+04
2.091381901103979908e+04 2.066294643666541742e+04
2.096124152972130469e+04 2.070398623593654338e+04
2.099248322447901955e+04 2.072898004462148674e+04
2.100695376725252936e+04 2.073736627728822714e+04
2.100410023439151337e+04 2.072862123265287664e+04
2.098340570271288016e+04 2.070225887136158053e+04
2.094439584573099273e+04 2.065783670094936315e+04
2.088664727831375058e+04 2.059496298047999153e+04
2.080980173734329219e+04 2.051331129477411378e+04
2.071358195348404115e+04 2.041263693038758356e+04
2.059777585366463609e+04 2.029275957289011058e+04
2.046224437779824802e+04 2.015357077600277626e+04
2.030698465876331466e+04 1.999509767526358701e+04
2.013209818546401220e+04 1.981747034832802456e+04
1.993775610272624908e+04 1.962088633887672404e+04
1.972427166268867586e+04 1.940568306515059157e+04
1.949215584299461625e+04 1.917239325822028695e+04
1.924199226051607184e+04 1.892161920505245871e+04
1.897445407644670195e+04 1.865404940703768079e+04
1.869050601520598866e+04 1.837066019835573388e+04
1.839124900045567119e+04 1.807256021034368314e+04
1.807780716185894926e+04 1.776087741549759812e+04
1.775149151417987014e+04 1.743692303650532631e+04
1.741386502260723864e+04 1.710225659795274260e+04
1.706647818203837960e+04 1.675842122622055831e+04
1.671093300291617561e+04 1.640700760465240819e+04
1.634930986314263828e+04 1.605007989644308873e+04
1.598376566995702160e+04 1.568977507768589203e+04
1.561632053387696942e+04 1.532809081225002956e+04
1.524880326328646515e+04 1.496683739194361078e+04
1.488284270040760202e+04 1.460763046556647532e+04
1.451993374818359371e+04 1.425194994689944906e+04
1.416166209570505089e+04 1.390136352332068054e+04
1.381046778289604663e+04 1.355828654901713890e+04
1.346883600997500071e+04 1.322517891356798646e+04
1.313897697667689135e+04 1.290422846812474927e+04
1.282238412872138360e+04 1.259692337708528430e+04
1.251989063288678335e+04 1.230410790639773586e+04
1.223220372048882746e+04 1.202650258083674817e+04
1.195946533636782624e+04 1.176427448810892565e+04
1.170068821217617915e+04 1.151648400725614556e+04
1.145479884008464796e+04 1.128210571628432990e+04
1.122049186280093818e+04 1.105988482061532159e+04
1.099582772090053550e+04 1.084794012140744053e+04
1.077889260663738423e+04 1.064441014710560012e+04
1.056753475155976412e+04 1.044718885952127312e+04
1.035928288303501722e+04 1.025384142977920601e+04
1.015170998819442138e+04 1.006196116192273803e+04
9.941862905003954438e+03 9.868591007903301943e+03
9.726746073849632012e+03 9.670704764214389797e+03
9.503234140504147945e+03 9.465110028497671010e+03
9.268085813367033552e+03 9.248455986666733224e+03
9.018574149205889626e+03 9.017871103989295079e+03
8.752658230430895856e+03 8.771137253685092219e+03
8.469318064525268710e+03 8.507041526777871695e+03
8.169363606509655256e+03 8.226221648889193602e+03
7.854795034079585093e+03 7.930526801156085639e+03
7.529476271110106609e+03 7.623738946295543428e+03
7.198067938638876512e+03 7.310482159237960332e+03
6.866125373488928744e+03 6.996342139214655617e+03
6.539306367781037807e+03 6.687045892096354692e+03
6.223177289215070232e+03 6.388267965494787859e+03
5.923184557946035966e+03 6.105571663743957288e+03
5.644089009910738241e+03 5.843870831901500424e+03
5.389886143070157232e+03 5.607295895370606559e+03
5.163447790361870830e+03 5.398882432206302838e+03
4.965292715502015199e+03 5.219268358633828939e+03
4.794028710847206639e+03 5.067164284313203098e+03
4.645239051452887907e+03 4.938160804499602818e+03
4.512749201407367764e+03 4.825985477150366023e+03
4.388915183534562857e+03 4.722740610028688934e+03
4.265807540075572433e+03 4.620085212234153005e+03
4.136166041896603929e+03 4.510219053214258565e+03
3.994199906888818532e+03 4.386752968826212054e+03
3.836673484069855022e+03 4.245949239620070330e+03
3.663420907619300579e+03 4.087359040731997538e+03
3.477517596753832095e+03 3.914097605765652133e+03
3.284826517596985468e+03 3.732397330771520046e+03
3.092896526277856992e+03 3.550387080963111657e+03
2.909996620634045030e+03 3.377004760361499393e+03
2.743955616808074410e+03 3.220712028049932087e+03
2.600485301711682951e+03 3.087685856742301439e+03
2.481139099994482422e+03 2.979657820339094087e+03
2.382547096096312544e+03 2.893112888285588724e+03
2.297860588662388636e+03 2.820782144984883416e+03
2.219022434993141360e+03 2.753998355903153879e+03
2.138174732873402718e+03 2.684166072468783568e+03
2.048762890089086341e+03 2.603989651164661154e+03
1.947817994531874319e+03 2.510088829438974244e+03
1.837940271787345864e+03 2.405304963414439044e+03
1.726007984375053411e+03 2.297281128409332268e+03
1.619697282948013026e+03 2.194523414397882334e+03
1.525129347759778966e+03 2.103747035602526921e+03
1.445436318836857936e+03 2.028340793601961877e+03
1.379296050107106339e+03 1.966846559688537582e+03
1.321381803799937870e+03 1.913474769735605832e+03
1.265019412379994492e+03 1.860963176766591005e+03
1.204690395273862578e+03 1.803297903903122460e+03
1.138808448126357916e+03 1.738798062871867387e+03
1.070568654789793300e+03 1.671047873658367962e+03
1.005160326908716911e+03 1.605757825521817495e+03
9.467610509878569474e+02 1.547427174489754861e+03
8.968443053221431001e+02 1.497571106658780764e+03
8.530848351056417869e+02 1.453656094913102834e+03
8.112000753853767492e+02 1.411132118672272100e+03
7.681081288208544038e+02 1.366791884826534897e+03
7.235222303706393632e+02 1.320428185305765965e+03
6.799012554897133214e+02 1.274688927570728765e+03
6.400682810810426417e+02 1.232500134056876504e+03
6.047471341363648207e+02 1.194550550876725083e+03
5.725090836155230818e+02 1.159349509268036172e+03
5.411764068913312258e+02 1.124722960349129607e+03
5.098150940794960206e+02 1.089802061237467569e+03
4.793409010162090453e+02 1.055539717993376371e+03
4.511054575364088350e+02 1.023247111075296402e+03
4.253646263896034725e+02 9.931348572960067713e+02
4.012284483389727257e+02 9.643496365336031886e+02
3.778328791112714953e+02 9.361125423823456231e+02
3.552301175552443624e+02 9.085007501217548906e+02
3.340279192320063544e+02 8.820590698187662611e+02
3.143657172264905171e+02 8.568908767054456348e+02
2.958324664511502533e+02 8.326359176535154347e+02
2.780966068232811494e+02 8.090257286481077017e+02
2.612709919369198133e+02 7.861575558493273093e+02
2.455208778574850896e+02 7.641534937094604629e+02
2.307250052685315893e+02 7.429096980628537494e+02
2.166991448992930316e+02 7.222858082754934230e+02
2.034377760321682445e+02 7.022752249442278298e+02
1.909816694740295304e+02 6.828978099343502208e+02
1.792610259639702122e+02 6.640976863115063225e+02
1.682157245227349449e+02 6.458302523135965885e+02
1.578077392169022346e+02 6.280630112104292948e+02
1.480048822079013178e+02 6.107673996415004467e+02
1.387761615368766854e+02 5.939168709294449400e+02
1.300917740597422778e+02 5.774867759839105474e+02
1.219230973902701862e+02 5.614542545934231157e+02
1.142426776912383133e+02 5.457981347718044844e+02
1.070241739411607966e+02 5.304987739133464402e+02
1.002417986343765079e+02 5.155370390900154689e+02
9.387059333421966301e+01 5.008945655867814821e+02
8.788692212870606113e+01 4.865545229306181341e+02
8.226842098340051734e+01 4.725015571132915966e+02
7.699393497102384742e+01 4.587217142210839143e+02
7.204345823894227863e+01 4.452023685219993467e+02
6.739807661748578482e+01 4.319321544316202903e+02
6.303992706453234973e+01 4.189010535339791659e+02
5.895222314404797714e+01 4.061012175568260432e+02
5.511912390690292796e+01 3.935261704571859696e+02
5.152564134354062730e+01 3.811702567856094674e+02
4.815760009983927858e+01 3.690285924613264115e+02
4.500159883171095743e+01 3.570970186175064214e+02
4.204497298196056221e+01 3.453720562976942574e+02
3.927575895949369311e+01 3.338508618776994012e+02
3.668265272052460801e+01 3.225318457266245105e+02
3.425496185401882343e+01 3.114161972344407445e+02
3.198259845219976683e+01 3.005057059150566943e+02
2.985605372940533542e+01 2.898021570229785198e+02
2.786636750996199297e+01 2.793073119513576898e+02
2.600509912088353914e+01 2.690228891707394610e+02
2.426429963964270442e+01 2.589505457641658950e+02
2.263648543882408504e+01 2.490918703564218220e+02
2.111461203968710620e+01 2.394495375345828165e+02
1.969204963412449771e+01 2.300280970903335742e+02
1.836256224031922457e+01 2.208316811475157238e+02
1.712028612147081574e+01 2.118637480001108599e+02
1.595970905250690919e+01 2.031271037247127538e+02
1.487565062973084196e+01 1.946239251022449253e+02
1.386324357923419193e+01 1.863557836821262867e+02
1.291791597184427154e+01 1.783237010648780370e+02
1.203537329328756300e+01 1.705288762993891396e+02
1.121158283234928632e+01 1.629725899405820542e+02
1.044275993090026944e+01 1.556553971942949488e+02
9.725353632332193854e+00 1.485771364118730276e+02
9.056033035496936279e+00 1.417369784252455815e+02
8.431674385818892503e+00 1.351334755615612835e+02
7.849348868204396368e+00 1.287646100677222023e+02
7.306310970355960777e+00 1.226278530480397109e+02
6.799986772786178690e+00 1.167203083079220960e+02
6.327964323957263382e+00 1.110386873685009306e+02
5.887984509457027116e+00 1.055792823225511228e+02
5.477931812331941153e+00 1.003380107194642363e+02
