2.811584009895508643e+04 2.793940560877878670e+04
2.835526465360602378e+04 2.817214302702488203e+04
2.858064012229878790e+04 2.839068345492070148e+04
2.879110798187237378e+04 2.859417454972334963e+04
2.898580627058950995e+04 2.878176193818122192e+04
2.916388236468150353e+04 2.895260160425103095e+04
2.932446859000598852e+04 2.910583539194200421e+04
2.946669427015722977e+04 2.924060314958108575e+04
2.958971088923970456e+04 2.935606803613168449e+04
2.969267072616175210e+04 2.945139559281830225e+04
2.977469645927720921e+04 2.952572395141952802e+04
2.983493817519990262e+04 2.957822007342592406e+04
2.987258256527707272e+04 2.960808893321521100e+04
2.988682119632149261e+04 2.961454276439386376e+04
2.987687636244906025e+04 2.959682639126988579e+04
2.984202831171118305e+04 2.955424386274510107e+04
2.978159567870875253e+04 2.948613991690908733e+04
2.969492442400600339e+04 2.939188960659744043e+04
2.958143377605671776e+04 2.927094246549804666e+04
2.944062447801464805e+04 2.912283090277513838e+04
2.927207433161206427e+04 2.894716787441704946e+04
2.907545210665022387e+04 2.874365882617954776e+04
2.885052833715660017e+04 2.851211130307913118e+04
2.859720086690246171e+04 2.825246256013693346e+04
2.831550282507379234e+04 2.796478763890064511e+04
2.800558106583245899e+04 2.764927465828042114e+04
2.766772475611437403e+04 2.730625388811016455e+04
2.730245241065081427e+04 2.693628744803202062e+04
2.691042182512466752e+04 2.654007546210058717e+04
2.649240744269017887e+04 2.611843205163710081e+04
2.604946822270957637e+04 2.567245537580082964e+04
2.558291009144585405e+04 2.520348890294201192e+04
2.509411594883555517e+04 2.471294845867106415e+04
2.458466335404468555e+04 2.420244004583418064e+04
2.405655352490094083e+04 2.367398920074130001e+04
2.351185807378866593e+04 2.312968584608097080e+04
2.295267485194844267e+04 2.257163954142703005e+04
2.238155175962765861e+04 2.200240043679127484e+04
2.180125306960421221e+04 2.142472649461599576e+04
2.121441559571006292e+04 2.084124191869320566e+04
2.062382784166487181e+04 2.025471204192101868e+04
2.003270054047026133e+04 1.966830938123970554e+04
1.944405578005693314e+04 1.908501285659982022e+04
1.886072554543589285e+04 1.850760586078602137e+04
1.828590402467790773e+04 1.793921143791862050e+04
1.772272814152825231e+04 1.738288698915809437e+04
1.717396221752381825e+04 1.684132027376206315e+04
1.664212367555051242e+04 1.631694464171747495e+04
1.612954722274635424e+04 1.581199956841281892e+04
1.563824596263239255e+04 1.532840983076679549e+04
1.516995648800400340e+04 1.486782593114012707e+04
1.472628503122144684e+04 1.443174398877021304e+04
1.430863435921626842e+04 1.402145799240350971e+04
1.391814216796238361e+04 1.363801046287638565e+04
1.355438133886573632e+04 1.328092765865669026e+04
1.321540648251583298e+04 1.294826462367399836e+04
1.289935720405049688e+04 1.263816439474608342e+04
1.260386856691523644e+04 1.234829837390036118e+04
1.232514548612197541e+04 1.207498548810417924e+04
1.205946035776890312e+04 1.181461515681286983e+04
1.180331905186504446e+04 1.156381466742526936e+04
1.155333593446373561e+04 1.131934486041991295e+04
1.130634199657351564e+04 1.107817779048578450e+04
1.105823450896779286e+04 1.083642374292053682e+04
1.080365823547640139e+04 1.058903313089912626e+04
1.053756780261862514e+04 1.033125238476660707e+04
1.025476211483850784e+04 1.005823815296912107e+04
9.950506443810481869e+03 9.765590905051198206e+03
9.622059058357588583e+03 9.450815891264113816e+03
9.268823294330804856e+03 9.113465968370535847e+03
8.892357844711239522e+03 8.755094601117165439e+03
8.497726930794100554e+03 8.380562689608828805e+03
8.090768714604119850e+03 7.995416667522520584e+03
7.678410730352036808e+03 7.606200149173285354e+03
7.267666240646151891e+03 7.219495410605173674e+03
6.866210323923907708e+03 6.842460312719180365e+03
6.481323348068628547e+03 6.481845095170671812e+03
6.120171884094953384e+03 6.144240429609203602e+03
5.789476042242897165e+03 5.835772549638771125e+03
5.495208572400988487e+03 5.561844981495308275e+03
5.240272777277351452e+03 5.324943530999392351e+03
5.025496500719233154e+03 5.125653373423110679e+03
4.846666777113015996e+03 4.959926708482432332e+03
4.697317817629428646e+03 4.821631273544845499e+03
4.567915536411734138e+03 4.701907047568300186e+03
4.448249753221447463e+03 4.591292576941075822e+03
4.327837371146802980e+03 4.480148732130330245e+03
4.197408966421865443e+03 4.359976254129159315e+03
4.049656700115805506e+03 4.224101075543669140e+03
3.881155984172686203e+03 4.069447425674206897e+03
3.692293610910638108e+03 3.896428600646395807e+03
3.487426531357848489e+03 3.709113939724958982e+03
3.273611863345887286e+03 3.514020374682632337e+03
3.060111110676205044e+03 3.319618858731994806e+03
2.857849427231074060e+03 3.135830092836496533e+03
2.677774524740256311e+03 2.972452682221316991e+03
2.526506452216852267e+03 2.835300066318473910e+03
2.404298469880202902e+03 2.724429116078043080e+03
2.305789749947715791e+03 2.634872343136265499e+03
2.223294808325353188e+03 2.559651569389725864e+03
2.148410167220090898e+03 2.491202671066277617e+03
2.071180257305595660e+03 2.420620720257069934e+03
1.982963082084885627e+03 2.340219506905834351e+03
1.881071465923859250e+03 2.247670433240316925e+03
1.769647268082012033e+03 2.146746384558851787e+03
1.655972961228896338e+03 2.043982205997459459e+03
1.547770548242909172e+03 1.946216632628819980e+03
1.452039175536941912e+03 1.859541626095003721e+03
1.372195187507727269e+03 1.786827413548178811e+03
1.306497219117797840e+03 1.726430402928934654e+03
1.249783200771747488e+03 1.673780383557806545e+03
1.195120313073643956e+03 1.622840711321049184e+03
1.136530905401736845e+03 1.568469540592232761e+03
1.072950137070477240e+03 1.509810873662836457e+03
1.007461746888158473e+03 1.449574328250054123e+03
9.442977018396496760e+02 1.391396723496548020e+03
8.876691011693593509e+02 1.338814664632724771e+03
8.390304295703804200e+02 1.292974178067513321e+03
7.961221780768192957e+02 1.251909047804727379e+03
7.555305747087124928e+02 1.212743048187905742e+03
7.144683287279067372e+02 1.173178645154212973e+03
6.724946249174546438e+02 1.132890733862748220e+03
6.316797982844311719e+02 1.093597105121622917e+03
5.940395289061401627e+02 1.056918790610102178e+03
5.601835293798739031e+02 1.023304449883397865e+03
5.291760228973431595e+02 9.919687891777289224e+02
4.993939350005315418e+02 9.616152141318582380e+02
4.701111401262902518e+02 9.316847819042679930e+02
4.418968177659851335e+02 9.026282056012894373e+02
4.155311341162597500e+02 8.750350812020675448e+02
3.912244480774298836e+02 8.490419333520266036e+02
3.684227765369970484e+02 8.242143743705009911e+02
3.466116695205893166e+02 8.001654738205851345e+02
3.257487440834181029e+02 7.768636195463795957e+02
3.061210284203916672e+02 7.545087761840067060e+02
2.877818012885877010e+02 7.331252805484027704e+02
2.705203703955554602e+02 7.125539547005159875e+02
2.541429195666087537e+02 6.926548218548120985e+02
2.386614858638380667e+02 6.734300982660306545e+02
2.241202334150522972e+02 6.549002934367749731e+02
2.104455704393708118e+02 6.370081447557585079e+02
1.975404988657947740e+02 6.196843650895946212e+02
1.853722468837975441e+02 6.029017379396374281e+02
1.739346581424582325e+02 5.866488697993005417e+02
1.631668913954478910e+02 5.708823681161128434e+02
1.530296770697666204e+02 5.555726933827594394e+02
1.434933856847590903e+02 5.406966756127702638e+02
1.345263002294640557e+02 5.262300576566897234e+02
1.260965656576934180e+02 5.121497047648434773e+02
1.181735116900969444e+02 4.984342544389936052e+02
1.107281103024260034e+02 4.850638088894458519e+02
1.037329049081969288e+02 4.720198468333226742e+02
9.716193097912108101e+01 4.592851465788762653e+02
9.099064033365203841e+01 4.468437146556285029e+02
8.519582897581686609e+01 4.346807195976111871e+02
7.975562510290532714e+01 4.227826867628571108e+02
7.464951608677810668e+01 4.111379249279523833e+02
6.985811159017301009e+01 3.997357624752735319e+02
6.536305548654031838e+01 3.885663425809459000e+02
6.114697784246009604e+01 3.776205813478460414e+02
5.719344857700854590e+01 3.668901280947478654e+02
5.348693278364600445e+01 3.563673275783971235e+02
5.001274474175584572e+01 3.460452132142020218e+02
4.675696211937297164e+01 3.359179347832507574e+02
4.370640852225398731e+01 3.259805796905023954e+02
4.084866018186598069e+01 3.162286999502700269e+02
3.817200725269290018e+01 3.066582722538801704e+02
3.566541555796003848e+01 2.972656729230812971e+02
3.331849018841911914e+01 2.880476535321067217e+02
3.112144087833019057e+01 2.790013171462712194e+02
2.906505206547645415e+01 2.701242898732193112e+02
2.714065777472127650e+01 2.614151515732471012e+02
2.534010150704339281e+01 2.528727988378372231e+02
2.365570592032704411e+01 2.444962639719983599e+02
2.208024658460534084e+01 2.362846998942007417e+02
2.060692703243300272e+01 2.282373653715029604e+02
1.922935505097842679e+01 2.203536105985592144e+02
1.794151997898790540e+01 2.126328934203346819e+02
1.673776782537401076e+01 2.050753640391789077e+02
1.561278234296689682e+01 1.976817176814986681e+02
1.456156976029155459e+01 1.904525338006505990e+02
1.357944039568735661e+01 1.833882470118610399e+02
1.266199109271414258e+01 1.764891453562122763e+02
1.180508859924419163e+01 1.697553689961254406e+02
1.100485384471185846e+01 1.631869093441740688e+02
1.025764674562396195e+01 1.567838133409210570e+02
9.560051303818330126e+00 1.505467614452882685e+02
8.908863608091287745e+00 1.444763262069578786e+02
8.301079602152135806e+00 1.385727482407354216e+02
7.733883157057182878e+00 1.328359508586477489e+02
7.204634815205815279e+00 1.272655549832487907e+02
6.710861171040056306e+00 1.218608942728709934e+02
6.250244847591917896e+00 1.166210411639576563e+02
5.820614867285210714e+00 1.115450934120526512e+02
5.419937797543879832e+00 1.066321546109409439e+02
5.046309596621833649e+00 1.018810163449031023e+02
4.697947703555986010e+00 9.729016473472967164e+01
4.373183576877535117e+00 9.285780417868190284e+01
4.070455669664991838e+00 8.858188063747965657e+01
3.788302817048827542e+00 8.446010438298186784e+01
