1.376065476991264404e+04 1.366892177558085314e+04
1.395234572850786026e+04 1.385671012161227009e+04
1.414048038447026738e+04 1.404082908368822973e+04
1.432464476316288528e+04 1.422086480638170360e+04
1.450441597993295727e+04 1.439639498167716192e+04
1.467934950593470967e+04 1.456697715549034183e+04
1.484898346790199685e+04 1.473215283537687537e+04
1.501285007511883487e+04 1.489145820049919894e+04
1.517046918132120663e+04 1.504441770165871276e+04
1.532133720011873083e+04 1.519053306208059439e+04
1.546494523331681921e+04 1.532930136758606750e+04
1.560078211661633759e+04 1.546021816662692436e+04
1.572831915960391780e+04 1.558276269711670830e+04
1.584701946598487666e+04 1.569640703983783351e+04
1.595635093585593495e+04 1.580062884099789881e+04
1.605577940049264362e+04 1.589490472584339295e+04
1.614476158254609254e+04 1.597870355502592793e+04
1.622276418472312071e+04 1.605150502619571853e+04
1.628926724294480118e+04 1.611280303034175085e+04
1.634375506016177678e+04 1.616209717288614593e+04
1.638572654518524359e+04 1.619890272419481153e+04
1.641470487339601459e+04 1.622275991680742845e+04
1.643024111927349077e+04 1.623323792244776450e+04
1.643191774764752336e+04 1.622993851120061117e+04
1.641935153926760904e+04 1.621249829669633982e+04
1.639220090579153475e+04 1.618059600648601554e+04
1.635018927302074189e+04 1.613397628795970013e+04
1.629309237781205229e+04 1.607243643872439497e+04
1.622073298211367182e+04 1.599582074891984121e+04
1.613302405065980747e+04 1.590406375862608002e+04
1.602998068369859175e+04 1.579720202714348488e+04
1.591167067424054403e+04 1.567532421437248377e+04
1.577823790335486228e+04 1.553859428340046907e+04
1.562999546893282059e+04 1.538734432588161508e+04
1.546733521630777250e+04 1.522198388240430359e+04
1.529069669505909224e+04 1.504296874734049379e+04
1.510070466413097529e+04 1.485093760592918807e+04
1.489815992125786033e+04 1.464670254906338050e+04
1.468388701434343966e+04 1.443109735631532385e+04
1.445878590874511247e+04 1.420502889410473654e+04
1.422398484767823174e+04 1.396962912937439251e+04
1.398064522788065733e+04 1.372606060211094700e+04
1.372992357265247301e+04 1.347547846339938224e+04
1.347328698390009049e+04 1.321934255534711519e+04
1.321241476744119791e+04 1.295931967820394857e+04
1.294890255013817477e+04 1.269699083840398634e+04
1.268417772416890875e+04 1.243376993305285760e+04
1.241937582962060333e+04 1.217078537335031615e+04
1.215552150748458916e+04 1.190905431338121889e+04
1.189363499138055158e+04 1.164958678141943528e+04
1.163546983818836088e+04 1.139411101365261493e+04
1.138315587290247822e+04 1.114472204691980369e+04
1.113864318821649249e+04 1.090333553538535671e+04
1.090331402846029414e+04 1.067131050553868590e+04
1.067756422776209365e+04 1.044904287211296651e+04
1.046163102209706449e+04 1.023677267109792410e+04
1.025556514504682309e+04 1.003455772483264445e+04
1.005857567273060340e+04 9.841637623267193703e+03
9.869650296026367869e+03 9.657036556465978720e+03
9.687744300831631335e+03 9.479747171650305972e+03
9.511337297928972475e+03 9.308301218413082097e+03
9.338825709888260462e+03 9.141148866895515312e+03
9.168574345281354908e+03 8.976707995774322626e+03
8.998674916866497369e+03 8.813129517324987319e+03
8.827270014159224957e+03 8.648609517578912346e+03
8.652217358982059523e+03 8.481060112557726825e+03
8.471195628116256557e+03 8.308210461939230299e+03
8.281962160474286065e+03 8.127856363829600014e+03
8.082198591116413809e+03 7.937707907822277775e+03
7.869957543727988195e+03 7.735824776298219149e+03
7.644089627754641697e+03 7.521041273754607573e+03
7.404119054340822004e+03 7.292840320109391541e+03
7.151209301364841849e+03 7.052317736290198809e+03
6.887416109720216809e+03 6.801443880171709679e+03
6.616237162668217024e+03 6.543618750311209624e+03
6.341684794230724037e+03 6.282755361217193240e+03
6.068364705545642209e+03 6.023361025499841162e+03
5.800766679014906913e+03 5.769837591551335208e+03
5.543227901269711765e+03 5.526444492027338129e+03
5.299743729861814245e+03 5.297104332207419247e+03
5.073866304017017683e+03 5.085316484424477494e+03
4.868233363905264014e+03 4.893685795957400842e+03
4.684616061519192044e+03 4.723975684895272025e+03
4.522717183440891858e+03 4.575926143139651685e+03
4.380675933516355144e+03 4.447738861053350774e+03
4.254150014160481987e+03 4.335161331423289994e+03
4.137662045754627798e+03 4.232783913506743374e+03
4.024721764138296749e+03 4.134140836634362131e+03
3.909179551982640078e+03 4.033034854825741149e+03
3.785749300538687294e+03 3.924058900938229726e+03
3.650867159042370986e+03 3.803484624873455687e+03
3.503257656129347197e+03 3.669871710122910827e+03
3.344161993026064465e+03 3.524339826685676144e+03
3.177382191341958787e+03 3.370654266936590830e+03
3.008437091514027543e+03 3.214367846959956296e+03
2.843650185682283336e+03 3.061882609015907292e+03
2.689366231907532892e+03 2.919637377456365812e+03
2.551098518772442276e+03 2.793230480410741620e+03
2.432129631994001102e+03 2.686006679136000912e+03
2.331997263053114693e+03 2.597539159607945294e+03
2.246384353717484373e+03 2.523498074741115488e+03
2.168766344699607998e+03 2.457273054882442921e+03
2.092521778201852158e+03 2.392080887064688341e+03
2.012053247599157430e+03 2.322106417427811266e+03
1.923537838321107529e+03 2.243313014974502039e+03
1.826559412585295604e+03 2.155196040842860839e+03
1.725072331479801960e+03 2.061829377628711882e+03
1.625479203630670781e+03 1.969857765905119095e+03
1.533534164754977155e+03 1.885243870775673031e+03
1.452837373823881535e+03 1.811700595826444442e+03
1.384145371160256218e+03 1.750004919694049249e+03
1.324700079421440023e+03 1.697324083241304834e+03
1.269366177216789993e+03 1.648367907893413303e+03
1.213147260618655991e+03 1.597963850453309988e+03
1.153114745308537294e+03 1.543072610167336279e+03
1.089809463824875593e+03 1.484273853915389964e+03
1.027035861541497979e+03 1.425542703055257334e+03
9.687798406575176386e+02 1.371010648280646365e+03
9.171971880080669735e+02 1.322882651861398017e+03
8.719656475885763030e+02 1.280806305694459752e+03
8.302348529279169043e+02 1.241856418517850898e+03
7.888160738886357422e+02 1.202786255912133811e+03
7.464231486837857119e+02 1.162316745882077612e+03
7.039956195230872709e+02 1.121445479778027220e+03
6.638290489758130661e+02 1.082518886010904453e+03
6.274385544186498009e+02 1.047051468028051431e+03
5.943786453393807960e+02 1.014577556216656376e+03
5.631033140573680384e+02 9.835565611954103815e+02
5.323064335367969306e+02 9.527187343494437073e+02
5.020259865856177726e+02 9.221340347737806269e+02
4.732825917052199998e+02 8.928146072503591313e+02
4.467314083784123682e+02 8.653871036067346267e+02
4.220429836182489112e+02 8.395257400455707284e+02
3.984420455864224095e+02 8.145007842461744758e+02
3.756242125896142738e+02 7.900442227360387051e+02
3.538857846053552407e+02 7.664428766815631207e+02
3.335563375833338569e+02 7.439960262930653698e+02
3.144708134149000784e+02 7.225495957052157792e+02
2.963059772330103669e+02 7.018192661130400438e+02
2.789825195226444521e+02 6.817426641265244598e+02
2.626321780550341600e+02 6.624343221560894790e+02
2.472573333338852137e+02 6.438925030946470542e+02
2.327105642154629663e+02 6.259936203669888073e+02
2.189173527034759559e+02 6.086779737635163201e+02
2.058974180241073668e+02 5.919595648065051137e+02
1.936288868607545623e+02 5.758175968090932884e+02
1.820395109661625099e+02 5.601944448115257273e+02
1.710919598745499854e+02 5.450596533723504535e+02
1.607666344239974876e+02 5.303956433345426831e+02
1.510323155501330916e+02 5.161760822142173311e+02
1.418569713722555150e+02 5.023744131457066828e+02
1.332102146645632104e+02 4.889658655586902682e+02
1.250632224994230199e+02 4.759273443883038226e+02
1.173886596688710569e+02 4.632373282630838389e+02
1.101606125634490496e+02 4.508757677347216486e+02
1.033547614737630340e+02 4.388237008859640582e+02
9.694830743214104984e+01 4.270631251711278082e+02
9.091955631312787034e+01 4.155773268827992979e+02
8.524785429496212430e+01 4.043508369605500548e+02
7.991354863148009713e+01 3.933693639911380160e+02
7.489794907100568366e+01 3.826197320375904951e+02
7.018328998542239106e+01 3.720898227848657598e+02
6.575268828466739990e+01 3.617685169310695414e+02
6.159005375421094897e+01 3.516455915681554529e+02
5.768008960628267090e+01 3.417116978111722574e+02
5.400830311874930345e+01 3.319583575387126757e+02
5.056096920859213384e+01 3.223779211100453495e+02
4.732509444471615012e+01 3.129635262903238413e+02
4.428838241007819221e+01 3.037090589260870956e+02
4.143920038731743460e+01 2.946091151077254153e+02
3.876654747007881241e+01 2.856591316802786196e+02
3.626002434118585427e+01 2.768560878630927959e+02
3.390980312271159391e+01 2.681977483187498592e+02
3.170659881369658706e+01 2.596822771000825583e+02
2.964164219709378401e+01 2.513082107424395133e+02
2.770665388568006193e+01 2.430744320338366720e+02
2.589381947451766308e+01 2.349801440133188635e+02
2.419576576450521088e+01 2.270248450164075393e+02
2.260553591067015589e+01 2.192089145057754251e+02
2.111656487778113345e+01 2.115345291829161454e+02
1.972266467700290704e+01 2.040040403482889531e+02
1.841800536956806766e+01 1.966196524667944061e+02
1.719709586409262414e+01 1.893834156138908895e+02
1.605476563210574170e+01 1.822972184807410656e+02
1.498614730601764400e+01 1.753627819641088195e+02
1.398666010527236736e+01 1.685816720070219787e+02
1.305199324960328511e+01 1.619561391711053773e+02
1.217809094267376402e+01 1.554892952681903751e+02
1.136113950456481270e+01 1.491838271287608961e+02
1.059755389439471607e+01 1.430419130429356471e+02
9.883964820535243945e+00 1.370652425786405502e+02
9.217206516527717497e+00 1.312550372243326535e+02
8.594305152786063218e+00 1.256120717098640824e+02
8.012467792581089654e+00 1.201367262902779629e+02
7.469071216461317775e+00 1.148293980980139395e+02
6.961652551479901696e+00 1.096903306384619157e+02
6.487900658454878844e+00 1.047192870909519655e+02
6.045647264025642897e+00 9.991557559928214971e+01
5.632858559843535673e+00 9.527808303014698765e+01
5.247627263370139516e+00 9.080530828231864859e+01
