2.327968745242769364e+04 2.318974177964058981e+04
2.345780920074070309e+04 2.336455257816806625e+04
2.362364059067338530e+04 2.352700725720269838e+04
2.377645978763740641e+04 2.367638635004780372e+04
2.391554240107292208e+04 2.381196860155319519e+04
2.404012111553105933e+04 2.393299169995200282e+04
2.414942778273646763e+04 2.403869347245714016e+04
2.424271134407642603e+04 2.412832945276239479e+04
2.431920697775516601e+04 2.420114226543924451e+04
2.437814093913623583e+04 2.425636649031216075e+04
2.441876924457167479e+04 2.429326713625164120e+04
2.444036255626030834e+04 2.431112489105289933e+04
2.444216165988500143e+04 2.430919248724860154e+04
2.442343945860042368e+04 2.428675570603833330e+04
2.438351793703589647e+04 2.424315015675183531e+04
2.432172769190117833e+04 2.417772217331596403e+04
2.423742808451218662e+04 2.408984851578716189e+04
2.413004978492552254e+04 2.397897775300431385e+04
2.399907932253395848e+04 2.384461585195712905e+04
2.384403416327593732e+04 2.368630276317536118e+04
2.366451708752420745e+04 2.350366423124392531e+04
2.346022825901956094e+04 2.329642367394340545e+04
2.323095036216910376e+04 2.306439044253109023e+04
2.297656582448624613e+04 2.280747499556943148e+04
2.269707522322791192e+04 2.252570500524620002e+04
2.239261532860676016e+04 2.221924581661708726e+04
2.206347221807384994e+04 2.188841518027271741e+04
2.171006089632493240e+04 2.153365792950702962e+04
2.133294126750393480e+04 2.115556203382517560e+04
2.093291131821463568e+04 2.075495650326970645e+04
2.051092991457832977e+04 2.033282963036794172e+04
2.006806948833959541e+04 1.989027881130284004e+04
1.960566192211578527e+04 1.942865978961179280e+04
1.912532418040034099e+04 1.894961267468705046e+04
1.862874150818009730e+04 1.845483978927794669e+04
1.811773347507191647e+04 1.794617203668162983e+04
1.759456108191112435e+04 1.742587868070295735e+04
1.706156513022338913e+04 1.689630259089484389e+04
1.652103791612300483e+04 1.635973091690458205e+04
1.597563786078677185e+04 1.581880816926992156e+04
1.542830319595875335e+04 1.527645066872004645e+04
1.488176345810011844e+04 1.473536091166126062e+04
1.433873519247118202e+04 1.419822016731526855e+04
1.380239582396083460e+04 1.366815465499344100e+04
1.327569243759203164e+04 1.314805817356742227e+04
1.276122604584209148e+04 1.264047868676109647e+04
1.226185773265113494e+04 1.214820144141090714e+04
1.178045543371959866e+04 1.167400838552559981e+04
1.131940346666530968e+04 1.122020978972287048e+04
1.088071539291244881e+04 1.078874299106841863e+04
1.046618210890643240e+04 1.038130217026882747e+04
1.007724224622815200e+04 9.999242799619109064e+03
9.715027356262553440e+03 9.643625693820024026e+03
9.380552093862055699e+03 9.315363012862533651e+03
9.074689526356147326e+03 9.015219189647206804e+03
8.798099026122368741e+03 8.743764987687811299e+03
8.549736182067921618e+03 8.499914917306547068e+03
8.326742003742961970e+03 8.280812816069630571e+03
8.126450506875984502e+03 8.083794616007359764e+03
7.946115081027484848e+03 7.906131218333617653e+03
7.782803007939563940e+03 7.744926296361017194e+03
7.633732547907461594e+03 7.597433893552454720e+03
7.495249559722008598e+03 7.460093373864640853e+03
7.363210226715796125e+03 7.328889271345863563e+03
7.233234446943161856e+03 7.199598839972665701e+03
7.099629134850507398e+03 7.066796433281998361e+03
6.956761746166744160e+03 6.925129074052992110e+03
6.798992459151181720e+03 6.769300896513354928e+03
6.621050273119895792e+03 6.594395530647493615e+03
6.419224593205675774e+03 6.397015861365830460e+03
6.191540871187767152e+03 6.175440602799647422e+03
5.938247300228805216e+03 5.930044428382653678e+03
5.662164458872734031e+03 5.663635621786157571e+03
5.367448087395428047e+03 5.380247993095984384e+03
5.059486054589136074e+03 5.085052268021639975e+03
4.744954060991725783e+03 4.784376960606726243e+03
4.431315583024767875e+03 4.485259214593692377e+03
4.126531922968030813e+03 4.195153240493617886e+03
3.838376838535626575e+03 3.921301453011944432e+03
3.574927171762864418e+03 3.671134662063152518e+03
3.342399342614605757e+03 3.450387756295698182e+03
3.145167929461542371e+03 3.262945546121682128e+03
2.985033803278955929e+03 3.110345657189258873e+03
2.860321156867693844e+03 2.990826499369629801e+03
2.767008867975055637e+03 2.900486729800622470e+03
2.698593754513618023e+03 2.833140976344939190e+03
2.646811132816111240e+03 2.781050157372142166e+03
2.602296112376704514e+03 2.735528653339541506e+03
2.554936037992876209e+03 2.687310704437417826e+03
2.495463842144404225e+03 2.627997251179441264e+03
2.416551339526495212e+03 2.551030559045668724e+03
2.314356267965912139e+03 2.453080994199153338e+03
2.188937231510078618e+03 2.334373207508710038e+03
2.044498310354310888e+03 2.198856647765503567e+03
1.889326783870572854e+03 2.054123577496010967e+03
1.735139627188523718e+03 1.910776762668950823e+03
1.594123666868416421e+03 1.779726199383006588e+03
1.475317347688549717e+03 1.668977027512203904e+03
1.382698080232635448e+03 1.581937420382190112e+03
1.315644289613185038e+03 1.517873633105110002e+03
1.270270847509690384e+03 1.473158390013934195e+03
1.239403454348384003e+03 1.441296136759664023e+03
1.212538085738637392e+03 1.412938758284399455e+03
1.178519084094671825e+03 1.378280690171952074e+03
1.130309843504079481e+03 1.331236593659887603e+03
1.066657166455531296e+03 1.270838762366328410e+03
9.913703906675601729e+02 1.200537764686421269e+03
9.123806190840083445e+02 1.127315370015773397e+03
8.393862071181289366e+02 1.059585503708228771e+03
7.797053174580046289e+02 1.003595489236604863e+03
7.359255583390345237e+02 9.614446861330363845e+02
7.057181207084660173e+02 9.310025358443334653e+02
6.822933386971782284e+02 9.063797706855292518e+02
6.574615822934088101e+02 8.805888710903150240e+02
6.259497298168150792e+02 8.492060088146424732e+02
5.869286087780556045e+02 8.116130321257604692e+02
5.440026925521799512e+02 7.709151894857800471e+02
5.035877065032058795e+02 7.325025763911589820e+02
4.704771414789892106e+02 7.003211115490324801e+02
4.453988915316143107e+02 6.748896168683453425e+02
4.254504300516052808e+02 6.537428995851537366e+02
4.057926337536678147e+02 6.328854068917519271e+02
3.831872402716180659e+02 6.096982664878404421e+02
3.580475392867629125e+02 5.845625678893516124e+02
3.332442741846366516e+02 5.598225312062970715e+02
3.117496771733156606e+02 5.378466241423531073e+02
2.942351009550348522e+02 5.191242080502526051e+02
2.788421395309446211e+02 5.021453372365951395e+02
2.632481478154060710e+02 4.850757747856368951e+02
2.467664301254992836e+02 4.673964919876104318e+02
2.305414782156216233e+02 4.500104497072859999e+02
2.160275082434507681e+02 4.340293337084847280e+02
2.034040531983439450e+02 4.195661839516466216e+02
1.916336485018583460e+02 4.058180231295007729e+02
1.798921557514727567e+02 3.921659577088709057e+02
1.683844278921283433e+02 3.787686620154114507e+02
1.577728578357508127e+02 3.661115430394617078e+02
1.481822337845361233e+02 3.542734973225229282e+02
1.391540165277689027e+02 3.429138455903682257e+02
1.304067392934998963e+02 3.318299470554258619e+02
1.221195905570440772e+02 3.211479011614771366e+02
1.144721595171850765e+02 3.109876913738841608e+02
1.073353098692950311e+02 3.012534404027421715e+02
1.005464476511666589e+02 2.918311080687071808e+02
9.413628526902390092e+01 2.827384416473507827e+02
8.816640104962391433e+01 2.740127451679867363e+02
8.256832273025912627e+01 2.656063444617441860e+02
7.730262346084342084e+01 2.574892309678450033e+02
7.235280762887596495e+01 2.496473362867499759e+02
6.770287447534474268e+01 2.420674461402971076e+02
6.333730365872003176e+01 2.347371189734181485e+02
5.924107855195548922e+01 2.276446384227706687e+02
5.539970402373707259e+01 2.207789690723716944e+02
5.179921381718256868e+01 2.141297113067477369e+02
4.842574820121468804e+01 2.076867362855541614e+02
4.526539015858371329e+01 2.014399560495213564e+02
4.230498668022861608e+01 1.953798641994851835e+02
3.953218617093962450e+01 1.894975592499837944e+02
3.693538962063939834e+01 1.837847078566570360e+02
3.450370479039590066e+01 1.782335105889209785e+02
3.222690322250495853e+01 1.728366700335203632e+02
3.009539225376043703e+01 1.675874015597443076e+02
2.810027333585430043e+01 1.624797408350433159e+02
2.623322409623118290e+01 1.575082980161260195e+02
2.448639658244799833e+01 1.526680061819508012e+02
2.285239227350204771e+01 1.479541006995569035e+02
2.132423890553351953e+01 1.433621021329831819e+02
1.989536828803652924e+01 1.388878000951713148e+02
1.855959506103352297e+01 1.345272381111655307e+02
1.731108664217312310e+01 1.302767588098530496e+02
1.614433281600802417e+01 1.261330715572510144e+02
1.505415316972087858e+01 1.220930948687563244e+02
1.403568244312686986e+01 1.181539199094302575e+02
1.308435232679076599e+01 1.143128004320968500e+02
1.219587424110535956e+01 1.105671431787888110e+02
1.136622304845656295e+01 1.069144987167508276e+02
1.059162184578582000e+01 1.033525590285706670e+02
9.868530053583418393e+00 9.987924047884766310e+01
9.193628158142582052e+00 9.649264073672966902e+01
8.563802144772020952e+00 9.319094681841993122e+01
7.976131372485018467e+00 8.997242684884162145e+01
7.427877181300179821e+00 8.683542449419356046e+01
6.916472123650903470e+00 8.377835363142506253e+01
6.439509789249803440e+00 8.079969324623995419e+01
5.994734685279947684e+00 7.789800781584760614e+01
5.580031995811286727e+00 7.507200702470699127e+01
5.193420904734722399e+00 7.232045608316431640e+01
4.833046923150195795e+00 6.964214788887869645e+01
4.497174153064924518e+00 6.703590028364934028e+01
4.184178000656022078e+00 6.450055345953178687e+01
3.892538314766256669e+00 6.203496751195460490e+01
3.620832925690418147e+00 5.963802323234872205e+01
3.367731517929546392e+00 5.730870569930981162e+01
3.131989920471944799e+00 5.504609758239043771e+01
2.912444789452365068e+00 5.284926906883401898e+01
2.708008546481686096e+00 5.071727221598285240e+01
2.517664616457594651e+00 4.864914151686614474e+01
2.340462951472337405e+00 4.664389452629973931e+01
2.175515824625052552e+00 4.470053254458510850e+01
2.021993850103995793e+00 4.281806608473904419e+01
