1.584482672344578350e+04 1.572084627657629426e+04
1.607626485750584288e+04 1.594698870591136620e+04
1.630431283970010736e+04 1.616958735694510506e+04
1.652852651122972020e+04 1.638819844594096139e+04
1.674844117594747877e+04 1.660235919420234495e+04
1.696356496300262734e+04 1.681158198175842335e+04
1.717339521622097891e+04 1.701536927755672150e+04
1.737741729995620699e+04 1.721321237393532283e+04
1.757508700205822606e+04 1.740457409954394097e+04
1.776584579805453905e+04 1.758890392176076057e+04
1.794912957909760735e+04 1.776564660927461955e+04
1.812435353204451530e+04 1.793422784124149985e+04
1.829091148597253414e+04 1.809405369636463729e+04
1.844819592286440457e+04 1.824452992927204104e+04
1.859559382469767297e+04 1.838505809660611339e+04
1.873246937780970620e+04 1.851501912369010824e+04
1.885818694084595336e+04 1.863379539678912988e+04
1.897211850502794914e+04 1.874077801346660272e+04
1.907362723898696277e+04 1.883535136428455371e+04
1.916207558340913965e+04 1.891690093238717236e+04
1.923684383672250624e+04 1.898483098726597382e+04
1.929732656111851975e+04 1.903856149213375465e+04
1.934292607170050542e+04 1.907752232620799623e+04
1.937307153104099052e+04 1.910117106057815909e+04
1.938722542511128995e+04 1.910899924377224306e+04
1.938488696112610342e+04 1.910053676951050511e+04
1.936559648889765595e+04 1.907535548440797720e+04
1.932894013924410683e+04 1.903307300475047668e+04
1.927456967954689753e+04 1.897337292041455657e+04
1.920221478836783717e+04 1.889601712178354137e+04
1.911166314602611601e+04 1.880082481313563403e+04
1.900277590992672413e+04 1.868768774587360531e+04
1.887555214067307679e+04 1.855663468359617036e+04
1.873007689497792308e+04 1.840777887588697558e+04
1.856650064674898022e+04 1.824129708153879619e+04
1.838513641112773985e+04 1.805752623475517248e+04
1.818645903200011890e+04 1.785696236581375706e+04
1.797099984498594495e+04 1.764015522553565461e+04
1.773941214910737835e+04 1.740777329840824314e+04
1.749263386190697565e+04 1.716076546356592371e+04
1.723167752495241075e+04 1.690015159698557545e+04
1.695758907163241020e+04 1.662698153305278902e+04
1.667165334547035673e+04 1.634254041486465758e+04
1.637530197935674551e+04 1.604825647039659998e+04
1.606993916130091202e+04 1.574552697924156564e+04
1.575715559700609083e+04 1.543593193122361117e+04
1.543896368708910086e+04 1.512146863783408298e+04
1.511732903459677436e+04 1.480408444676182808e+04
1.479407418980762304e+04 1.448558256739845456e+04
1.447072701057023733e+04 1.416748040394656527e+04
1.414862746428678111e+04 1.385111008556101478e+04
1.382902675953500875e+04 1.353771256376812380e+04
1.351369637786415842e+04 1.322904542309201133e+04
1.320514093496545320e+04 1.292759581238467217e+04
1.290570402485557861e+04 1.263568984223743428e+04
1.261732507750642981e+04 1.235525684982521852e+04
1.234087254121705882e+04 1.208718601233925256e+04
1.207685525547538418e+04 1.183201526075002403e+04
1.182565556520497739e+04 1.159015729801396083e+04
1.158672913547042845e+04 1.136111934951063631e+04
1.135894903424873337e+04 1.114383811660388710e+04
1.114121018076819746e+04 1.093726898612713012e+04
1.093190474690076735e+04 1.073986936288584729e+04
1.072912031814240981e+04 1.054979141083948707e+04
1.053098605225368374e+04 1.036521934063998742e+04
1.033525933254092524e+04 1.018395200365681740e+04
1.013966279386810857e+04 1.000373801077336248e+04
9.941741175709355957e+03 9.822121783380218403e+03
9.738634006014974148e+03 9.636204934396437238e+03
9.527589550068752942e+03 9.443165744252730292e+03
9.305647213560878299e+03 9.239915437908564854e+03
9.070080511484151430e+03 9.023558448581514313e+03
8.818914703092697891e+03 8.791912492337203730e+03
8.550884207619783410e+03 8.543477030846994239e+03
8.266345898690526155e+03 8.278394130339873300e+03
7.967007912658164059e+03 7.998187609546243038e+03
7.656162685580470679e+03 7.706039684758008661e+03
7.338185799233380749e+03 7.406288896004037269e+03
7.018300699401787824e+03 7.104204442749159170e+03
6.701915108407446496e+03 6.805301611112206956e+03
6.394450350033253926e+03 6.515164197748174047e+03
6.100981395115738451e+03 6.239062657487953402e+03
5.826275503107689474e+03 5.981992238368331527e+03
5.574188781059927351e+03 5.748055276178381064e+03
5.347698827310102388e+03 5.540478289289939312e+03
5.147930124801363490e+03 5.360616046799184005e+03
4.973886873705202561e+03 5.207632623913141288e+03
4.821964040778617345e+03 5.077959829565596010e+03
4.686536562173228958e+03 4.965839746878557889e+03
4.560293719333651097e+03 4.863597140525652321e+03
4.435629673244523474e+03 4.763053002896614998e+03
4.305327580386464433e+03 4.656225873050125301e+03
4.163699223766675459e+03 4.536602350340011071e+03
4.007219316536199585e+03 4.399911432029463867e+03
3.835308647130381360e+03 4.245115009501312670e+03
3.650662849838986403e+03 4.074899067058523087e+03
3.458600334437132005e+03 3.895006494352865957e+03
3.266210447175372792e+03 3.713300424765304342e+03
3.081334410253652095e+03 3.538577040985026997e+03
2.911584229141444212e+03 3.379415947401545054e+03
2.762877119701543506e+03 3.242537315437898087e+03
2.637568505658799040e+03 3.130732079376593447e+03
2.533267566184968928e+03 3.041514632732655627e+03
2.443585223210553067e+03 2.967873338028032776e+03
2.360529764599320515e+03 2.900841666599625114e+03
2.276477963425703365e+03 2.831656257032886515e+03
2.185057757227049024e+03 2.752793044480437402e+03
2.082752705619851440e+03 2.659952979245693314e+03
1.971107959323687965e+03 2.554806387409971194e+03
1.856426882435838479e+03 2.444716099330716588e+03
1.746402084331250990e+03 2.338723517992592861e+03
1.647201260326211468e+03 2.244058190169339468e+03
1.562234342051823660e+03 2.164707765850520900e+03
1.490939774638346080e+03 2.100060556451543562e+03
1.428595307673030447e+03 2.044685879466059987e+03
1.368757832023622086e+03 1.991103459180857044e+03
1.305831745474398531e+03 1.932757256695461592e+03
1.237618178090418269e+03 1.867074421791462782e+03
1.166571457559647115e+03 1.797006390907514742e+03
1.097766978079798946e+03 1.728577011380149997e+03
1.035439291445383788e+03 1.666741775682470461e+03
9.813698232826968706e+02 1.613535875611247320e+03
9.338938751837968084e+02 1.567010805031218069e+03
8.889364382866333472e+02 1.522484750706273189e+03
8.432385560277178911e+02 1.476266578574773575e+03
7.961650611168824980e+02 1.427720352823422900e+03
7.497337987967248409e+02 1.379232707840112425e+03
7.067910339150481605e+02 1.334044636380883276e+03
6.683620226523987640e+02 1.293270349806389959e+03
6.332696899525814160e+02 1.255575542437047943e+03
5.994670984367991196e+02 1.218730080101227259e+03
5.658152485511433269e+02 1.181560515306652178e+03
5.329749045516055048e+02 1.144846433034740357e+03
5.022717599858471544e+02 1.110016788076217836e+03
4.741050837771933288e+02 1.077469526313797587e+03
4.477492284554141975e+02 1.046444854571274846e+03
4.223065939712462296e+02 1.016057143068197206e+03
3.977171518391307359e+02 9.862867323504978003e+02
3.745033191162665389e+02 9.576621706115556663e+02
3.528901900394241693e+02 9.303904592820066455e+02
3.325286763155683616e+02 9.041395806444096479e+02
3.130709880199144663e+02 8.786041782252259509e+02
2.945646300659391841e+02 8.538403024158417338e+02
2.771754769503716602e+02 8.299908554503268761e+02
2.608210035209110629e+02 8.069798346979832786e+02
2.453176471614814318e+02 7.846575312367285733e+02
2.306339085038060261e+02 7.630007415406676046e+02
2.168081304323187908e+02 7.420340036904970020e+02
2.037769066028568261e+02 7.217037518258221098e+02
1.914784512841268622e+02 7.019622974163437448e+02
1.798762439205328576e+02 6.827789320026156474e+02
1.689350454530088257e+02 6.641214808073265203e+02
1.586210399741427466e+02 6.459598485005877819e+02
1.489018140585106664e+02 6.282660492765393201e+02
1.397463260703785295e+02 6.110140838251296600e+02
1.311248736252370293e+02 5.941798256690906328e+02
1.230090567987122228e+02 5.777409010893766208e+02
1.153715368785063475e+02 5.616754144996574496e+02
1.081859214502391495e+02 5.459611755894752605e+02
1.014271123809321438e+02 5.305776486425527310e+02
9.507128810303089494e+01 5.155060718948884642e+02
8.909584687063787101e+01 5.007293660173821763e+02
8.347935197525008277e+01 4.862320486069725121e+02
7.820147889279274978e+01 4.720001539053345709e+02
7.324296606739440563e+01 4.580211825874945930e+02
6.858559953502935969e+01 4.442845483992960567e+02
6.421215352627152129e+01 4.307814143498717954e+02
6.010630651705918837e+01 4.175040682515702883e+02
5.625259849165191639e+01 4.044458407475669901e+02
5.263639127718160182e+01 3.916010485107339605e+02
4.924383027048951789e+01 3.789649386218594032e+02
4.606180754172737579e+01 3.665336338552726829e+02
4.307792445872597398e+01 3.543043914901933249e+02
4.028044356604851828e+01 3.422780500706494990e+02
3.765826773348512546e+01 3.304572448609245612e+02
3.520091828097194764e+01 3.188446579255967208e+02
3.289850375975119334e+01 3.074429760349612479e+02
3.074168998222580385e+01 2.962548665358821154e+02
2.872167136506254437e+01 2.852829537721308952e+02
2.683014354387101363e+01 2.745297961310067194e+02
2.505927636286683224e+01 2.639985336320899592e+02
2.340168619236348135e+01 2.536951530879119900e+02
2.185041582460176812e+01 2.436257988254958207e+02
2.039891290041843774e+01 2.337957734413992341e+02
1.904100804961847260e+01 2.242095625966373120e+02
1.777089408572151186e+01 2.148708619152302788e+02
1.658310621360930170e+01 2.057826055918288262e+02
1.547250320734415041e+01 1.969469976945817109e+02
1.443424880875747007e+01 1.883659869467623196e+02
1.346379396950843166e+01 1.800418402370136448e+02
1.255686256495906683e+01 1.719760829586600437e+02
1.170943627942343035e+01 1.641693690526002740e+02
1.091773997268967733e+01 1.566215387156733527e+02
1.017822780909145131e+01 1.493316760163941126e+02
9.487570114394729970e+00 1.422981660603522585e+02
8.842640910581588187e+00 1.355187526288750064e+02
8.240505462007064352e+00 1.289906454515709981e+02
7.678409107250096177e+00 1.227105807388440297e+02
7.153767740853602675e+00 1.166747953998101792e+02
6.664157839249964965e+00 1.108790742533567339e+02
