2.083293579568910718e+04 2.069990940660410706e+04
2.105748376576440933e+04 2.091924390895526813e+04
2.127357672576604091e+04 2.113000039458841275e+04
2.148053893340744617e+04 2.133150815345656883e+04
2.167768993145525019e+04 2.152309260335362706e+04
2.186434140108475185e+04 2.170407208699234616e+04
2.203977054403280999e+04 2.187373137378809770e+04
2.220324641170658651e+04 2.203134796429365815e+04
2.235404316968713465e+04 2.217620536297577564e+04
2.249142151085146907e+04 2.230757501102954120e+04
2.261463010449590001e+04 2.242471781317625937e+04
2.272293185782584624e+04 2.252690989212237400e+04
2.281559958412442575e+04 2.261343847049762917e+04
2.289189495021468247e+04 2.268358148142419668e+04
2.295109900649739939e+04 2.273663740832903568e+04
2.299252335065572697e+04 2.277193626888867220e+04
2.301549675551891778e+04 2.278882711070859295e+04
2.301937379512056941e+04 2.278668640244583730e+04
2.300355477601939128e+04 2.276493713689521974e+04
2.296749158956335668e+04 2.272305509761583016e+04
2.291069332366729941e+04 2.266057522931982385e+04
2.283273014570814121e+04 2.257709419499247451e+04
2.273324092555470634e+04 2.247227775635710714e+04
2.261196761807622897e+04 2.234589630987452256e+04
2.246874510473287592e+04 2.219781387833341068e+04
2.230348498409649255e+04 2.202797080722233295e+04
2.211622661519483154e+04 2.183643532592774500e+04
2.190718330187816900e+04 2.162345009728043442e+04
2.167665630454548955e+04 2.138934457159915837e+04
2.142504924892176859e+04 2.113454912393562336e+04
2.115302580219964148e+04 2.085975327195377758e+04
2.086139461706998554e+04 2.056578957384519526e+04
2.055102386839822793e+04 2.025354746505395087e+04
2.022300798062276954e+04 1.992413978143850545e+04
1.987872690448175854e+04 1.957896159880034247e+04
1.951959037075908782e+04 1.921943422084496342e+04
1.914709211091577890e+04 1.884705886837059734e+04
1.876313887686413364e+04 1.846374343403300009e+04
1.836971693643256003e+04 1.807147065474809642e+04
1.796874614642828601e+04 1.767215315302491945e+04
1.756235417422254613e+04 1.726790530146059609e+04
1.715286356528956458e+04 1.686103029810181033e+04
1.674245662286346123e+04 1.645368831198519547e+04
1.633331452202860419e+04 1.604803282906027925e+04
1.592802989170276487e+04 1.564661462486048549e+04
1.552909654614924330e+04 1.525188267211812854e+04
1.513874302481688210e+04 1.486602194792669980e+04
1.475857876257051430e+04 1.449060760488255073e+04
1.438972257679189534e+04 1.412673183144448194e+04
1.403315332447497531e+04 1.377534807851226105e+04
1.369012875715224436e+04 1.343767614764841892e+04
1.336282947609357507e+04 1.311582426386223233e+04
1.305338335531569282e+04 1.281184820032637435e+04
1.276324039080586772e+04 1.252714510581003560e+04
1.249065248385277846e+04 1.226000080030790741e+04
1.223276793787867427e+04 1.200762845621386077e+04
1.198697117924970917e+04 1.176747373607046029e+04
1.175097508512088098e+04 1.153731317984076122e+04
1.152271406695873338e+04 1.131514257553750758e+04
1.129999853225145853e+04 1.109884012635632280e+04
1.107987011522643297e+04 1.088554905367837819e+04
1.085937060703209863e+04 1.067241103516132171e+04
1.063514388313492418e+04 1.045619157174138491e+04
1.040347817276455316e+04 1.023331724828003826e+04
1.016082518124990929e+04 1.000036974923514026e+04
9.903531207396737955e+03 9.753841671095045967e+03
9.628498993684319430e+03 9.490750367579450540e+03
9.333962144243678267e+03 9.209413157940398378e+03
9.019207216117973076e+03 8.909149731349949434e+03
8.685926071145793685e+03 8.591608542177742493e+03
8.337199513032641335e+03 8.259768065151776682e+03
7.978010754916175756e+03 7.918437405491182290e+03
7.614084304975799569e+03 7.573131193107663421e+03
7.251891114550797283e+03 7.230064436845126693e+03
6.897762466711975321e+03 6.895308291310592722e+03
6.557930436314331928e+03 6.574819595176521943e+03
6.238251177430898679e+03 6.274161353578657327e+03
5.944088796043154616e+03 5.998415609032901557e+03
5.679389386314569492e+03 5.751293509989686754e+03
5.446782554359278947e+03 5.535226137081050183e+03
5.245906458558550185e+03 5.349805106288836214e+03
5.073965953473451009e+03 5.192290529174077164e+03
4.924893343700866353e+03 5.056851370724644767e+03
4.790982202352763125e+03 4.936084199150823224e+03
4.663174123315302495e+03 4.821306662601273274e+03
4.532715677944376694e+03 4.704106907004375898e+03
4.391822245865495461e+03 4.576977219054626403e+03
4.234966512115633122e+03 4.434566464957773860e+03
4.059709040329687923e+03 4.274480145087770325e+03
3.867231090753665285e+03 4.097819122192162467e+03
3.662374173393406181e+03 3.909231547980829873e+03
3.452476115251375631e+03 3.715767652418805028e+03
3.246383385032293518e+03 3.525912185754993516e+03
3.053439104041507107e+03 3.348587913724111331e+03
2.882065188044769911e+03 3.191773271695681160e+03
2.737224428416024693e+03 3.060110896591013443e+03
2.618475062221699773e+03 2.953109947000755710e+03
2.520264729995587459e+03 2.865448403934648013e+03
2.434235065417537044e+03 2.789161302887237980e+03
2.351485535353665909e+03 2.715767372848636569e+03
2.263563037494723631e+03 2.637191309338015799e+03
2.164079605384202750e+03 2.547318477267133403e+03
2.051841317376771258e+03 2.445015915868088086e+03
1.931939307651621448e+03 2.335181100147471170e+03
1.812698085874958224e+03 2.225780998111835743e+03
1.702063729616032788e+03 2.124356016226924567e+03
1.605856536411771458e+03 2.036355214092321148e+03
1.525988083559745291e+03 1.963500629990095376e+03
1.459266544535948697e+03 1.902727336107972405e+03
1.398915039972837803e+03 1.847640513932835802e+03
1.337873898724474657e+03 1.791609212033390577e+03
1.271283144189433642e+03 1.730095909088435519e+03
1.199384979526871348e+03 1.663381894439674170e+03
1.126836122710472409e+03 1.595875106698805894e+03
1.058990739287400629e+03 1.532570203227031470e+03
9.995539952732091251e+02 1.476854097035776022e+03
9.487506594100043458e+02 1.428867235736412340e+03
9.029778851005016804e+02 1.385258017869223522e+03
8.578838019372597046e+02 1.342043874523652448e+03
8.111154872392668267e+02 1.297115106967445172e+03
7.634464096737987120e+02 1.251224781398584128e+03
7.179643561384837085e+02 1.207183005139800116e+03
6.769844922339693767e+02 1.167041286672224487e+03
6.404007010613883040e+02 1.130661364144038998e+03
6.062994753132118149e+02 1.096326623426969718e+03
5.726762437942952602e+02 1.062287016280054786e+03
5.392697172724604116e+02 1.028344624980433537e+03
5.073611087742977475e+02 9.956226993317925462e+02
4.780117998561250374e+02 9.650163540724453242e+02
4.510379098582452002e+02 9.363448554309584324e+02
4.253988042088295742e+02 9.087259470129649799e+02
4.005320712607286282e+02 8.817022389335891148e+02
3.767393178409130883e+02 8.555302530087043351e+02
3.545405184931416329e+02 8.306246868293675334e+02
3.338388407113673679e+02 8.068943560261917582e+02
3.141956093035124127e+02 7.839877291463418487e+02
2.954330974189377912e+02 7.617686691050839727e+02
2.777227284136381513e+02 7.403663326178819943e+02
2.611274938226643485e+02 7.198198453600186895e+02
2.454728551217428105e+02 6.999934734097881801e+02
2.306337029515247536e+02 6.807935347956474743e+02
2.166359291162535783e+02 6.622343434137858367e+02
2.034765907325354135e+02 6.443072957454240850e+02
1.910693848405246058e+02 6.269478423411278527e+02
1.793610686791421642e+02 6.101158133374212866e+02
1.683380824097170603e+02 5.937969909653751301e+02
1.579600608120010179e+02 5.779602036985917266e+02
1.481902344741588138e+02 5.625771628191348555e+02
1.389951461613547679e+02 5.476223761147758751e+02
1.303430324613982805e+02 5.330720345962088231e+02
1.222037474928046237e+02 5.189039126285280190e+02
1.145487085900712572e+02 5.050972900729195771e+02
1.073509617862325172e+02 4.916329760277831724e+02
1.005849934483372152e+02 4.784931559191416000e+02
9.422657332817701104e+01 4.656612487470544579e+02
8.825269993588293005e+01 4.531218395812904873e+02
8.264154821973477283e+01 4.408606172537774341e+02
7.737241871458182629e+01 4.288643161847186320e+02
7.242568765022875255e+01 4.171206655598153930e+02
6.778273321917693295e+01 4.056185229767675082e+02
6.342588568516767822e+01 3.943478892158510121e+02
5.933842505654355648e+01 3.832995823370629864e+02
5.550453885518973607e+01 3.724651732645551192e+02
5.190927803920556016e+01 3.618369473780935550e+02
4.853851468752726106e+01 3.514078678553270834e+02
4.537890140399988326e+01 3.411715405696787684e+02
4.241783154627029262e+01 3.311223023719112462e+02
3.964339939682434277e+01 3.212555898659081777e+02
3.704436802645658133e+01 3.115674539766303042e+02
3.461013615928933262e+01 3.020543668430585740e+02
3.233070530273957388e+01 2.927131963449658087e+02
3.019664834877904624e+01 2.835411812243327745e+02
2.819907959750932136e+01 2.745359067332621521e+02
2.632962591606385772e+01 2.656953224915996543e+02
2.458039593758885744e+01 2.570183660432215902e+02
2.294395588818382592e+01 2.485047191420515276e+02
2.141330836584292285e+01 2.401541655528127706e+02
1.998186858482498351e+01 2.319665576449751256e+02
1.864344167980881295e+01 2.239418027987725281e+02
1.739220113687730418e+01 2.160798501488101238e+02
1.622266830180798536e+01 2.083806792714167955e+02
1.512969222634912647e+01 2.008447493978112277e+02
1.410843052275155074e+01 1.934735277765426531e+02
1.315433359421092696e+01 1.862684016557745679e+02
1.226312819708149604e+01 1.792305053510778805e+02
1.143080159670974538e+01 1.723607238530565837e+02
1.065358656100444534e+01 1.656596969556170791e+02
9.927947152651778850e+00 1.591278238837509775e+02
9.250565135458153065e+00 1.527653679072420516e+02
8.618326368210105670e+00 1.465730936466708556e+02
8.028309660339475684e+00 1.405517415186702408e+02
7.477775937767893843e+00 1.347016519597672186e+02
6.964157425501861454e+00 1.290227837655141059e+02
6.485047429511329398e+00 1.235147348785962009e+02
6.038190690702386121e+00 1.181767632846564737e+02
5.621474272404011430e+00 1.130078121919629126e+02
5.232918626566360309e+00 1.080066939948117408e+02
4.870669506349972089e+00 1.031721267294733337e+02
4.532990848934537631e+00 9.850251852323391688e+01
4.218257577162804139e+00 9.399597684444692902e+01
