2.401274570741191565e+04 2.380894571347138844e+04
2.430424472380416046e+04 2.409240261430486862e+04
2.458800906560081057e+04 2.436794194798084209e+04
2.486332594747652183e+04 2.463485772941101459e+04
2.512944286836599713e+04 2.489240831877655000e+04
2.538559566467825061e+04 2.513984196101348425e+04
2.563101106604265806e+04 2.537639905023265965e+04
2.586488035352189399e+04 2.560128644453195011e+04
2.608637676892680975e+04 2.581369458698810195e+04
2.629467427123790549e+04 2.601281592483101849e+04
2.648893104627285356e+04 2.619782937730190315e+04
2.666827787152816381e+04 2.636788944605751385e+04
2.683185220075763209e+04 2.652215880038601972e+04
2.697880028013913397e+04 2.665981046135761790e+04
2.710825187771341371e+04 2.678000407931235168e+04
2.721934483512151201e+04 2.688190934236976318e+04
2.731124320008481300e+04 2.696472328872541038e+04
2.738312557071680567e+04 2.702765979085880826e+04
2.743418377078780031e+04 2.706994859760650070e+04
2.746364964840453467e+04 2.709086033845020575e+04
2.747080144443958488e+04 2.708971295008738889e+04
2.745496613513574630e+04 2.706587535830490742e+04
2.741552758695383454e+04 2.701877405294184064e+04
2.735193409836563296e+04 2.694789978435411831e+04
2.726372756913201374e+04 2.685283740580370795e+04
2.715055035362294802e+04 2.673327246149384519e+04
2.701212360838041423e+04 2.658896813920107525e+04
2.684827643312986766e+04 2.641979417508857659e+04
2.665902507541947125e+04 2.622580609135879786e+04
2.644449471885909952e+04 2.600716609589643122e+04
2.620490339060714541e+04 2.576412649777276965e+04
2.594070172573862510e+04 2.549716884632012443e+04
2.565254720752061985e+04 2.520697774766469229e+04
2.534117304343213618e+04 2.489430968559963003e+04
2.500748882102965581e+04 2.456009305948353722e+04
2.465278689055827272e+04 2.420563338048110745e+04
2.427845405171626408e+04 2.383232572946671644e+04
2.388592477956480798e+04 2.344160820692895504e+04
2.347696756502498829e+04 2.303524812120251954e+04
2.305355467516160206e+04 2.261521162670579724e+04
2.261762068886313500e+04 2.218342250204364609e+04
2.217133071811354603e+04 2.174203037864714133e+04
2.171742649882116530e+04 2.129375653488950047e+04
2.125859564405410856e+04 2.084126401937442643e+04
2.079734430739179152e+04 2.038703245673572019e+04
2.033584610720050841e+04 1.993321920320685240e+04
1.987602994093163215e+04 1.948174083768134733e+04
1.941968412826848362e+04 1.903437028490765442e+04
1.896910754474263013e+04 1.859338839427316634e+04
1.852760067688487106e+04 1.816207586377200641e+04
1.809828656929935096e+04 1.774353594024584163e+04
1.768384611544449581e+04 1.734043592528244335e+04
1.728569003385719407e+04 1.695420835208545759e+04
1.690464212104100443e+04 1.658571301182465322e+04
1.654137853329845530e+04 1.623566275192216381e+04
1.619541142811859027e+04 1.590362884361004217e+04
1.586522515770677455e+04 1.558817311811135551e+04
1.554933522278462260e+04 1.528788433085347242e+04
1.524567330699863305e+04 1.500076962959806951e+04
1.495163307085798442e+04 1.472429692355597581e+04
1.466469449810399055e+04 1.445600818556616832e+04
1.438187907641723541e+04 1.419296702434408326e+04
1.410008154773539354e+04 1.393208887980447616e+04
1.381608468422493388e+04 1.367014566336740972e+04
1.352608138262724788e+04 1.340326784728663552e+04
1.322640837995816582e+04 1.312769053682040794e+04
1.291314132341374716e+04 1.283931577473256039e+04
1.258255716129610664e+04 1.253419164486062436e+04
1.223185133699262042e+04 1.220923963517097036e+04
1.185915609318639144e+04 1.186228213785254229e+04
1.146453087731973028e+04 1.149309112747168547e+04
1.105003281220605641e+04 1.110348322057052064e+04
1.061966678246885203e+04 1.069731080813032713e+04
1.017918860711435809e+04 1.028028515626087756e+04
9.735442430045281071e+03 9.859308454862071812e+03
9.295735494816690334e+03 9.441835704519045976e+03
8.867394196626373741e+03 9.035409379506145342e+03
8.457285094355127512e+03 8.647156418041708093e+03
8.071893737305893410e+03 8.283857109657747060e+03
7.716543380937270740e+03 7.951154675546402359e+03
7.395394090367437457e+03 7.653521128465435140e+03
7.110455362359808532e+03 7.393264364768630912e+03
6.860792369888025860e+03 7.169648187029612018e+03
6.642267079562714571e+03 6.978596290493227571e+03
6.447695875655744203e+03 6.812767259032973016e+03
6.267593226047345524e+03 6.662242809221521384e+03
6.091763901706845900e+03 6.516133207584032789e+03
5.910358272242171552e+03 6.363657174105620470e+03
5.715391506339052285e+03 6.195813662211258816e+03
5.501578504222979973e+03 6.006374643173867298e+03
5.267489251017364040e+03 5.793304463647940793e+03
5.015999630755620274e+03 5.559403573970702382e+03
4.753659418349952830e+03 5.311692195379696386e+03
4.489634833127140155e+03 5.060264188383009241e+03
4.234262778766100382e+03 4.816621743003062875e+03
3.997740604486108168e+03 4.592155776128575781e+03
3.788391970755930743e+03 4.396208148596241699e+03
3.610317674474923933e+03 4.233487586030632883e+03
3.461487560167768606e+03 4.101949074943289816e+03
3.334120697975002713e+03 3.993138233100609796e+03
3.217660884616714156e+03 3.895362903756951255e+03
3.101765775916886469e+03 3.796937562937208895e+03
2.977684422550929867e+03 3.687751436688502508e+03
2.839948769088034624e+03 3.561329709299654951e+03
2.689290558885950759e+03 3.418373273712948503e+03
2.533161600238373012e+03 3.267459612321220447e+03
2.381806371420590494e+03 3.120442813107965776e+03
2.243884123333011303e+03 2.987304697981555819e+03
2.124554447562123187e+03 2.873955568382343699e+03
2.024045694316117078e+03 2.780674205432716462e+03
1.936937715056421666e+03 2.701325391559118088e+03
1.854720127769082865e+03 2.626225728638106830e+03
1.769798703112809562e+03 2.546682690666824783e+03
1.678136555017405726e+03 2.458091484901457989e+03
1.581991438203633834e+03 2.363146026187533153e+03
1.487814958222571477e+03 2.269349511313286712e+03
1.401608492100087915e+03 2.183574350540231080e+03
1.326320249153320447e+03 2.109113760377787912e+03
1.260560260160712232e+03 2.044343226123976137e+03
1.199231033759287811e+03 1.983531284420680322e+03
1.137575387076984271e+03 1.921410214188545751e+03
1.074128333196243602e+03 1.856461337563880079e+03
1.011020881487054339e+03 1.791169156687424902e+03
9.520713895173054198e+02 1.729777393420033604e+03
8.991844258420902634e+02 1.674315549804021430e+03
8.511911953701564926e+02 1.623467992441450406e+03
8.054345338890852872e+02 1.574399668967806520e+03
7.600581145971882506e+02 1.525218425984543046e+03
7.155609309787512302e+02 1.476532856887848993e+03
6.737014810596608640e+02 1.430189236675468464e+03
6.352890693734834713e+02 1.386981162031629538e+03
5.995553805213735359e+02 1.346109254735169770e+03
5.652281968338909337e+02 1.306336068828019506e+03
5.320236190676697561e+02 1.267430238485185782e+03
5.005564672661847112e+02 1.229997500412644285e+03
4.712673886493586792e+02 1.194432202792589578e+03
4.437741820737157923e+02 1.160368754004516632e+03
4.175611101789021973e+02 1.127353898707589678e+03
3.926003841350615176e+02 1.095375252792435731e+03
3.691295422926315837e+02 1.064627757485287930e+03
3.470962923215004139e+02 1.035052827490547315e+03
3.262465207570194252e+02 1.006440225310849200e+03
3.064994310282481251e+02 9.787239043858807008e+02
2.879060895341864352e+02 9.519310972111478577e+02
2.704100887320032598e+02 9.260064941220191486e+02
2.538931321999067166e+02 9.008564915008666958e+02
2.383189305024216651e+02 8.764449074403066788e+02
2.236520086005338896e+02 8.527355869764512590e+02
2.098426396110058647e+02 8.296824384842730069e+02
1.968433276754348640e+02 8.072424397713160715e+02
1.846090637239275338e+02 7.853757508946860071e+02
1.730972023825215160e+02 7.640455258613707201e+02
1.622673446651720894e+02 7.432177402693740760e+02
1.520813499341865622e+02 7.228608103751408862e+02
1.425035838384995941e+02 7.029447431796641013e+02
1.335003143927834230e+02 6.834418045971040101e+02
1.250394746055032016e+02 6.643266715122864525e+02
1.170905962476559665e+02 6.455763095758819645e+02
1.096247450157857202e+02 6.271698595108819063e+02
1.026144571632101332e+02 6.090885307974684792e+02
9.603367743503730480e+01 5.913155057209721690e+02
8.985765869816152929e+01 5.738365727850234634e+02
8.406287214335615943e+01 5.566407577096991872e+02
7.862704190434979523e+01 5.397187072931365037e+02
7.352909773618728195e+01 5.230623964640094528e+02
6.874911690506992556e+01 5.066650579264403405e+02
6.426826835657463732e+01 4.905211130543478362e+02
6.006875911155427872e+01 4.746261036920269021e+02
5.613378284427236053e+01 4.589767282946666000e+02
5.244747076365448635e+01 4.435735897401659145e+02
4.899484432947002688e+01 4.284210115701849872e+02
4.576176976887243342e+01 4.135234916917430041e+02
4.273491479381576852e+01 3.988854795061751020e+02
3.990170722253804314e+01 3.845113464016890248e+02
3.725029543284902189e+01 3.704053569593133943e+02
3.476951058883221890e+01 3.565716409758274494e+02
3.244882986732157093e+01 3.430145072069929029e+02
3.027833589063355291e+01 3.297414951890421548e+02
2.824868889164971009e+01 3.167613419136750963e+02
2.635110010674296532e+01 3.040816897267753234e+02
2.457730159933596070e+01 2.917090871493152235e+02
2.291951750675667654e+01 2.796490234563638637e+02
2.137043671646532772e+01 2.679059657046146867e+02
1.992318691225576188e+01 2.564833978872586044e+02
1.857130951055967927e+01 2.453841707920117869e+02
1.730873489177385594e+01 2.346116227071997002e+02
1.612976209512303427e+01 2.241683486586326239e+02
1.502903837341238180e+01 2.140557741576244268e+02
1.400153914028077473e+01 2.042742307359143865e+02
1.304254898023661724e+01 1.948230316764680197e+02
1.214764367211147977e+01 1.857005473296680691e+02
1.131267317597629507e+01 1.769042797104706324e+02
1.053374492483063207e+01 1.684309767553715744e+02
9.807208018465402688e+00 1.602767485819343278e+02
9.129640387106416455e+00 1.524370386467298317e+02
8.497835352118300989e+00 1.449066780321834642e+02
7.908788702279926142e+00 1.376799531219661219e+02
7.359686497265917282e+00 1.307506705167833445e+02
6.847893561016285879e+00 1.241122190235285103e+02
6.370942613839411628e+00 1.177576263081274988e+02
