2.072229926765036726e+04 2.066603031013089276e+04
2.083928561799067757e+04 2.078100379943542430e+04
2.094337331266234469e+04 2.088304215286081308e+04
2.103389255251600116e+04 2.097147829053947498e+04
2.111016797465316267e+04 2.104564027611501297e+04
2.117154477059173587e+04 2.110487711658241824e+04
2.121736708853180244e+04 2.114853727077491203e+04
2.124696661644092455e+04 2.117595731154162422e+04
2.125970456586142245e+04 2.118650377346267487e+04
2.125496855194626914e+04 2.117957014714689285e+04
2.123212215973538696e+04 2.115452708104728663e+04
2.119055295204036520e+04 2.111076991105800698e+04
2.112970094746618997e+04 2.104774686843125892e+04
2.104902812525212721e+04 2.096492929461159292e+04
2.094801697854130907e+04 2.086181032278166458e+04
2.082621920849878006e+04 2.073795265779865804e+04
2.068325245054334664e+04 2.059298562199772277e+04
2.051876798270163999e+04 2.042657420642983561e+04
2.033249468406896631e+04 2.023846154074445076e+04
2.012425738644011653e+04 2.002848673086643612e+04
1.989396607782338833e+04 1.979657581599727200e+04
1.964162266012617692e+04 1.954274814139816590e+04
1.936734051407332299e+04 1.926713393835090392e+04
1.907135880078836635e+04 1.896998946279954907e+04
1.875406592157060368e+04 1.865172246345466920e+04
1.841597288280392604e+04 1.831286240322641970e+04
1.805771452526520807e+04 1.795406103154317680e+04
1.768014045045599414e+04 1.757618605192058021e+04
1.728427304382489820e+04 1.718027761225460199e+04
1.687122903987901736e+04 1.676746726409088296e+04
1.644231507735421110e+04 1.633907472520720512e+04
1.599914209732716881e+04 1.589672374642961404e+04
1.554338724664021720e+04 1.544210065337981723e+04
1.507678926184668308e+04 1.497694934695566735e+04
1.460146872705045644e+04 1.450339277315003164e+04
1.411968548093528989e+04 1.402368944841466691e+04
1.363360794767169318e+04 1.354000215036812733e+04
1.314560521410705041e+04 1.305468871546885202e+04
1.265840872704922913e+04 1.257046315858037633e+04
1.217455138572492251e+04 1.208983810370710489e+04
1.169641161613874647e+04 1.161516820563953297e+04
1.122676144096155986e+04 1.114919081484934395e+04
1.076825512713157696e+04 1.069452297937737421e+04
1.032315561019860070e+04 1.025339258592939041e+04
9.893784337509496254e+03 9.828075348083266363e+03
9.482603901533197131e+03 9.420976432888548516e+03
9.091638920488403528e+03 9.034071085099983975e+03
8.722498775742282305e+03 8.668923606438904244e+03
8.376476444569207160e+03 8.326769158116563631e+03
8.054561929760626299e+03 8.008545326238234338e+03
7.757488937293963318e+03 7.714943489401448460e+03
7.485875921190187000e+03 7.446525166302700200e+03
7.240272689019564496e+03 7.203770140557994637e+03
7.021123321045471130e+03 6.987062629795915200e+03
6.827650385887507582e+03 6.795594280443396201e+03
6.656576715851533663e+03 6.626105695978297263e+03
6.504646364085577261e+03 6.475359641478381491e+03
6.369023627495977053e+03 6.340536020616774294e+03
6.247326561188659980e+03 6.219269098282995401e+03
6.137381318310773167e+03 6.109399322264795956e+03
6.036073315598783665e+03 6.007865748282475579e+03
5.939109440665335569e+03 5.910477907903762571e+03
5.842176955172752969e+03 5.813036836235080045e+03
5.739949122496280324e+03 5.710404879169300330e+03
5.626988242447201628e+03 5.597355734234799456e+03
5.498334411481383540e+03 5.469162185106865763e+03
5.349634145091920800e+03 5.321716161321593972e+03
5.177968745682221197e+03 5.152302879036996273e+03
4.982590872112124089e+03 4.960323069812691756e+03
4.764387218801113704e+03 4.746728335210308614e+03
4.526739590037945163e+03 4.514860699889820353e+03
4.273910178532174541e+03 4.268874084746425069e+03
4.010989180046706224e+03 4.013697216677533106e+03
3.743914918985901750e+03 3.755027930035448662e+03
3.479709586274889261e+03 3.499575163781018546e+03
3.225681344599464865e+03 3.254287187674513007e+03
2.988955925695740916e+03 3.025925971477545318e+03
2.776357625835082217e+03 2.820892892693503200e+03
2.593095651348372485e+03 2.644090117891906630e+03
2.441720705974562861e+03 2.497822626575669346e+03
2.322919941715571895e+03 2.382633880781516837e+03
2.233974248244940554e+03 2.295822239974156219e+03
2.170731378440874778e+03 2.233327263341243452e+03
2.126787824634282060e+03 2.188994686497641396e+03
2.094648851222486883e+03 2.155680373146503825e+03
2.065706670782827587e+03 2.125259978817213323e+03
2.031179114366100066e+03 2.089529009131917974e+03
1.983288794960008545e+03 2.041295638446977136e+03
1.916476128785068113e+03 1.975494095546913059e+03
1.828318228406190201e+03 1.890009174112515893e+03
1.719867980446447291e+03 1.785942364743432563e+03
1.595982876798343113e+03 1.667885352932446267e+03
1.465527084012238447e+03 1.544092128583970180e+03
1.339653080108402037e+03 1.424857132588120066e+03
1.228362588546239522e+03 1.319363924012654934e+03
1.137854048397674433e+03 1.233253567562636135e+03
1.069951459303831598e+03 1.168102766511458185e+03
1.023411771239161340e+03 1.122654369050186915e+03
9.941270729807823727e+02 1.093030608699665663e+03
9.746117457470120371e+02 1.072306469656362879e+03
9.549504734021667218e+02 1.051424287979315068e+03
9.265012896117983701e+02 1.022580237297993449e+03
8.849011187229848474e+02 9.819113945239255372e+02
8.303254633288669311e+02 9.296709313781332185e+02
7.671831891117788018e+02 8.699036586283391443e+02
7.033283483195401686e+02 8.097015258183870401e+02
6.468293334458202253e+02 7.562866863565720905e+02
6.026985017186771074e+02 7.140898885088026873e+02
5.719316012395935331e+02 6.839199774199626063e+02
5.511716425062514872e+02 6.627073813249546674e+02
5.337604222181812474e+02 6.444916607101006321e+02
5.134186114715697613e+02 6.237176842058398734e+02
4.867951714093180726e+02 5.974689956153174535e+02
4.541770332794637284e+02 5.660501800998414410e+02
4.197786118027213433e+02 5.331932374473376512e+02
3.889490353736886732e+02 5.035766938685339369e+02
3.646340629209184385e+02 4.797340412819041262e+02
3.465366135137501828e+02 4.613584896535826374e+02
3.314735079779648572e+02 4.456553901136939544e+02
3.155132230963626512e+02 4.292235213503220734e+02
2.969368759212829332e+02 4.106029004279873220e+02
2.768060633560372708e+02 3.907273806434918129e+02
2.577252713686606853e+02 3.718293914824452031e+02
2.417249512628445132e+02 3.556221152690752660e+02
2.286275363684159174e+02 3.419294030080198468e+02
2.166043541587806942e+02 3.291901309815834793e+02
2.040978071423654399e+02 3.160944640717980292e+02
1.910168845992812408e+02 3.025755810097293192e+02
1.785400376096794730e+02 2.896203010632481210e+02
1.675620964758959985e+02 2.779637196636152225e+02
1.579009983320206345e+02 2.674427275516185887e+02
1.486492962397781241e+02 2.573042490509049003e+02
1.394052005961903546e+02 2.472204831966854499e+02
1.305029836218735966e+02 2.374651040177154755e+02
1.223922283577098113e+02 2.283985214933011036e+02
1.149923551917300415e+02 2.199492858731905756e+02
1.079387788337398320e+02 2.118215986579924390e+02
1.011330429057317133e+02 2.039363194274007753e+02
9.474553840964807705e+01 1.964268253327394973e+02
8.884776580027570958e+01 1.893458210758999769e+02
8.330411444333394400e+01 1.825841318925997996e+02
7.803282559449297651e+01 1.760766918163421337e+02
7.308016644041596521e+01 1.698571213545456260e+02
6.846188231362016552e+01 1.639352692501024364e+02
6.412223239441372868e+01 1.582668584463503976e+02
6.004207544536128438e+01 1.528358275163386963e+02
5.620772194095254548e+01 1.476296376379396236e+02
5.260621700411187618e+01 1.426366283558112116e+02
4.922509174137669419e+01 1.378458336935896682e+02
4.605236565080416966e+01 1.332469365652990803e+02
4.307654631530722611e+01 1.288302264743116439e+02
4.028662667961899757e+01 1.245865602435494139e+02
3.767201148912185715e+01 1.205072435266383053e+02
3.522215138117711319e+01 1.165835390113751089e+02
3.292691693060294256e+01 1.128070299505373555e+02
3.077679014416589709e+01 1.091698375151930520e+02
2.876282852994846451e+01 1.056645849701977795e+02
2.687663059357377904e+01 1.022843637787188129e+02
2.511030340779306158e+01 9.902270229630802589e+01
2.345643237880615928e+01 9.587353732170086573e+01
2.190808873781646682e+01 9.283126047737427200e+01
2.045882725149619930e+01 8.989075867421108512e+01
1.910258117390604227e+01 8.704724278000529125e+01
1.783363240219810208e+01 8.429620840750439470e+01
1.664659327738415229e+01 8.163341835180591488e+01
1.553638919054690781e+01 7.905488622988447389e+01
1.449824197023742478e+01 7.655686122806312710e+01
1.352765286830075908e+01 7.413581765508877197e+01
1.262037458447985117e+01 7.178848595164146218e+01
1.177240550135125829e+01 6.951181890856788925e+01
1.097998710479124895e+01 6.730294366258196703e+01
1.023959013888652336e+01 6.515915080966362893e+01
9.547901279005046149e+00 6.307788491908776507e+01
8.901810532226521744e+00 6.105673562397785048e+01
8.298399328816886467e+00 5.909342924697218535e+01
7.734930070536404578e+00 5.718584112996986590e+01
7.208837153542048348e+00 5.533203537161578822e+01
6.717714124464192693e+00 5.353019404976470241e+01
6.259303647410139781e+00 5.177859430190006407e+01
5.831488716900474323e+00 5.007560298087362582e+01
5.432284354156395878e+00 4.841967159470195270e+01
5.059829762718285551e+00 4.680933151201221420e+01
4.712380887804078711e+00 4.524319027705879392e+01
4.388302536577345592e+00 4.371995175603328221e+01
4.086061956617471402e+00 4.223841169041730836e+01
3.804223790535598226e+00 4.079742317849448341e+01
3.541444183554496306e+00 3.939589171736742657e+01
3.296465168545898550e+00 3.803277217128253795e+01
3.068109379215226085e+00 3.670706588576553742e+01
2.855275073464938806e+00 3.541781794000263517e+01
2.656931443920967251e+00 3.416411818368188591e+01
2.472114183856358949e+00 3.294511688971653030e+01
2.299921373841942174e+00 3.176000528766465436e+01
2.139509597833466170e+00 3.060800396202151674e+01
1.990090275723329416e+00 2.948836101190630643e+01
1.850926216053601525e+00 2.840035032075720878e+01
1.721328376431329410e+00 2.734326991119805328e+01
1.600652819132925453e+00 2.631644048696523797e+01
1.488297780353291078e+00 2.531921552734958070e+01
1.383700948687726306e+00 2.435098797651998126e+01
