1.712802274435681829e+04 1.706447480878687929e+04
1.728463126855963492e+04 1.721872234876604853e+04
1.743368909872404402e+04 1.736537011529381562e+04
1.757466867706758421e+04 1.750389240158078610e+04
1.770701994741021917e+04 1.763374218478324838e+04
1.783018995257917413e+04 1.775437009032121205e+04
1.794362810511377756e+04 1.786522949363815860e+04
1.804675772476259954e+04 1.796574822282559035e+04
1.813898416202464068e+04 1.805533667581359259e+04
1.821972292729211040e+04 1.813341583090585846e+04
1.828839072422386744e+04 1.819940849595484542e+04
1.834438566029646245e+04 1.825271992236916049e+04
1.838711976418708582e+04 1.829276982592509012e+04
1.841602553524606992e+04 1.831899888448615820e+04
1.843052489033463280e+04 1.833083840119512752e+04
1.843004641399426328e+04 1.832772727123588629e+04
1.841405389815464150e+04 1.830913998368218745e+04
1.838203560447141354e+04 1.827457641812504880e+04
1.833349011737838009e+04 1.822354836107585652e+04
1.826796117303727806e+04 1.815561314106758073e+04
1.818504463777470301e+04 1.807038055425642960e+04
1.808437453145161271e+04 1.796750038277799831e+04
1.796563820803228373e+04 1.784667657982734454e+04
1.782859199109483598e+04 1.770768185462648398e+04
1.767306891422636909e+04 1.755036658183754116e+04
1.749898504272359423e+04 1.737466591344251356e+04
1.730633732208502261e+04 1.718059527685274952e+04
1.709521426778447494e+04 1.696826109358498798e+04
1.686584570332212024e+04 1.673791289794465774e+04
1.661856804137290237e+04 1.648990641423466150e+04
1.635380215649881029e+04 1.622467993272945932e+04
1.607213367721952091e+04 1.594283634632169014e+04
1.577433809560469308e+04 1.564516864328466363e+04
1.546126281936084342e+04 1.533253894997492171e+04
1.513385983454242705e+04 1.500591135487493011e+04
1.479336878037952374e+04 1.466653701874364560e+04
1.444112727242158871e+04 1.431576216635915625e+04
1.407848839644346663e+04 1.395494456553986311e+04
1.370706532253453952e+04 1.358569812003733568e+04
1.332872436171190384e+04 1.320988593586598108e+04
1.294526627069526148e+04 1.282930186191774010e+04
1.255850717293191701e+04 1.244575092081286857e+04
1.217057935628267842e+04 1.206134814924402235e+04
1.178355157932085967e+04 1.167814215524799693e+04
1.139933212699639080e+04 1.129801895007134590e+04
1.102015435516587786e+04 1.092317605324437136e+04
1.064845608483849719e+04 1.055600573280214485e+04
1.028638183781762200e+04 1.019861045626018313e+04
9.935709637455314805e+03 9.852728833989507621e+03
9.597729545458263601e+03 9.519610858279478634e+03
9.273476151174398183e+03 9.200255419614248240e+03
8.963872736489654926e+03 8.895552371307765497e+03
8.670691652955467362e+03 8.607202377265573887e+03
8.396165050209006949e+03 8.337346568084572937e+03
8.142195510206291146e+03 8.087811996126299164e+03
7.909157049910269961e+03 7.858929752979233854e+03
7.695340675804996863e+03 7.648985088049541446e+03
7.499023003796070043e+03 7.456252103614415319e+03
7.318546736010675886e+03 7.279074464374569288e+03
7.152242604144842517e+03 7.115789080047323296e+03
6.998541841574422506e+03 6.964833574438825963e+03
6.855321221310145120e+03 6.824115630643416807e+03
6.720004127323308239e+03 6.691108917918343650e+03
6.589979459376273553e+03 6.563259405037049873e+03
6.461921958918310338e+03 6.437344270383679032e+03
6.332466839953601266e+03 6.310107745683268149e+03
6.197823558069162573e+03 6.177909082253921042e+03
6.053996410002084303e+03 6.036925813721622035e+03
5.897459470184297061e+03 5.883805728790721332e+03
5.725260544996160206e+03 5.715773459637655833e+03
5.535499965341071402e+03 5.531068451742708930e+03
5.327759916852672177e+03 5.329370538268502060e+03
5.103021537590113439e+03 5.111688455840448114e+03
4.864042865107947364e+03 4.880733095142426464e+03
4.614647547104445948e+03 4.640210002729178996e+03
4.359585985442499805e+03 4.394693943918985497e+03
4.104152014812316338e+03 4.149251245435153578e+03
3.853836860385441469e+03 3.909114519925884906e+03
3.614632005707003827e+03 3.679942675360885460e+03
3.391838141201335475e+03 3.466743879150782959e+03
3.190561096723092760e+03 3.274265502823036968e+03
3.014615202301930367e+03 3.106053088188789388e+03
2.865935016547352006e+03 2.963811702145915660e+03
2.744516951034050635e+03 2.847437806486693262e+03
2.647860353266454240e+03 2.754455901431716939e+03
2.571572702962456333e+03 2.680642039537699475e+03
2.509734319817750929e+03 2.620357741917423937e+03
2.455237713518169585e+03 2.566905473721626549e+03
2.400653253728244636e+03 2.513329493219353481e+03
2.338746116178997909e+03 2.452906873331220595e+03
2.263698354242849746e+03 2.380284321390441619e+03
2.172059861785323392e+03 2.292340481139905023e+03
2.063374794601092617e+03 2.188747239648943832e+03
1.940379105112810748e+03 2.072135952843179439e+03
1.808690101803599191e+03 1.947777256739306495e+03
1.676217768765804067e+03 1.823006720906635564e+03
1.551873730010700228e+03 1.706020946406807298e+03
1.443496856574873846e+03 1.603962935857673756e+03
1.355604016705457298e+03 1.520867115129549575e+03
1.288534003458721372e+03 1.456921018672723449e+03
1.239294688692461705e+03 1.409282086440327703e+03
1.202516374699109519e+03 1.372977817741600575e+03
1.170743244476003383e+03 1.341195564584223348e+03
1.135460809385643870e+03 1.306229429536902217e+03
1.089996270324064426e+03 1.262102060603027667e+03
1.032297396541983971e+03 1.207045939011374685e+03
9.650666493182880004e+02 1.143579272803537606e+03
8.942040224995095059e+02 1.077056769807814135e+03
8.271306231019207189e+02 1.014124576641296358e+03
7.702649173778328304e+02 9.604511006480797732e+02
7.265245881276241562e+02 9.185348689806285165e+02
6.945211611821887345e+02 8.870484892744676699e+02
6.693680955102145163e+02 8.616141850120621939e+02
6.443512372524546663e+02 8.363095502109210884e+02
6.142328843642682159e+02 8.065726502620225347e+02
5.778724401563076754e+02 7.714668880362646632e+02
5.379186967547140057e+02 7.333571408851740898e+02
4.993629082451682279e+02 6.965924302312163263e+02
4.667882881330031069e+02 6.650966800664962193e+02
4.414350763624693172e+02 6.398680550194369516e+02
4.210685267012286204e+02 6.189362409124903479e+02
4.016787031548417417e+02 5.988632833693046678e+02
3.799995499508373769e+02 5.768975511987104028e+02
3.558657467466417756e+02 5.529377027987545716e+02
3.317583646473281647e+02 5.290916647787797729e+02
3.104265298903324037e+02 5.076431868897953450e+02
2.928405554124624359e+02 4.893589068928270081e+02
2.775617956337144960e+02 4.730176782067933345e+02
2.623380451656415744e+02 4.567652599581972481e+02
2.462526921870843921e+02 4.398701713438226761e+02
2.302357888521254097e+02 4.231005455029570044e+02
2.157556444212067674e+02 4.076310816248314950e+02
2.031617501426241574e+02 3.937187498197509399e+02
1.915564144744235762e+02 3.806359838911445763e+02
1.799867615597917165e+02 3.676340407446343761e+02
1.685611082529610485e+02 3.548041894812083683e+02
1.579546417567731282e+02 3.426660946450771235e+02
1.483983179427566768e+02 3.313848902922509865e+02
1.394508822078354058e+02 3.206167676807542648e+02
1.307562416810978618e+02 3.100934485374669407e+02
1.224709453674586257e+02 2.999314620211782199e+02
1.148255331403943131e+02 2.902951244729665063e+02
1.077172849641382442e+02 2.811030569761502420e+02
1.009428755285394175e+02 2.722061594958599358e+02
9.452489333307381969e+01 2.636188165007627617e+02
8.854930379330367884e+01 2.553970118925665531e+02
8.295301456908198645e+01 2.474948107610455281e+02
7.768297567898908085e+01 2.398719797808860221e+02
7.272389809080567602e+01 2.325145520766837421e+02
6.806168403219388097e+01 2.254101095970225686e+02
6.368235328926042627e+01 2.185469296233846421e+02
5.957211470092988037e+01 2.119139428144428337e+02
5.571740742129249924e+01 2.055006761385069467e+02
5.210409342977595060e+01 1.992964246313983381e+02
4.871745256013440439e+01 1.932900204176909824e+02
4.554356533802675244e+01 1.874709519300316742e+02
4.256936323227379404e+01 1.818294068168431750e+02
3.978257585287597919e+01 1.763562275232721674e+02
3.717168153028932664e+01 1.710428701976180719e+02
3.472586105047798100e+01 1.658813666272401122e+02
3.243498781206820070e+01 1.608643758274086224e+02
3.028972033006747466e+01 1.559855265710905030e+02
2.828130079176091272e+01 1.512390170413507064e+02
2.640145591581702078e+01 1.466194117474078098e+02
2.464237355834189458e+01 1.421216201792877030e+02
2.299668023150733731e+01 1.377408769242861126e+02
2.145741945622118507e+01 1.334727229611638109e+02
2.001803034188053942e+01 1.293129914747864859e+02
1.867230737491258097e+01 1.252579125306588708e+02
1.741438278211915147e+01 1.213041115071429203e+02
1.623873740668565091e+01 1.174484302051773597e+02
1.514018305736624193e+01 1.136879038292688620e+02
1.411384385413670906e+01 1.100197496914466342e+02
1.315513853823243018e+01 1.064413564503208534e+02
1.225976370295304996e+01 1.029502738478507098e+02
1.142367867185246766e+01 9.954424005219455296e+01
1.064309307368765900e+01 9.622131096862982247e+01
9.914449085201725964e+00 9.297970129654079585e+01
9.234406790075853522e+00 8.981771541815501791e+01
8.599831629785114728e+00 8.673374131052470659e+01
8.007782516478554768e+00 8.372624472768585235e+01
7.455500577140310448e+00 8.079376362118335919e+01
6.940398452422364528e+00 7.793490546400950336e+01
6.460048917320267314e+00 7.514841858107932637e+01
6.012175607380769726e+00 7.243318559068947593e+01
5.594645747624010568e+00 6.978812193096166538e+01
5.205461607365343468e+00 6.721216736897868316e+01
4.842752340268133615e+00 6.470428328195079359e+01
4.504766287691809090e+00 6.226345008313798246e+01
4.189863721252056195e+00 5.988866479087151617e+01
3.896509956519537354e+00 5.757896754771845593e+01
3.623268774188575403e+00 5.533353139575957869e+01
3.368796537357338750e+00 5.315154959458926243e+01
3.131836524111772935e+00 5.103219605165156736e+01
2.911213529734991923e+00 4.897462564527702966e+01
2.705828786840299482e+00 4.697797462219660503e+01
2.514655186012609178e+00 4.504136106468310885e+01
2.336732773066769298e+00 4.316388941382722066e+01
2.171164356158797215e+00 4.134474464966432805e+01
2.017111583449456180e+00 3.958317793558433095e+01
