2.344005373262228022e+04 2.323443739342141635e+04
2.373272475499718712e+04 2.351898873395556802e+04
2.401860122596163274e+04 2.379656222480100769e+04
2.429704749460220773e+04 2.406652808571589048e+04
2.456739598397665395e+04 2.432822873528206765e+04
2.482895905088906511e+04 2.458098929769913229e+04
2.508104260143605643e+04 2.482412959859361217e+04
2.532293000962056249e+04 2.505694863551050003e+04
2.555387044397754653e+04 2.527871335650985202e+04
2.577310871221576963e+04 2.548868767214459876e+04
2.597988596141255402e+04 2.568613339555909988e+04
2.617341619928053842e+04 2.587028860973227711e+04
2.635290752811490165e+04 2.604038759960976313e+04
2.651757646751431093e+04 2.619567433477392478e+04
2.666662764152543969e+04 2.633538362057584891e+04
2.679925028137136178e+04 2.645873800653151557e+04
2.691465067387820091e+04 2.656497830166087078e+04
2.701205182162261553e+04 2.665336358837990701e+04
2.709067523952210104e+04 2.672315501725954528e+04
2.714976603755357064e+04 2.677363878311771987e+04
2.718860488349142543e+04 2.680413722367285663e+04
2.720649844272057089e+04 2.681400098611114299e+04
2.720278500318119404e+04 2.680261431304227517e+04
2.717685312913561575e+04 2.676941155651345616e+04
2.712815113007827676e+04 2.671388698498787562e+04
2.705620047200776389e+04 2.663560942664992399e+04
2.696059022221934720e+04 2.653421449559683970e+04
2.684098239911009659e+04 2.640940921841231102e+04
2.669715838440102380e+04 2.626101928119303921e+04
2.652900795183115042e+04 2.608897720969580041e+04
2.633650007282599472e+04 2.589329185097293157e+04
2.611973913613578407e+04 2.567410442138960570e+04
2.587903547548734787e+04 2.543175887521691766e+04
2.561479344667811165e+04 2.516668912010978238e+04
2.532751531813234033e+04 2.487942253463466477e+04
2.501797581713420368e+04 2.457075414657985675e+04
2.468711367434250860e+04 2.424163786687841639e+04
2.433592203737973250e+04 2.389307678420747470e+04
2.396562943593292584e+04 2.352630418153557184e+04
2.357781013659145538e+04 2.314289382011187627e+04
2.317406917701257771e+04 2.274444476098957239e+04
2.275605735710877343e+04 2.233259706462106624e+04
2.232574478653238475e+04 2.190930825080583236e+04
2.188517333214207611e+04 2.147660375086321437e+04
2.143632250374383875e+04 2.103644203563139672e+04
2.098156648386957750e+04 2.059117638304230786e+04
2.052374073535101343e+04 2.014362289928841710e+04
2.006552695466643490e+04 1.969644088792062030e+04
1.960925918854496558e+04 1.925194428033290751e+04
1.915643598682075390e+04 1.881162981047869835e+04
1.870825934894623788e+04 1.837669948076555738e+04
1.826590341379128222e+04 1.794832437388412291e+04
1.783192262717626727e+04 1.752906537644320633e+04
1.741000311748908643e+04 1.712262667812922882e+04
1.700352480337315501e+04 1.673240978998846185e+04
1.661475214986759238e+04 1.636071711619268899e+04
1.624328492503543021e+04 1.600722290867443735e+04
1.588825824419541823e+04 1.567113931215555385e+04
1.554874967924262273e+04 1.535161737866173280e+04
1.522305023515916400e+04 1.504702233857985993e+04
1.490917821109170291e+04 1.475544048606690376e+04
1.460520776640688200e+04 1.447500190925160678e+04
1.430866458783384587e+04 1.420326256869863573e+04
1.401692778588373403e+04 1.393760847208919404e+04
1.372743650542533214e+04 1.367545724641016932e+04
1.343727993760238860e+04 1.341381831470323959e+04
1.314364550404744841e+04 1.314976271483315759e+04
1.284339132891757799e+04 1.287995814311322829e+04
1.253301142599970626e+04 1.260062091596508617e+04
1.220933271296800740e+04 1.230824748202510636e+04
1.186945731694338065e+04 1.199952648194589347e+04
1.151115622045985583e+04 1.167178605406518000e+04
1.113398113756343810e+04 1.132417675725476693e+04
1.073865203351117634e+04 1.095705961844437115e+04
1.032839667250244202e+04 1.057348573932285763e+04
9.907803413567526150e+03 1.017800388933850809e+04
9.482948364037511055e+03 9.776843505181530418e+03
9.060330360662590465e+03 9.376781256540127288e+03
8.646599641968321521e+03 8.984853231116307143e+03
8.247914327385233264e+03 8.607658662112437014e+03
7.869945449785159326e+03 8.251352590689444696e+03
7.517607104182357944e+03 7.921345017171905056e+03
7.195078778670606880e+03 7.622329379190479813e+03
6.904736550857483053e+03 7.357131005003860082e+03
6.647127488980884664e+03 7.126641657567992297e+03
6.419658879749008520e+03 6.928371100387268598e+03
6.217045536847913354e+03 6.756834095628446448e+03
6.031343950099980248e+03 6.603482667952990596e+03
5.853552718208501574e+03 6.458366360226429606e+03
5.674621001758718194e+03 6.311187056618155111e+03
5.486909166690980783e+03 6.152962243506058257e+03
5.284904601024918520e+03 5.976912233813611238e+03
5.066329574796623092e+03 5.779903168946037113e+03
4.832378847455726827e+03 5.562865512275389847e+03
4.587696550722348547e+03 5.330906716781210889e+03
4.339603635188427688e+03 5.092455919378442559e+03
4.096527668443861330e+03 4.857382343616137405e+03
3.866994235293344445e+03 4.635764046823306671e+03
3.658681700139660734e+03 4.436734930047221496e+03
3.476909179080191279e+03 4.266698596711396931e+03
3.322292242717574936e+03 4.126607342141297522e+03
3.189893133303164632e+03 4.010908669130122689e+03
3.071035344682557024e+03 3.909533949135421153e+03
2.956537600044076044e+03 3.811604703975074699e+03
2.838754005838413377e+03 3.707850594801750503e+03
2.712139520072424148e+03 3.591389404497688247e+03
2.574841083596809767e+03 3.459821335612291932e+03
2.430734005031313245e+03 3.317847982860559569e+03
2.287959190298654448e+03 3.175478375182882701e+03
2.154482109941061935e+03 3.042495628294212111e+03
2.035435026440422007e+03 2.925170029558088572e+03
1.932570862927012740e+03 2.825644896357296602e+03
1.843393335749770358e+03 2.740944117250483032e+03
1.761802233153481666e+03 2.663747272131595764e+03
1.681063819244854812e+03 2.585942517141426379e+03
1.596826464928793484e+03 2.502303937903832775e+03
1.508606998706312197e+03 2.412354021148668835e+03
1.420418203510992271e+03 2.321089181136755542e+03
1.337465184389411661e+03 2.234862144241737951e+03
1.262823772192067281e+03 2.157344961548485117e+03
1.196813992737597573e+03 2.088866843191439330e+03
1.136625226264168987e+03 2.026083694852335839e+03
1.078173083521423905e+03 1.964236984647224062e+03
1.019316962345582397e+03 1.900932916649800973e+03
9.605558061308566948e+02 1.836886080171206459e+03
9.042929340800502587e+02 1.774950586084143197e+03
8.527041044162000389e+02 1.717598130046002552e+03
8.057226154448516127e+02 1.664707554369013906e+03
7.617306745540868178e+02 1.614468810383000346e+03
7.190754422723857715e+02 1.565118680814478694e+03
6.773658742232606755e+02 1.516318673706166237e+03
6.375489042625434877e+02 1.469133595905102538e+03
6.005177043321193651e+02 1.424495465420280425e+03
5.661079936478893160e+02 1.382210379095506823e+03
5.335202161684959492e+02 1.341474061962693440e+03
5.022292706627940788e+02 1.301801069853974695e+03
4.724100957473450535e+02 1.263388649293239496e+03
4.444216834752127738e+02 1.226573063650459062e+03
4.181899235535558432e+02 1.191271188004287524e+03
3.933655644809321643e+02 1.157168538350457538e+03
3.697746608582891668e+02 1.124121621700625383e+03
3.474967264180709776e+02 1.092195717436354244e+03
3.265572262404149342e+02 1.061398663126919928e+03
3.068129584876311355e+02 1.031606762709523309e+03
2.881457465163306892e+02 1.002723502401867563e+03
2.705401161356195416e+02 9.747270858013364432e+02
2.539722235135558321e+02 9.475857844143922648e+02
2.383621904349807323e+02 9.212319683948385318e+02
2.236482869416470862e+02 8.956122251502564495e+02
2.097938949736849565e+02 8.706907349997475194e+02
1.967546835532979799e+02 8.464247803889904844e+02
1.844856550579180805e+02 8.227720585403691302e+02
1.729440973419833654e+02 7.996935639207410986e+02
1.620894805291706859e+02 7.771533984434848890e+02
1.518833576494587305e+02 7.551185970801484473e+02
1.422892690300947720e+02 7.335589671563969887e+02
1.332726509465581728e+02 7.124469388908765950e+02
1.248008446180818254e+02 6.917572822247522026e+02
1.168430842944525665e+02 6.714668386066479115e+02
1.093701968473213242e+02 6.515547007526431571e+02
1.023545049139814580e+02 6.320021391219905809e+02
9.576976253875436385e+01 6.127924920514424230e+02
8.959109263592611683e+01 5.939110611234794987e+02
8.379492630018954458e+01 5.753450108782041070e+02
7.835894276884842213e+01 5.570833557563687464e+02
7.326197856529620367e+01 5.391193018660198959e+02
6.848397820025428473e+01 5.214501643750834319e+02
6.400598642609205058e+01 5.040741958562830405e+02
5.981009659800114520e+01 4.869903467069368617e+02
5.587939853685128355e+01 4.701982065095601229e+02
5.219792854952869732e+01 4.536979456728759601e+02
4.875062154983768892e+01 4.374902573534645285e+02
4.552326481528213975e+01 4.215767011802229263e+02
4.250245015925514025e+01 4.059637566076951884e+02
3.967553493129415898e+01 3.906603812573822552e+02
3.703060516954261061e+01 3.756747243205757627e+02
3.455643709772243000e+01 3.610140776267863885e+02
3.224246034706842323e+01 3.466848846648382505e+02
3.007872289786563158e+01 3.326927519839736647e+02
2.805585767804233654e+01 3.190424628626473691e+02
2.616504987140330130e+01 3.057385031531890149e+02
2.439800309537384493e+01 2.927872478234573350e+02
2.274691497521424921e+01 2.801946757064879989e+02
2.120445146920375379e+01 2.679653390886014677e+02
1.976372057144064343e+01 2.561024379113334248e+02
1.841824735309472771e+01 2.446078967381806422e+02
1.716195028595456051e+01 2.334824427177529742e+02
1.598911879118094781e+01 2.227256841360472208e+02
1.489439133031644680e+01 2.123363463038245413e+02
1.387273434404179895e+01 2.023125978483982124e+02
1.291942501470872884e+01 1.926516856596462617e+02
1.203003345127250334e+01 1.833499312855153960e+02
1.120040547994349822e+01 1.744028160415295474e+02
1.042664637296818775e+01 1.658050636982114270e+02
9.705105469839162780e+00 1.575507204158849390e+02
9.032361635839464498e+00 1.496332305464725323e+02
8.405208916757738180e+00 1.420454478969346326e+02
7.820643471332013874e+00 1.347796884358705256e+02
7.275852415121139671e+00 1.278279013850946910e+02
6.768202305480385483e+00 1.211817380206561836e+02
