1.610519848189045842e+04 1.598597506890433942e+04
1.632667291478968400e+04 1.620240852629706933e+04
1.654391944241465535e+04 1.641446987915716090e+04
1.675645269156330323e+04 1.662167420608470275e+04
1.696377035947806144e+04 1.682352075443856302e+04
1.716533950871587149e+04 1.701948040787910941e+04
1.736061537001583201e+04 1.720901322357939353e+04
1.754904496329824542e+04 1.739157180707607404e+04
1.773004969630825144e+04 1.756658405143112032e+04
1.790303336637586108e+04 1.773346114911641416e+04
1.806739715369480109e+04 1.789161254124218976e+04
1.822253037502228108e+04 1.804043702193059653e+04
1.836779788941731749e+04 1.817931060364076620e+04
1.850256467233603325e+04 1.830761049553090925e+04
1.862619966641651263e+04 1.842471893716230625e+04
1.873805903904532897e+04 1.853000709445950270e+04
1.883749930323500666e+04 1.862284787040451920e+04
1.892389195154468325e+04 1.870263016031971711e+04
1.899661669910036289e+04 1.876875253172998782e+04
1.905505686401362982e+04 1.882061895531017581e+04
1.909861979486022756e+04 1.885765843503171345e+04
1.912674252677071490e+04 1.887933062683823664e+04
1.913889433247409397e+04 1.888512901623772632e+04
1.913458181402765695e+04 1.887458542422821847e+04
1.911335399462625719e+04 1.884727464220356705e+04
1.907482082069751050e+04 1.880283319007075261e+04
1.901866296014309046e+04 1.874096910163197754e+04
1.894461572493883432e+04 1.866144513739956528e+04
1.885248464849614538e+04 1.856409417681001651e+04
1.874220725280101033e+04 1.844888089123935060e+04
1.861380431242208942e+04 1.831585261057467505e+04
1.846736008039493390e+04 1.816511927519356323e+04
1.830311265573272613e+04 1.799694323946416625e+04
1.812146266640498652e+04 1.781174756058393177e+04
1.792286933574598879e+04 1.761001220040167391e+04
1.770790150581853231e+04 1.739232448924623168e+04
1.747741118887207267e+04 1.715955108803211624e+04
1.723233968177434508e+04 1.691264507640067677e+04
1.697365964820360023e+04 1.665258833600959406e+04
1.670256624544987062e+04 1.638058137117453225e+04
1.642043701707627770e+04 1.609800306319845731e+04
1.612863165901555658e+04 1.580621155490640376e+04
1.582863735823131174e+04 1.550668819988608811e+04
1.552239112612208919e+04 1.520135644246869197e+04
1.521183094898255149e+04 1.489213698436478444e+04
1.489877561514049012e+04 1.458082945807592660e+04
1.458481592384660871e+04 1.426901043950690291e+04
1.427135397386074874e+04 1.395807074546071635e+04
1.395969083368004794e+04 1.364929818915443320e+04
1.365141327929486761e+04 1.334425947593249839e+04
1.334892212428279345e+04 1.304532132985421777e+04
1.305454948623502423e+04 1.275477930617748461e+04
1.277034478897375266e+04 1.247464879276640568e+04
1.249745529976143735e+04 1.220606704747043113e+04
1.223650434806871817e+04 1.194966072594822617e+04
1.198802612531984050e+04 1.170596751060721181e+04
1.175181375857737476e+04 1.147480407193456631e+04
1.152679440858850649e+04 1.125514560713151513e+04
1.131189968239312475e+04 1.104597102389730935e+04
1.110569833874373762e+04 1.084590651161638743e+04
1.090628606738283088e+04 1.065311809645295034e+04
1.071181500726798004e+04 1.046582440714367294e+04
1.052012486424967756e+04 1.028193492565327324e+04
1.032889102275534424e+04 1.009919314109046172e+04
1.013574792754291047e+04 9.915292915088914015e+03
9.937841000772325060e+03 9.727432218623662266e+03
9.732383563248597056e+03 9.532860950618480274e+03
9.516416727121144504e+03 9.328634169450182526e+03
9.287052692923438372e+03 9.111852393011804452e+03
9.042051107122666508e+03 8.880231348064684425e+03
8.779894708478876055e+03 8.632176879509070204e+03
8.500374533000998781e+03 8.367378524008758177e+03
8.204927586299594623e+03 8.087154526309342145e+03
7.896330868603854469e+03 7.794161339186989608e+03
7.578855583688093247e+03 7.492561831233898374e+03
7.257541928513441235e+03 7.187305068058694815e+03
6.937925836870865169e+03 6.883861316329871443e+03
6.625565364315309125e+03 6.587744687607435480e+03
6.325728036044949476e+03 6.304201777246907113e+03
6.043449063782384655e+03 6.038259453859876885e+03
5.782944037932543324e+03 5.794158782720276577e+03
5.547540397166783805e+03 5.575263849134867996e+03
5.339100797974761008e+03 5.383515429531171321e+03
5.157114205994841541e+03 5.218495479748250546e+03
4.998812902223496167e+03 5.077541094557157521e+03
4.858866488989400750e+03 4.955393684562664930e+03
4.730228293747933094e+03 4.845001743231431647e+03
4.605095927180533181e+03 4.738443675720592182e+03
4.475845729787849450e+03 4.627842435059158561e+03
4.336148465351692721e+03 4.506515101478892575e+03
4.181642857973770333e+03 4.369702812700533286e+03
4.010913302961902446e+03 4.215666490139227790e+03
3.825829139642180053e+03 4.046120314967567538e+03
3.631187098005450025e+03 3.865913170014505340e+03
3.433945906869368173e+03 3.682250155164065745e+03
3.242105010080359534e+03 3.503486670986824265e+03
3.063693247507671003e+03 3.338035567358153003e+03
2.905453099033069520e+03 3.192983570625765424e+03
2.771023357150148058e+03 3.072205337461001818e+03
2.659319023645771722e+03 2.974673866507012917e+03
2.564635600629166220e+03 2.894528657670293796e+03
2.478880477924269144e+03 2.823324381383966738e+03
2.393927867172889364e+03 2.752435365083396391e+03
2.302736323239183548e+03 2.674233656842372966e+03
2.200645935590188856e+03 2.583549537470519226e+03
2.087722828391420990e+03 2.480321240280678921e+03
1.969460857562511364e+03 2.370439838168383631e+03
1.853887724764755376e+03 2.262592970098673504e+03
1.748042942833915276e+03 2.164389411726315302e+03
1.656348577114780937e+03 2.080591328178163167e+03
1.579429714171926662e+03 2.011886917196584818e+03
1.513380293151526985e+03 1.954116534223886674e+03
1.451565038020653901e+03 1.900161744341276744e+03
1.387796068131797938e+03 1.843325730567109531e+03
1.318491093731111732e+03 1.779708950304267546e+03
1.245024725736732762e+03 1.710828094741682662e+03
1.172392211757325185e+03 1.642148759527781976e+03
1.105541344715733885e+03 1.579036954284926651e+03
1.047125465624669005e+03 1.524327284582367156e+03
9.963871810632642791e+02 1.477181664477566983e+03
9.494049032665350296e+02 1.433400563309930931e+03
9.022233877130265682e+02 1.388780733035977619e+03
8.533977427601981844e+02 1.341832602359511839e+03
8.044228180360488523e+02 1.294210215943736557e+03
7.583887466756845015e+02 1.249212102955630598e+03
7.170585427752066607e+02 1.208670494870664925e+03
6.796900098542263322e+02 1.171781841263580191e+03
6.441812394623075306e+02 1.136367893280210637e+03
6.089025323673622552e+02 1.100789003713070542e+03
5.741040837248434627e+02 1.065352794707788235e+03
5.412079029552123757e+02 1.031523145626866153e+03
5.109964806092527283e+02 1.000071319726689580e+03
4.829454379092180716e+02 9.704616828268472091e+02
4.560051307464073602e+02 9.416767124323207554e+02
4.298624158533827995e+02 9.134426246629989237e+02
4.049899504902327294e+02 8.862285541016472052e+02
3.818084476932506846e+02 8.604244842699487208e+02
3.600550178124275362e+02 8.357792298805474047e+02
3.392953443946876178e+02 8.119044236193137749e+02
3.194734922655774199e+02 7.887617924117664643e+02
3.007931549527285711e+02 7.665303286930871991e+02
2.832435043942955417e+02 7.451943379482406726e+02
2.666203023038932542e+02 7.245813430110677018e+02
2.508446263147008040e+02 7.046285534815280016e+02
2.359628984987265596e+02 6.853698620691185397e+02
2.219432711680901491e+02 6.667744536667170223e+02
2.086895694909136978e+02 6.487658496304012488e+02
1.961717943671965259e+02 6.313175112809700522e+02
1.843652552767261739e+02 6.144064191079120292e+02
1.732321549037335728e+02 5.979993886049928733e+02
1.627361959007554617e+02 5.820651554058557622e+02
1.528429263295789156e+02 5.665746097424292884e+02
1.435196510672964507e+02 5.515006635040155061e+02
1.347353479012801358e+02 5.368181267466979989e+02
1.264607685450981194e+02 5.225031303265002407e+02
1.186685447253963304e+02 5.085324500992516050e+02
1.113326657530175083e+02 4.948844606758905798e+02
1.044283586737739711e+02 4.815392113321651664e+02
9.793204195747239282e+01 4.684783362005709364e+02
9.182127994759648004e+01 4.556849713682377683e+02
8.607473814444584548e+01 4.431436780992335116e+02
8.067213815134287813e+01 4.308403701012689453e+02
7.559416900528800909e+01 4.187621942357122293e+02
7.082244560694766733e+01 4.068974583701392476e+02
6.633953610084084573e+01 3.952356454775471661e+02
6.212892299619272052e+01 3.837673624484440325e+02
5.817496090010235577e+01 3.724842862734018354e+02
5.446283579415688081e+01 3.613791124231476033e+02
5.097852582822585532e+01 3.504455050232759277e+02
4.770876365955996334e+01 3.396781540859776669e+02
4.464100088860934790e+01 3.290740924411289257e+02
4.176337280657349993e+01 3.186320604758181503e+02
3.906466432392986832e+01 3.083512716723309950e+02
3.653427792788997408e+01 2.982313507801261494e+02
3.416220297481179813e+01 2.882723012065472972e+02
3.193898626631157001e+01 2.784744724426928997e+02
2.985570387337327247e+01 2.688385275220373387e+02
2.790393303196126951e+01 2.593658060835342098e+02
2.607572051828563886e+01 2.500604432598426854e+02
2.436356429765089615e+01 2.409274038093555532e+02
2.276039321034775398e+01 2.319712697531884089e+02
2.125954407879990882e+01 2.231962334324114181e+02
1.985473988545395940e+01 2.146060956773357873e+02
1.854006899171641365e+01 2.062042651584374369e+02
1.730996535740796460e+01 1.979937589395912880e+02
1.615918929328564246e+01 1.899777202335507127e+02
1.508280869545344061e+01 1.821605673514202692e+02
1.407618351054887285e+01 1.745463327891522454e+02
1.313494986151071764e+01 1.671382611602744248e+02
1.225500461462534219e+01 1.599388449602562616e+02
1.143249073433527485e+01 1.529498615589596682e+02
1.066378339105104089e+01 1.461724111222298177e+02
9.945476781927007792e+00 1.396069571296634990e+02
9.274370986480182211e+00 1.332535704058435329e+02
8.647459803337650186e+00 1.271120979916147036e+02
8.061920891128222522e+00 1.211817999415838614e+02
7.515105236531915089e+00 1.154613499085986064e+02
7.004527038876616984e+00 1.099488832287926243e+02
6.527854145476298164e+00 1.046420440477980094e+02
6.082899010630325343e+00 9.953803126751215302e+01
