2.781803720967494519e+04 2.771160167897687643e+04
2.798166875384136074e+04 2.787164741595758824e+04
2.812944633431092007e+04 2.801579382068427367e+04
2.826058599427717854e+04 2.814326164741283355e+04
2.837428833340978235e+04 2.825325767219195768e+04
2.846971884718849469e+04 2.834495572801856542e+04
2.854606377175189118e+04 2.841755111616798240e+04
2.860253167328361087e+04 2.847026213714424739e+04
2.863831261822698798e+04 2.850228981667339031e+04
2.865261594927277474e+04 2.851285527940090105e+04
2.864469557782217817e+04 2.850122478092232996e+04
2.861380621019757746e+04 2.846666700033938105e+04
2.855919236910403924e+04 2.840844242081623815e+04
2.848015786339750412e+04 2.832587134096681257e+04
2.837606382688115264e+04 2.821833223663174067e+04
2.824628388866745445e+04 2.808521884609864355e+04
2.809025658774603289e+04 2.792599071620241739e+04
2.790751080238463692e+04 2.774019781123139182e+04
2.769763579973956439e+04 2.752745290933581418e+04
2.746028599882139679e+04 2.728743632410878854e+04
2.719522712113541274e+04 2.701993912792895935e+04
2.690233997270678810e+04 2.672486789470473013e+04
2.658161414748909010e+04 2.640224185661241063e+04
2.623316555492880434e+04 2.605220605634744425e+04
2.585724669145948792e+04 2.567504031953435697e+04
2.545428938151544935e+04 2.527120633539226037e+04
2.502489789010058666e+04 2.484133940446502675e+04
2.456981182948748392e+04 2.438620660945029886e+04
2.408995824930495655e+04 2.390676083015188124e+04
2.358655186390582458e+04 2.340424515814500046e+04
2.306094534150356048e+04 2.288003639054296946e+04
2.251461183291470661e+04 2.233562629558115077e+04
2.194938761198166685e+04 2.177286916603667851e+04
2.136734816833903824e+04 2.119385533017700800e+04
2.077059331711371851e+04 2.060069202700607639e+04
2.016144224565635523e+04 1.999569985788543636e+04
1.954267558809913680e+04 1.938165670911330017e+04
1.891703649234994009e+04 1.876129592805784705e+04
1.828720780688797458e+04 1.813728306302778219e+04
1.765637631033012804e+04 1.751277698877146031e+04
1.702783285871600310e+04 1.689103360047295064e+04
1.640456633162844082e+04 1.627500338776456920e+04
1.578965238822192259e+04 1.566771272596292874e+04
1.518652813418818550e+04 1.507253415240710456e+04
1.459824187452619844e+04 1.449245413116844975e+04
1.402748966155851122e+04 1.393010733472181164e+04
1.347726635337503467e+04 1.338839809968270129e+04
1.295036460859893123e+04 1.287002728383711838e+04
1.244905604868520277e+04 1.237719119756994041e+04
1.197512147423641181e+04 1.191158994617602548e+04
1.152990438724657906e+04 1.147447278359791926e+04
1.111442022017633826e+04 1.106677918588106149e+04
1.072943390915625241e+04 1.068920728170041184e+04
1.037557475901262296e+04 1.034228410949541285e+04
1.005334037612144675e+04 1.002640757130853126e+04
9.762951494302933497e+03 9.741721510177119853e+03
9.501827207006086610e+03 9.485649104732978230e+03
9.265489538065425222e+03 9.253766414483627159e+03
9.049877130370599843e+03 9.042056532109047112e+03
8.851587526730811078e+03 8.847161966094852687e+03
8.667742445544710790e+03 8.666249395831890070e+03
8.495442511516344894e+03 8.496470750766438869e+03
8.330070764173213320e+03 8.333350494171632818e+03
8.166496351106472503e+03 8.171927109499190919e+03
7.999264535130022523e+03 8.006955781018938069e+03
7.821965983219096415e+03 7.832328347769525863e+03
7.628670071390737576e+03 7.642402449405752122e+03
7.414263100675987516e+03 7.432384942774335286e+03
7.174654747356917142e+03 7.198463929364943397e+03
6.908345078115929937e+03 6.939336046493689537e+03
6.615950753599346172e+03 6.655717216310400545e+03
6.300669114041007560e+03 6.350766332859987415e+03
5.967756168890694425e+03 6.029585334482570033e+03
5.623341189913191556e+03 5.698072486074460357e+03
5.274058413418242708e+03 5.362575885755866693e+03
4.927781892099522338e+03 5.030563655684058176e+03
4.592597621002601045e+03 4.709684517683665035e+03
4.276957858824174764e+03 4.407877643075733431e+03
3.988493031406717364e+03 4.132267944392424397e+03
3.734114572635092827e+03 3.889214840367940269e+03
3.517998721695833865e+03 3.682555865893161808e+03
3.341316057407423159e+03 3.513188184487675699e+03
3.202310751304242785e+03 3.379316942755608579e+03
3.095829443921297752e+03 3.275941097195512157e+03
3.014669210061947069e+03 3.196197903736280296e+03
2.949913996153622520e+03 3.131668069717820345e+03
2.891436919156322801e+03 3.072891990393163724e+03
2.829017188535314745e+03 3.010390622930528025e+03
2.753230175903595409e+03 2.935504952842374678e+03
2.657361399509802595e+03 2.842148542151371203e+03
2.538115501564157512e+03 2.727415804161928463e+03
2.396285796777214273e+03 2.592184371032587478e+03
2.236672243466395685e+03 2.441000433197441907e+03
2.068045450934130713e+03 2.281987579983182513e+03
1.902207971647479553e+03 2.125980193154788594e+03
1.751594660376897991e+03 1.984286153797774205e+03
1.625012263771624021e+03 1.864803037835561781e+03
1.525712597828913886e+03 1.770337548595441376e+03
1.452282328546569943e+03 1.699442404234650894e+03
1.400239971696888006e+03 1.647915971804439323e+03
1.362100082238413506e+03 1.608902723464078235e+03
1.327046429495013399e+03 1.572637011121102205e+03
1.284223638060468602e+03 1.529419427765189766e+03
1.227240926887831847e+03 1.473625765348817140e+03
1.155787673222320791e+03 1.405095811965538132e+03
1.074217484415708668e+03 1.327810241160495480e+03
9.904456473771826950e+02 1.248851048480205009e+03
9.137756989044926286e+02 1.176429975866433779e+03
8.508585462530286350e+02 1.116321389494372852e+03
8.035801850901500529e+02 1.070056672622848964e+03
7.692056325945370645e+02 1.035125909123336214e+03
7.408897001841008887e+02 1.005494040984773619e+03
7.108221205547970385e+02 9.743751855776084767e+02
6.745368451506551537e+02 9.379535904419972212e+02
6.318425512511394118e+02 8.961376986927318740e+02
5.863852556157397657e+02 8.521178650622024406e+02
5.441146109325791258e+02 8.109886454370306410e+02
5.091254987058047163e+02 7.761814791734803975e+02
4.816242054898539777e+02 7.477942517401229452e+02
4.586885000649913877e+02 7.233054849087719731e+02
4.359390465869519176e+02 6.990269512845803774e+02
4.107309903255241466e+02 6.727771782979922364e+02
3.837892070963225706e+02 6.451962447693863396e+02
3.577157984863889624e+02 6.184489093010274701e+02
3.349344922769549271e+02 5.945041808577252596e+02
3.157775205454649949e+02 5.735918817783741588e+02
2.984922736182085714e+02 5.542614210466042550e+02
2.811644144258666529e+02 5.349684901965749759e+02
2.633992030340687052e+02 5.154120148201442362e+02
2.462198431839395312e+02 4.964136963201219146e+02
2.307422213374302942e+02 4.788429485070709006e+02
2.169748074864191949e+02 4.626854864419008209e+02
2.040341449419365460e+02 4.472427603416292072e+02
1.913241718178421138e+02 4.320563899596942861e+02
1.790624024245279031e+02 4.172953992721088525e+02
1.677310901877982587e+02 4.033193920873223988e+02
1.573591506914533227e+02 3.901392120669182759e+02
1.475761441756789054e+02 3.774729465749259134e+02
1.381964228665362384e+02 3.651826370875796215e+02
1.293582589871693642e+02 3.533664647733576771e+02
1.211597127533904086e+02 3.420891194326576397e+02
1.134841047481187957e+02 3.312621323784741776e+02
1.062184803544866014e+02 3.208033332109530420e+02
9.938605624108602399e+01 3.107249525319905956e+02
9.300321724002937174e+01 3.010351596741326148e+02
8.701564509002746206e+01 2.916928448319210929e+02
8.139525144469575935e+01 2.826764300082905379e+02
7.612094965973321337e+01 2.739689256990365607e+02
7.117327007561381436e+01 2.655545424172213984e+02
6.653366256043933902e+01 2.574184752809058523e+02
6.218446847492366913e+01 2.495468406737213058e+02
5.810889287948421611e+01 2.419266177636636996e+02
5.429097613887290663e+01 2.345455942580283022e+02
5.071556296229828575e+01 2.273923159198834583e+02
4.736811760064723842e+01 2.204560304097681467e+02
4.423464256787973170e+01 2.137266387093349920e+02
4.130193911120326078e+01 2.071946706670567266e+02
3.855759068945364021e+01 2.008512486892494735e+02
3.598991869178152569e+01 1.946880522976624377e+02
3.358794053222673881e+01 1.886972850287986603e+02
3.134133000069545005e+01 1.828716434828008630e+02
2.924038458067298762e+01 1.772043245004109053e+02
2.727602580085565620e+01 1.716892838424601848e+02
2.543973395938589022e+01 1.663210158233091533e+02
2.372349159801950336e+01 1.610943401345569441e+02
2.211975599065292997e+01 1.560043815392903355e+02
2.062143319363596206e+01 1.510465524637935175e+02
1.922185334679717172e+01 1.462165365159027033e+02
1.791474716272160705e+01 1.415102730886384279e+02
1.669421844578866754e+01 1.369240224339202427e+02
1.555471747631271384e+01 1.324544537596718214e+02
1.449103413995201173e+01 1.280984428317298409e+02
1.349828020682923757e+01 1.238530291865520354e+02
1.257187044097562101e+01 1.197154063341407948e+02
1.170750474455446621e+01 1.156829124028865152e+02
1.090115128555445345e+01 1.117530212018541533e+02
1.014903066707007540e+01 1.079233410576860450e+02
9.447602271957572739e+00 1.041917075702750992e+02
8.793549219074229484e+00 1.005561338694170388e+02
8.183763631816534101e+00 9.701471209656457972e+01
7.615334070003989986e+00 9.356560558901672664e+01
7.085533701397500828e+00 9.020704375481074067e+01
6.591809140181449145e+00 8.693731718054944224e+01
6.131769918216733117e+00 8.375477296580976372e+01
5.703178144881722034e+00 8.065784053779334783e+01
5.303938256559558972e+00 7.764510053045567872e+01
4.932089685969113901e+00 7.471518092174763126e+01
4.585798857274159701e+00 7.186672694699666408e+01
4.263351270554564643e+00 6.909839911655551248e+01
3.963144055933627286e+00 6.640887137299756660e+01
3.683678971273964375e+00 6.379682938544525683e+01
3.423555815466907681e+00 6.126097253791043329e+01
3.181466159988340259e+00 5.880010506970912587e+01
2.956187554224960934e+00 5.641312601566601614e+01
2.746578165869398180e+00 5.409891385971274502e+01
2.551571646788821202e+00 5.185632188333212866e+01
2.370172307080984808e+00 4.968417971367526320e+01
2.201450584927285625e+00 4.758129489989478600e+01
2.044538795081620286e+00 4.554645451353553653e+01
1.898627103020412932e+00 4.357845209009079213e+01
