2.477048515900505299e+04 2.454790750636526718e+04
2.511078464161953889e+04 2.487888784775177919e+04
2.544353458121484073e+04 2.520206972469633183e+04
2.576790588090107849e+04 2.551663021473560366e+04
2.608303344063851546e+04 2.582171363361579643e+04
2.638803898668098918e+04 2.611645255800843370e+04
2.668201695501884024e+04 2.639995390932628288e+04
2.696400674983030694e+04 2.667127165216229332e+04
2.723303330638075931e+04 2.692944698103748669e+04
2.748811477770024794e+04 2.717351607187510672e+04
2.772822885635856437e+04 2.740247777654353195e+04
2.795233028851536073e+04 2.761531071962769420e+04
2.815938041731022167e+04 2.781100196022499586e+04
2.834832984698961809e+04 2.798853040236386369e+04
2.851809610758052440e+04 2.814684541722695940e+04
2.866761147242799052e+04 2.828491319427262715e+04
2.879583071365257638e+04 2.840172440758997254e+04
2.890169985339244522e+04 2.849626455421710489e+04
2.898418263484520139e+04 2.856753947033771328e+04
2.904228904047402102e+04 2.861460275288808771e+04
2.907507053823688329e+04 2.863655176730514358e+04
2.908161802822830577e+04 2.863252614159195946e+04
2.906108898610604956e+04 2.860173314264839064e+04
2.901271918266570719e+04 2.854345913554855360e+04
2.893584107485416826e+04 2.845708881722727892e+04
2.882988344994412546e+04 2.834210368842939715e+04
2.869437391873628439e+04 2.819808359973564075e+04
2.852899488464088063e+04 2.802476248758379370e+04
2.833360961124125242e+04 2.782205399743576709e+04
2.810819826647724767e+04 2.758998680401509409e+04
2.785289153879229343e+04 2.732873755298336619e+04
2.756812753188057104e+04 2.703878619257615355e+04
2.725451693609206632e+04 2.672078139139204723e+04
2.691278254837189888e+04 2.637548004310083343e+04
2.654397344867009451e+04 2.600395910078938323e+04
2.614948357090103309e+04 2.560763322996466377e+04
2.573078442421389627e+04 2.518798947880106061e+04
2.528952840670077421e+04 2.474668949454061658e+04
2.482793998072926479e+04 2.428595668366384780e+04
2.434836862258812107e+04 2.380813248650098467e+04
2.385314374777256671e+04 2.331553272833391748e+04
2.334497449814048014e+04 2.281084546179774770e+04
2.282687369890131595e+04 2.229705494526241091e+04
2.230171543885704887e+04 2.177700172742848736e+04
2.177249824078063830e+04 2.125364490572187424e+04
2.124298830689805618e+04 2.073070169053915379e+04
2.071685037758467297e+04 2.021178328309832432e+04
2.019740225311884933e+04 1.970015307288624172e+04
1.968727712497834727e+04 1.919840879997791853e+04
1.918855932110043432e+04 1.870861302986227383e+04
1.870310577388548336e+04 1.823259917072813550e+04
1.823329559432407768e+04 1.777271638129352868e+04
1.778318476025713608e+04 1.733297677616389774e+04
1.735672145110659039e+04 1.691728511788604737e+04
1.695694105679162385e+04 1.652865199871568620e+04
1.658325531238599433e+04 1.616655793957134301e+04
1.623377432870173652e+04 1.582921524484646943e+04
1.590666836156750287e+04 1.551489611690997117e+04
1.559967239675403653e+04 1.522146066872910706e+04
1.531045045878681231e+04 1.494670305688984263e+04
1.503643418857143661e+04 1.468818567909940793e+04
1.477387677610936407e+04 1.444230885325776762e+04
1.451895861954436805e+04 1.420538962538996020e+04
1.426723718721975092e+04 1.397309789256555996e+04
1.401367342684826508e+04 1.374047522161356028e+04
1.375310402834759225e+04 1.350239032891682291e+04
1.347946930984318533e+04 1.325273024824935965e+04
1.318698155628227323e+04 1.298558496454823762e+04
1.287022156712514698e+04 1.269529669265181474e+04
1.252462246889003654e+04 1.237698291778992643e+04
1.214792744914893774e+04 1.202801879891352110e+04
1.173970520147184834e+04 1.164758271842133217e+04
1.130274774082876502e+04 1.123813830611874801e+04
1.084183948479329229e+04 1.080420801815658160e+04
1.036441133769932821e+04 1.035311092320725584e+04
9.878917649728160541e+03 9.893292679807016611e+03
9.394866509337010939e+03 9.434381356240624882e+03
8.922134558251700582e+03 8.986451118594441141e+03
8.470489307143197948e+03 8.559545511540281950e+03
8.049044821068460806e+03 8.163078761449753074e+03
7.666183122189753703e+03 7.805783661420178760e+03
7.327682111644661745e+03 7.493780726289364793e+03
7.036874554623721451e+03 7.230761662663889183e+03
6.792235815313692001e+03 7.015502229066698419e+03
6.588876123031164752e+03 6.843342430831001366e+03
6.417299860492200423e+03 6.704813904129277034e+03
6.265680324815479253e+03 6.587831742717998168e+03
6.120546922348661610e+03 6.478279948723863527e+03
5.968334580900832407e+03 6.361506884579934194e+03
5.797151227973037749e+03 6.224225495453722942e+03
5.598297022572082824e+03 6.056260430774432280e+03
5.368239211641788643e+03 5.852959999347116536e+03
5.109366734694561273e+03 5.616310293034291135e+03
4.829557799663398328e+03 5.354630540137110984e+03
4.541082496473884021e+03 5.081396388693987319e+03
4.259069018046738165e+03 4.813424403972097025e+03
3.999292436317949068e+03 4.568254292125095162e+03
3.774582962181083531e+03 4.360132004141861216e+03
3.591040013907315824e+03 4.195927693080730023e+03
3.446382720992081886e+03 4.073401953841309933e+03
3.331477294184903712e+03 3.982821804291213994e+03
3.233244525578818866e+03 3.909935197269398031e+03
3.136639108501413830e+03 3.837885462822116551e+03
3.026914325584853486e+03 3.749630186145964672e+03
2.894565065988436800e+03 3.633786788039894418e+03
2.740051703276039461e+03 3.490533779655887884e+03
2.573021969940005420e+03 3.330986191540889195e+03
2.407351043539320017e+03 3.171303407275974678e+03
2.256847514412526834e+03 3.027435337252408772e+03
2.131281964885259640e+03 2.910507174187001510e+03
2.032298872929061417e+03 2.822355836545682450e+03
1.952930996176043891e+03 2.755117997564247162e+03
1.880982133306921014e+03 2.694947989427152606e+03
1.803543602119720845e+03 2.626996080815441928e+03
1.713539525777420749e+03 2.543046213048155096e+03
1.613374498949500321e+03 2.445977557876036826e+03
1.511935571407270345e+03 2.346227279826820904e+03
1.419382219481082302e+03 2.255491224621847778e+03
1.342184973600992862e+03 2.180998234352333839e+03
1.278952432695937659e+03 2.121031231472757554e+03
1.222132487986051956e+03 2.067058885240148811e+03
1.163611373965915618e+03 2.010030849045175728e+03
1.099639306737299648e+03 1.945905157682250547e+03
1.033293410427012077e+03 1.878317190083322885e+03
9.710582214626475661e+02 1.814509965215353532e+03
9.170005208560282881e+02 1.758822835886277062e+03
8.702180376302601417e+02 1.710143555314537480e+03
8.260860020462690727e+02 1.663505562823211903e+03
7.808157784207852501e+02 1.615012395484509398e+03
7.347999963765009852e+02 1.565236544535245457e+03
6.912412519727160998e+02 1.517547776200070075e+03
6.522754241549184826e+02 1.474044500404898145e+03
6.169221714668515233e+02 1.433668505365854344e+03
5.827411728812355705e+02 1.394046337030634504e+03
5.487933070612978099e+02 1.354366448195681869e+03
5.163413119059727023e+02 1.315872248232230731e+03
4.865368615128637657e+02 1.279592765171073779e+03
4.589329992447566156e+02 1.245082822642997371e+03
4.324021132679658308e+02 1.211368426744934595e+03
4.068031050924191163e+02 1.178367550595312196e+03
3.827632440773064673e+02 1.146599242523187058e+03
3.603869185676287543e+02 1.116119219438832033e+03
3.391786060187864678e+02 1.086535192661612427e+03
3.189348098748853317e+02 1.057703594263674177e+03
2.998832654991624054e+02 1.029778796621385254e+03
2.819936410763571644e+02 1.002727676783498509e+03
2.650966143852360801e+02 9.764257804871984945e+02
2.491378872897896883e+02 9.508227473356863584e+02
2.340751670692482094e+02 9.258784468987290666e+02
2.198670323039265213e+02 9.015554990467170455e+02
2.064730311583379034e+02 8.778191181152661784e+02
1.938537640786096006e+02 8.546369689009633248e+02
1.819703519431008942e+02 8.319777913717429101e+02
1.707827280696299397e+02 8.098072626029521643e+02
1.602521324481863019e+02 7.880923806413184138e+02
1.503418503920579496e+02 7.668029405953135438e+02
1.410171108095949535e+02 7.459113958277300753e+02
1.322449891933505342e+02 7.253927295550503231e+02
1.239943151527995866e+02 7.052243355369066649e+02
1.162355995904597421e+02 6.853859596305779860e+02
1.089411717366272256e+02 6.658603990223688243e+02
1.020849855043961156e+02 6.466331345296215432e+02
9.564232473617306596e+01 6.276914844169872367e+02
8.958973966136525746e+01 6.090244970460271361e+02
8.390499181048691923e+01 5.906228687156968817e+02
7.856700057773724666e+01 5.724788632472817653e+02
7.355579133906476841e+01 5.545862395684908961e+02
6.885241861376842110e+01 5.369419866703015032e+02
6.443889208301025917e+01 5.195483434473201214e+02
6.029819523408941251e+01 5.024086037178190054e+02
5.641424695163363623e+01 4.855264091433651288e+02
5.277185476249250939e+01 4.689057016427603344e+02
4.935667008255313704e+01 4.525506757858755691e+02
4.615514540376832997e+01 4.364657312751798486e+02
4.315449366535298736e+01 4.206560691697805510e+02
4.034265094200538471e+01 4.051316590428139079e+02
3.770823728048279122e+01 3.899038459590390175e+02
3.524051994557607514e+01 3.749829141744304479e+02
3.292937951408806896e+01 3.603780873169782240e+02
3.076527753664669262e+01 3.460975446932203567e+02
2.873922570473852645e+01 3.321484406442918953e+02
2.684275637085831789e+01 3.185369656127328994e+02
2.506789110605563309e+01 3.052698018519116658e+02
2.340711419867235321e+01 2.923542771784668730e+02
2.185335240207227514e+01 2.797963612753408142e+02
2.039995084163003369e+01 2.676005966725218173e+02
1.904064978867329216e+01 2.557701743945044086e+02
1.776956261179872598e+01 2.443070111817104362e+02
1.658115485399880029e+01 2.332118276809852659e+02
1.547022395901617386e+01 2.224843255928796566e+02
1.443187942471757523e+01 2.121235195189131275e+02
1.346152657627848903e+01 2.021274632938010143e+02
1.255485003601331684e+01 1.924932312803124432e+02
1.170779762352579212e+01 1.832170030808251511e+02
1.091656511868918322e+01 1.742941462178650056e+02
1.017758184597120064e+01 1.657192964215280995e+02
9.487496980396411317e+00 1.574864304533217023e+02
8.843165939889736649e+00 1.495888822008193983e+02
8.241638657540242718e+00 1.420194459124736284e+02
7.680148717610878251e+00 1.347704963958002509e+02
