2.759040004528043210e+04 2.744776350325197564e+04
2.779396395970504091e+04 2.764621107463105727e+04
2.798300173294029446e+04 2.783004276218250379e+04
2.815670758362543711e+04 2.799845779314407264e+04
2.831424358105150168e+04 2.815062588125546245e+04
2.845476952884897401e+04 2.828571602362685371e+04
2.857746327102078430e+04 2.840291608663630541e+04
2.868149052169549395e+04 2.850140289306791601e+04
2.876599733657344041e+04 2.858033481145928454e+04
2.883015794730741982e+04 2.863889928664448598e+04
2.887317131906238865e+04 2.867630965225264663e+04
2.889422151112566644e+04 2.869176660914842796e+04
2.889252252900604071e+04 2.868450209229449683e+04
2.886733952332289118e+04 2.865380005485970469e+04
2.881795640228524280e+04 2.859896537548830747e+04
2.874368038022113251e+04 2.851932841765435660e+04
2.864388825493801050e+04 2.841428981044842294e+04
2.851802566095198199e+04 2.828332029076152685e+04
2.836558936483593425e+04 2.812594493557928217e+04
2.818615950052317203e+04 2.794177299627103275e+04
2.797941330168803324e+04 2.773051095597339008e+04
2.774513157945312923e+04 2.749197164777466605e+04
2.748320361306739142e+04 2.722607825979172048e+04
2.719363092045873054e+04 2.693286532788214754e+04
2.687655560742528542e+04 2.661250837239575412e+04
2.653230618008915553e+04 2.626537225561866217e+04
2.616133939178070796e+04 2.589194859608482147e+04
2.576424128722062596e+04 2.549285600066966072e+04
2.534186309740321667e+04 2.506897955227593047e+04
2.489525580111338422e+04 2.462140304001313780e+04
2.442556551433558707e+04 2.415130104229518474e+04
2.393416446117363375e+04 2.366007134893918555e+04
2.342279192358514774e+04 2.314947738937897157e+04
2.289326118889419013e+04 2.262135112045707501e+04
2.234746065902580449e+04 2.207759359620255418e+04
2.178773518078355482e+04 2.152055691622892846e+04
2.121660346379210387e+04 2.095276090121148445e+04
2.063650293010241148e+04 2.037663762736243007e+04
2.005011588519196448e+04 1.979485479819738612e+04
1.946054790086616777e+04 1.921049258970767914e+04
1.887073178365891727e+04 1.862645355743513937e+04
1.828346732661264832e+04 1.804550133140448816e+04
1.770196931478784245e+04 1.747079688745921158e+04
1.712937208727929828e+04 1.690541521396319513e+04
1.656845553197298796e+04 1.635207841521321461e+04
1.602202472977537764e+04 1.581351813643767673e+04
1.549299442833692592e+04 1.529255765484863696e+04
1.498389455682185144e+04 1.479164378665904951e+04
1.449683553243732422e+04 1.431280932234774991e+04
1.403342683774259785e+04 1.385757375953140581e+04
1.359495013722237854e+04 1.342713495844075078e+04
1.318244921050241283e+04 1.302246481217811379e+04
1.279669625685293977e+04 1.264425093287853633e+04
1.243823599542393640e+04 1.229294110250819540e+04
1.210750080713931675e+04 1.196888348400967152e+04
1.180351584443759566e+04 1.167107179943720439e+04
1.152227731537654836e+04 1.139557050476464065e+04
1.125970616724425236e+04 1.113837401198704174e+04
1.101218617714616448e+04 1.089593635594489024e+04
1.077665881640491534e+04 1.066527474747209453e+04
1.055032034311755160e+04 1.044365675819056742e+04
1.032953773579412700e+04 1.022757429655135820e+04
1.010961516732809105e+04 1.001252187684195269e+04
9.885957836001030955e+03 9.794096954436956366e+03
9.653064999702512068e+03 9.567083783225474690e+03
9.405489539522901396e+03 9.326327261025437110e+03
9.138563179483009662e+03 9.067451879170541361e+03
8.848499074404726343e+03 8.786954672922271129e+03
8.533434865454644751e+03 8.483158097603074566e+03
8.194497120309570164e+03 8.157255727132959692e+03
7.834356693369855748e+03 7.811874372307149315e+03
7.458065234945908742e+03 7.451897666412721264e+03
7.071621837582151784e+03 7.083062726277596084e+03
6.682499009306383414e+03 6.712472514022339055e+03
6.298178446116385203e+03 6.347193504182664583e+03
5.926200303293127035e+03 5.994305154300278446e+03
5.574068262492399299e+03 5.660803916585698062e+03
5.248999925302807242e+03 5.353393134800138796e+03
4.957325324252202336e+03 5.077832426602759369e+03
4.703766655121904478e+03 4.838414814428933823e+03
4.489423229081614409e+03 4.635978019345960092e+03
4.313146014827893850e+03 4.469265287565988729e+03
4.169293927945629548e+03 4.332875429095114669e+03
4.050460140662037702e+03 4.219783577417720153e+03
3.946901137143443520e+03 4.120881929755308192e+03
3.848471915955686200e+03 4.026743788572544872e+03
3.745010738695171767e+03 3.927992458846505997e+03
3.627831890933935938e+03 3.816681710571579515e+03
3.490881935327859537e+03 3.687322285308734990e+03
3.331983736771496297e+03 3.538026606843931404e+03
3.153182882680195235e+03 3.370797846225113062e+03
2.960027079370567208e+03 3.190825368117051767e+03
2.760975238607975825e+03 3.005926658560749729e+03
2.566992686200849221e+03 2.826128314352289635e+03
2.389704826323623365e+03 2.661932697238765741e+03
2.238088815968454583e+03 2.521353118305636144e+03
2.115688887760551552e+03 2.407416615755405019e+03
2.020007308268734732e+03 2.317686011397344373e+03
1.944848873443130515e+03 2.246450194122076027e+03
1.882134230562951188e+03 2.186374027110251518e+03
1.821863346060340518e+03 2.128477830334081318e+03
1.753763970307107684e+03 2.063616183842960254e+03
1.671491873825019411e+03 1.986217344949683138e+03
1.575776683711187843e+03 1.897040505593817443e+03
1.472521911726580811e+03 1.801424456951884167e+03
1.369760606171485279e+03 1.706522920721992250e+03
1.276012208759529813e+03 1.619808517029884797e+03
1.197438229225926307e+03 1.546575511359986422e+03
1.135044251206600165e+03 1.487559809078596800e+03
1.085094759510100857e+03 1.439393793316139181e+03
1.040742012470452892e+03 1.396081444620639104e+03
9.943157377377995090e+02 1.351002215434993559e+03
9.416991248564025909e+02 1.300670821351871382e+03
8.840352128145559618e+02 1.246144332880029879e+03
8.254795244169423540e+02 1.191023865782560961e+03
7.714093286596951202e+02 1.139866466022481518e+03
7.255493402869911961e+02 1.095745850631230496e+03
6.873395753757678222e+02 1.058102505444406006e+03
6.533306922467428421e+02 1.023998152818505901e+03
6.195127740563598309e+02 9.900959654321922017e+02
5.836810846133203086e+02 9.546088008674306593e+02
5.470400288972369935e+02 9.185651861765489912e+02
5.123677898432521260e+02 8.842363648637117421e+02
4.815538794361928012e+02 8.531169734890939935e+02
4.545010583559035240e+02 8.250794158239386888e+02
4.293384794155620625e+02 7.986026784308260176e+02
4.043631257431058543e+02 7.723421206363620968e+02
3.795216821894747454e+02 7.462718655635753748e+02
3.558972030898597154e+02 7.212367804920253320e+02
3.343796537040513499e+02 6.979025781605848806e+02
3.147044691639998177e+02 6.760418877819905674e+02
2.960484016957034896e+02 6.550203227009709508e+02
2.779337787234613870e+02 6.344819704988618696e+02
2.606893174754355300e+02 6.146690358955456759e+02
2.446730117316007522e+02 5.958319199136045654e+02
2.298001244876528233e+02 5.778950933494874107e+02
2.157131038004260688e+02 5.605958058668901458e+02
2.022980065904344542e+02 5.438505796764588922e+02
1.896852346927217354e+02 5.277437280348890454e+02
1.779032378041607103e+02 5.122855480600525198e+02
1.668215460688093685e+02 4.973807814201161932e+02
1.563478618300200367e+02 4.829632964166410147e+02
1.464998885026558639e+02 4.690390243804943111e+02
1.372713527973961902e+02 4.555970534567923096e+02
1.285890928067031496e+02 4.425861519908552850e+02
1.204256433958337453e+02 4.299837034360308508e+02
1.127593900826386175e+02 4.177719808115259070e+02
1.055615191017203642e+02 4.059292976469816381e+02
9.880472073668175881e+01 3.944353603635545937e+02
9.246319344823359643e+01 3.832712330810148273e+02
8.651256582029307651e+01 3.724192539541417091e+02
8.092982223169451572e+01 3.618629578644931257e+02
7.569323242494715487e+01 3.515870063352469401e+02
7.078234866892401556e+01 3.415774139129671880e+02
6.617799497883520132e+01 3.318217950470250912e+02
6.186205548026302381e+01 3.223086831422277214e+02
5.781740279995207032e+01 3.130273906129986017e+02
5.402785056329547331e+01 3.039679654969579587e+02
5.047810767785367858e+01 2.951211507389502344e+02
4.715373437494367437e+01 2.864783459050137822e+02
4.404109688709743864e+01 2.780316162175789714e+02
4.112729836593142352e+01 2.697741001281406170e+02
3.840016185971612117e+01 2.616997267778183982e+02
3.584821541554785540e+01 2.538028567083504470e+02
3.346065461700447230e+01 2.460782529091393940e+02
3.122730656322069720e+01 2.385210580324348371e+02
2.913859558400710981e+01 2.311267725680378362e+02
2.718551062133204255e+01 2.238912343008051664e+02
2.535957376240198968e+01 2.168107682647912213e+02
2.365281025153566929e+01 2.098823982085429805e+02
2.205772167132623807e+01 2.031034158999709689e+02
2.056725947882863537e+01 1.964712939949579322e+02
1.917479969045411181e+01 1.899836729670913940e+02
1.787411886624109414e+01 1.836383484566247830e+02
1.665937133600378317e+01 1.774332590233213693e+02
1.552506759049190599e+01 1.713664974164574346e+02
1.446605358576728229e+01 1.654365746240978297e+02
1.347749152919154447e+01 1.596422741331923874e+02
1.255484174676853470e+01 1.539824092266783282e+02
1.169384530630411767e+01 1.484558118534756659e+02
1.089050757395417968e+01 1.430613268764563486e+02
1.014108266397558467e+01 1.377978066003460924e+02
9.442058737854154060e+00 1.326641056983294504e+02
8.790143477992920396e+00 1.276592190251249832e+02
8.182250024343746375e+00 1.227825191964228395e+02
7.615486486403390209e+00 1.180333559197341344e+02
7.087144518626904421e+00 1.134109741919422731e+02
6.594688170902994528e+00 1.089145168184045076e+02
6.135743378312612961e+00 1.045430271170383207e+02
5.708088056346682038e+00 1.002954517981045939e+02
5.309642748452803929e+00 9.617066341630878412e+01
4.938461543761333949e+00 9.216774722392871411e+01
4.592723965985610057e+00 8.828588726738726677e+01
4.270727472245306799e+00 8.452409946840577959e+01
3.970880104287446422e+00 8.088123460354887584e+01
3.691693568053187935e+00 7.735598925815652649e+01
3.431776726166832603e+00 7.394691666887229076e+01
3.189829480217799773e+00 7.065243742904378621e+01
2.964636944504961402e+00 6.747090711154068288e+01
2.755063897609715706e+00 6.440074610510737330e+01
