2.240791626543665552e+04 2.220519529266353493e+04
2.270798591215999113e+04 2.249707328662766304e+04
2.300241021098587589e+04 2.278311089793976498e+04
2.329055545493339014e+04 2.306267984361747949e+04
2.357176595017955333e+04 2.333513193870904797e+04
2.384534286481385789e+04 2.359978064499204265e+04
2.411057067177088538e+04 2.385592467325205507e+04
2.436672308246292960e+04 2.410285329758491571e+04
2.461303967313955945e+04 2.433982395753316086e+04
2.484873537362767092e+04 2.456607150165080020e+04
2.507302116153906172e+04 2.478082819315094457e+04
2.528509096770147153e+04 2.498331163735413065e+04
2.548410307712255963e+04 2.517270758181356723e+04
2.566921451234641063e+04 2.534820224684639106e+04
2.583958595712865645e+04 2.550898712206089112e+04
2.599435617929025830e+04 2.565423548620520887e+04
2.613266117648581712e+04 2.578312035677238964e+04
2.625365502505574113e+04 2.589483398925370420e+04
2.635649765975915579e+04 2.598857700316255068e+04
2.644034755728683376e+04 2.606355198916425798e+04
2.650439265231912213e+04 2.611899190919685861e+04
2.654785613895788629e+04 2.615416582417171594e+04
2.656999022109345606e+04 2.616837457781424746e+04
2.657009005726723990e+04 2.616096283739650971e+04
2.654750485718384516e+04 2.613132889491273454e+04
2.650165505627201128e+04 2.607894272509976145e+04
2.643204064952837871e+04 2.600335424605196022e+04
2.633823193281930435e+04 2.590418213118987478e+04
2.621988970597010484e+04 2.578113370156247765e+04
2.607682535407658361e+04 2.563406524621345670e+04
2.590895052291739194e+04 2.546293055694512077e+04
2.571626509899097437e+04 2.526776823296071962e+04
2.549896877378995123e+04 2.504881255465264985e+04
2.525745155820382570e+04 2.480648354894884687e+04
2.499218578661451829e+04 2.454127891246952277e+04
2.470380408993327001e+04 2.425385139690558572e+04
2.439327413390952279e+04 2.394518251985784082e+04
2.406166918807830370e+04 2.361635376383108451e+04
2.371013115908896725e+04 2.326850978271242275e+04
2.334014924213185441e+04 2.290313715161153232e+04
2.295344059394519354e+04 2.252194495545704922e+04
2.255171523458687443e+04 2.212662978261158423e+04
2.213688224332113168e+04 2.171908380562397360e+04
2.171131001311499858e+04 2.130165732181643398e+04
2.127734100899205805e+04 2.087667058065744641e+04
2.083723800430653137e+04 2.044636144808593963e+04
2.039342612888361327e+04 2.001313867373591347e+04
1.994832655736076777e+04 1.957940967684529460e+04
1.950419648602505185e+04 1.914741482185976929e+04
1.906336425489895191e+04 1.871947387712378986e+04
1.862837509092292748e+04 1.829813950312386442e+04
1.820159081171738217e+04 1.788578068679182616e+04
1.778520372919428337e+04 1.748460156854037268e+04
1.738149653693825530e+04 1.709693073395546162e+04
1.699264418316100637e+04 1.672500184733774950e+04
1.662053891279783420e+04 1.637076831449688507e+04
1.626564247021818846e+04 1.603477658280816468e+04
1.592728208815228027e+04 1.571645474179484700e+04
1.560474556042723270e+04 1.541518803222204406e+04
1.529660548270570689e+04 1.512964480969342185e+04
1.500085753337423921e+04 1.485791047420778159e+04
1.471551268517971221e+04 1.459807248890163828e+04
1.443791295402532342e+04 1.434751435455822320e+04
1.416519651641390919e+04 1.410338629988044704e+04
1.389435867430589315e+04 1.386264918002433296e+04
1.362186792040050022e+04 1.362165595478656905e+04
1.334425925012067455e+04 1.337677357380409376e+04
1.305754709983585417e+04 1.312372153139384682e+04
1.275778997199522928e+04 1.285818040921195279e+04
1.244135847642207773e+04 1.257604095459483324e+04
1.210506389861330354e+04 1.227355295040393321e+04
1.174707883524437602e+04 1.194832785082573719e+04
1.136697994981351985e+04 1.159940948394751831e+04
1.096637667299327950e+04 1.122801949907090966e+04
1.054872406645063347e+04 1.083739756959172519e+04
1.011932114872892089e+04 1.043286851542474506e+04
9.684555854211148471e+03 1.002104684526643723e+04
9.251646916934774708e+03 9.609586927149814073e+03
8.827867336354687723e+03 9.206325386742582850e+03
8.420506270384132222e+03 8.819242214255880754e+03
8.036032129844728843e+03 8.455529432374916723e+03
7.680419883361484608e+03 8.121941713928094032e+03
7.358062909130509070e+03 7.823611604352453469e+03
7.071516068815313702e+03 7.563737097410265960e+03
6.820364498383382852e+03 7.342315489088231516e+03
6.601319235841941008e+03 7.156165019663159910e+03
6.407615432158027033e+03 6.998133391620656766e+03
6.230552396314347789e+03 6.858677679140937471e+03
6.059886707936069797e+03 6.726161793581911297e+03
5.885664708285064080e+03 6.588867232593528570e+03
5.699166394242449314e+03 6.436107364081403830e+03
5.494211864874815547e+03 6.259880086204073450e+03
5.268335604449069251e+03 6.056491011726198849e+03
5.023243478940902605e+03 5.827332901956535352e+03
4.764759522529371679e+03 5.579019078511984844e+03
4.501864278164323878e+03 5.322275923283481461e+03
4.245182930689667955e+03 5.070042533560984339e+03
4.005540747031040155e+03 4.835626711262140816e+03
3.792131497405809114e+03 4.630428091600962034e+03
3.610161623279839660e+03 4.461077852765420175e+03
3.458799622659675606e+03 4.326943527867679222e+03
3.331216793699278242e+03 4.220068527874552274e+03
3.217076714660001016e+03 4.127990448759631363e+03
3.105367995059420991e+03 4.037035471710019010e+03
2.986185672544173940e+03 3.934506080408716116e+03
2.852777321858276537e+03 3.811446966639728544e+03
2.704608382400787832e+03 3.666889282906428889e+03
2.548348726483828614e+03 3.509341864910265485e+03
2.394526437399116730e+03 3.352434577536863344e+03
2.253035406743736985e+03 3.208949817342798269e+03
2.130515193010052371e+03 3.087414078138943296e+03
2.028409613829694990e+03 2.989721191902446662e+03
1.941866251491798948e+03 2.909801792165006191e+03
1.861953935465004406e+03 2.836354376111994497e+03
1.779709443562074057e+03 2.757911260078447413e+03
1.689859481195408080e+03 2.667705323351666721e+03
1.593609708764170819e+03 2.567414830749296470e+03
1.497588277098182289e+03 2.465741367914371494e+03
1.408943263772234332e+03 2.371905020381072973e+03
1.332005384459851030e+03 2.291344622222709404e+03
1.266134140928303168e+03 2.223164688442116585e+03
1.205959255325816684e+03 2.160612624621203395e+03
1.145578339637339468e+03 2.096385862901392102e+03
1.082416058032782530e+03 2.027447041298720023e+03
1.018368399390771060e+03 1.956350284730126987e+03
9.579737355902329909e+02 1.888760008789427502e+03
9.041874174364153305e+02 1.828198854139671084e+03
8.562643188578870195e+02 1.773676998511445845e+03
8.110510645830341900e+02 1.721454343886967990e+03
7.658537811640494510e+02 1.668491555481951536e+03
7.208281836517918464e+02 1.615124006205693604e+03
6.781711534651095690e+02 1.563920773889318752e+03
6.393339208390365229e+02 1.516458721237166628e+03
6.036482618937698135e+02 1.471947806150439192e+03
5.693987034657735649e+02 1.428568331880216874e+03
5.359311283986904755e+02 1.385715254187095752e+03
5.040110239247869686e+02 1.344227213569319474e+03
4.744420795121371270e+02 1.304888707389066894e+03
4.468843155733460435e+02 1.267335749965941432e+03
4.205686824520932987e+02 1.230851657660050250e+03
3.953560478538540792e+02 1.195339803351950650e+03
3.716403133206594021e+02 1.161150248164571394e+03
3.494749552190303348e+02 1.128304903951469441e+03
3.285094436291702209e+02 1.096504285133364647e+03
3.085879352371100026e+02 1.065626998044964239e+03
2.898273736700290897e+02 1.035751457952932697e+03
2.722123502389793543e+02 1.006845936195681020e+03
2.555734327331290103e+02 9.787788896093950370e+02
2.398769059884302806e+02 9.515132590832133701e+02
2.250953260055652265e+02 9.250151257792751949e+02
2.111781769044193879e+02 8.992347604390384959e+02
1.980772137336956007e+02 8.741258339295949327e+02
1.857467936628090683e+02 8.496455683381328754e+02
1.741437442425448694e+02 8.257545123365240443e+02
1.632276803045604368e+02 8.024152378732084117e+02
1.529610153853200245e+02 7.795916093497082784e+02
1.433080388875517883e+02 7.572504706651370725e+02
1.342347694871485260e+02 7.353616621217670399e+02
1.257088897546033905e+02 7.138978648649944034e+02
1.176996817910099793e+02 6.928344562558153257e+02
1.101779639953258254e+02 6.721493746445148645e+02
1.031160227324152885e+02 6.518231022222657884e+02
9.648746157726372985e+01 6.318401863756427019e+02
9.026718972577619127e+01 6.121885459309047519e+02
8.443145282522755224e+01 5.928578270050784340e+02
7.895777263128165657e+01 5.738392663042169488e+02
7.382488629593154883e+01 5.551256020578036896e+02
6.901268797236336638e+01 5.367109863248711008e+02
6.450217269055653446e+01 5.185908982581023565e+02
6.027538386549839799e+01 5.007630326327801527e+02
5.631536835031412380e+01 4.832322156329561835e+02
5.260611925693462609e+01 4.660056956753156214e+02
4.913252478215929386e+01 4.490904090136770606e+02
4.588032315167053810e+01 4.324929471555462897e+02
4.283605946507179851e+01 4.162195325452531733e+02
3.998704438069697176e+01 4.002759957239509845e+02
3.732131458448247230e+01 3.846677555350185003e+02
3.482759096388498676e+01 3.694013985209033422e+02
3.249523661575538114e+01 3.544872867662930389e+02
3.031423428368523076e+01 3.399351159894381453e+02
2.827515518329234467e+01 3.257530518329332949e+02
2.636912698322750970e+01 3.119477893036138312e+02
2.458780333751042946e+01 2.985246154185935552e+02
2.292333490813744490e+01 2.854874744813113239e+02
2.136834179312785409e+01 2.728390514364642740e+02
1.991588629886999584e+01 2.605815299962503104e+02
1.855944804415689475e+01 2.487167724082594873e+02
1.729290201542108107e+01 2.372453469241068547e+02
1.611049619145871503e+01 2.261665441190655770e+02
1.500683020601779560e+01 2.154784737333745284e+02
1.397683512655439486e+01 2.051781602993697220e+02
1.301575429856553612e+01 1.952616370165743831e+02
1.211912508017961088e+01 1.857240340836364965e+02
1.128276030648182449e+01 1.765596307670213037e+02
1.050273299516778280e+01 1.677619632639344047e+02
9.775362154089151545e+00 1.593239386018446453e+02
9.097198165214981813e+00 1.512379130224452410e+02
8.465008955983014616e+00 1.434957660553080530e+02
7.875766942507637758e+00 1.360889707857225801e+02
7.326636705660452442e+00 1.290086602173563222e+02
