2.701733486199729668e+04 2.694282692717347527e+04
2.713717076145576357e+04 2.706028244164501302e+04
2.723973050966421579e+04 2.716044274623434467e+04
2.732418436760427358e+04 2.724248385204987790e+04
2.738971814557861944e+04 2.730559791837048397e+04
2.743554527745118321e+04 2.734900514117037528e+04
2.746086114153750532e+04 2.737190849221875033e+04
2.746486712746967532e+04 2.737351762841573509e+04
2.744681183662127296e+04 2.735308977498669992e+04
2.740595847225033503e+04 2.730989765360602541e+04
2.734154313994420954e+04 2.724318846741249217e+04
2.725285765589572475e+04 2.715226556317570430e+04
2.713926017627696638e+04 2.703649901840882012e+04
2.700011818001408028e+04 2.689527008115661010e+04
2.683485128177785737e+04 2.672801307364974127e+04
2.664297627572980127e+04 2.653425944633858307e+04
2.642407571633836778e+04 2.631360765322788575e+04
2.617777631318397107e+04 2.606570247933545397e+04
2.590382042157091200e+04 2.579030404342064503e+04
2.560207476794785180e+04 2.548729662936291061e+04
2.527250646173391942e+04 2.515666762535060843e+04
2.491521107588345330e+04 2.479853306793234151e+04
2.453043301979736498e+04 2.441315625634079697e+04
2.411858078025003852e+04 2.400096565996979189e+04
2.368023323187027927e+04 2.356256196078548965e+04
2.321612426190052793e+04 2.309869827131962302e+04
2.272716585292642048e+04 2.261030374704962742e+04
2.221454782121636163e+04 2.209858767136569804e+04
2.167963448989292738e+04 2.156493138286590329e+04
2.112391949930811461e+04 2.101084095561883441e+04
2.054920699978966150e+04 2.043813212886278052e+04
1.995760182814917061e+04 1.984892033805024766e+04
1.935126382378452763e+04 1.924537017549547090e+04
1.873250534096113188e+04 1.862979377427102372e+04
1.810413334829392988e+04 1.800499615823996282e+04
1.746899145903304452e+04 1.737381371914155170e+04
1.682983161157241921e+04 1.673898505463079709e+04
1.618982914832796632e+04 1.610366591050441275e+04
1.555241957689761693e+04 1.547126699830714097e+04
1.492072888395125119e+04 1.484488596523771412e+04
1.429783467554771960e+04 1.422756612952523756e+04
1.368731484779586572e+04 1.362284005110796897e+04
1.309239814382699478e+04 1.303389161372077069e+04
1.251584935985893208e+04 1.246344271637055863e+04
1.196072436610689147e+04 1.191448811239688439e+04
1.143004252513131541e+04 1.138998022037460578e+04
1.092619919561709503e+04 1.089226089624786800e+04
1.045111283079082204e+04 1.042319506364890731e+04
1.000641266361016824e+04 9.984340948785466026e+03
9.593309234977632514e+03 9.576852323416491345e+03
9.212666891057113389e+03 9.201549925979381442e+03
8.865282615137217363e+03 8.859159671274639550e+03
8.551846171781016892e+03 8.550294726718921083e+03
8.272836405759766421e+03 8.275376049629485351e+03
8.026690876248450877e+03 8.032822482321284951e+03
7.809554464248240947e+03 7.818794692622910588e+03
7.617878342441073073e+03 7.629755079991506136e+03
7.448430091944728701e+03 7.462485795808442163e+03
7.298200306609493055e+03 7.313998383512562214e+03
7.164354217767062437e+03 7.181476795614683397e+03
7.042722696508746594e+03 7.060818347465373336e+03
6.928287939151591672e+03 6.947101682218517453e+03
6.815812511950307453e+03 6.835202655718270762e+03
6.698625094879707831e+03 6.718640173495677118e+03
6.570122785571665190e+03 6.591008094852416434e+03
6.423957064133351196e+03 6.446190669240744683e+03
6.254352616040253452e+03 6.278646422302260362e+03
6.057424842892558445e+03 6.084690564047894441e+03
5.831450316440899769e+03 5.862752004305661103e+03
5.577106297827971503e+03 5.613574342332432934e+03
5.297879309879253924e+03 5.340621398201943521e+03
4.998503752244080715e+03 5.048539745120150656e+03
4.684815252752810011e+03 4.743026540326420218e+03
4.364192761909801447e+03 4.431229301496525295e+03
4.045019021244944724e+03 4.121246325886974773e+03
3.736327347401733732e+03 3.821768238710872538e+03
3.446828366022448336e+03 3.541154140079307581e+03
3.185330627561277197e+03 3.287774184517133108e+03
2.958252904799875068e+03 3.067762540110127702e+03
2.769538539251419024e+03 2.884761917210092179e+03
2.620451014289205432e+03 2.739900735708235061e+03
2.508545467673413441e+03 2.630706014691872952e+03
2.429338089013776425e+03 2.552778328098821476e+03
2.375892337234401566e+03 2.499389245261823362e+03
2.339544354012159147e+03 2.462204605324157001e+03
2.310345312472829846e+03 2.431711524460698001e+03
2.277531601407053131e+03 2.397688690051090362e+03
2.231238001359177815e+03 2.350826774540377301e+03
2.163674302893939057e+03 2.283826550963876798e+03
2.070612268906626014e+03 2.192797425778103843e+03
1.951938741527494585e+03 2.077748358251904847e+03
1.812307068752367286e+03 1.943165155832732580e+03
1.661342067068344249e+03 1.798193997460705987e+03
1.512253606816472484e+03 1.655287394769241700e+03
1.377690043948729681e+03 1.526289676745712313e+03
1.266243284006514386e+03 1.419192198124254219e+03
1.181465698083359484e+03 1.337217481682110019e+03
1.122976730493896639e+03 1.279891041296490130e+03
1.086957145911472480e+03 1.243536629973571507e+03
1.065524307404142974e+03 1.220729729858077690e+03
1.047218310997418712e+03 1.200783291778299372e+03
1.020964965325460525e+03 1.173443095840354772e+03
9.799417069564832445e+02 1.132453224645274759e+03
9.225942010042301717e+02 1.076461439700026403e+03
8.527188295395255864e+02 1.009056651017658282e+03
7.789982832927280469e+02 9.382918997431604566e+02
7.115231354861901991e+02 8.734415244192308592e+02
6.575207771261581229e+02 8.210772302495182657e+02
6.196403937163910314e+02 7.835345786198392943e+02
5.952824702666550820e+02 7.583544452216486889e+02
5.772405263871413581e+02 7.389228474963841791e+02
5.575587229220567451e+02 7.180067522799297421e+02
5.309666099128147607e+02 6.908609804000592476e+02
4.963425705867996953e+02 6.565261411643622296e+02
4.576815977272215719e+02 6.186556353892733569e+02
4.215464331844210051e+02 5.831648117433304606e+02
3.925301802921097192e+02 5.541386070889260509e+02
3.714527082779463854e+02 5.322547888094670725e+02
3.552915165467010752e+02 5.147751505285142457e+02
3.391498369312905083e+02 4.973368071034398668e+02
3.199704157492701029e+02 4.772491648569523477e+02
2.981059552108147841e+02 4.548538965814011021e+02
2.764434527080942416e+02 4.327092226167808917e+02
2.579831232003337504e+02 4.134340770610538129e+02
2.433221927544748269e+02 3.975205817656962495e+02
2.306019403166331756e+02 3.833292630629036353e+02
2.175868397410864361e+02 3.689204974803514574e+02
2.035674036226988051e+02 3.536943018990469341e+02
1.897252967250951770e+02 3.386762338818052740e+02
1.774507125412747257e+02 3.250505599518400572e+02
1.669466433804357166e+02 3.129752504440042458e+02
1.571707541651315125e+02 3.015573785986671851e+02
1.473473236538686422e+02 2.901440590836450610e+02
1.376708611482080187e+02 2.789029489337217456e+02
1.287961516907439261e+02 2.683786248810428106e+02
1.208370603879724996e+02 2.586582354887532915e+02
1.133554105662789624e+02 2.493754378879739875e+02
1.060858917843846001e+02 2.403126187555730553e+02
9.919820887783511409e+01 2.316080175685064262e+02
9.287241329402284862e+01 2.234041366215814151e+02
8.698120917658307860e+01 2.155949870070440113e+02
8.138135080191261750e+01 2.080647906609139284e+02
7.609465127729862388e+01 2.008294956374615765e+02
7.118351315899374754e+01 1.939362007342754168e+02
6.658483020082799442e+01 1.873347470437324205e+02
6.226470877509653690e+01 1.809960437419636321e+02
5.820895554490385848e+01 1.749069964133816200e+02
5.440385518042852908e+01 1.690553185694255660e+02
5.083612176014095496e+01 1.634294247874577763e+02
4.749291817398485449e+01 1.580183867258154464e+02
4.436187062070195708e+01 1.528118921691227001e+02
4.143107707432268683e+01 1.478002050837203001e+02
3.868879940658819550e+01 1.429737636795420599e+02
3.612320713809914707e+01 1.383227680709243543e+02
3.372311324906041818e+01 1.338379394530630293e+02
3.147803565730950837e+01 1.295105958263292791e+02
2.937815237352214837e+01 1.253326120741794227e+02
2.741425957403070157e+01 1.212963830675719663e+02
2.557773239541354471e+01 1.173947895375520147e+02
2.386049430528383297e+01 1.136211810365365551e+02
2.225506338149201113e+01 1.099695510130978136e+02
2.075447375778873393e+01 1.064344302104854449e+02
1.935216844729175989e+01 1.030106769321931068e+02
1.804197561478400402e+01 9.969345234963893176e+01
1.681808802098086630e+01 9.647820224458730820e+01
1.567504339630753485e+01 9.336063994021377255e+01
1.460770571574886034e+01 9.033673032945007719e+01
1.361124202830011853e+01 8.740269503969513210e+01
1.268109098295069082e+01 8.455505910867236707e+01
1.181296814270680429e+01 8.179056528283400951e+01
1.100285614466699613e+01 7.910613816433547640e+01
1.024698877470588165e+01 7.649887369045025309e+01
9.541835939184077020e+00 7.396602921905385131e+01
8.884089486962512439e+00 7.150501417705649487e+01
8.270649882012740761e+00 6.911338251190670690e+01
7.698615549602945585e+00 6.678888243385455326e+01
7.165271086935217859e+00 6.452946279533850316e+01
6.668072941257609187e+00 6.233317924586687298e+01
6.204638821939365556e+00 6.019818160943536611e+01
5.772737948141893227e+00 5.812270847540127505e+01
5.370281849770250027e+00 5.610508206001922815e+01
4.995315693082750030e+00 5.414370332315301226e+01
4.646009934902560978e+00 5.223705361972053396e+01
4.320651485407228876e+00 5.038373522766220702e+01
4.017637527690946619e+00 4.858243322204102554e+01
3.735469421034754323e+00 4.683188297442691805e+01
3.472746176422087050e+00 4.513086694306312552e+01
3.228158316777832937e+00 4.347821183461289962e+01
3.000482106186511899e+00 4.187278590497189867e+01
2.788574127185879714e+00 4.031349642353423945e+01
2.591366183401954792e+00 3.879930197547566451e+01
2.407860511218619770e+00 3.732923046298856917e+01
2.237125294582406720e+00 3.590233985928391292e+01
2.078290447614701719e+00 3.451770998521668332e+01
1.930543654810273013e+00 3.317444115887973055e+01
1.793126655192324614e+00 3.187165292471799560e+01
1.665331756158230814e+00 3.060848285970518390e+01
1.546498558440752014e+00 2.938408702096525360e+01
1.436010801882805943e+00 2.819766708566395863e+01
1.333293530629139578e+00 2.704846103417714787e+01
