1.828004606712216992e+04 1.817776314901119622e+04
1.847068943773433421e+04 1.836446805854245758e+04
1.865427069552935791e+04 1.854402118529971995e+04
1.883028373520374953e+04 1.871591846623412130e+04
1.899820154723160522e+04 1.887963669142172148e+04
1.915748865517830927e+04 1.903464525996846714e+04
1.930761087775634223e+04 1.918041541432643862e+04
1.944802094705775744e+04 1.931640595780600415e+04
1.957815237112624163e+04 1.944205718692241862e+04
1.969744359127574353e+04 1.955681494670467509e+04
1.980533710680446529e+04 1.966012988016170129e+04
1.990125827063010729e+04 1.975143683181744564e+04
1.998463643479195161e+04 1.983017554288422616e+04
2.005491704911217676e+04 1.989580251306384889e+04
2.011154641799682213e+04 1.994777631119747821e+04
2.015397093218571172e+04 1.998555692392056153e+04
2.018166146732054403e+04 2.000862947450151114e+04
2.019411214935005046e+04 2.001650319674088314e+04
2.019082347836183544e+04 2.000869551116478033e+04
2.017132511140934366e+04 1.998475382804809124e+04
2.013518655101627883e+04 1.994426585964174228e+04
2.008201502002328562e+04 1.988685852566211906e+04
2.001145928497454224e+04 1.981220164448347714e+04
1.992321901327155138e+04 1.972001606111310684e+04
1.981705307646883011e+04 1.961008234472685945e+04
1.969279412336252426e+04 1.948225662394192477e+04
1.955033851086685536e+04 1.933645873071101960e+04
1.938964823615221758e+04 1.917267362483494435e+04
1.921079759671051943e+04 1.899099955982363099e+04
1.901396354373417489e+04 1.879163776047798456e+04
1.879938815835225614e+04 1.857485321178598315e+04
1.856742241930718956e+04 1.834101897161472516e+04
1.831860277170328118e+04 1.809069382489929558e+04
1.805354063013281484e+04 1.782450957262439260e+04
1.777291257391823819e+04 1.754316077218457212e+04
1.747762036338782491e+04 1.724756587687645515e+04
1.716871257159876041e+04 1.693878795391871245e+04
1.684725726893985848e+04 1.661790623569699892e+04
1.651446163742666977e+04 1.628613575020751159e+04
1.617181213609768565e+04 1.594496740656995280e+04
1.582079784854047284e+04 1.559589108652770847e+04
1.546289913500209150e+04 1.524038416208549825e+04
1.509987826774708265e+04 1.488020020786590976e+04
1.473358193528138690e+04 1.451717289181856177e+04
1.436574361135900290e+04 1.415301998750645726e+04
1.399815544526929443e+04 1.378951270981878588e+04
1.363279032708420164e+04 1.342859604805480376e+04
1.327147998320672014e+04 1.307207273231781619e+04
1.291591073801678067e+04 1.272159889486257089e+04
1.256780641352628118e+04 1.237885998383110928e+04
1.222879290759728065e+04 1.204544188130466318e+04
1.190030768398527471e+04 1.172274497194466130e+04
1.158350591277238527e+04 1.141188823156772378e+04
1.127923578257036570e+04 1.111368383086395443e+04
1.098821666157321670e+04 1.082881902438450379e+04
1.071100260623397298e+04 1.055781974307686323e+04
1.044770916862691411e+04 1.030077613805279361e+04
1.019829254664050131e+04 1.005762231568438801e+04
9.962592833715203597e+03 9.828182906283122065e+03
9.738896516983517358e+03 9.610779421833023662e+03
9.524404098316083036e+03 9.402680842260664576e+03
9.316525673111973447e+03 9.201358431002421639e+03
9.113149299442284246e+03 9.004756963793510295e+03
8.912553606419491189e+03 8.811206589354567768e+03
8.713046101736328637e+03 8.619063905147108017e+03
8.512200263108330546e+03 8.425986682838427441e+03
8.307437197260407629e+03 8.229482565032159982e+03
8.096155329385886944e+03 8.027041057245499360e+03
7.875488459183405212e+03 7.815910589120349869e+03
7.643000846857295073e+03 7.593742535129783391e+03
7.397190403989457081e+03 7.359110017598411105e+03
7.137278598843918189e+03 7.111271928975964329e+03
6.864430462556089878e+03 6.851364069479413047e+03
6.581129311329809752e+03 6.581791267302246524e+03
6.290941721321022669e+03 6.305988640206158379e+03
5.998201363876283722e+03 6.028127136635836905e+03
5.707590392067989342e+03 5.752691575256668330e+03
5.423842753086580160e+03 5.484211385045158750e+03
5.151354196953088831e+03 5.226864175034107575e+03
4.894072201758690426e+03 4.984394301025457025e+03
4.655799895925310011e+03 4.760379774440349138e+03
4.439563556046651684e+03 4.557654207062144451e+03
4.247367363667963218e+03 4.378042471521870539e+03
4.079579030297129066e+03 4.221844354895899414e+03
3.934007432685058575e+03 4.086900973483446251e+03
3.806796679909047725e+03 3.969495653391315500e+03
3.691957852787242246e+03 3.863895081913511603e+03
3.583064691771387970e+03 3.763964360606245918e+03
3.473632547006206096e+03 3.663514189095681559e+03
3.358174866412991832e+03 3.557317316935383133e+03
3.232677299622863302e+03 3.441538941332145441e+03
3.095287674907042401e+03 3.314417616813128916e+03
2.946830523073949735e+03 3.176747710321701106e+03
2.790380277668057715e+03 3.031469338489086567e+03
2.630796629088882128e+03 2.883224781843836809e+03
2.473765752857642838e+03 2.737415985585166254e+03
2.325332103193514286e+03 2.599749838183770407e+03
2.191262321061434704e+03 2.475634824639435010e+03
2.075666962096053794e+03 2.368869386547237355e+03
1.978900021770801914e+03 2.279712418681734107e+03
1.897416648840439848e+03 2.204781789509321243e+03
1.825497418975606706e+03 2.138678347572096300e+03
1.757315470039664660e+03 2.075925325991240243e+03
1.687624255246206758e+03 2.011603101747111168e+03
1.611994897760251888e+03 1.941571975889993382e+03
1.528734639977249572e+03 1.864277140593913600e+03
1.440507750697682013e+03 1.782255046990787832e+03
1.352647510658042393e+03 1.700516613081963669e+03
1.270029801456468249e+03 1.623598061810585023e+03
1.196304593013266185e+03 1.554845416893361289e+03
1.133093836425290192e+03 1.495696193397905063e+03
1.078983763619186220e+03 1.444792197898211271e+03
1.030214032508731407e+03 1.398646579673332553e+03
9.826117268750969060e+02 1.353429210850059235e+03
9.329362974795077434e+02 1.306197281418638340e+03
8.805938007669905119e+02 1.256449038284443986e+03
8.280013416176209375e+02 1.206418127022888939e+03
7.781672258142353940e+02 1.158836025555694505e+03
7.331623790379504726e+02 1.115542073659255266e+03
6.935846435452265268e+02 1.077028388020514285e+03
6.578093331316661079e+02 1.041812358913701928e+03
6.234289820503386181e+02 1.007749747459413356e+03
5.890184684998986313e+02 9.735985331385155632e+02
5.545695131567712224e+02 9.393769339387540640e+02
5.214455658885041203e+02 9.062877621649397497e+02
4.909602036163051935e+02 8.754566604555129743e+02
4.632006875996972326e+02 8.469335841098147739e+02
4.373888587806548571e+02 8.200359583522134699e+02
4.125336479466394053e+02 7.939229914122734044e+02
3.882945797616898744e+02 7.683186377236839917e+02
3.651183714117478871e+02 7.436001508202451760e+02
3.434997114581975097e+02 7.201676166745726277e+02
3.234295213404502078e+02 6.979995920614049965e+02
3.044979762541574928e+02 6.767566325618801102e+02
2.864050741593110843e+02 6.561984153631456138e+02
2.691671663577926097e+02 6.363382086511372790e+02
2.529751969565677996e+02 6.173193310274454007e+02
2.378040169230580148e+02 5.991139711969099153e+02
2.234893205466086954e+02 5.815915700666475914e+02
2.099185639393879512e+02 5.646649692828683555e+02
1.971093708350587121e+02 5.483431407846671846e+02
1.850717756700151426e+02 5.326273276942922621e+02
1.737384177521191191e+02 5.174639959857420308e+02
1.630437074733617351e+02 5.028029409395790594e+02
1.529650787592891845e+02 4.886242021012587884e+02
1.434862495051448548e+02 4.749116504330782504e+02
1.345656135327596985e+02 4.616331615192840445e+02
1.261688732458388387e+02 4.487620395811235312e+02
1.182693865226915619e+02 4.362770717565377367e+02
1.108416998369099673e+02 4.241579651414205614e+02
1.038596745132848014e+02 4.123848443828464383e+02
9.729798276348572017e+01 4.009388963187464014e+02
9.113264320766737114e+01 3.898025749671316476e+02
8.534095538287913030e+01 3.789595262850225481e+02
7.990143690373992058e+01 3.683945184292985573e+02
7.479376336041708839e+01 3.580933770973932724e+02
6.999871537720530057e+01 3.480429396348565660e+02
6.549821863773971131e+01 3.382313106391047768e+02
6.127526090834906114e+01 3.286477695354919319e+02
5.731372942528869885e+01 3.192823774177341534e+02
5.359836550426296498e+01 3.101259197461375834e+02
5.011472567536745260e+01 3.011698673397220887e+02
4.684914408688965182e+01 2.924063395693545999e+02
4.378869617444811269e+01 2.838280695621854761e+02
4.092114902383686115e+01 2.754285012225010405e+02
3.823490040939313417e+01 2.672020342933780057e+02
3.571899427537145755e+01 2.591436076490622895e+02
3.336309818641766611e+01 2.512485780254355063e+02
3.115747067906131562e+01 2.435126961683332070e+02
2.909293011602337131e+01 2.359320838455361411e+02
2.716082498898295938e+01 2.285032116429273401e+02
2.535300599296211033e+01 2.212229082483980278e+02
2.366180332933572217e+01 2.140887064611380879e+02
2.207999821856456180e+01 2.070986477622893744e+02
2.060079473330387856e+01 2.002509558235068994e+02
1.921779680988493411e+01 1.935440153041938629e+02
1.792498644582752121e+01 1.869763577288420322e+02
1.671670295571355780e+01 1.805466477251814297e+02
1.558762323542466532e+01 1.742536708210663789e+02
1.453274122636707055e+01 1.680965857900188780e+02
1.354734858180156110e+01 1.620751910804641227e+02
1.262702201189435236e+01 1.561893233628011046e+02
1.176760760635462510e+01 1.504387633559561834e+02
1.096520536672912272e+01 1.448232318031777481e+02
1.021615455632655589e+01 1.393423857683762321e+02
9.517019829762695338e+00 1.339958152600677863e+02
8.864577993671218792e+00 1.287831172845310448e+02
8.255804854499679379e+00 1.237044260751650597e+02
7.687864175783623466e+00 1.187599885263315684e+02
7.158097045421452975e+00 1.139498246932111130e+02
6.664011326435014482e+00 1.092737344191819062e+02
6.203271691518699171e+00 1.047313066953341973e+02
5.773690215418368687e+00 1.003219292121299731e+02
5.373217491481630859e+00 9.604480176768484512e+01
4.999933957324385503e+00 9.189916347566766319e+01
4.652041938043283587e+00 8.788437600663121430e+01
4.327858718048303466e+00 8.399957191119551680e+01
4.025809533250166439e+00 8.024363950570392490e+01
3.744420924521958405e+00 7.661524099984640657e+01
3.482314479038256749e+00 7.311283032961772221e+01
