1.861994781095672079e+04 1.847126066869089482e+04
1.887623609526069413e+04 1.872134923901235379e+04
1.912773576564205359e+04 1.896648334352864549e+04
1.937389139954431448e+04 1.920610955562078016e+04
1.961413450246010325e+04 1.943966224310596590e+04
1.984786239135032156e+04 1.966654449888025192e+04
2.007444921896031155e+04 1.988613837506124037e+04
2.029326101348397060e+04 2.009781876017202740e+04
2.050364378104258140e+04 2.030094172919022094e+04
2.070491270015262489e+04 2.049483399718262808e+04
2.089637691798570086e+04 2.067881735821086841e+04
2.107734041597855685e+04 2.085220969745438197e+04
2.124707764739765480e+04 2.101430178359196361e+04
2.140485338266709368e+04 2.116437642079608850e+04
2.154993855963590977e+04 2.130172375114542228e+04
2.168159542403529485e+04 2.142562720040249042e+04
2.179907288799626622e+04 2.153535919750729590e+04
2.190163436289393212e+04 2.163020787088781071e+04
2.198855876298137082e+04 2.170947820500942908e+04
2.205912378867639200e+04 2.177247656316736902e+04
2.211262779058764863e+04 2.181853137381804117e+04
2.214840238804806359e+04 2.184700514765264597e+04
2.216581120095761435e+04 2.185729410972394544e+04
2.216425414673114938e+04 2.184883242361261364e+04
2.214317869701270320e+04 2.182110214307172282e+04
2.210209083083500809e+04 2.177364423301060378e+04
2.204057551599245562e+04 2.170607972939623505e+04
2.195828428490027363e+04 2.161809606368924506e+04
2.185493770764409419e+04 2.150944900372832853e+04
2.173038353616320092e+04 2.138002097464484541e+04
2.158458814208687909e+04 2.122981203365885813e+04
2.141759164834194235e+04 2.105889428535934712e+04
2.122956053064943626e+04 2.086746412083051109e+04
2.102087782942398553e+04 2.065593192546123100e+04
2.079201814914968782e+04 2.042479687174427454e+04
2.054354090309154708e+04 2.017463988607544161e+04
2.027629034046719244e+04 1.990632250996549192e+04
1.999129559710983813e+04 1.962088695588338669e+04
1.968962216643750799e+04 1.931940805567238203e+04
1.937251035675312232e+04 1.900313129241813294e+04
1.904151173814081267e+04 1.867360863322026489e+04
1.869819676105518738e+04 1.833240679165991241e+04
1.834417267063180407e+04 1.798112519462856289e+04
1.798151407666549494e+04 1.762182510661711058e+04
1.761244216865194176e+04 1.725670982131502024e+04
1.723906141790318725e+04 1.688786270260433230e+04
1.686337912064219927e+04 1.651727185681269111e+04
1.648731363030688590e+04 1.614684095106503810e+04
1.611264949341483225e+04 1.577833770016153721e+04
1.574117849626670250e+04 1.541353469391202088e+04
1.537535554502203013e+04 1.505486517026924776e+04
1.501769633223051642e+04 1.470482200957683381e+04
1.467047221467384225e+04 1.436565441856658254e+04
1.433551757397350593e+04 1.403918989596093525e+04
1.401423126311627675e+04 1.372683769495711567e+04
1.370785262308285928e+04 1.342984898912592689e+04
1.341699929692498154e+04 1.314886691517391046e+04
1.314091171904197836e+04 1.288318993478754055e+04
1.287866361747010706e+04 1.263195225952269902e+04
1.262908279567526188e+04 1.239404577284566949e+04
1.239023636894762785e+04 1.216761508000033791e+04
1.216017539841936559e+04 1.195078442181703031e+04
1.193668396850551471e+04 1.174140550881188574e+04
1.171711853415622681e+04 1.153689508114062482e+04
1.149887898261836199e+04 1.133469753091555140e+04
1.127882471905828424e+04 1.113168904538259994e+04
1.105371842378644033e+04 1.092462102782546572e+04
1.082014556650487066e+04 1.071002440587993806e+04
1.057445042037039639e+04 1.048413600813907942e+04
1.031339158822018726e+04 1.024356263860113722e+04
1.003425526694106884e+04 9.985384398440810401e+03
9.735280689332390466e+03 9.707607930526823111e+03
9.416552350047573782e+03 9.410087535877639311e+03
9.079453003073795117e+03 9.093993206041339363e+03
8.727553543416281173e+03 8.762757117176368411e+03
8.365493988748690754e+03 8.420939029867000500e+03
7.999238830166422304e+03 8.074516309070603711e+03
7.635070201081593041e+03 7.729845058276107920e+03
7.279386330451650792e+03 7.393459514545572347e+03
6.938545982207131601e+03 7.071890864383236476e+03
6.618259586939367182e+03 6.771063205358241248e+03
6.323575676020451283e+03 6.496244539830729082e+03
6.058497312173916725e+03 6.251690925154563047e+03
5.824738836563412406e+03 6.039331667670643583e+03
5.622049672066675157e+03 5.859115051889199094e+03
5.446691587577426617e+03 5.707382368653111371e+03
5.292752033633045357e+03 5.578169524025281135e+03
5.152061037589207444e+03 5.463040553137558163e+03
5.015654050284146251e+03 5.352533689503252390e+03
4.874779422695412904e+03 5.237187250866575596e+03
4.721913199251670449e+03 5.108622009748663004e+03
4.551988601387633935e+03 4.960952826852003454e+03
4.363136927902518437e+03 4.791709432428825494e+03
4.157300650262647650e+03 4.602651933149994875e+03
3.940038141532837926e+03 4.399656948578989613e+03
3.719389753707176169e+03 4.191477465292522538e+03
3.504751268369871013e+03 3.988465843368765491e+03
3.305637232887730079e+03 3.801154888302156905e+03
3.130039269041800708e+03 3.638416689740552556e+03
2.982049887877668880e+03 3.504874250114201459e+03
2.860192630512812229e+03 3.399088375171950247e+03
2.757982883675511403e+03 3.314104185575398333e+03
2.666306061565253458e+03 3.239939063252507822e+03
2.575656700169387022e+03 3.165956977726807509e+03
2.477476161902286549e+03 3.082341317196227919e+03
2.366168151383965323e+03 2.982492532547026258e+03
2.241966203091339139e+03 2.866503367426322711e+03
2.111304927532145030e+03 2.741709379788600927e+03
1.983407327868338825e+03 2.618720750749152558e+03
1.866608642343690462e+03 2.507094056345516492e+03
1.766372025083034032e+03 2.413048961663194405e+03
1.683456121957248797e+03 2.337463067479665824e+03
1.613199004898478961e+03 2.275098168667946084e+03
1.547776106127933645e+03 2.217097204486894498e+03
1.479688142243826178e+03 2.154894726253127374e+03
1.404678722656811260e+03 2.083611574639057835e+03
1.324419377942767369e+03 2.005230221899361140e+03
1.244808440969071626e+03 1.926599345231599500e+03
1.171811066615220852e+03 1.854549845369898776e+03
1.108820847614197646e+03 1.792880393312067781e+03
1.054872925168825532e+03 1.740450397539958885e+03
1.005186956344373471e+03 1.691881971301051863e+03
9.549653736795099803e+02 1.641842725104347437e+03
9.023473439768790740e+02 1.588348258848048090e+03
8.492197444066948719e+02 1.533610630759964124e+03
7.994278852130532869e+02 1.481923104878992945e+03
7.551612255532747895e+02 1.435640551370392586e+03
7.155736750762875999e+02 1.393790613651734475e+03
6.779961897169206395e+02 1.353504978024199545e+03
6.403534971389956354e+02 1.312640142934553751e+03
6.029835613514687793e+02 1.271639743106711421e+03
5.677166202162400168e+02 1.232446387621113672e+03
5.355889744584009122e+02 1.196097538529807935e+03
5.059433568423858105e+02 1.161897273322153524e+03
4.774093237758977466e+02 1.128496334702127569e+03
4.495714606074640756e+02 1.095536144687828710e+03
4.230919510090967606e+02 1.063683039730382916e+03
3.985396864467639944e+02 1.033462392078925404e+03
3.755873091752598611e+02 1.004555481171698489e+03
3.536460148965314261e+02 9.764397610797764173e+02
3.326557410073477286e+02 9.490814803648891029e+02
3.129173738415467483e+02 9.227402425898964111e+02
2.944329845246361970e+02 8.974060371977960813e+02
2.769283674821276691e+02 8.728530003708782488e+02
2.603034226131111950e+02 8.490055949347213300e+02
2.446447637675445037e+02 8.259252938001150142e+02
2.299218182201580873e+02 8.035798013685442811e+02
2.160070399166105801e+02 7.818728803725208536e+02
2.028705831583012866e+02 7.607771810604331222e+02
1.904947576551137161e+02 7.402734327294245986e+02
1.788378165821383163e+02 7.203257310725654179e+02
1.678593275439039871e+02 7.008999598989129254e+02
1.575211227879355818e+02 6.819644636792128267e+02
1.477871684888210666e+02 6.634899045955123711e+02
1.386234853003277010e+02 6.454490899022132453e+02
1.299986923988861065e+02 6.278161934955700190e+02
1.218835801021699865e+02 6.105668402637951431e+02
1.142503390585000318e+02 5.936786277298625691e+02
1.070724890128034872e+02 5.771310427314854223e+02
1.003248302347457042e+02 5.609053650259545520e+02
9.398339551314165874e+01 5.449845772861133355e+02
8.802540282462088328e+01 5.293532806785535740e+02
8.242919011485382441e+01 5.139976681892990200e+02
7.717406469109947409e+01 4.989057673155576254e+02
7.224036529180250454e+01 4.840671094936522536e+02
6.760947966303352530e+01 4.694724811198228736e+02
6.326379496615908948e+01 4.551138589850554581e+02
5.918664982115157613e+01 4.409843483567614157e+02
5.536228824225638334e+01 4.270781225101063683e+02
5.177581542108331547e+01 4.133903634424653433e+02
4.841315877581587301e+01 3.999181147845688997e+02
4.526103430936448291e+01 3.866622892615842488e+02
4.230689576759974102e+01 3.736247574571071368e+02
3.953889498102329014e+01 3.608075648255188526e+02
3.694584678867680338e+01 3.482129003489110346e+02
3.451719544387164262e+01 3.358430655009073007e+02
3.224298246009966817e+01 3.237004435894001517e+02
3.011381579405670905e+01 3.117874904549593111e+02
2.812083551053397557e+01 3.001084527399418675e+02
2.625568376073028176e+01 2.886703101565690304e+02
2.451048743168705712e+01 2.774795767736309244e+02
2.287783301276741810e+01 2.665419712637876160e+02
2.135074168155977148e+01 2.558624347694992878e+02
1.992264559852735317e+01 2.454451507318194956e+02
1.858736536212017398e+01 2.352935665085738322e+02
1.733908852780411181e+01 2.254104746372494787e+02
1.617234836413836874e+01 2.157991054313880852e+02
1.508200488390892779e+01 2.064628373904192529e+02
1.406322745298575683e+01 1.974040820827477205e+02
1.311147732803198807e+01 1.886242970020267649e+02
1.222249106121520512e+01 1.801240436301163754e+02
1.139226477013768424e+01 1.719030458061194508e+02
1.061703923365529612e+01 1.639602480206570476e+02
9.893285578672948333e+00 1.562938963279863458e+02
9.217690656085833822e+00 1.489017486965265959e+02
8.587145614699474905e+00 1.417810008488844460e+02
7.998734733639288663e+00 1.349282444321714820e+02
7.449724011941359691e+00 1.283395247710269302e+02
6.937550383185311809e+00 1.220103974164374847e+02
6.459811529463779678e+00 1.159359826207526538e+02
