1.762074986036336486e+04 1.748245378283704849e+04
1.786036626367751524e+04 1.771634499883635362e+04
1.809557652578526540e+04 1.794567562586686472e+04
1.832588989053786281e+04 1.816995715220675629e+04
1.855078612366527886e+04 1.838867425604606979e+04
1.876973338768842223e+04 1.860130104773151106e+04
1.898218984655831810e+04 1.880730245409925192e+04
1.918758489446156455e+04 1.900611580914604929e+04
1.938533073032549873e+04 1.919716230150051706e+04
1.957483512654584774e+04 1.937985958614683113e+04
1.975548874608621190e+04 1.955360975438260357e+04
1.992665743004828619e+04 1.971779207556446272e+04
2.008770567679552187e+04 1.987178556327972547e+04
2.023799639885482247e+04 2.001496885347914213e+04
2.037687078211379048e+04 2.014670111194935816e+04
2.050366829180605419e+04 2.026634124125916060e+04
2.061773850154633692e+04 2.037325927299942487e+04
2.071842648076327168e+04 2.046682272066978840e+04
2.080507358192870015e+04 2.054639747440234351e+04
2.087704037570375658e+04 2.061136956680346702e+04
2.093370670577523560e+04 2.066114549907006949e+04
2.097446248119154188e+04 2.069514410492185198e+04
2.099872526622642908e+04 2.071281280362827601e+04
2.100594849724927553e+04 2.071363537439105494e+04
2.099562545474107537e+04 2.069713687367733291e+04
2.096729339795245687e+04 2.066288731825316063e+04
2.092053775899315588e+04 2.061050476723924294e+04
2.085500920113439133e+04 2.053967254757556293e+04
2.077044641918798152e+04 2.045016239553147170e+04
2.066665143330796855e+04 2.034180859902256998e+04
2.054349588217355267e+04 2.021451392381796541e+04
2.040099170773029982e+04 2.006832035193073170e+04
2.023925536259797809e+04 1.990337276077639399e+04
2.005846793477129177e+04 1.971987857382884977e+04
1.985895495261446194e+04 1.951818715937892193e+04
1.964123709538092953e+04 1.929884008894641374e+04
1.940590051485447111e+04 1.906244143974777762e+04
1.915362385548597013e+04 1.880968453514008434e+04
1.888538157898075588e+04 1.854155428751017462e+04
1.860226466335834266e+04 1.825914824141232020e+04
1.830538460059299905e+04 1.796358089219730027e+04
1.799605059281998183e+04 1.765616095876658437e+04
1.767577899483001238e+04 1.733840071542034639e+04
1.734606373877515944e+04 1.701178641593577777e+04
1.700849731998996504e+04 1.667789937590391492e+04
1.666515274715265332e+04 1.633879765365938329e+04
1.631812104505627758e+04 1.599655410901729010e+04
1.596935353693213801e+04 1.565309992619795412e+04
1.562048195717834460e+04 1.531005447841629575e+04
1.527287163133671856e+04 1.496877626190529918e+04
1.492778326940545412e+04 1.463051682905532834e+04
1.458681569118463813e+04 1.429686308895047296e+04
1.425254430231164042e+04 1.397037553479348571e+04
1.392748405131194886e+04 1.365355396767071579e+04
1.361381343344309244e+04 1.334856582759126286e+04
1.331255209551326152e+04 1.305644846756497827e+04
1.302408502002282694e+04 1.277761920957811890e+04
1.274872067833934852e+04 1.251241852153485706e+04
1.248604175386837233e+04 1.226047473739523957e+04
1.223481462434891546e+04 1.202061445063106839e+04
1.199382709487278589e+04 1.179168219695779044e+04
1.176150670899837860e+04 1.157216195179035094e+04
1.153583233047329122e+04 1.136008750635309116e+04
1.131485714340817321e+04 1.115355723648709863e+04
1.109635094776853657e+04 1.095036974313592145e+04
1.087795859217815996e+04 1.074818083515068065e+04
1.065729181665444230e+04 1.054458995536088514e+04
1.043148530131122243e+04 1.033667814137358255e+04
1.019777523152934373e+04 1.012159764616696521e+04
9.953291257726648837e+03 9.896341528452107013e+03
9.695299307066054098e+03 9.657995247855978960e+03
9.421825334437948186e+03 9.404374526967994825e+03
9.131715572030792828e+03 9.134091688139229518e+03
8.825208365072601737e+03 8.847169240631064895e+03
8.504232111341410928e+03 8.545365283116085266e+03
8.172016386829686780e+03 8.231801597684154331e+03
7.833182243401662163e+03 7.911080270042994925e+03
7.492976640197140114e+03 7.588499631675103956e+03
7.156979528541938635e+03 7.269760347388652008e+03
6.830656294302977585e+03 6.960494453070311465e+03
6.519079152004408570e+03 6.665975053726995611e+03
6.226988356045950241e+03 6.391166394672892238e+03
5.958241972202373290e+03 6.140173339639695769e+03
5.715650483127425105e+03 5.916040547754962063e+03
5.500470816684367492e+03 5.720250184659881597e+03
5.311459183690227292e+03 5.551690744442558753e+03
5.145142307347787209e+03 5.406912727498536697e+03
4.995618110391837035e+03 5.279849442126055692e+03
4.855562448082531773e+03 5.162803144940910897e+03
4.717220920188038690e+03 5.047444445779675334e+03
4.573392707347841679e+03 4.925837608583867222e+03
4.418459028116583795e+03 4.791592155265411748e+03
4.248989108160178148e+03 4.640593861014848699e+03
4.064608420113474949e+03 4.472082203832944288e+03
3.868117302641308925e+03 4.288881387764010469e+03
3.664928345270266618e+03 4.096834570313068980e+03
3.462179265837655748e+03 3.903828281533330937e+03
3.267631446780460465e+03 3.718518125423971469e+03
3.088715611427997374e+03 3.549227876111980549e+03
2.931187945821904577e+03 3.402452047252139437e+03
2.797360202148789540e+03 3.280900358448075622e+03
2.684801419036172319e+03 3.182036664631958956e+03
2.586988304994245027e+03 3.098727165782438078e+03
2.495822862697976234e+03 3.021943928083835544e+03
2.403767946816897620e+03 2.943107030669432334e+03
2.304723307463476885e+03 2.855110755830790822e+03
2.195366004199074723e+03 2.753972287582138961e+03
2.077247828134021802e+03 2.641388298926068273e+03
1.956653823370582813e+03 2.524626973251377422e+03
1.841247710862173562e+03 2.412583822955000414e+03
1.737003706475695708e+03 2.312169902269386512e+03
1.647064768775464700e+03 2.227008910211349757e+03
1.570759321585028829e+03 2.156359789006142364e+03
1.503402058854634106e+03 2.094894394945345539e+03
1.438581515966325696e+03 2.035274510476432170e+03
1.371100053806626647e+03 1.971516466865892880e+03
1.298751183527404692e+03 1.901102366207318028e+03
1.224026323554158807e+03 1.826987103457014655e+03
1.151916197310177949e+03 1.754991584158885871e+03
1.086462358772806056e+03 1.689760160721596776e+03
1.029227792596799191e+03 1.633040197669598456e+03
9.785530751211828147e+02 1.582919726422722761e+03
9.304793451765177679e+02 1.534932109290492690e+03
8.819001619157155574e+02 1.485630374846248742e+03
8.322999455845650800e+02 1.434525667261613080e+03
7.836208268713396592e+02 1.383868256970838274e+03
7.385558577726095564e+02 1.336659604856031137e+03
6.980217631422343629e+02 1.293870414898741501e+03
6.608241854150430754e+02 1.254174039878226495e+03
6.250324440275113602e+02 1.215509329293912515e+03
5.896027590088326633e+02 1.176823966008086472e+03
5.551758070133245155e+02 1.138852743855318977e+03
5.229827076762028355e+02 1.102890425181379669e+03
4.933526616259067055e+02 1.069252567387214867e+03
4.655809193634760277e+02 1.037214690941364097e+03
4.388353779022280605e+02 1.005970276418442381e+03
4.130770432390397104e+02 9.755134892216261733e+02
3.887735577670115958e+02 9.463034853255132930e+02
3.661136593088245945e+02 9.185055606837986488e+02
3.447568131410043293e+02 8.917992173511445344e+02
3.243864868759795286e+02 8.659081582546866684e+02
3.050439324721324397e+02 8.408760341535772795e+02
2.868676241551427211e+02 8.168153338143774818e+02
2.697687558350314703e+02 7.936428787862938634e+02
2.535761788492370670e+02 7.712174691469931531e+02
2.382583091067724297e+02 7.495116173044498282e+02
2.238387047084681853e+02 7.285346288278167322e+02
2.102542618738176259e+02 7.082308676214781826e+02
1.974477499886299938e+02 6.885520036484764432e+02
1.853718972105797889e+02 6.694586768639677530e+02
1.739893627281966815e+02 6.509145861487572802e+02
1.632647642245980535e+02 6.328860637717137934e+02
1.531641296787311433e+02 6.153418620919160276e+02
1.436548760931980837e+02 5.982530067019083617e+02
1.347057850359846611e+02 5.815926615100241861e+02
1.262869754050139335e+02 5.653360045664051086e+02
1.183697712905400010e+02 5.494597861486934107e+02
1.109262373934974448e+02 5.339407286270736677e+02
1.039296541578408863e+02 5.187568424408140118e+02
9.735469650372235151e+01 5.038880499085220208e+02
9.117736894824582805e+01 4.893160858120920125e+02
8.537494294990310095e+01 4.750244039845010775e+02
7.992589673078845180e+01 4.609980899687570286e+02
7.480985754686626876e+01 4.472237794715647397e+02
7.000757670031184432e+01 4.336900646468403124e+02
6.550091891120524679e+01 4.203882077039683622e+02
6.127272418265264520e+01 4.073108023866175813e+02
5.730674655924772765e+01 3.944514591535863133e+02
5.358761174370519598e+01 3.818047487487275475e+02
5.010077620029020551e+01 3.693661469039864187e+02
4.683248773031178303e+01 3.571319799165606810e+02
4.376974719179585094e+01 3.450994096910005169e+02
4.090025764971875333e+01 3.332682398792362619e+02
3.821238783201886946e+01 3.216413646625186402e+02
3.569516152405373788e+01 3.102218800576410445e+02
3.333822564806661859e+01 2.990128279481329514e+02
3.113181791962076161e+01 2.880171741596648758e+02
2.906673595873829186e+01 2.772377871779935958e+02
2.713430780677850507e+01 2.666774175854689020e+02
2.532636366814055862e+01 2.563388469657905944e+02
2.363520740325097691e+01 2.462271109211074531e+02
2.205359198356481443e+01 2.363484613199451587e+02
2.057469673145506306e+01 2.267083165826497577e+02
1.919210405631764615e+01 2.173112368508929251e+02
1.789977728883375008e+01 2.081609540766754094e+02
1.669203961007703896e+01 1.992604038880839425e+02
1.556355403055643016e+01 1.906117589665015259e+02
1.450930403975282701e+01 1.822166304566848680e+02
1.352457394417731429e+01 1.740769445421198611e+02
1.260493355491899869e+01 1.661941522439730079e+02
1.174622280148845377e+01 1.585688155538484523e+02
1.094453620472330080e+01 1.512006670505618615e+02
1.019620816915010764e+01 1.440886705155626544e+02
9.497799059035919811e+00 1.372310809584875813e+02
8.846082021109891613e+00 1.306255037183665024e+02
8.238030175808031430e+00 1.242689709443463641e+02
7.670804262957813258e+00 1.181580312839886489e+02
7.141742578981069123e+00 1.122887485106944467e+02
6.648350618471226881e+00 1.066567432329851073e+02
6.188291064365415650e+00 1.012572450834622231e+02
