2.439458045581163606e+04 2.426924124295169531e+04
2.459348924551175514e+04 2.446336081728720455e+04
2.477963624963273469e+04 2.464461154835308480e+04
2.495226261656649513e+04 2.481223676294396137e+04
2.511061752823245479e+04 2.496548854270670927e+04
2.525393435759584463e+04 2.510360498216371343e+04
2.538143261318746227e+04 2.522581225770080346e+04
2.549234922028499204e+04 2.533135488854084542e+04
2.558592785608402482e+04 2.541948507852009789e+04
2.566138356392830246e+04 2.548942745853427914e+04
2.571795018079027068e+04 2.554042647010784276e+04
2.575489425162638872e+04 2.557176032496281914e+04
2.577148273233779037e+04 2.558270948126153598e+04
2.576699828269909995e+04 2.557257176097062984e+04
2.574077384401641393e+04 2.554069632817120146e+04
2.569217899441055488e+04 2.548647063034382154e+04
2.562059780648534070e+04 2.540929912002566925e+04
2.552547599995843484e+04 2.530864906550489104e+04
2.540633167271501225e+04 2.518406121096790594e+04
2.526274287846200241e+04 2.503513916685320510e+04
2.509436316553727738e+04 2.486156378896350361e+04
2.490093804142519002e+04 2.466310835331066482e+04
2.468231714826724783e+04 2.443965222751367764e+04
2.443846343010745113e+04 2.419119094159729866e+04
2.416944552850999753e+04 2.391782562227352173e+04
2.387545320959726087e+04 2.361977849473755123e+04
2.355686727366451305e+04 2.329746560100488568e+04
2.321420515577492188e+04 2.295143943922805556e+04
2.284809216700121033e+04 2.258235845372503536e+04
2.245937857892606917e+04 2.219110612344350739e+04
2.204915393658120593e+04 2.177880509037166121e+04
2.161859329622218866e+04 2.134666001641211551e+04
2.116902111394678286e+04 2.089602150587995129e+04
2.070214496330776456e+04 2.042862088868874343e+04
2.021977515375653820e+04 1.994628761573428346e+04
1.972374315398294493e+04 1.945086689674050649e+04
1.921624318694385147e+04 1.894455959783467915e+04
1.869973195368235247e+04 1.842982193189726968e+04
1.817656889742135536e+04 1.790900734125039889e+04
1.764920660233153831e+04 1.738455406157429388e+04
1.712054636274049335e+04 1.685933516682677146e+04
1.659336141893258900e+04 1.633609065082756752e+04
1.607022646335677564e+04 1.581735789199302781e+04
1.555403442785248262e+04 1.530597331811713411e+04
1.504770939026792075e+04 1.480479448548077380e+04
1.455382222990903028e+04 1.431632839387354761e+04
1.407477411072151153e+04 1.384290392917538884e+04
1.361296625045843575e+04 1.338683178787361066e+04
1.317048221761235618e+04 1.295011086222884114e+04
1.274908548873793734e+04 1.253442486269583242e+04
1.235030654217446136e+04 1.214120470143221428e+04
1.197544372838171876e+04 1.177164809046279333e+04
1.162556351108477975e+04 1.142673269569771765e+04
1.130090266261474790e+04 1.110662240750510682e+04
1.100069841592923331e+04 1.081049784930809074e+04
1.072417064808650684e+04 1.053752847144878797e+04
1.046993909807312775e+04 1.028631466120654659e+04
1.023453976486282409e+04 1.005346382205345253e+04
1.001435651156011227e+04 9.835443905689269741e+03
9.806080985407628759e+03 9.629031152536208538e+03
9.606688805397241595e+03 9.431302969329641201e+03
9.413382317922549191e+03 9.239562738977983827e+03
9.222685258853369305e+03 9.050491923908726676e+03
9.029806007115204920e+03 8.859558553027991366e+03
8.830094924254703074e+03 8.662376875598787592e+03
8.618373274389254220e+03 8.454123698497263831e+03
8.389520353272417196e+03 8.230057392735976464e+03
8.139668247643180621e+03 7.986647737727974345e+03
7.866536366751851347e+03 7.721903388681601427e+03
7.569509800410610296e+03 7.435381205173129274e+03
7.251087767212148719e+03 7.129577838970165431e+03
6.915063689810119286e+03 6.808158983905166679e+03
6.567462099532194770e+03 6.476848006558217094e+03
6.214637167320877779e+03 6.141631038631636329e+03
5.863249063166197629e+03 5.808733000569934120e+03
5.519920811232379492e+03 5.484297997743824453e+03
5.191944995630781705e+03 5.175037041611493805e+03
4.886276405991560750e+03 4.887303858697144278e+03
4.609485726403327135e+03 4.627054224410765528e+03
4.366358218150297034e+03 4.398511338754752614e+03
4.160038274388739410e+03 4.204387206677903123e+03
3.989582646587260115e+03 4.043621538080604751e+03
3.851701955668800565e+03 3.912980031948599390e+03
3.739582003729491589e+03 3.806077649762094097e+03
3.645001746808647113e+03 3.715276187637914063e+03
3.558385163850969093e+03 3.631811365649340587e+03
3.470252228380044016e+03 3.547074895195185036e+03
3.371715317544832033e+03 3.453079849451304199e+03
3.256228164079512226e+03 3.344025229228354874e+03
3.120288418816627654e+03 3.216878962926750319e+03
2.964439865853502397e+03 3.072271737280702382e+03
2.792615801385500163e+03 2.913856074677809374e+03
2.611624256955633427e+03 2.747810804242476934e+03
2.430755677516500327e+03 2.582476345173888603e+03
2.261171794423623851e+03 2.427748042698846803e+03
2.112711491341952751e+03 2.292240354803177524e+03
1.990790976879630989e+03 2.180587314966133363e+03
1.894924491472102318e+03 2.092166854851514927e+03
1.820308384262563777e+03 2.022587553370780142e+03
1.760344139995731666e+03 1.965944325396141721e+03
1.706433466817303270e+03 1.914658419675341747e+03
1.648611813292576926e+03 1.860044981119496470e+03
1.579078317471441096e+03 1.795384938059979504e+03
1.496128729974919679e+03 1.719300616747311324e+03
1.403782861655592797e+03 1.635370976307053070e+03
1.308751470104366490e+03 1.549449502485499806e+03
1.218847337815462424e+03 1.468248806128211072e+03
1.140989675204335981e+03 1.397614508491501965e+03
1.078028486308158108e+03 1.339850972491643915e+03
1.028106551385839339e+03 1.293256949458774670e+03
9.860309690626480688e+02 1.253358195307034293e+03
9.446708007490040018e+02 1.214123730883296048e+03
8.986000025388620998e+02 1.171030657999480127e+03
8.472371159287903311e+02 1.123654321182896183e+03
7.934261001392645767e+02 1.074417885503309208e+03
7.416713696784120202e+02 1.027068677094930990e+03
6.963343303614825572e+02 9.851572133602145414e+02
6.584230625429225938e+02 9.494320838068018702e+02
6.256364743031671196e+02 9.179515376602927290e+02
5.944700783289601986e+02 8.878457911154151816e+02
5.620533316372319632e+02 8.568125361730341183e+02
5.282971028761596699e+02 8.248119431161929924e+02
4.953884074860127384e+02 7.936033512738717945e+02
4.653770385775645195e+02 7.647916521913729184e+02
4.389341625318744491e+02 7.388640973792649902e+02
4.149270915590456070e+02 7.149014230208562140e+02
3.916375228043787615e+02 6.915616053481713834e+02
3.684226178320251961e+02 6.683584628532822762e+02
3.459392335478539735e+02 6.457987260716090532e+02
3.251019395944975940e+02 6.245629091630895573e+02
3.060784846842818183e+02 6.047548649029489525e+02
2.882892741820820675e+02 5.859274554523321967e+02
2.711286938045173542e+02 5.676308894216385852e+02
2.546530856236390150e+02 5.499052416196952890e+02
2.391913591310026845e+02 5.329800869246238335e+02
2.248281555648935353e+02 5.169031453165592893e+02
2.113135802607491485e+02 5.014885641186338603e+02
1.984498459179278598e+02 4.865937509355028396e+02
1.862829472591310207e+02 4.722452016537365580e+02
1.748824841938484269e+02 4.584822593863160023e+02
1.641787951291910872e+02 4.452506006292974803e+02
1.540648182748634554e+02 4.324742747920315651e+02
1.445298825245014314e+02 4.201406987168910518e+02
1.355715980392790811e+02 4.082425951170725398e+02
1.271500515276176344e+02 3.967492795513774126e+02
1.192164109622989372e+02 3.856256668101050877e+02
1.117568966312659313e+02 3.748583269766839976e+02
1.047483717430190069e+02 3.644290451130879092e+02
9.816085585424333715e+01 3.543156016328902069e+02
9.197016310483225254e+01 3.445001317991395808e+02
8.615377089808080768e+01 3.349662474322412891e+02
8.069032938481304029e+01 3.256986502560493477e+02
7.555960825188157060e+01 3.166830659565868586e+02
7.074244534808794072e+01 3.079061832229261881e+02
6.622069712767441274e+01 2.993555973191172939e+02
6.197719000043095150e+01 2.910198218902391432e+02
5.799566958031222441e+01 2.828886097869072955e+02
5.426076140821409410e+01 2.749526028236361412e+02
5.075793110412855924e+01 2.672030881969810707e+02
4.747344316611170001e+01 2.596319625544740575e+02
4.439432143187245572e+01 2.522316990044705847e+02
4.150831117228836575e+01 2.449953160791785365e+02
3.880384259921648038e+01 2.379163534793935924e+02
3.626998689163452383e+01 2.309891197604620459e+02
3.389642134999541412e+01 2.242087688935118592e+02
3.167341310414650124e+01 2.175708451913862120e+02
2.959178913578773518e+01 2.110712255911237492e+02
2.764290639440791963e+01 2.047061011518341331e+02
2.581862333935182363e+01 1.984719592888690443e+02
2.411127285212079840e+01 1.923655666813427558e+02
2.251363632334991038e+01 1.863840127340241679e+02
2.101891852529492510e+01 1.805249774248231631e+02
1.962072503668295909e+01 1.747864476382513885e+02
1.831304041584768072e+01 1.691665615358934076e+02
1.709020712660045760e+01 1.636635972774952847e+02
1.594690553286649504e+01 1.582759623031197407e+02
1.487813491588901726e+01 1.530021829210683393e+02
1.387919544277158579e+01 1.478408991195873909e+02
1.294567011891436259e+01 1.427910474933609351e+02
1.207340862652881874e+01 1.378518824272085226e+02
1.125851346606656378e+01 1.330226932781382061e+02
1.049732544516053778e+01 1.283027791821845653e+02
9.786409844890680887e+00 1.236914440009979472e+02
9.122543334036873119e+00 1.191879914993859444e+02
8.502701594909774840e+00 1.147917207586713175e+02
7.924047438728304193e+00 1.105019968961130701e+02
7.383919083580667397e+00 1.063185357541819087e+02
6.879820582543911378e+00 1.022410847853191598e+02
6.409412259820279623e+00 9.826928895175115031e+01
5.970501344019777612e+00 9.440269287286415079e+01
5.561033131384533590e+00 9.064074322330772304e+01
5.179082651432247886e+00 8.698279130616251109e+01
4.822846797324443102e+00 8.342810339813976839e+01
4.490636603238171709e+00 7.997608356325355317e+01
4.180870322913301074e+00 7.662626735079281559e+01
3.892067278107822936e+00 7.337804068408134128e+01
3.622841657962140083e+00 7.023063291171645517e+01
3.371896658536506663e+00 6.718312657194167059e+01
3.138018967911490709e+00 6.423446709621553907e+01
2.920073577695588618e+00 6.138347241936257603e+01
