2.905602780184024959e+04 2.886072603801118021e+04
2.934401307925197398e+04 2.914109381372906864e+04
2.961830638171529426e+04 2.940759316066250176e+04
2.987790658472667565e+04 2.965923042968997106e+04
3.012180792472822213e+04 2.989500881712970295e+04
3.034900254386695451e+04 3.011393066635184005e+04
3.055842988326673367e+04 3.031494701367551897e+04
3.074901044876697051e+04 3.049699139108030431e+04
3.091968082809115367e+04 3.065901484405402880e+04
3.106936579997114677e+04 3.079995868754762705e+04
3.119696340705417606e+04 3.091874002282093716e+04
3.130139995491829177e+04 3.101430587907813242e+04
3.138162874642873066e+04 3.108563213601369353e+04
3.143657867061608704e+04 3.113167342621461285e+04
3.146520762108368945e+04 3.115141554471860945e+04
3.146653342871838322e+04 3.114390583627388332e+04
3.143960548691987788e+04 3.110822627421420839e+04
3.138350877009748001e+04 3.104349759535096018e+04
3.129741245845344019e+04 3.094892611631540058e+04
3.118057261408964769e+04 3.082380700533475829e+04
3.103231878417389089e+04 3.066751302630547434e+04
3.085208585966843748e+04 3.047952365296307835e+04
3.063943064736625820e+04 3.025944080393780314e+04
3.039406044516064139e+04 3.000702007748639880e+04
3.011583421331200225e+04 2.972217072912975709e+04
2.980475076677014658e+04 2.940494092606357663e+04
2.946100094223957058e+04 2.905557110415989155e+04
2.908504041388473343e+04 2.867456866862055904e+04
2.867748457395888909e+04 2.826259847218601135e+04
2.823911521370748233e+04 2.782048868009118814e+04
2.777109448586072176e+04 2.734944715629781786e+04
2.727483447273925776e+04 2.685092843681160230e+04
2.675185322206796991e+04 2.632648730149277253e+04
2.620399748194491258e+04 2.577800189821512322e+04
2.563357984238627978e+04 2.520781060281559257e+04
2.504296833873332071e+04 2.461829969935317786e+04
2.443464144559238048e+04 2.401195743828553168e+04
2.381173013402203651e+04 2.339191206885326756e+04
2.317750523702535429e+04 2.276142199859778339e+04
2.253509614484463236e+04 2.212359658083986142e+04
2.188795796005595548e+04 2.148185760580827991e+04
2.123989704742788308e+04 2.083996442323542578e+04
2.059443440417288002e+04 2.020138611735189625e+04
1.995504917981467952e+04 1.956953818881291954e+04
1.932600538262287955e+04 1.894858534840900393e+04
1.871135788320971187e+04 1.834247795618550663e+04
1.811463085362156926e+04 1.775464136119467366e+04
1.753851138087118306e+04 1.718767217388202334e+04
1.698499101149337002e+04 1.664348018596714974e+04
1.645573653593102790e+04 1.612365790044849564e+04
1.595285734702085574e+04 1.563021141150847689e+04
1.548009537114254272e+04 1.516669177383295028e+04
1.504101652984732755e+04 1.473648002601320331e+04
1.463809533111656128e+04 1.434190672240230015e+04
1.426922067637607324e+04 1.398086005892582216e+04
1.393071848733361003e+04 1.364971840416593295e+04
1.361924109868035339e+04 1.334518472771868255e+04
1.333162781272245775e+04 1.306416087123851321e+04
1.306494023475204813e+04 1.280377282401046250e+04
1.281599367803187670e+04 1.256092093539930283e+04
1.258015645682587456e+04 1.233114092084479307e+04
1.235271466708267144e+04 1.210989573510101400e+04
1.212808697663444582e+04 1.189184763870512688e+04
1.189983641393000289e+04 1.167086617648393985e+04
1.166148684707028042e+04 1.144079508374712168e+04
1.140571013894381940e+04 1.119470791444496899e+04
1.112578822042386491e+04 1.092625514956743609e+04
1.081651739743086728e+04 1.063057044341932124e+04
1.047416564780394947e+04 1.030417380953463362e+04
1.009807089935121439e+04 9.946529306842352526e+03
9.689810157727064507e+03 9.559206389658715125e+03
9.254463986680893868e+03 9.147105323367866731e+03
8.798979240397853573e+03 8.716867439921847108e+03
8.332287443254072059e+03 8.276992372736354810e+03
7.863899984673120343e+03 7.836492313736634969e+03
7.404090834849641396e+03 7.405068944442778957e+03
6.963478705694653399e+03 6.992659852104713536e+03
6.552488378910789834e+03 6.608993498414706664e+03
6.180125677590301166e+03 6.262381266314790992e+03
5.854061765864501467e+03 5.959829296857148620e+03
5.577925272180696084e+03 5.704540166896599658e+03
5.352111624332672363e+03 5.496667405387218423e+03
5.171793433178810119e+03 5.331548680851970857e+03
5.029162712108033702e+03 5.201762383879086883e+03
4.912722670268522961e+03 5.096536602699658033e+03
4.809451417350957854e+03 5.003707620581130868e+03
4.705324892745875331e+03 4.910200414478447783e+03
4.586943221329081098e+03 4.803522169418135491e+03
4.443542307732172048e+03 4.673624191274593613e+03
4.268657892716626520e+03 4.514463148496756730e+03
4.061719016264255515e+03 4.325541282147198217e+03
3.827908566465656804e+03 4.111770932742409968e+03
3.577652327380183578e+03 3.882962490981123210e+03
3.325584063230099218e+03 3.652800842241535520e+03
3.088583696378067089e+03 3.436915302072613486e+03
2.881588468768541134e+03 3.248937891344361105e+03
2.713182988624885184e+03 3.096531062581739207e+03
2.584014832704343917e+03 2.980056666090553790e+03
2.488266111085684315e+03 2.894026868241992361e+03
2.415708089745983671e+03 2.829025113469401731e+03
2.352384480510732374e+03 2.772294668659351373e+03
2.282275636525553182e+03 2.709200846916273349e+03
2.192704290190211395e+03 2.628159244091243636e+03
2.079889054197228234e+03 2.525766691303103471e+03
1.949154928227853361e+03 2.407018299716284673e+03
1.811758946574963602e+03 2.282311460980236461e+03
1.681458142020618425e+03 2.164165933962006420e+03
1.570519245967505185e+03 2.063521797094461363e+03
1.484406156380693574e+03 1.985052949667110852e+03
1.420418708672687899e+03 1.926151496991757995e+03
1.369349269639137219e+03 1.878522210260080101e+03
1.318506839104621804e+03 1.830874598321483518e+03
1.258004270598255061e+03 1.774482804016985256e+03
1.185820841127148242e+03 1.707668682809680149e+03
1.107069719643816370e+03 1.635087730878106186e+03
1.031025852719455088e+03 1.564946327992522583e+03
9.663034517515779953e+02 1.504660948863646581e+03
9.152273092418919305e+02 1.456070365673580454e+03
8.735169781702105638e+02 1.415364303669304036e+03
8.337049886119561961e+02 1.376122970326550330e+03
7.897124070173534847e+02 1.333228729651979847e+03
7.412647490057019013e+02 1.286557166849881469e+03
6.930344825689493291e+02 1.240106843592284577e+03
6.500727472133883111e+02 1.198051728871095975e+03
6.141435990561819835e+02 1.161740642210749684e+03
5.825810851041478600e+02 1.128913148783450197e+03
5.512329155547064374e+02 1.096203907019073313e+03
5.184404234749583793e+02 1.062338517715783610e+03
4.859261580761993287e+02 1.028733261411603280e+03
4.563453530565626011e+02 9.974550644954160816e+02
4.303160155971002041e+02 9.689222620300890867e+02
4.062070000411770252e+02 9.418490158732130340e+02
3.822999565223452123e+02 9.149500205330323297e+02
3.587989854239768874e+02 8.884030429604108576e+02
3.369003475746258118e+02 8.630800870424321829e+02
3.170033876550789387e+02 8.392370958594029844e+02
2.983210877489618156e+02 8.162960231128382702e+02
2.802245716699791274e+02 7.938229830414846901e+02
2.629845882152857257e+02 7.720059794253593282e+02
2.469942283988069107e+02 7.510941769089492936e+02
2.320683102640464313e+02 7.309499614873543578e+02
2.178516350713343286e+02 7.113409207682058195e+02
2.043795982098433512e+02 6.922867139681065964e+02
1.917914996702467647e+02 6.738610457229631265e+02
1.799726662607402545e+02 6.559890427526851227e+02
1.688276884570277332e+02 6.386068982891392807e+02
1.583258612839229897e+02 6.216893634094191157e+02
1.484370241626938594e+02 6.052127996320617740e+02
1.391316537743168169e+02 5.891550872383110118e+02
1.303809428975238234e+02 5.734955400822378806e+02
1.221568662300491752e+02 5.582148263269040172e+02
1.144320979211825744e+02 5.432948116134168686e+02
1.071785256973738285e+02 5.287175068664570290e+02
1.003682778798490460e+02 5.144654505637861348e+02
9.397507270614589459e+01 5.005224506142784549e+02
8.797415439151737360e+01 4.868735344222907884e+02
8.234220518856457716e+01 4.735048860050823123e+02
7.705726255433674510e+01 4.604037869674875765e+02
7.209864141506727719e+01 4.475585619635940589e+02
6.744697188537701038e+01 4.349589355711706276e+02
6.308425374640501104e+01 4.225965348923126044e+02
5.899350145701152570e+01 4.104638715877777599e+02
5.515864882178340878e+01 3.985541333900753784e+02
5.156450551843730779e+01 3.868611483641447535e+02
4.819671518824165446e+01 3.753793503800795861e+02
4.504171507301789035e+01 3.641037456600759583e+02
4.208669267891082200e+01 3.530299395307077361e+02
3.931950767311433736e+01 3.421546728000859616e+02
3.672868757598078560e+01 3.314754592959146748e+02
3.430342493133012027e+01 3.209901347613520102e+02
3.203354179141074098e+01 3.106968269171016459e+02
2.990945546716103820e+01 3.005939322460162657e+02
2.792214596744186395e+01 2.906800931823029259e+02
2.606312506934678908e+01 2.809541782914870396e+02
2.432440929311933786e+01 2.714157497641656960e+02
2.269849385067230685e+01 2.620655244383268041e+02
2.117832067218275327e+01 2.529043006852851931e+02
1.975725280632741487e+01 2.439327959819372893e+02
1.842905086992957564e+01 2.351516384299257254e+02
1.718785069639272223e+01 2.265613587502133157e+02
1.602814213063112803e+01 2.181623827737748798e+02
1.494474850891903017e+01 2.099551440100368325e+02
1.393280456929645617e+01 2.019410048292012618e+02
1.298774109012774325e+01 1.941215759849259257e+02
1.210526986841282948e+01 1.864980857916526418e+02
1.128136730713972824e+01 1.790713861861396481e+02
1.051225887837965445e+01 1.718419655197344582e+02
9.794404439568319631e+00 1.648099618644539532e+02
9.124484358486867563e+00 1.579751798002324108e+02
8.499386205373030023e+00 1.513374300815408446e+02
7.916192276806357064e+00 1.448967597232294793e+02
7.372168338437059099e+00 1.386528313323697716e+02
6.864752628396347589e+00 1.326048745087524310e+02
6.391545437233351556e+00 1.267517139326765943e+02
5.950299282637099729e+00 1.210917972622095959e+02
5.538909647568744710e+00 1.156232227200008680e+02
5.155406170783642494e+00 1.103437887935996997e+02
4.797943935906380020e+00 1.052511625114871521e+02
4.464796218264388550e+00 1.003427817491510297e+02
4.154347490060887438e+00 9.561579439423155691e+01
