2.234393690097645958e+04 2.218297278889955487e+04
2.260203697279324842e+04 2.243473366321427238e+04
2.285247443917327473e+04 2.267868197125116421e+04
2.309461276708679725e+04 2.291418509544780318e+04
2.332777755876655647e+04 2.314057559687245521e+04
2.355128479698441151e+04 2.335717764014704881e+04
2.376444522227244670e+04 2.356331106634593380e+04
2.396654090416650797e+04 2.375826825768687922e+04
2.415683863600512268e+04 2.394132745573310604e+04
2.433460842652083375e+04 2.411177110613820696e+04
2.449910620883130832e+04 2.426886918546942979e+04
2.464955775736096257e+04 2.441186372252530418e+04
2.478519606276373815e+04 2.454000516176392557e+04
2.490526413296146711e+04 2.465255519347892550e+04
2.500898674745210519e+04 2.474875961496234231e+04
2.509559498022984189e+04 2.482787212430372529e+04
2.516434597736483192e+04 2.488917350628717395e+04
2.521450372258798961e+04 2.493195334352778082e+04
2.524533315281962496e+04 2.495550452945685902e+04
2.525613700554586103e+04 2.495915866360799919e+04
2.524625864579129848e+04 2.494228901266792309e+04
2.521506678739277777e+04 2.490429665202769320e+04
2.516197816039446116e+04 2.484463166278084827e+04
2.508647098841047773e+04 2.476280585311658797e+04
2.498809071340054652e+04 2.465839963918434660e+04
2.486645504450966837e+04 2.453106694674068058e+04
2.472125817160577208e+04 2.438053769168818690e+04
2.455228747670390658e+04 2.420663467857447540e+04
2.435946035044262317e+04 2.400931153242270375e+04
2.414279131158592645e+04 2.378861790113598909e+04
2.390238980074219580e+04 2.354469654622764574e+04
2.363855314093045308e+04 2.327787712616314093e+04
2.335174476496406714e+04 2.298865370368480944e+04
2.304251392424224832e+04 2.267760310398443835e+04
2.271157335729152328e+04 2.234546260963074383e+04
2.235992978679170847e+04 2.199326058700589783e+04
2.198868369043492930e+04 2.162211508773740570e+04
2.159901315311206781e+04 2.123321739514884393e+04
2.119244195912855503e+04 2.082809993933644000e+04
2.077068924552292447e+04 2.040848558770908130e+04
2.033546533030056162e+04 1.997608344426166877e+04
1.988868483502469462e+04 1.953280133428601766e+04
1.943265912289527114e+04 1.908093746152254243e+04
1.896964905550915137e+04 1.862273476067897718e+04
1.850185913576568055e+04 1.816037548444799177e+04
1.803182005565683721e+04 1.769636275191021559e+04
1.756208557061668398e+04 1.723321886148302292e+04
1.709500927352355575e+04 1.677326350654671478e+04
1.663308933981885275e+04 1.631895508267106379e+04
1.617910175117083418e+04 1.587302301944028295e+04
1.573557248666292071e+04 1.543794734859632990e+04
1.530465805003107744e+04 1.501584292139621175e+04
1.488779430921607855e+04 1.460811836428230345e+04
1.448607689361146186e+04 1.421584790743385929e+04
1.410047155935302726e+04 1.383997747555455135e+04
1.373245129281076697e+04 1.348194807541448608e+04
1.338402427751775576e+04 1.314372498009337505e+04
1.305700053087807464e+04 1.282708322154386042e+04
1.275169920366225051e+04 1.253234418957251546e+04
1.246513034694339876e+04 1.225659402332745958e+04
1.219404480556294038e+04 1.199666311948901421e+04
1.193554513154366759e+04 1.174972610641448773e+04
1.168719304285321596e+04 1.151341183672485386e+04
1.144675937431615785e+04 1.128554990211420045e+04
1.121154778126783458e+04 1.106350767242656730e+04
1.097818823288973908e+04 1.084398447818634304e+04
1.074338414588189153e+04 1.062373678172574182e+04
1.050315356797082859e+04 1.039883235200796662e+04
1.025347146792130661e+04 1.016527177001145901e+04
9.990446858221184812e+03 9.919163919480834011e+03
9.710334360640181330e+03 9.656733505162625079e+03
9.410516332458208126e+03 9.375291375788494406e+03
9.090180237357844817e+03 9.073926337105176572e+03
8.749881500172235974e+03 8.753064842845757084e+03
8.392614025760372897e+03 8.415573645890746775e+03
8.022560627437316725e+03 8.065501992224164496e+03
7.645804473242473250e+03 7.708819405516127517e+03
7.268750494013939715e+03 7.351827993631984100e+03
6.898126940592771462e+03 7.001169587287199647e+03
6.540446172267739712e+03 6.663278151832811091e+03
6.201915063591134640e+03 6.344297931641603100e+03
5.888443263428740465e+03 6.050040509557403311e+03
5.604968711374328450e+03 5.785404725663787758e+03
5.354512476821777454e+03 5.553363702870507041e+03
5.138409269377604687e+03 5.355261111383248135e+03
4.954137800601371964e+03 5.188644044568423851e+03
4.797073434977917714e+03 5.048981509542628373e+03
4.659420929429747957e+03 4.928595289639010844e+03
4.532442735359168182e+03 4.818806107448634066e+03
4.406793566668026870e+03 4.710242500308672788e+03
4.273943981770297796e+03 4.594245497548305138e+03
4.127045102804300768e+03 4.463748902359010572e+03
3.962018519645091601e+03 4.314440357475847122e+03
3.778581856663494364e+03 4.145879950087219186e+03
3.580041109223706826e+03 3.961329378051877029e+03
3.372804448386086278e+03 3.767292062428961799e+03
3.165335226243770194e+03 3.572401581242467273e+03
2.967201926402646677e+03 3.386388151934801499e+03
2.787703211569344603e+03 3.218654354156330101e+03
2.633731234893111832e+03 3.076117755617457533e+03
2.507203146125736566e+03 2.960662488192123419e+03
2.404319657317633300e+03 2.868464836208208908e+03
2.317656019459789604e+03 2.792083118586795536e+03
2.238556607720838201e+03 2.722808807054258978e+03
2.158142825242157869e+03 2.651635896644240802e+03
2.068491479658211119e+03 2.570458256149151111e+03
1.965763335902641074e+03 2.475325332246521612e+03
1.852600492104390241e+03 2.368962371415881080e+03
1.736305328206667582e+03 2.258888463690333083e+03
1.625052444905209313e+03 2.153458241706137869e+03
1.525870583044858222e+03 2.059748425281421532e+03
1.442591019970214802e+03 1.981523361687383840e+03
1.374257515695632037e+03 1.917741190200960318e+03
1.315501921755888588e+03 1.862997526839931197e+03
1.259236392464271603e+03 1.810211305064724456e+03
1.199204645818824019e+03 1.753162102369419244e+03
1.133239103476575337e+03 1.689759454148470695e+03
1.064335770078422001e+03 1.623085566655202229e+03
9.976457967105535545e+02 1.558303554414646669e+03
9.377344357474956951e+02 1.499878930141025421e+03
8.866326871712421962e+02 1.449705287884981772e+03
8.422677630770810993e+02 1.405692554304410578e+03
8.004026633628481022e+02 1.363734689799283160e+03
7.576892708413837454e+02 1.320660193955198338e+03
7.133859213800390080e+02 1.275843748993905137e+03
6.697436185861273543e+02 1.231480475701146815e+03
6.296120046763744540e+02 1.190237125708581516e+03
5.939590125969774590e+02 1.152953211824569735e+03
5.616575809672632431e+02 1.118542493461494587e+03
5.305778659353870808e+02 1.085068370032537132e+03
4.996029583452997258e+02 1.051568794020985479e+03
4.694164258065927697e+02 1.018689129431534411e+03
4.412868353171039075e+02 9.875366279419417879e+02
4.156144432709710372e+02 9.584214152779381948e+02
3.916668981341819062e+02 9.306971562960920892e+02
3.686093310867762511e+02 9.036719821378509323e+02
3.463468715322626963e+02 8.772851151995014334e+02
3.254014855278854839e+02 8.519554820212415507e+02
3.059536244102616251e+02 8.278060537764869196e+02
2.876883058483272748e+02 8.045785245515268116e+02
2.702737410602682075e+02 7.820211736237270088e+02
2.537531279269541074e+02 7.601651966827123488e+02
2.382690094689588136e+02 7.391025847934388366e+02
2.237418778452475863e+02 7.187648734931237868e+02
2.100075660267263231e+02 6.990330448236658185e+02
1.970315410639735774e+02 6.798782950036351167e+02
1.848410072317099946e+02 6.613084605686074156e+02
1.733801777334574581e+02 6.432788251633705841e+02
1.625927423847183491e+02 6.257478494018710080e+02
1.524381189259354983e+02 6.086836281335496324e+02
1.428829871769517297e+02 5.920586434391955208e+02
1.338954928738875481e+02 5.758473935335234728e+02
1.254451495252829432e+02 5.600262499216769356e+02
1.175028088542190119e+02 5.445733520305170714e+02
1.100406290026027989e+02 5.294685097213489371e+02
1.030320381802083034e+02 5.146931124595771507e+02
9.645144218004355707e+01 5.002300042096824768e+02
9.027406141171982767e+01 4.860633761789516143e+02
8.447640714432168352e+01 4.721787686890976374e+02
7.903627438424702234e+01 4.585630103570080678e+02
7.393267743416353710e+01 4.452041523322984062e+02
6.914578830943635523e+01 4.320914059919253418e+02
6.465687790979420413e+01 4.192150836377642236e+02
6.044827142845891643e+01 4.065667294920040149e+02
5.650335225697905628e+01 3.941400668436552337e+02
5.280644785203787706e+01 3.819300639946272327e+02
4.934274963800774572e+01 3.699323514827467534e+02
4.609827052643311163e+01 3.581431804297299095e+02
4.305980421646329148e+01 3.465593831980945083e+02
4.021488613981377114e+01 3.351783346794755403e+02
3.755175562157167946e+01 3.239979441886330847e+02
3.505930627099809982e+01 3.130177154256779772e+02
3.272705235274423785e+01 3.022388427955775683e+02
3.054511608490934194e+01 2.916626535793672588e+02
2.850419628837460806e+01 2.812904833987076927e+02
2.659553718368273678e+01 2.711236576517146659e+02
2.481089869486032384e+01 2.611634734679366261e+02
2.314252820068236360e+01 2.514111822310109119e+02
2.158313370766719075e+01 2.418684318511120637e+02
2.012585841578372481e+01 2.325386729466957263e+02
1.876425633482394417e+01 2.234254072959346047e+02
1.749226922175052934e+01 2.145315943245779806e+02
1.630420473372861068e+01 2.058596647941102447e+02
1.519471570064739474e+01 1.974115356277480942e+02
1.415878046804037460e+01 1.891886257546696584e+02
1.319168416934942378e+01 1.811919182240475266e+02
1.228899946702961543e+01 1.734227820956214998e+02
1.144657054691908193e+01 1.658827363108612190e+02
1.066049902148577111e+01 1.585726228610625128e+02
9.927128867014834768e+00 1.514926170644939702e+02
9.243032120332653534e+00 1.446422697459668711e+02
8.604995361661883280e+00 1.380205493864224309e+02
8.010006944494572068e+00 1.316258840787398015e+02
7.455244666401151576e+00 1.254562910539079894e+02
6.938063983151766756e+00 1.195095618698496622e+02
6.455988073744968858e+00 1.137830505080603132e+02
6.006697819341935585e+00 1.082736659423031256e+02
5.588022194756171679e+00 1.029779165269388415e+02
5.197929212307566438e+00 9.789195286476628155e+01
4.834517388763721613e+00 9.301160902493370486e+01
