2.903478196713283614e+04 2.887725882711289887e+04
2.926234486366874262e+04 2.909924984343938922e+04
2.947550291255184493e+04 2.930674858563056478e+04
2.967340818367720931e+04 2.949891327099924092e+04
2.985520267268870157e+04 2.967489375825084790e+04
3.001999314696667716e+04 2.983380791555429823e+04
3.016689476084552371e+04 2.997478321850934663e+04
3.029503659236227759e+04 3.009696198990682024e+04
3.040351584673281104e+04 3.019945623230423371e+04
3.049142646449124368e+04 3.028137595260310627e+04
3.055789457553919419e+04 3.034186421985797642e+04
3.060205328043581176e+04 3.038007286893537821e+04
3.062302215519782840e+04 3.039514280007957132e+04
3.061996408617188717e+04 3.038625918310441193e+04
3.059208843488146158e+04 3.035265471794569385e+04
3.053860394725277001e+04 3.029356463756807716e+04
3.045876213275787450e+04 3.020826850307735731e+04
3.035188979312132506e+04 3.009612156535061877e+04
3.021737011904830069e+04 2.995653784838040519e+04
3.005463992238849096e+04 2.978898800933227176e+04
2.986323080385671346e+04 2.959303741347960386e+04
2.964277601513399713e+04 2.936835350015955191e+04
2.939300716368923531e+04 2.911470606823341222e+04
2.911376864895463950e+04 2.883197787633004191e+04
2.880502822017879225e+04 2.852017347677416910e+04
2.846691783759650934e+04 2.817946381991993621e+04
2.809973708027209068e+04 2.781018922139262941e+04
2.770391594910596905e+04 2.741281726036605687e+04
2.728005776637587041e+04 2.698798697448427265e+04
2.682904909920670252e+04 2.653662317533867099e+04
2.635192643585121186e+04 2.605979681313002584e+04
2.584985067218942640e+04 2.555869776414028820e+04
2.532432918058070936e+04 2.503486144582412089e+04
2.477713728386001094e+04 2.449008828275809719e+04
2.421010616817896152e+04 2.392622697520703150e+04
2.362528519580894135e+04 2.334533814724781769e+04
2.302520227460555179e+04 2.274995694759282924e+04
2.241241063089389354e+04 2.214263601573645064e+04
2.178944897168441821e+04 2.152590500638162121e+04
2.115936813946476104e+04 2.090279534356098520e+04
2.052540274963917182e+04 2.027651380088810038e+04
1.989056720320105160e+04 1.965004106630316164e+04
1.925798484368972277e+04 1.902645606117904026e+04
1.863116351121008120e+04 1.840920793835839868e+04
1.801331764136899073e+04 1.780145121182021103e+04
1.740739750423687292e+04 1.720607312771898796e+04
1.681677458333038157e+04 1.662635189996901317e+04
1.624471218351975403e+04 1.606545240078831557e+04
1.569399487801472424e+04 1.552607320430154141e+04
1.516679244297483274e+04 1.501029875357792298e+04
1.466464525293566476e+04 1.451958022721378620e+04
1.418878291262872335e+04 1.405507236132280377e+04
1.374033591785694261e+04 1.361783216892826204e+04
1.332099957714468655e+04 1.320942492109790510e+04
1.293245583889746740e+04 1.283140320153384164e+04
1.257592554367777484e+04 1.248488881115561162e+04
1.224927225066438223e+04 1.216774768813436822e+04
1.194813657022730513e+04 1.187568461486982051e+04
1.166852379316838596e+04 1.160476077853873539e+04
1.140698436277464680e+04 1.135158582492862115e+04
1.116050851295129178e+04 1.111321005838600286e+04
1.092611082123936831e+04 1.088671141040358452e+04
1.069948771842614406e+04 1.066792317981552151e+04
1.047601191967238447e+04 1.045237019801827046e+04
1.025068385502417550e+04 1.023523872056534492e+04
1.001752407169010803e+04 1.001081213180666600e+04
9.770892967266965570e+03 9.773694847908425800e+03
9.505275325455555503e+03 9.518666254830424805e+03
9.215897634077851762e+03 9.241206163273882339e+03
8.900383402989473325e+03 8.939122062293281488e+03
8.558310359034461726e+03 8.612089291281996339e+03
8.191771152084181267e+03 8.262185139725757836e+03
7.804958391975259474e+03 7.893486633113587231e+03
7.404082089664687373e+03 7.511966274607930245e+03
6.996627524563511543e+03 7.124797130161709902e+03
6.590697975090564796e+03 6.739689328148738241e+03
6.194332883439211400e+03 6.364271460960696459e+03
5.815949283378370637e+03 6.006477491505484977e+03
5.463484464831212790e+03 5.673740170176393804e+03
5.144573732219871090e+03 5.373119903369757594e+03
4.864588839541197558e+03 5.109579848577691337e+03
4.626562914749160882e+03 4.885760287093249644e+03
4.430158523232352309e+03 4.701203470906174516e+03
4.271239085281617008e+03 4.551850179404878872e+03
4.142705397133399856e+03 4.430939374773618511e+03
4.035207873719573399e+03 4.329628866082397508e+03
3.937937863289209417e+03 4.237790790093855321e+03
3.839907581297616616e+03 4.145160714975746487e+03
3.730697361106106655e+03 4.042051593469736872e+03
3.602338099333251648e+03 3.921101328978885249e+03
3.450349242183193837e+03 3.778212656280311876e+03
3.274827835052819864e+03 3.613582592851693789e+03
3.080193495840420383e+03 3.431438453217314418e+03
2.874553342453714777e+03 3.239397673399969790e+03
2.668963201297488467e+03 3.047750688175470714e+03
2.476233028414294949e+03 2.868297417346343991e+03
2.307731538364871994e+03 2.711355556549067387e+03
2.169719847642994409e+03 2.582479060400039998e+03
2.062120095397828209e+03 2.481402257586451469e+03
1.979890453015836329e+03 2.403367972860490227e+03
1.915105250490498747e+03 2.341072699959546753e+03
1.857515490224790256e+03 2.285180141485598597e+03
1.795351015981356340e+03 2.225044824411718764e+03
1.719339944723491726e+03 2.152345650567031043e+03
1.627111441939561473e+03 2.065051733195778525e+03
1.522924872614123615e+03 1.967130537652295743e+03
1.414971809986753442e+03 1.866038830373311612e+03
1.312943891402283043e+03 1.770455543379236360e+03
1.225340347578267938e+03 1.687848319800995796e+03
1.155802034116638197e+03 1.621277951486227039e+03
1.102194267957419925e+03 1.568705827422245420e+03
1.058025396194203040e+03 1.524338354566654516e+03
1.014495999097746449e+03 1.480460597161949863e+03
9.648276234546375463e+02 1.431213173657427205e+03
9.079307413334743160e+02 1.375745809123592835e+03
8.473543709973689602e+02 1.317223192932133543e+03
7.891001219304291681e+02 1.260841505638549052e+03
7.388014101849315693e+02 1.211353161548802063e+03
6.978791862142550144e+02 1.169851846214438410e+03
6.634173670911379759e+02 1.133785727960940903e+03
6.306675973423173218e+02 1.099143785423302461e+03
5.957791057984030658e+02 1.062750108849341586e+03
5.586010657759177320e+02 1.024543974849636925e+03
5.220624974433736725e+02 9.869704198020631338e+02
4.891514935451302790e+02 9.524434220789232768e+02
4.608747603594962357e+02 9.217137670464127268e+02
4.356245645906531649e+02 8.934420302543792332e+02
4.109338191794607269e+02 8.656623871337103537e+02
3.858386776217651004e+02 8.376427430818206403e+02
3.613146252114545973e+02 8.101637586989536430e+02
3.388076676484994891e+02 7.843274247890069546e+02
3.186312150091089279e+02 7.603388164039480444e+02
2.998834947505254149e+02 7.374957565079965889e+02
2.816205518980287934e+02 7.150974055291789000e+02
2.639339620938875441e+02 6.932190711927036091e+02
2.474126494544441925e+02 6.722815058528918826e+02
2.322394049686396897e+02 6.523974103774888817e+02
2.180063103201059107e+02 6.332673323517913104e+02
2.043850254739084278e+02 6.146619620160981867e+02
1.914841501244094104e+02 5.966530432112650715e+02
1.794684265215960579e+02 5.793417887550921250e+02
1.682367982963487520e+02 5.626520570993561705e+02
1.576110299981900198e+02 5.464639157502859916e+02
1.475876669832205437e+02 5.307711700209342780e+02
1.382138339294953084e+02 5.155955181229796835e+02
1.294155401373843404e+02 5.008863235396306095e+02
1.211449357905683115e+02 4.866098563582957581e+02
1.133773303226341937e+02 4.727469802239401702e+02
1.060846689757854620e+02 4.592768948879908066e+02
9.924021953303545729e+01 4.461801373670166981e+02
9.281854450102348153e+01 4.334385128307986292e+02
8.679545685382963427e+01 4.210350202372474087e+02
8.114797561135510762e+01 4.089537831067029288e+02
7.585427868805453500e+01 3.971799881163949522e+02
7.089349153916714386e+01 3.857000223994443786e+02
6.624560251533027611e+01 3.745015063363234162e+02
6.189171419078353154e+01 3.635729195300152128e+02
5.781401093257856871e+01 3.529035240281084498e+02
5.399570109373317450e+01 3.424833210944788107e+02
5.042096201691459356e+01 3.323030104057668268e+02
4.707488773044093477e+01 3.223539514596663480e+02
4.394344629482562681e+01 3.126282126265222701e+02
4.101346929486102511e+01 3.031190152628228702e+02
3.827256736528377701e+01 2.938202915838264744e+02
3.570906696537850422e+01 2.847263933389825183e+02
3.331197256518772321e+01 2.758320665008301944e+02
3.107093062321185073e+01 2.671324278563364487e+02
2.897619521967190082e+01 2.586229425031830260e+02
2.701859514755186709e+01 2.502994056757569012e+02
2.518949418897629755e+01 2.421581400356446920e+02
2.348075943824663270e+01 2.341960685475862647e+02
2.188474801091252075e+01 2.264103364925480548e+02
2.039428057643504388e+01 2.187982627877414927e+02
1.900261490239397943e+01 2.113573260075348514e+02
1.770342078475678704e+01 2.040851508699130079e+02
1.649075630066685605e+01 1.969794951775969309e+02
1.535904548259862246e+01 1.900383032498305909e+02
1.430305786062386808e+01 1.832600582861054477e+02
1.331788742223370647e+01 1.766434467291541068e+02
1.239893310287153838e+01 1.701871466573818736e+02
1.154188084001637371e+01 1.638898221038172665e+02
1.074268660763598859e+01 1.577501184005953121e+02
9.997560381670741236e+00 1.517666578446764447e+02
9.302950973627932996e+00 1.459380405205487818e+02
8.655530695623220083e+00 1.402631390156221300e+02
8.052181631542987716e+00 1.347412104228371561e+02
7.489984704786341929e+00 1.293713952436403360e+02
6.966207698199362142e+00 1.241526763975543730e+02
6.478293800379389289e+00 1.190838856282431379e+02
6.023850815169947026e+00 1.141637100504107565e+02
5.600640998863547715e+00 1.093906988169576948e+02
5.206571442938050964e+00 1.047633288857719549e+02
4.839684818974610003e+00 1.002803320322088183e+02
4.498151176253003314e+00 9.594040283617627551e+01
4.180260105787155567e+00 9.174202798002951909e+01
3.884413220210717554e+00 8.768350095169596159e+01
3.609117083958238492e+00 8.376293712172525829e+01
3.352976568937368729e+00 7.997828852301235258e+01
3.114688608706476902e+00 7.632735964587247679e+01
2.893036159726308565e+00 7.280790388128259849e+01
