1.161952177639364345e+04 1.154652332081397981e+04
1.178521521474521069e+04 1.170908232400866473e+04
1.194829499482219944e+04 1.186893236727879594e+04
1.210843519019439373e+04 1.202574703738471180e+04
1.226529830073991434e+04 1.217918901018243378e+04
1.241852862549727979e+04 1.232890405680392359e+04
1.256776258150860667e+04 1.247453060877995085e+04
1.271262977562247943e+04 1.261570070907905392e+04
1.285274094825442444e+04 1.275202799613300704e+04
1.298769514423616602e+04 1.288311489608577540e+04
1.311708829441370108e+04 1.300856121736596469e+04
1.324050593963762731e+04 1.312795710679060358e+04
1.335751837369452915e+04 1.324087837413046691e+04
1.346769505935526286e+04 1.334690060987519973e+04
1.357060485075454926e+04 1.344559945620497456e+04
1.366580395469237919e+04 1.353653893902075106e+04
1.375284800251461274e+04 1.361928329233132717e+04
1.383129965003831603e+04 1.369340441803525209e+04
1.390072136383976067e+04 1.375847503191830765e+04
1.396067605411653494e+04 1.381406935907678417e+04
1.401073985033769350e+04 1.385977549025440203e+04
1.405050307990746660e+04 1.389519647792089563e+04
1.407956685310214016e+04 1.391994736536111304e+04
1.409755178178928509e+04 1.393366338136408194e+04
1.410410291270610833e+04 1.393600470108932859e+04
1.409889773250978214e+04 1.392666486706577234e+04
1.408164757325971914e+04 1.390537200571816356e+04
1.405209575118969042e+04 1.387188648405351705e+04
1.401003175090920013e+04 1.382601520060370603e+04
1.395531107118773434e+04 1.376763161737526571e+04
1.388783159473908563e+04 1.369665154069880373e+04
1.380753728364763992e+04 1.361303664569983448e+04
1.371447430495779008e+04 1.351685068032291019e+04
1.360876187054515867e+04 1.340822997852495246e+04
1.349055947251194448e+04 1.328735041344538149e+04
1.336012526694116059e+04 1.315448560063569494e+04
1.321785311372859178e+04 1.301004367369709871e+04
1.306417676626721004e+04 1.285447136306653010e+04
1.289958894140312077e+04 1.268827282816952720e+04
1.272478689905141437e+04 1.251215432247367971e+04
1.254054363043118610e+04 1.232689574063052169e+04
1.234763908531301968e+04 1.213328212704871294e+04
1.214697151661442695e+04 1.193221470501899603e+04
1.193956214908184847e+04 1.172471535755134755e+04
1.172641191798239379e+04 1.151178369557194674e+04
1.150859069603436365e+04 1.129448528868188623e+04
1.128750688550829727e+04 1.107421812952873552e+04
1.106458074459278396e+04 1.085238934742320998e+04
1.084112577746778152e+04 1.063029843842673654e+04
1.061808266379571978e+04 1.040887935064265184e+04
1.039610386318277779e+04 1.018878317737202269e+04
1.017579096869648492e+04 9.970608858819596207e+03
9.958106518744119967e+03 9.755307623432398032e+03
9.744939896743080681e+03 9.544738335751882914e+03
9.538171875040194209e+03 9.340748905168662532e+03
9.339390319185233238e+03 9.144898562471673358e+03
9.148858465827850523e+03 8.957452040113057592e+03
8.966169830801787612e+03 8.778019692800935445e+03
8.790924306164584777e+03 8.606217632252208205e+03
8.622422076558321351e+03 8.441371441642431819e+03
8.459626162274736998e+03 8.282479881285318697e+03
8.301540178030183597e+03 8.128580531600318864e+03
8.146989070050819464e+03 7.978537585042126921e+03
7.994578383960977590e+03 7.831001900606233903e+03
7.842975828570534759e+03 7.684682501265240717e+03
7.690709165087258043e+03 7.538150517144148580e+03
7.536264665918522041e+03 7.389933273372264011e+03
7.378110790137207914e+03 7.238535125858443280e+03
7.214408868516426992e+03 7.082154242929822431e+03
7.043429853027206264e+03 6.919086824555210114e+03
6.863590142068007481e+03 6.747764218286315554e+03
6.673534676266129281e+03 6.566830923716813231e+03
6.472684951317394734e+03 6.375687191024056119e+03
6.261252424120548312e+03 6.174503977878811384e+03
6.040452510393043667e+03 5.964436089356100638e+03
5.812675724086558148e+03 5.747799062281308579e+03
5.580926513170679755e+03 5.527514704905534927e+03
5.348815285129595395e+03 5.307110671581830502e+03
5.119973959845823629e+03 5.090138946635755929e+03
4.897916846619471471e+03 4.880043748309821240e+03
4.685860764113504047e+03 4.679978841376710079e+03
4.486624242185562252e+03 4.492713708627028609e+03
4.302633314898604112e+03 4.320629048287248224e+03
4.135617371965000530e+03 4.165440786978917458e+03
3.986106771155757087e+03 4.027681756573177154e+03
3.853471952868685094e+03 3.906757685776916787e+03
3.735047255486839731e+03 3.800061860247089498e+03
3.627014952695886223e+03 3.703836805575738708e+03
3.524364589042078933e+03 3.613111910672734211e+03
3.422063888311578467e+03 3.522849749121548939e+03
3.315545579624556467e+03 3.428421994683966204e+03
3.201452214371129230e+03 3.326368409533274189e+03
3.078049255163670750e+03 3.214833674858283757e+03
2.945449081215940623e+03 3.093821335329510021e+03
2.805899372922325711e+03 2.965520450721212910e+03
2.663192064560252675e+03 2.833711757356041289e+03
2.521981276074290236e+03 2.703080837814896313e+03
2.387087109221456103e+03 2.578499165259572692e+03
2.262975024815732922e+03 2.464482069668917120e+03
2.153035357863409899e+03 2.364464550910324760e+03
2.058466372751381186e+03 2.279681634068921085e+03
1.977404583583408112e+03 2.208281196429773445e+03
1.905285865846642537e+03 2.145664500255670191e+03
1.836692595411470847e+03 2.086324977394226607e+03
1.767026135835741343e+03 2.025534787573058566e+03
1.692930608415169218e+03 1.959795097926768449e+03
1.612770387508961448e+03 1.887364461434023269e+03
1.527839370002344140e+03 1.809543766271338654e+03
1.442370560045831326e+03 1.730696657888018308e+03
1.361261602577276790e+03 1.655878934970752880e+03
1.287914599602431053e+03 1.588592720108785443e+03
1.223756455587360506e+03 1.530301158823011974e+03
1.167984275712823774e+03 1.480182946884992589e+03
1.117477038246398706e+03 1.435040241681527732e+03
1.068361724264419081e+03 1.390891721113434187e+03
1.017635858050859611e+03 1.344642261808864305e+03
9.644769358174854688e+02 1.295451925928797436e+03
9.106053716113032124e+02 1.245117202382474943e+03
8.591514036442600855e+02 1.196877847807881835e+03
8.122866346800948349e+02 1.152961798352741425e+03
7.705265847226766027e+02 1.113884060726447615e+03
7.326866009374529085e+02 1.078427002767460408e+03
6.964036991785039845e+02 1.044188979331833252e+03
6.600495172964429003e+02 1.009533959383369393e+03
6.236142322568371128e+02 9.744810414495647137e+02
5.882943030026207225e+02 9.402625939482596777e+02
5.555290080191134621e+02 9.083287602066237696e+02
5.256236088349717193e+02 8.789736193993371671e+02
4.977400204348255670e+02 8.513585894717417659e+02
4.708617361402610868e+02 8.244886677177566980e+02
4.445503368180637267e+02 7.979544063189485996e+02
4.192288729164489496e+02 7.721863188908730535e+02
3.955072909016531071e+02 7.477774539894681993e+02
3.734348942475266426e+02 7.247694555091462689e+02
3.525868676862917823e+02 7.027584139020165139e+02
3.325717142134008100e+02 6.813855951247390976e+02
3.134242151634497304e+02 6.606938230976015802e+02
2.953518540016187899e+02 6.408768066989639465e+02
2.783927148471897226e+02 6.219664100958759718e+02
2.623447859978774659e+02 6.037819021699291397e+02
2.470726475742371235e+02 5.862078408918771402e+02
2.325986661496563954e+02 5.692661491240572786e+02
2.189594643530064673e+02 5.529866666889462294e+02
2.060860636919448723e+02 5.373097694593972165e+02
1.938952330316996040e+02 5.221668567905273903e+02
1.823688820643731674e+02 5.075425950533598893e+02
1.714984742142466985e+02 4.934277431525509314e+02
1.612399037590747355e+02 4.797856251033500143e+02
1.515520851468488388e+02 4.665828611711685312e+02
1.424111968911600457e+02 4.537994439815871033e+02
1.337918508947213923e+02 4.414138870234191359e+02
1.256663651614992432e+02 4.294027019491304031e+02
1.180083178366137133e+02 4.177438928184567999e+02
1.107925782126088876e+02 4.064169476107346100e+02
1.039952513904724043e+02 3.954027463658987926e+02
9.759362483292882473e+01 3.846834766680406119e+02
9.156611677500762880e+01 3.742425557902912487e+02
8.589225495437943891e+01 3.640644647420014621e+02
8.055274216807973175e+01 3.541342754090604785e+02
7.552927322756211481e+01 3.444379831327499346e+02
7.080443631539628768e+01 3.349626371061866053e+02
6.636167760382635095e+01 3.256962832530737160e+02
6.218526669666551498e+01 3.166279109968618286e+02
5.826026287330071796e+01 3.077474036692244681e+02
5.457248214167868383e+01 2.990454922143637191e+02
5.110845102786057481e+01 2.905137463235254245e+02
4.785535714338346480e+01 2.821445862353929215e+02
4.480105789579226183e+01 2.739311570630352435e+02
4.193405631875270956e+01 2.658672760057684741e+02
3.924347069292200985e+01 2.579473979473959275e+02
3.671900530851775812e+01 2.501665824593016509e+02
3.435092234796027810e+01 2.425204620040201178e+02
3.213001481057478514e+01 2.350052225636961793e+02
3.004757826338316207e+01 2.276180698581600552e+02
2.809538582882228042e+01 2.203573147501731455e+02
2.626566789802313551e+01 2.132216192604153946e+02
2.455108930632663444e+01 2.062099188615825653e+02
2.294472722208429971e+01 1.993214013993137712e+02
2.144005000030145069e+01 1.925554862378486405e+02
2.003089697080590170e+01 1.859118036184228799e+02
1.871145893888002476e+01 1.793902587690230064e+02
1.747625745347227522e+01 1.729920714826432686e+02
1.632012866076642510e+01 1.667192601686467697e+02
1.523820860473541217e+01 1.605737001348986155e+02
1.422591711098325185e+01 1.545570977092509395e+02
1.327894239798965081e+01 1.486709867688518045e+02
1.239322643628043785e+01 1.429167258163768395e+02
1.156495102550561782e+01 1.372954956122654835e+02
1.079052431925350142e+01 1.318084803336825246e+02
1.006656715980019179e+01 1.264577445438455214e+02
9.389902398108228354e+00 1.212453647747123995e+02
8.757544119963121432e+00 1.161729756806424945e+02
8.166686806083019334e+00 1.112417881431724993e+02
7.614695055607942464e+00 1.064526089371918687e+02
7.099093848482175062e+00 1.018058608895427852e+02
6.617559321695694052e+00 9.730160348870067821e+01
6.167909769081011184e+00 9.293967993493221513e+01
5.748096966869325364e+00 8.871995124335830951e+01
5.356199161302179768e+00 8.464195450092697115e+01
4.990413791993189463e+00 8.070485453190502767e+01
