2.072939027153009738e+04 2.062491229587386260e+04
2.094311183016202995e+04 2.083440067472567534e+04
2.114734573185449335e+04 2.103428755974985688e+04
2.134139993421925828e+04 2.122388156027250079e+04
2.152455255980589936e+04 2.140246292160913799e+04
2.169605969306817497e+04 2.156929123727352271e+04
2.185518125404075909e+04 2.172363069215178257e+04
2.200116674608603716e+04 2.186473579221846740e+04
2.213322747897513545e+04 2.199182358538583139e+04
2.225058017243604263e+04 2.210411740072529574e+04
2.235245503195819765e+04 2.220085501882660537e+04
2.243805922799734981e+04 2.228125264405233975e+04
2.250659816265594782e+04 2.234452604790882469e+04
2.255730732141448243e+04 2.238992215189956551e+04
2.258943224454633310e+04 2.241669944601650423e+04
2.260220709044617251e+04 2.242410704945558609e+04
2.259490664029863547e+04 2.241143594231205498e+04
2.256685331319648685e+04 2.237802604150655316e+04
2.251738574289390817e+04 2.232323609392319122e+04
2.244588834634774321e+04 2.224647239427433306e+04
2.235181799877906815e+04 2.214721467821338592e+04
2.223469703742795537e+04 2.202501036862691035e+04
2.209411219825244916e+04 2.187947413265280920e+04
2.192974077843129999e+04 2.171031189652001194e+04
2.174136130166422663e+04 2.151733170479184264e+04
2.152887262308898426e+04 2.130046528741398652e+04
2.129228702859985788e+04 2.105975864200033175e+04
2.103172974044840521e+04 2.079537011877963960e+04
2.074750125681847567e+04 2.050763488051903551e+04
2.044008756708533838e+04 2.019707502979613128e+04
2.011008752614212790e+04 1.986432357687584226e+04
1.975825619213897153e+04 1.951016804038798364e+04
1.938565641638244415e+04 1.913570408433347257e+04
1.899348689256714715e+04 1.874216023954963021e+04
1.858303027541562187e+04 1.833084478449592643e+04
1.815589543692224106e+04 1.790338863810066323e+04
1.771396139222307102e+04 1.746168848924699705e+04
1.725911027919251501e+04 1.700763852920177305e+04
1.679337820403442674e+04 1.654327986584242535e+04
1.631929092625430712e+04 1.607113307562845512e+04
1.583935597570466962e+04 1.559369413618032013e+04
1.535597227404353725e+04 1.511334478235312235e+04
1.487188606765233271e+04 1.463280086683191257e+04
1.438996845015872350e+04 1.415489363532978859e+04
1.391281801821470435e+04 1.368217975568397014e+04
1.344310375628572183e+04 1.321727290848458506e+04
1.298399394896543708e+04 1.276325819968440737e+04
1.253835508301125083e+04 1.232292006674495315e+04
1.210862110959708843e+04 1.189861598729873003e+04
1.169663431501992454e+04 1.149211120554085210e+04
1.130381160468743656e+04 1.110474956879201818e+04
1.093131908879122966e+04 1.073763191428857135e+04
1.058074325325806603e+04 1.039224748196281325e+04
1.025455614897088708e+04 1.007091152763295395e+04
9.954995813012186773e+03 9.775716001778544523e+03
9.683237752910814379e+03 9.507728435917268143e+03
9.437022197249198143e+03 9.264688079001940423e+03
9.213444519784525255e+03 9.043714247020296170e+03
9.009881879989605295e+03 8.842206703926125556e+03
8.823919653723643933e+03 8.657779578923029476e+03
8.653345321985611008e+03 8.488248508237886199e+03
8.495569902069681120e+03 8.331082132790717878e+03
8.346925479279041610e+03 8.182740218378163263e+03
8.203736932104075095e+03 8.039686398118048601e+03
8.061416085758613917e+03 7.897558249192563380e+03
7.914858966004723698e+03 7.751534079031430338e+03
7.758867811619100394e+03 7.596738441517003594e+03
7.587800353119349893e+03 7.427934249295666632e+03
7.396721233773781023e+03 7.240569733135060233e+03
7.182150700375043925e+03 7.031522010654712176e+03
6.941893992776985215e+03 6.798873666585262981e+03
6.676223875485652570e+03 6.543047826957166762e+03
6.387033058785696994e+03 6.265956612249631689e+03
6.078794154235828501e+03 5.971911176960658850e+03
5.757108129079782884e+03 5.666228158654975232e+03
5.428843759891006812e+03 5.355364087801898677e+03
5.101275774344930142e+03 5.046101791660960771e+03
4.782150375367164997e+03 4.745622184329095944e+03
4.479646299064064806e+03 4.461414936039573149e+03
4.201403895333790388e+03 4.200461955292587845e+03
3.953817819966359821e+03 3.968500692779457040e+03
3.741868021534607124e+03 3.769945717278401389e+03
3.567071013550772477e+03 3.605983498341148788e+03
3.428620703257836794e+03 3.475655831239108466e+03
3.321910721716565149e+03 3.374552919135515822e+03
3.240465744891580471e+03 3.296587317712565437e+03
3.175476837719926152e+03 3.233626449517058063e+03
3.117061317761541886e+03 3.176645858122056325e+03
3.054864137555629895e+03 3.116279131369027255e+03
2.979242530171108683e+03 3.043893640604337179e+03
2.882972291859228335e+03 2.953101666411306269e+03
2.762309463205154771e+03 2.840679114783090881e+03
2.617859105543903297e+03 2.707325306506072593e+03
2.454507264373484304e+03 2.557560803487314388e+03
2.281141375237829834e+03 2.399422976376012230e+03
2.109635200171647739e+03 2.243525041275244803e+03
1.952626458801158151e+03 2.101045983953309133e+03
1.819867912227196939e+03 1.980474915552048060e+03
1.715600702607578796e+03 1.885359529937293473e+03
1.638778796858000760e+03 1.814575944363744611e+03
1.584526399497497778e+03 1.763670651628071482e+03
1.544707848531148784e+03 1.725409729974682023e+03
1.508103657682393305e+03 1.689960466268632672e+03
1.462959154369509406e+03 1.647120652574744781e+03
1.401811539849100200e+03 1.590495240487304272e+03
1.323911185773400803e+03 1.519557541170430341e+03
1.234278388726467256e+03 1.438772087537464586e+03
1.141900961148385704e+03 1.355960678882669527e+03
1.057250693668049507e+03 1.280091775061554699e+03
9.881506921345285264e+02 1.217729927480635070e+03
9.368694486010966784e+02 1.170638445021273583e+03
9.001295689827804836e+02 1.135898267044037084e+03
8.701162247171326953e+02 1.106838895453581017e+03
8.375992681805640814e+02 1.075698338969132010e+03
7.969515192234434835e+02 1.037818061104946764e+03
7.481077944225247620e+02 9.932352254700463163e+02
6.957377505791216663e+02 9.459130550874350547e+02
6.471032486395007481e+02 9.018673592178747640e+02
6.074297543538432365e+02 8.653152509611005598e+02
5.769492099732176484e+02 8.363363286604685527e+02
5.517882999025310937e+02 8.117043746162074740e+02
5.263578446459666793e+02 7.868842592728898353e+02
4.972218535980632623e+02 7.591506380422573557e+02
4.654004593644537522e+02 7.293779701933807473e+02
4.345827038430136326e+02 7.005234584030487213e+02
4.080557417907945137e+02 6.751457180217487348e+02
3.862075425557864605e+02 6.534834645316909700e+02
3.665388933857252596e+02 6.335514610311454362e+02
3.463329756825286267e+02 6.132554408152653878e+02
3.251089500214417853e+02 5.922555294196191653e+02
3.044781753784062062e+02 5.717908869230732307e+02
2.861422943923973321e+02 5.531219133454017083e+02
2.700407388258573178e+02 5.361679759398740543e+02
2.548089467880751329e+02 5.199043746881744710e+02
2.395334552009632887e+02 5.036700495139662053e+02
2.246585373636787040e+02 4.877942188428097552e+02
2.110048561649815326e+02 4.728538162009944017e+02
1.986005156109581833e+02 4.588495237845260135e+02
1.868136790760093220e+02 4.453311375966615628e+02
1.753679154787805317e+02 4.321092999422267553e+02
1.645567729081886910e+02 4.193808590048308815e+02
1.545704605587278024e+02 4.072629294798797446e+02
1.451970587819283480e+02 3.956072320529588637e+02
1.362515878074050875e+02 3.842905362327111334e+02
1.278152795108541966e+02 3.733607380478923687e+02
1.199164546195936083e+02 3.628303118684549418e+02
1.124850158092642403e+02 3.526498369489308402e+02
1.054934792754760053e+02 3.427979591690015013e+02
9.891719714395763674e+01 3.332556698579007275e+02
9.273281141346329548e+01 3.240052216448202671e+02
8.691819224288123280e+01 3.150300473907055334e+02
8.145237883405489754e+01 3.063146856018926769e+02
7.631552282265614906e+01 2.978447117393146186e+02
7.148887453307678186e+01 2.896067538326250315e+02
6.695483111627551409e+01 2.815886517105255962e+02
6.269673457583848375e+01 2.737791381085898479e+02
5.869878754192444603e+01 2.661677092716603852e+02
5.494601570893460263e+01 2.587445814761673546e+02
5.142423137293904745e+01 2.515006505710698548e+02
4.811999808142889634e+01 2.444274542595941853e+02
4.502059465151300799e+01 2.375171487698808619e+02
4.211394215294954080e+01 2.307627598713830537e+02
3.938858302947742374e+01 2.241581274169973597e+02
3.683369926342705725e+01 2.176975504862111563e+02
3.443908174089563090e+01 2.113757475148640310e+02
3.219509864928890153e+01 2.051878338116828218e+02
3.009266532449309750e+01 1.991293001781971270e+02
2.812321549463066717e+01 1.931959925278811738e+02
2.627867472795209736e+01 1.873841785662793029e+02
2.455143694028576462e+01 1.816908185489850212e+02
2.293433586795598345e+01 1.761132224507653348e+02
2.142062031074468109e+01 1.706489141946067036e+02
2.000393180580801200e+01 1.652956184382684341e+02
1.867828337625749313e+01 1.600512477858687532e+02
1.743803931176801925e+01 1.549138903845598634e+02
1.627789589535469261e+01 1.498818041631220979e+02
1.519286180179389412e+01 1.449536004401629725e+02
1.417824091757197813e+01 1.401282399944005022e+02
1.322961767008028922e+01 1.354047684371954574e+02
1.234284135527943427e+01 1.307822929726663688e+02
1.151401116553100579e+01 1.262599750674656605e+02
1.073946199561092030e+01 1.218370233473422388e+02
1.001575099143953018e+01 1.175126867231204244e+02
9.339644496766400295e+00 1.132863148465561096e+02
8.708104824334869321e+00 1.091576222869921224e+02
8.118280311043085007e+00 1.051263960760229139e+02
7.567495042459109200e+00 1.011923648218492104e+02
7.053238533664710985e+00 9.735519758628173292e+01
6.573155977487587620e+00 9.361450305756511625e+01
6.125039032088896995e+00 8.996982893052894781e+01
5.706817115213286051e+00 8.642066679421512276e+01
5.316548969671575087e+00 8.296667313443749947e+01
4.952414907512877384e+00 7.960770618052400494e+01
4.612709836046507306e+00 7.634349947824719607e+01
4.295836359487241296e+00 7.317364384669882327e+01
4.000298250362402719e+00 7.009759428220222333e+01
3.724694296040515606e+00 6.711467693448223315e+01
3.467712500352965854e+00 6.422409612934424672e+01
3.228124566913940452e+00 6.142497779531230861e+01
3.004780507142355450e+00 5.871655163084384554e+01
