1.683977410359447458e+04 1.671892967830088674e+04
1.706802078892046848e+04 1.694207322705106708e+04
1.729148569689213036e+04 1.716028962465701261e+04
1.750967202250307673e+04 1.737308233146898056e+04
1.772206638998769995e+04 1.757993939518623665e+04
1.792812700445317023e+04 1.778032262787692162e+04
1.812730256983820072e+04 1.797368527309343335e+04
1.831903466962814127e+04 1.815947419312641432e+04
1.850273920309017922e+04 1.833711139217425807e+04
1.867781728994558216e+04 1.850600494325939144e+04
1.884366931298294730e+04 1.866556303096433840e+04
1.899968307363228087e+04 1.881518248322996078e+04
1.914522338448247683e+04 1.895423872200939149e+04
1.927965776393013221e+04 1.908211091300974658e+04
1.940235819262982113e+04 1.919818376157832972e+04
1.951268013326893197e+04 1.930182718219039816e+04
1.960998095065084271e+04 1.939241433072850123e+04
1.969363473871037422e+04 1.946933611706957163e+04
1.976302086787409644e+04 1.953199029905625139e+04
1.981752078455133233e+04 1.957977853041901108e+04
1.985654205552810163e+04 1.961212960044546708e+04
1.987952115639306066e+04 1.962850230277579976e+04
1.988591502311310978e+04 1.962837781536650073e+04
1.987521561767723688e+04 1.961127343904569352e+04
1.984695941843059336e+04 1.957675163985059044e+04
1.980073779008961355e+04 1.952443100741153830e+04
1.973620167165790554e+04 1.945399086340760186e+04
1.965305851095705293e+04 1.936516723042054218e+04
1.955108727606030880e+04 1.925776785812744129e+04
1.943017591491004714e+04 1.913171014394990561e+04
1.929028803369055822e+04 1.898698683014749622e+04
1.913145807167926978e+04 1.882366074418534117e+04
1.895387212949565946e+04 1.864194566580534593e+04
1.875785425387576106e+04 1.844219219385525139e+04
1.854379324254448511e+04 1.822481401548460781e+04
1.831220312412449493e+04 1.799034802008772385e+04
1.806384200536280696e+04 1.773957249733611388e+04
1.779954518940583512e+04 1.747334025794723129e+04
1.752020434552559891e+04 1.719255764180062397e+04
1.722698449711503781e+04 1.689840011021649843e+04
1.692122115485561517e+04 1.659220945907711575e+04
1.660424339155451526e+04 1.627531770938760928e+04
1.627752436351371944e+04 1.594919646969665882e+04
1.594285854266045135e+04 1.561563249098328197e+04
1.560201368590613311e+04 1.527638210043694562e+04
1.525670987814371620e+04 1.493315066322043276e+04
1.490890970166298757e+04 1.458788085082358884e+04
1.456061836498259981e+04 1.424255410749354996e+04
1.421369485325548885e+04 1.389900349540498792e+04
1.387004855923244213e+04 1.355910882071709420e+04
1.353176299393803856e+04 1.322491931356750683e+04
1.320075824511157043e+04 1.289831991209192347e+04
1.287870755334180103e+04 1.258095085164503871e+04
1.256675324119013749e+04 1.227393506680566679e+04
1.226576972422300059e+04 1.197813280531099372e+04
1.197653408389289871e+04 1.169430702060623116e+04
1.169998066730474602e+04 1.142337530674356640e+04
1.143727057418807090e+04 1.116647902958789382e+04
1.118946726608693461e+04 1.092466376744977970e+04
1.095666513513088103e+04 1.069803293924641548e+04
1.073631087766581004e+04 1.048411649384218617e+04
1.052554610193683766e+04 1.028014718723543956e+04
1.032183707722771396e+04 1.008367441655296534e+04
1.012319073528287845e+04 9.892778982999776417e+03
9.927821194958818523e+03 9.705740753947833582e+03
9.733611543651521060e+03 9.520512757071901433e+03
9.537848496345541207e+03 9.334460835447427598e+03
9.337890704552159150e+03 9.145010027831429397e+03
9.130605748604286418e+03 8.949091066412862347e+03
8.912810019096128599e+03 8.743565815971647680e+03
8.681709075067439699e+03 8.525657521816698136e+03
8.434941258416363780e+03 8.292992218749121093e+03
8.171102717004857368e+03 8.044116376838645010e+03
7.890539843827378718e+03 7.779291827197486782e+03
7.594696228773208531e+03 7.499848999635059045e+03
7.287250657547072478e+03 7.209336258731337693e+03
6.972582640549103417e+03 6.911998325045030469e+03
6.656112338055828332e+03 6.613127141397047126e+03
6.343219765758790345e+03 6.317986592295628725e+03
6.039288845828037665e+03 6.031855092286858962e+03
5.749350497034859472e+03 5.759671575255722928e+03
5.478096426272172721e+03 5.506052228483554245e+03
5.229639905605725289e+03 5.275033524084292367e+03
5.007268871740695431e+03 5.069873965278952710e+03
4.812088592672073901e+03 4.891690561635512495e+03
4.643622877551227248e+03 4.740062079219649604e+03
4.498032066434398075e+03 4.611266649894184411e+03
4.369860055378120705e+03 4.499960854285505775e+03
4.251639033717266102e+03 4.398766375804686504e+03
4.135756557148602951e+03 4.300070189316707911e+03
4.014927605530085657e+03 4.196481447033357654e+03
3.883356354635166099e+03 4.082009059728042757e+03
3.737320954962189717e+03 3.952685026786324215e+03
3.576018751654985863e+03 3.807495071932124574e+03
3.401867731912510408e+03 3.648746776812352437e+03
3.219792872384724888e+03 3.481368055933709456e+03
3.036441327888971045e+03 3.312113005148093634e+03
2.859295648827233435e+03 3.148610457235125523e+03
2.695919827405387878e+03 2.998560996922760296e+03
2.552534791916836639e+03 2.868293135755898220e+03
2.432051848789483756e+03 2.760780090556821506e+03
2.332462326705929172e+03 2.674023452490823274e+03
2.247717055611267369e+03 2.601932570451065658e+03
2.170416699537968725e+03 2.536993700231051207e+03
2.093447909211852675e+03 2.471892808736574807e+03
2.010443197507289369e+03 2.399986398937383910e+03
1.917343419512076480e+03 2.316971982758831018e+03
1.814976052954399165e+03 2.223651617150191669e+03
1.708960926668250977e+03 2.125871739289881134e+03
1.606331350397953429e+03 2.030960253320312859e+03
1.512864390899829687e+03 1.944899227710677224e+03
1.432249254169557844e+03 1.871468016323583697e+03
1.364460894395063178e+03 1.810617537102311871e+03
1.305731328434920215e+03 1.758474185344010266e+03
1.250388575612080558e+03 1.709209856600010198e+03
1.193235289253221026e+03 1.657471250410505263e+03
1.131609211294571423e+03 1.600530219968537267e+03
1.067166247940924677e+03 1.540143962451444850e+03
1.004153194856229902e+03 1.480729977497747086e+03
9.462859631737786685e+02 1.426099155186075905e+03
8.955594667333496091e+02 1.378248834260335116e+03
8.510631672835756945e+02 1.336217245012312560e+03
8.094880790236512667e+02 1.296651340066547618e+03
7.679468538602435501e+02 1.256668325294187525e+03
7.254764823461359811e+02 1.215353872896905841e+03
6.833696433728060811e+02 1.174052605104824806e+03
6.439793414448232625e+02 1.135112517057902096e+03
6.083695763930419389e+02 1.099555891759669748e+03
5.758635054085051479e+02 1.066695290514790941e+03
5.449223616312084459e+02 1.035042205116249306e+03
5.144513250276249892e+02 1.003577182249160387e+03
4.847217375613578270e+02 9.725940525065775546e+02
4.567051468929879547e+02 9.430167621989786539e+02
4.308165270975413819e+02 9.152169365209068701e+02
4.066468672816769754e+02 8.888071687588417262e+02
3.835074990540283011e+02 8.631717515197805142e+02
3.612339846818811679e+02 8.381813942466125127e+02
3.401253282686261059e+02 8.141057969179444171e+02
3.203831413955658718e+02 7.911120174195009440e+02
3.018113569204429609e+02 7.690274145034592266e+02
2.841477653233192768e+02 7.476364443556948345e+02
2.673611846650928783e+02 7.269176487882972424e+02
2.515455962362351841e+02 7.069429402063348107e+02
2.366631949843549307e+02 6.876768573316250013e+02
2.225879638639520124e+02 6.690207635998383466e+02
2.092687503648557197e+02 6.509348884649931506e+02
1.967120017089164037e+02 6.334190931650305174e+02
1.848821561521921524e+02 6.164425791473422578e+02
1.737165519545577013e+02 5.999580536616545032e+02
1.631794194011578440e+02 5.839368266371053551e+02
1.532509282178516514e+02 5.683607331346682940e+02
1.438983520712182269e+02 5.532032144553289754e+02
1.350897992350862751e+02 5.384389298912610684e+02
1.267950716982123538e+02 5.240443437047252928e+02
1.189855780763665223e+02 5.099976212376461717e+02
1.116342509270691465e+02 4.962785332349005216e+02
1.047154682437376891e+02 4.828683675582134356e+02
9.820507939354222060e+01 4.697497964016892524e+02
9.208060256363879148e+01 4.569066494326061729e+02
8.632076541990274166e+01 4.443240210714546379e+02
8.090533868942813456e+01 4.319882620970593052e+02
7.581509518542290493e+01 4.198869166190618785e+02
7.103176963814553346e+01 4.080086628755126981e+02
6.653801938666813953e+01 3.963432573751616133e+02
6.231738130690965960e+01 3.848815048762871243e+02
5.835416823239560102e+01 3.736155486443086033e+02
5.463346744734642613e+01 3.625387035922692007e+02
5.114117003022304431e+01 3.516450938296064805e+02
4.786393351947583596e+01 3.409296014931452987e+02
4.478914421859496997e+01 3.303878260036026404e+02
4.190488107463379919e+01 3.200160441753942564e+02
3.919988109250733999e+01 3.098111730839951861e+02
3.666350873722912240e+01 2.997714028855311881e+02
3.428572685250092178e+01 2.898969896859130699e+02
3.205706001267564886e+01 2.801886449549494387e+02
2.996856488659517126e+01 2.706472477700529566e+02
2.801180291540708822e+01 2.612738212455282678e+02
2.617881420513687729e+01 2.520695091932190621e+02
2.446209259378303003e+01 2.430355530564019944e+02
2.285456127510489210e+01 2.341735083977069962e+02
2.134954625800322603e+01 2.254868968087750147e+02
1.994075832200302756e+01 2.169798857970909296e+02
1.862227487058909503e+01 2.086562034022349224e+02
1.738852002051197587e+01 2.005191350769418364e+02
1.623424564841600670e+01 1.925715297482691710e+02
1.515451337451939118e+01 1.848158069928161069e+02
1.414467742814082563e+01 1.772539797288620207e+02
1.320036760630859973e+01 1.698883886645142240e+02
1.231747374311364851e+01 1.627219003528250596e+02
1.149213235241802344e+01 1.557567731563846678e+02
1.072071275897985565e+01 1.489945949538853256e+02
9.999803848348072677e+00 1.424363187952167493e+02
9.326201512919071845e+00 1.360822991172622665e+02
8.696896761813103893e+00 1.299323282778178168e+02
8.109064217925711304e+00 1.239857403225093861e+02
7.560050680725939110e+00 1.182416740879099137e+02
7.047366121082593082e+00 1.126988340141136433e+02
6.568674475063515317e+00 1.073554284299955270e+02
6.121784563942400226e+00 1.022092121826753299e+02
5.704641516757196662e+00 9.725752826094726800e+01
