2.509325138712931948e+04 2.489591488365150508e+04
2.536899476777301243e+04 2.516414778882978499e+04
2.563557388477892164e+04 2.542306544447795022e+04
2.589226264918046945e+04 2.567194894843986185e+04
2.613830045981370131e+04 2.591004894704032267e+04
2.637291535371612918e+04 2.613660663861713329e+04
2.659533332973275901e+04 2.635086228693013254e+04
2.680475278486872048e+04 2.655203024471168828e+04
2.700034687302970997e+04 2.673930134934546004e+04
2.718129400119011916e+04 2.691187285595984213e+04
2.734677227024563763e+04 2.706894335929915178e+04
2.749593680087444227e+04 2.720969146674733202e+04
2.762795127394402152e+04 2.733330588649447236e+04
2.774199824793938751e+04 2.743899536853762402e+04
2.783725571608192331e+04 2.752596670557748439e+04
2.791290674606371249e+04 2.759343403075707465e+04
2.796816753050742045e+04 2.764064549343087128e+04
2.800228471389914193e+04 2.766688120220781639e+04
2.801452493556501213e+04 2.767144409714672656e+04
2.800419972042090012e+04 2.765368281396252496e+04
2.797067527033266379e+04 2.761300102684056765e+04
2.791338042026943367e+04 2.754886697239464047e+04
2.783181081243367225e+04 2.746081671181951970e+04
2.772553201509800056e+04 2.734845567869709703e+04
2.759420412659423164e+04 2.721148383312031001e+04
2.743761174388545624e+04 2.704972640478408721e+04
2.725562729132897221e+04 2.686309510938766107e+04
2.704821929086787350e+04 2.665159596092928405e+04
2.681555311619866916e+04 2.641543096312714624e+04
2.655793923049193108e+04 2.615494520238266705e+04
2.627577257520278363e+04 2.587056508301442955e+04
2.596963564157761721e+04 2.556290162391565173e+04
2.564038345255883542e+04 2.523283546171551643e+04
2.528895585873200253e+04 2.488132785238313227e+04
2.491639683966594021e+04 2.450943971952393622e+04
2.452414258145784697e+04 2.411861974582657786e+04
2.411380364059292697e+04 2.371048602944621234e+04
2.368699802161579282e+04 2.328665902736522185e+04
2.324555118072733239e+04 2.284896260646811425e+04
2.279158330125450448e+04 2.239951173805504004e+04
2.232717649179367072e+04 2.194037837561175184e+04
2.185446516610919571e+04 2.147368163703101891e+04
2.137624194024546523e+04 2.100219197112046822e+04
2.089540112868521464e+04 2.052877686968703347e+04
2.041462777303414623e+04 2.005609195628645102e+04
1.993608735687654189e+04 1.958628247996819118e+04
1.946137613424750452e+04 1.912093618888235505e+04
1.899193368207032472e+04 1.866148192110717719e+04
1.852946887635202074e+04 1.820961125500234630e+04
1.807737479063116552e+04 1.776868050099612810e+04
1.763924787429771459e+04 1.734224718633258817e+04
1.721826336678981534e+04 1.693345425388388685e+04
1.681583884729218698e+04 1.654372048654305399e+04
1.643174443979842545e+04 1.617284785317539172e+04
1.606566994765411255e+04 1.582055881536963898e+04
1.571683088761922409e+04 1.548611096557552810e+04
1.538338096367400613e+04 1.516771993194970673e+04
1.506344917433005685e+04 1.486357366288826051e+04
1.475496334523164296e+04 1.457165779635407489e+04
1.445519485076305318e+04 1.428930551105359518e+04
1.416148969519941784e+04 1.401391300756808960e+04
1.387099837273831145e+04 1.374266868281496318e+04
1.358058771394378891e+04 1.347246162558371179e+04
1.328721559613314093e+04 1.320024863698754962e+04
1.298719410048238569e+04 1.292231272659241768e+04
1.267683532927816123e+04 1.263490133160607002e+04
1.235259375805428499e+04 1.233436609015959766e+04
1.201109836234638533e+04 1.201719050459963910e+04
1.164999410327150508e+04 1.168084152422470834e+04
1.126844148744484301e+04 1.132428950008124957e+04
1.086705240576281176e+04 1.094794875218198104e+04
1.044911111688333222e+04 1.055495397881471399e+04
1.001911654718280442e+04 1.014968323195216726e+04
9.583450467397584362e+03 9.738470341452302819e+03
9.148841237096054101e+03 9.328034776224336383e+03
8.722382265597303558e+03 8.925510128356894711e+03
8.310763521284548915e+03 8.537652683184756825e+03
7.920153274859820158e+03 8.170726734631199179e+03
7.556183747740071340e+03 7.830450749663584247e+03
7.223481332717828991e+03 7.521587910162108528e+03
6.924835085024742511e+03 7.247034234817435390e+03
6.661352022040368865e+03 7.008027273229692582e+03
6.430293220197559094e+03 6.801900335785459902e+03
6.226677922065391613e+03 6.623688851934823106e+03
6.042150254755025344e+03 6.464922953573939594e+03
5.867390655865198823e+03 6.316028071151922632e+03
5.692642661094524556e+03 6.166830274299969460e+03
5.509431546077435996e+03 6.008334637488269436e+03
5.311392044942497705e+03 5.833618958228845258e+03
5.095229389983882356e+03 5.638926625060186780e+03
4.861627384735331361e+03 5.424726751734983736e+03
4.614931739938987448e+03 5.195434910011109423e+03
4.362514148462370031e+03 4.958786902330954035e+03
4.113410617646300125e+03 4.724355624799388352e+03
3.877077369596182507e+03 4.502180322822540802e+03
3.662235624021466720e+03 4.301520343009819953e+03
3.475138852519584361e+03 4.129027252422842139e+03
3.317244104544417496e+03 3.986301733615669491e+03
3.183937321951393642e+03 3.868561186587503471e+03
3.066384981615319703e+03 3.766536814702869378e+03
2.954827440001504783e+03 3.669878736937808753e+03
2.840559940256808204e+03 3.569234821707377705e+03
2.716787879014544615e+03 3.457208542171363206e+03
2.580688264108529438e+03 3.330676270245219712e+03
2.435752427074000934e+03 3.193403467693319271e+03
2.290402888440370134e+03 3.054536735930420491e+03
2.153460425938229491e+03 2.923621574545133626e+03
2.031217742613760947e+03 2.807407149465066595e+03
1.926435295581296714e+03 2.708811712390875527e+03
1.837045738883028889e+03 2.625610315600443300e+03
1.756776672129172766e+03 2.551120505325902286e+03
1.678042398585037290e+03 2.477264606359769004e+03
1.595384145393508561e+03 2.398245022626231730e+03
1.507554139516850000e+03 2.312804721208891351e+03
1.418474447260577335e+03 2.225225980599423565e+03
1.333949388294850678e+03 2.141727064694635374e+03
1.257980354509376639e+03 2.066513009345280807e+03
1.191565840298145076e+03 2.000568774822054138e+03
1.131946805893600640e+03 1.940969424761978416e+03
1.074489073193788272e+03 1.882909827070759320e+03
1.016305202276780392e+03 1.823467160507310837e+03
9.574875552269351147e+02 1.762832610411193627e+03
9.006559656194549461e+02 1.703751659600954099e+03
8.485540545518312001e+02 1.648999398199621737e+03
8.015412637576941961e+02 1.598888479367171385e+03
7.579550024394902721e+02 1.551736591911032974e+03
7.157310667899721466e+02 1.505532843846897094e+03
6.741383074561762214e+02 1.459622633214676853e+03
6.341663310274894911e+02 1.415003683963157073e+03
5.970146109750479582e+02 1.372813732863138512e+03
5.627163021600453021e+02 1.333055956688456035e+03
5.303719775570838237e+02 1.294889322848212942e+03
4.992400686417103088e+02 1.257658753824610358e+03
4.694404907765933785e+02 1.221494553392727539e+03
4.414670572462530913e+02 1.186830090954411844e+03
4.153430240214319156e+02 1.153669866277100255e+03
3.906652911606107637e+02 1.121666910439036428e+03
3.671713855564167375e+02 1.090609785242309499e+03
3.449538158664059893e+02 1.060574244140470682e+03
3.240992509911066008e+02 1.031618944303666012e+03
3.044637886372445905e+02 1.003623846495764155e+03
2.858902140627470203e+02 9.764672373950227211e+02
2.683624929209984771e+02 9.501319353617508341e+02
2.518806978475297740e+02 9.246080660451235644e+02
2.363600539255412230e+02 8.998283696391988542e+02
2.217272386093852958e+02 8.757363678147901283e+02
2.079509152364461215e+02 8.523027782256415321e+02
1.949896885180709774e+02 8.294925312623604441e+02
1.827977088525009890e+02 8.072684304049287221e+02
1.713315508083200314e+02 7.855959104845120464e+02
1.605501224719095603e+02 7.644429115948612434e+02
1.504145455967214957e+02 7.437797389949623721e+02
1.408880473111711069e+02 7.235789341041339640e+02
1.319361391528425713e+02 7.038151783392966081e+02
1.235265609978817594e+02 6.844651904549324399e+02
1.156287047817041156e+02 6.655075863494232635e+02
1.082135074883624100e+02 6.469227792853915844e+02
1.012533875633839955e+02 6.286928892969942808e+02
9.472218280285129310e+01 6.108016578682464797e+02
8.859508978351328778e+01 5.932343672301847164e+02
8.284858091468070995e+01 5.759779802088471570e+02
7.746028069235735813e+01 5.590217308923349719e+02
7.240900654316345708e+01 5.423562783080595864e+02
6.767474072846179922e+01 5.259733788997949659e+02
6.323857283983872435e+01 5.098658273838752848e+02
5.908264465310523406e+01 4.940273990661005996e+02
5.519009727979905477e+01 4.784527933690056898e+02
5.154502070951286186e+01 4.631377191572188963e+02
4.813240729080183655e+01 4.480806646020482162e+02
4.493810421583439307e+01 4.332820481589977248e+02
4.194876746361543240e+01 4.187425670122826205e+02
3.915181958995852796e+01 4.044631252571683717e+02
3.653540945738738088e+01 3.904448020098237180e+02
3.408837379716248961e+01 3.766888199664018657e+02
3.180020051435460005e+01 3.631965249799421827e+02
2.966099035386574556e+01 3.499707185178669988e+02
2.766142154618007609e+01 3.370167019372397021e+02
2.579272531088651021e+01 3.243395109321578502e+02
2.404665614376324001e+01 3.119435688971765899e+02
2.241546269394824620e+01 2.998326954235797075e+02
2.089186010379744474e+01 2.880101162385473117e+02
1.946900374968891967e+01 2.764784745150691379e+02
1.814046402326134810e+01 2.652401475518658458e+02
1.690020142105630896e+01 2.542986323306501504e+02
1.574254566690443902e+01 2.436571552409826609e+02
1.466217510691784476e+01 2.333180033754483418e+02
1.365409648871165871e+01 2.232825717722294598e+02
1.271362582041400024e+01 2.135514124868886654e+02
1.183637025962777223e+01 2.041242841383092070e+02
1.101821093290413067e+01 1.950002168806734915e+02
1.025528573614230687e+01 1.861778751158251168e+02
9.543974400760545151e+00 1.776555292925463334e+02
8.880885200936512902e+00 1.694307508712030881e+02
8.262841252290266780e+00 1.615004555430078597e+02
7.686867533475901126e+00 1.538609606872483937e+02
7.150178643501404530e+00 1.465080413229194960e+02
6.650167256203618038e+00 1.394369843594828637e+02
6.184392962044638509e+00 1.326426447105924638e+02
5.750571674989882531e+00 1.261195007481560992e+02
5.346566730398164324e+00 1.198616925721708526e+02
