1.154951450712535916e+04 1.148661406714432997e+04
1.170753670725990924e+04 1.164197281297676091e+04
1.186274434274781197e+04 1.179443770766218768e+04
1.201479529073697086e+04 1.194366637805509890e+04
1.216333627538530709e+04 1.208930575528200461e+04
1.230798972509650048e+04 1.223097965769776965e+04
1.244836691083154437e+04 1.236830134721355535e+04
1.258407293028730419e+04 1.250087830140200094e+04
1.271469519491203937e+04 1.262830073024935700e+04
1.283980556714379236e+04 1.275014374034409775e+04
1.295897284685118211e+04 1.286597983276735431e+04
1.307175712110092172e+04 1.297537340287886764e+04
1.317769699973119532e+04 1.307786825640947609e+04
1.327632869264028159e+04 1.317300640344877502e+04
1.336719015867802409e+04 1.326033218279176981e+04
1.344980696810997688e+04 1.333937847334540129e+04
1.352370100343483318e+04 1.340967527659977532e+04
1.358840349764299390e+04 1.347076253437511696e+04
1.364344855323968295e+04 1.352218391906359284e+04
1.368836709585788958e+04 1.356348105352828497e+04
1.372270546299319540e+04 1.359421160523784783e+04
1.374602910568850530e+04 1.361395299440562303e+04
1.375791774806772628e+04 1.362229810390568309e+04
1.375797390618834106e+04 1.361886336096238301e+04
1.374583007331887529e+04 1.360329559030329983e+04
1.372115577554773154e+04 1.357527949542793067e+04
1.368366193041535007e+04 1.353454209035783606e+04
1.363309897378600726e+04 1.348085009897525561e+04
1.356926742946010927e+04 1.341402056217955396e+04
1.349204821942831222e+04 1.333395165658497172e+04
1.340137822887382936e+04 1.324059748883666362e+04
1.329724500118695323e+04 1.313396244733692583e+04
1.317974575746702067e+04 1.301416054479134436e+04
1.304908071364846910e+04 1.288140845395980796e+04
1.290549781691541102e+04 1.273596961890871171e+04
1.274933796689034716e+04 1.257819939080440417e+04
1.258112343872309611e+04 1.240863334912443497e+04
1.240143400015333827e+04 1.222786301594426186e+04
1.221089309336289261e+04 1.203652185953135813e+04
1.201032778728435369e+04 1.183544466901511987e+04
1.180068519273393758e+04 1.162558392915287732e+04
1.158290922742761722e+04 1.140788684390772687e+04
1.135806856016896563e+04 1.118342227307498251e+04
1.112747031039949070e+04 1.095349336321782357e+04
1.089239739945854853e+04 1.071937681368579797e+04
1.065410243587317927e+04 1.048231686306843039e+04
1.041399630247147616e+04 1.024371200547690751e+04
1.017349279972795921e+04 1.000496126697938053e+04
9.933903730329206155e+03 9.767360599136805831e+03
9.696555068451394618e+03 9.532217276438277622e+03
9.462817231232751510e+03 9.300879846267005632e+03
9.233943995090861790e+03 9.074580211965352646e+03
9.011137198484428154e+03 8.854496598214454934e+03
8.795800675046704782e+03 8.641999884859827944e+03
8.589286083087512452e+03 8.438407941756815489e+03
8.392744192118714636e+03 8.244841530450756181e+03
8.206466146029999436e+03 8.061579278341617282e+03
8.030216543687374724e+03 7.888384480638758760e+03
7.863722977398661897e+03 7.724985219764085741e+03
7.706245990152937338e+03 7.570656276728363991e+03
7.556770406290698702e+03 7.424405078851476901e+03
7.414261583602381506e+03 7.285221367415876557e+03
7.277259454985705815e+03 7.151685248058885918e+03
7.144221352615771139e+03 7.022297365397413159e+03
7.013440600492187514e+03 6.895401652753260350e+03
6.882886491418307742e+03 6.769031087221601410e+03
6.750532813329150486e+03 6.641221957456864402e+03
6.613991015443651122e+03 6.509663824947517242e+03
6.470904710106749917e+03 6.372074122593322500e+03
6.318961664403266695e+03 6.226216915285858704e+03
6.156049170799821695e+03 6.070045842597201954e+03
5.980775435381307943e+03 5.902215783262930927e+03
5.792443161709169544e+03 5.722052062759219552e+03
5.591549847573325678e+03 5.530039862555740910e+03
5.379559169941047912e+03 5.327598888829371390e+03
5.159129899633045170e+03 5.117306753493413453e+03
4.933570508171686924e+03 4.902367554279148862e+03
4.706833259978637216e+03 4.686606069959990236e+03
4.483050220738434291e+03 4.474011329906467836e+03
4.266475052434167992e+03 4.268681663750942789e+03
4.061039384141226492e+03 4.074396060483320980e+03
3.870526486779792322e+03 3.894774031493719576e+03
3.697886232766292778e+03 3.732628233046004425e+03
3.545221230329098944e+03 3.589943611515197972e+03
3.412914260778750759e+03 3.467055700856371004e+03
3.299889188868558449e+03 3.362897455667975919e+03
3.202935619867640071e+03 3.274360144677534663e+03
3.117623232590505722e+03 3.197162996371746885e+03
3.038375859906891492e+03 3.125921477566117574e+03
2.959357502666416622e+03 3.054989011931270397e+03
2.875089646762954544e+03 2.979042218430282901e+03
2.781113983897374965e+03 2.893724948845208473e+03
2.674835732651867602e+03 2.796479261810399748e+03
2.556005117282012634e+03 2.687024579279930094e+03
2.426857651256560985e+03 2.567508767526557222e+03
2.291808347523943212e+03 2.442214415986562472e+03
2.156749151059478208e+03 2.316857170953126570e+03
2.028232142839022345e+03 2.197771100808833125e+03
1.912386859778910775e+03 2.090849954303630966e+03
1.813471235148881760e+03 2.000156734798639718e+03
1.732518435668476286e+03 1.926644431448751448e+03
1.666997481947803863e+03 1.867854992580998896e+03
1.611820418826163859e+03 1.818889805832301136e+03
1.560757203529672097e+03 1.773748194904917455e+03
1.507425936731192678e+03 1.726258757683107888e+03
1.446531276975358423e+03 1.671276213312231675e+03
1.375918620754082895e+03 1.606698291674009170e+03
1.297835246972467758e+03 1.534713440140987814e+03
1.217706236162105824e+03 1.460598037289022159e+03
1.141713989773731328e+03 1.390328927458709813e+03
1.074998206957825460e+03 1.328822764720707028e+03
1.020105066992356228e+03 1.278469663289697337e+03
9.757879640014546112e+02 1.238036335876734711e+03
9.376034205957995482e+02 1.203259886745134963e+03
8.999072209285790223e+02 1.168744371654422821e+03
8.581554532592663236e+02 1.130152081342504289e+03
8.112704074574460265e+02 1.086479020507387759e+03
7.619876986011199733e+02 1.040377262094553089e+03
7.147991092686838783e+02 9.961405434672203683e+02
6.734477795020383155e+02 9.572891083856691239e+02
6.390946362904713851e+02 9.248683881366426931e+02
6.095290530071496278e+02 8.967665909265980417e+02
5.809675003719762572e+02 8.694344685932724133e+02
5.506685665728113008e+02 8.403319386326262475e+02
5.185345598082893730e+02 8.094076177694610124e+02
4.869777998474531273e+02 7.789269708385776312e+02
4.585814669194232920e+02 7.512605305041316797e+02
4.339926634462271977e+02 7.269647449395105241e+02
4.117738873901063243e+02 7.047055593792977106e+02
3.898075737916387880e+02 6.825708363269333177e+02
3.673081641504930417e+02 6.598805997717862510e+02
3.452916269101993976e+02 6.375642394058153286e+02
3.251305611845332919e+02 6.168317507142542127e+02
3.070543390449614094e+02 5.978611804585772234e+02
2.900943802698004106e+02 5.797980305682384596e+02
2.733904460271705830e+02 5.619101981687065290e+02
2.570893994509051481e+02 5.443373459371098306e+02
2.418913980254085914e+02 5.276690074954627789e+02
2.279386449516648554e+02 5.120104551409937130e+02
2.147571065838351672e+02 4.969649166073657511e+02
2.020114096499084440e+02 4.822647408097782886e+02
1.898914864343290674e+02 4.680650888775888916e+02
1.786111686318408545e+02 4.545285352710380380e+02
1.680254094723845242e+02 4.415359317350237802e+02
1.579321145462855611e+02 4.289324802354836947e+02
1.483679986504255623e+02 4.167453262513473646e+02
1.394086900451220856e+02 4.050254491069192682e+02
1.309731369313309131e+02 3.937099560854705942e+02
1.229836859712275441e+02 3.827422556065221784e+02
1.154488302454860076e+02 3.721243668858339220e+02
1.083616769059230762e+02 3.618485445966759357e+02
1.016936914242981800e+02 3.518930285508011480e+02
9.541768938357913044e+01 3.422369803073868866e+02
8.950863496372960526e+01 3.328610604579745313e+02
8.394472969773376292e+01 3.237482473757751222e+02
7.870763316436013213e+01 3.148842136648505630e+02
7.378000620044200275e+01 3.062557314896207004e+02
6.914526392518364162e+01 2.978504647409899349e+02
6.478755738870097503e+01 2.896569176114130642e+02
6.069175430165869045e+01 2.816643868753657216e+02
5.684341901349576887e+01 2.738629175341667974e+02
5.322878166058134752e+01 2.662432562107408103e+02
4.983455412890267411e+01 2.587967239445306404e+02
4.664798475603800654e+01 2.515152047538612123e+02
4.365700615894115089e+01 2.443911982882977725e+02
4.085020715655529244e+01 2.374177899972085584e+02
3.821680019236302428e+01 2.305886202427615217e+02
3.574659016498543451e+01 2.238978551283215381e+02
3.342994461992450539e+01 2.173401588582436261e+02
3.125776934053449096e+01 2.109107168810697317e+02
2.922150496102843320e+01 2.046055194393903491e+02
2.731307700430060237e+01 1.984210918126957779e+02
2.552485677767601047e+01 1.923542927017812190e+02
2.384963930525511699e+01 1.864022942297631005e+02
2.228062222692783578e+01 1.805625634527344801e+02
2.081138556377665338e+01 1.748328443895798898e+02
1.943587232828560118e+01 1.692111405211205977e+02
1.814836706898168472e+01 1.636958469804746414e+02
1.694347198622216766e+01 1.582860879432863328e+02
1.581610012738338078e+01 1.529812224325913803e+02
1.476146124017879302e+01 1.477807025446698788e+02
1.377504571590670324e+01 1.426840627488446955e+02
1.285260930948809488e+01 1.376909094173222456e+02
1.199015860543099521e+01 1.328009105924519986e+02
1.118393719890649152e+01 1.280137900781924429e+02
1.043041250321507007e+01 1.233296914840597509e+02
9.726263249573074532e+00 1.187493964900901631e+02
9.068367762655263675e+00 1.142736240935011693e+02
8.453792725579830858e+00 1.099029529047631399e+02
7.879782508982167144e+00 1.056378222162293099e+02
7.343749052288211843e+00 1.014785334016826681e+02
6.843262272491401177e+00 9.742525163899831853e+01
6.376040935698171097e+00 9.347802877644264186e+01
5.939943287198814481e+00 8.963720907191837739e+01
5.532959210072734280e+00 8.590332675390368422e+01
5.153203376065163432e+00 8.227666935034618234e+01
4.798907917320305749e+00 7.875727318474039862e+01
4.468415467012562203e+00 7.534493706281976699e+01
4.160172585147445368e+00 7.203923604980066386e+01
3.872723550232087142e+00 6.883953527045927956e+01
