1.696877531908324090e+04 1.687447079319894692e+04
1.717364230691898047e+04 1.707545307547857010e+04
1.737248581929336797e+04 1.727030301808464719e+04
1.756475603039715497e+04 1.745847267603372893e+04
1.774989688907616801e+04 1.763940840671678234e+04
1.792733811113451520e+04 1.781254282316193712e+04
1.809648248156726913e+04 1.797728206212001169e+04
1.825672786794630156e+04 1.813302793614896655e+04
1.840746893670105419e+04 1.827917973757536311e+04
1.854806798033641826e+04 1.841510544305310759e+04
1.867787346592094400e+04 1.854016013985854443e+04
1.879624058320775657e+04 1.865370641069570047e+04
1.890251656375298262e+04 1.875509991597936823e+04
1.899603207240652046e+04 1.884368098364821708e+04
1.907613126662750437e+04 1.891880432848991404e+04
1.914217138902575971e+04 1.897983875143466867e+04
1.919349408496772958e+04 1.902613914028515501e+04
1.922945477331660004e+04 1.905707533819540186e+04
1.924944026694144122e+04 1.907204948424131362e+04
1.925285329875674142e+04 1.907048126291813242e+04
1.923911453193577108e+04 1.905180999349676495e+04
1.920768982189124290e+04 1.901552099798329073e+04
1.915809269635352030e+04 1.896114837653804716e+04
1.908987895762027983e+04 1.888827068152711217e+04
1.900266258876238135e+04 1.879652547601551123e+04
1.889612484173256962e+04 1.868561800894036060e+04
1.877003268265604493e+04 1.855534099472674279e+04
1.862423933850369940e+04 1.840557457594680091e+04
1.845867629282101916e+04 1.823627685428364566e+04
1.827338473450647507e+04 1.804751594104889591e+04
1.806855945868018171e+04 1.783951480318028916e+04
1.784448683040523247e+04 1.761258702025683306e+04
1.760154935780896994e+04 1.736714094529760405e+04
1.734035261578765858e+04 1.710380781942210160e+04
1.706164907787603806e+04 1.682336428899476596e+04
1.676625497932186772e+04 1.652664803504345764e+04
1.645518051515923435e+04 1.621468815055323466e+04
1.612970796420934494e+04 1.588878308293373266e+04
1.579115817155180412e+04 1.555026611739040163e+04
1.544092530383312624e+04 1.520053958984412020e+04
1.508078999360627859e+04 1.484138582433856755e+04
1.471262293774220416e+04 1.447467219220242441e+04
1.433822698274466347e+04 1.410219423383156391e+04
1.395960327069505365e+04 1.372593885472272268e+04
1.357895925143220484e+04 1.334809212028802904e+04
1.319835495115409685e+04 1.297068984616414855e+04
1.281985034626017659e+04 1.259576111639188275e+04
1.244597689392928623e+04 1.222578727672746572e+04
1.207915976971566306e+04 1.186314011400885829e+04
1.172153211169165479e+04 1.150990172248363888e+04
1.137470320894745237e+04 1.116763583247617680e+04
1.103985802024393888e+04 1.083748703491508968e+04
1.071800827431432481e+04 1.052042970058580249e+04
1.041048509840113547e+04 1.021773972573610445e+04
1.011964944694012411e+04 9.931673908964148723e+03
9.847761782670711909e+03 9.664390842668241021e+03
9.596408752713792637e+03 9.417397070486667872e+03
9.364418160490373339e+03 9.189518397805199129e+03
9.149710687482858702e+03 8.978701582061954468e+03
8.950372778820414169e+03 8.783058878834575808e+03
8.764541863129272315e+03 8.600761829122498966e+03
8.590461172145871387e+03 8.430089423732055366e+03
8.426222822668321896e+03 8.269181042084026558e+03
8.269111742941917328e+03 8.115411780527410883e+03
8.116382472523304386e+03 7.966131031025866832e+03
7.964813448052322201e+03 7.818249101407341186e+03
7.810749020573306552e+03 7.668275068764424759e+03
7.650503530457343913e+03 7.512697158846886850e+03
7.479894328630585733e+03 7.347553189423459116e+03
7.295093087372689297e+03 7.169219419492362249e+03
7.093074660208448222e+03 6.974867276954048975e+03
6.871643416583802718e+03 6.762454201357640159e+03
6.630416588939909161e+03 6.531680904490330249e+03
6.370313816561594649e+03 6.283476176265209688e+03
6.094390423182057020e+03 6.020800615260906852e+03
5.806811216321130814e+03 5.747650613680035349e+03
5.512978939079098382e+03 5.469179956935434348e+03
5.218621850195111620e+03 5.190827962888560251e+03
4.929856409385859479e+03 4.918379226652828038e+03
4.652923718847004238e+03 4.657687411970206085e+03
4.393877556358112088e+03 4.414413234353940425e+03
4.158004797918975783e+03 4.193448173043840143e+03
3.949820501368172700e+03 3.998931908383513019e+03
3.771521679768122340e+03 3.832810011796347681e+03
3.623419337270469896e+03 3.695248729859688865e+03
3.502592905653537855e+03 3.583413004520290542e+03
3.404259466895405239e+03 3.492740463370916132e+03
3.321347674023470518e+03 3.416576510736366345e+03
3.245891028185033974e+03 3.347457023158262018e+03
3.169463578614208018e+03 3.277509898029037686e+03
3.084146208668304098e+03 3.199352887382327935e+03
2.983723012784884759e+03 3.107198605663003036e+03
2.864618085705061276e+03 2.997727071950027039e+03
2.726842085594731543e+03 2.870985805250008980e+03
2.573875388750917409e+03 2.730269421876223987e+03
2.412163628946737845e+03 2.581626938112668086e+03
2.250390902573195945e+03 2.433155988195332156e+03
2.098388631954810990e+03 2.293947472230949643e+03
1.965005984527254896e+03 2.172084189225627142e+03
1.855438212033185209e+03 2.072219005696801560e+03
1.769932211235007344e+03 1.994450664038626655e+03
1.704503898010222429e+03 1.935033362900083375e+03
1.652500361811578387e+03 1.887830868527679058e+03
1.605475514958242456e+03 1.845105596907224708e+03
1.554085447400674866e+03 1.798315134763880678e+03
1.490910968383952650e+03 1.740689410181500762e+03
1.413889558753805886e+03 1.670385049016184212e+03
1.326746088764947672e+03 1.590875220256956482e+03
1.236612927613442253e+03 1.508722891773036963e+03
1.151738000845117085e+03 1.431421533377516198e+03
1.079237359265799796e+03 1.365325500709329617e+03
1.022041363276208926e+03 1.312949821241365498e+03
9.781403653383342771e+02 1.272392482818503595e+03
9.416744156576775140e+02 1.238365622359723375e+03
9.050467291698415693e+02 1.204088322548783708e+03
8.624332317309065274e+02 1.164403413830334330e+03
8.129899541867318931e+02 1.118623175581170017e+03
7.602952533160087114e+02 1.069988272382696778e+03
7.099444031719223176e+02 1.023456820562377629e+03
6.668994089012654740e+02 9.833243888495927649e+02
6.323027815530313092e+02 9.504961637726318031e+02
6.032062897904500005e+02 9.223511620213749893e+02
5.750385716403809511e+02 8.949309252750269934e+02
5.443650337671135730e+02 8.653162238402713911e+02
5.112693283731668998e+02 8.336340993476547965e+02
4.787815027775884573e+02 8.024916048736405401e+02
4.498623637326638800e+02 7.743625562855445423e+02
4.253028444632283254e+02 7.498519604726288890e+02
4.033289765613412214e+02 7.274467483438369300e+02
3.814507991712296189e+02 7.050967545984167373e+02
3.588374910028425688e+02 6.821527894691581650e+02
3.366829159583113551e+02 6.596040191583560954e+02
3.165276652968980216e+02 6.386735439447455747e+02
2.986100000892625985e+02 6.195176998283955072e+02
2.818497986858263857e+02 6.012699562671967897e+02
2.652869459818074915e+02 5.831918433504232553e+02
2.491286772050343359e+02 5.654544288003957035e+02
2.341001265190971310e+02 5.486018488472956278e+02
2.203595533228874785e+02 5.327344240001269782e+02
2.073979042734558789e+02 5.174670555440155795e+02
1.948727354637037479e+02 5.025532706912539993e+02
1.829799251173314190e+02 4.881331001475013522e+02
1.719307554874567359e+02 4.743460736003387979e+02
1.615799081517184561e+02 4.610830425576382936e+02
1.517235667794885217e+02 4.482032526478587897e+02
1.424055187043952913e+02 4.357328124732871970e+02
1.336662237954929822e+02 4.236929216953794821e+02
1.254406454396109893e+02 4.120364777939532814e+02
1.176964585050869090e+02 4.007383913409635170e+02
1.104072015854182638e+02 3.897780907616242416e+02
1.035477530660341188e+02 3.791363707430521117e+02
9.709427076595780193e+01 3.687953071213416933e+02
9.102413382256348484e+01 3.587381784752691942e+02
8.531588676625831624e+01 3.489493938173775973e+02
7.994921639638286592e+01 3.394144625089312513e+02
7.490500811354398536e+01 3.301200736827498190e+02
7.016515748690764553e+01 3.210538936870891007e+02
6.571247454128145193e+01 3.122044520798103235e+02
6.153064550701864732e+01 3.035610939467057960e+02
5.760419556976618338e+01 2.951139354727531554e+02
5.391845262531050764e+01 2.868538224312425200e+02
5.045951047660351207e+01 2.787723008630563299e+02
4.721415560399816513e+01 2.708618270462266082e+02
4.416984320834263400e+01 2.631157224460550879e+02
4.131471476220443861e+01 2.555278490097453243e+02
3.863756637746630673e+01 2.480925659896244611e+02
3.612781595540314328e+01 2.408047036017316600e+02
3.377547174869980751e+01 2.336595378553760156e+02
3.157110229167158622e+01 2.266527664301128766e+02
2.950580847999561840e+01 2.197805984836448658e+02
2.757119810730638676e+01 2.130400376722968474e+02
2.575935653259008618e+01 2.064284786003192949e+02
2.406282092088678581e+01 1.999435727749843181e+02
2.247455653282118249e+01 1.935832119345134572e+02
2.098793410451879637e+01 1.873455117887436074e+02
1.959670827906198554e+01 1.812287961424513583e+02
1.829499692470881911e+01 1.752316035905157605e+02
1.707725951732358283e+01 1.693530468854587241e+02
1.593827946338736723e+01 1.635926856385977715e+02
1.487314850187774873e+01 1.579501373679844392e+02
1.387724973933156569e+01 1.524250556027848233e+02
1.294624146111026164e+01 1.470171212917120727e+02
1.207604175956773673e+01 1.417260344797779226e+02
1.126281394359135568e+01 1.365515063904892941e+02
1.050295208229230859e+01 1.314934687187970326e+02
9.793066902425257680e+00 1.265524568311763431e+02
9.129975234000236028e+00 1.217289840019794127e+02
8.510688511570705828e+00 1.170234066556058252e+02
7.932401499513954235e+00 1.124359268577927367e+02
7.392481624011882246e+00 1.079665951268158466e+02
6.888458882496222735e+00 1.036153135516739781e+02
6.418016267314669676e+00 9.938187367077647139e+01
5.978980358750668245e+00 9.526635670724249394e+01
5.569313067684934282e+00 9.126892386951379876e+01
5.187103922129019828e+00 8.738948597999258538e+01
4.830562440586805728e+00 8.362771038956827852e+01
4.498010927627444921e+00 7.998303506200700497e+01
4.187877676932157733e+00 7.645468267047884581e+01
3.898690559994043348e+00 7.304167493493203267e+01
3.629070804636361114e+00 6.974292948208220366e+01
