2.565785855168912531e+04 2.554402455725843902e+04
2.584097379193952293e+04 2.572298461813293761e+04
2.600938563608735785e+04 2.588716520455392674e+04
2.616226228512640228e+04 2.603573837546103823e+04
2.629876463466516361e+04 2.616787017445222955e+04
2.641801533909366844e+04 2.628269076779333409e+04
2.651915015996796865e+04 2.637934446786264016e+04
2.660132622788032313e+04 2.645699778891475944e+04
2.666367847651487318e+04 2.651479626704158363e+04
2.670534808662108117e+04 2.655189275843711948e+04
2.672551809755756403e+04 2.656748282661478152e+04
2.672338904997260033e+04 2.656078109579036391e+04
2.669816073373904874e+04 2.653100358141471952e+04
2.664908874260001176e+04 2.647742303656286822e+04
2.657548951987879991e+04 2.639937411787158999e+04
2.647670646353389020e+04 2.629622114972945201e+04
2.635214675906209959e+04 2.616739362341873129e+04
2.620130727214831131e+04 2.601241120959944237e+04
2.602376844744653499e+04 2.583087941197079999e+04
2.581919765901394931e+04 2.562249322318304985e+04
2.558737153700062117e+04 2.538705688647225179e+04
2.532819026744120856e+04 2.512449875266801610e+04
2.504170700198278064e+04 2.483490350038155157e+04
2.472810690890686601e+04 2.451848775019955428e+04
2.438770597895773244e+04 2.417559761761452319e+04
2.402104057037289022e+04 2.380680130753723643e+04
2.362885258936068567e+04 2.341287328238747068e+04
2.321200310697912209e+04 2.299470422264328226e+04
2.277155308722206610e+04 2.255338278328624074e+04
2.230891752915129109e+04 2.209035199425610335e+04
2.182563212166648009e+04 2.160717161438533367e+04
2.132332733946273584e+04 2.110549133882161550e+04
2.080404905339569086e+04 2.058737302064454707e+04
2.027007669198159783e+04 2.005510748978223273e+04
1.972366169118669495e+04 1.951095154627489683e+04
1.916729938930742355e+04 1.895739832053631108e+04
1.860397285993464538e+04 1.839741960425886282e+04
1.803655894198717215e+04 1.783387538977539225e+04
1.746782942919186098e+04 1.726951472768418535e+04
1.690099600769198514e+04 1.670751282274379992e+04
1.633925476318372421e+04 1.615102292996464894e+04
1.578547336086115865e+04 1.560286894060925442e+04
1.524272492478431195e+04 1.506606244548320137e+04
1.471444281262903496e+04 1.454395350802669418e+04
1.420363699173253190e+04 1.403947471353987748e+04
1.371280665031298668e+04 1.355505357025648846e+04
1.324376629094520649e+04 1.309242839034194549e+04
1.279792183165160532e+04 1.265293518428228344e+04
1.237644424158300899e+04 1.223768301278453509e+04
1.198113702336332972e+04 1.184836983548210264e+04
1.161437374738816288e+04 1.148722593596343904e+04
1.127821456076934737e+04 1.115618611262015111e+04
1.097287827716756146e+04 1.085539703414619544e+04
1.069501066553670717e+04 1.058152271428518543e+04
1.044111398849556281e+04 1.033109144036852013e+04
1.020805084854306733e+04 1.010099137771237656e+04
9.993020681026351667e+03 9.888452583872418472e+03
9.793444840744628891e+03 9.690925588123656780e+03
9.605988249102934788e+03 9.505148997456417419e+03
9.426355582818319817e+03 9.326955425401194589e+03
9.250249995799478711e+03 9.152187685715998668e+03
9.072194282995116737e+03 8.975605991273725522e+03
8.886529742876693490e+03 8.791816215811250004e+03
8.687469065937877531e+03 8.595349300861653319e+03
8.469161028788472322e+03 8.380720388325769818e+03
8.227017314842070846e+03 8.143669811205446422e+03
7.958350021595269936e+03 7.881795238356527989e+03
7.662190887065249626e+03 7.594317311203892132e+03
7.340317139546851649e+03 7.283079476459048237e+03
6.996261296811306238e+03 6.951548919833302534e+03
6.636054542530119761e+03 6.605537896746206570e+03
6.266641363235204153e+03 6.251667363982644019e+03
5.895843293741038906e+03 5.897344359678392721e+03
5.531882527312541242e+03 5.550300755185369781e+03
5.183073946694557890e+03 5.218321427840367505e+03
4.858132964964717758e+03 4.909463242097202055e+03
4.564499358710206252e+03 4.630611903045582039e+03
4.307930158158026643e+03 4.386958980043532392e+03
4.092111396734768277e+03 4.181781699316363301e+03
3.916543810161227611e+03 4.014401106514038020e+03
3.778259526454938623e+03 3.881854414151965102e+03
3.670469747390626708e+03 3.777661331745499865e+03
3.584603499442088832e+03 3.693744128502529293e+03
3.510310989304794020e+03 3.620461111431927293e+03
3.436503834313093648e+03 3.547595630208491912e+03
3.352538313229349569e+03 3.465429800467377845e+03
3.249506792337008847e+03 3.365926998125246882e+03
3.122122086456886791e+03 3.244424781683912443e+03
2.969336110776263467e+03 3.100140649146367195e+03
2.794634606165363039e+03 2.936405692485639520e+03
2.605773010649564640e+03 2.760385937604924948e+03
2.414190758739626290e+03 2.582493048530066972e+03
2.233154484525875887e+03 2.414684624762768635e+03
2.074618754904284287e+03 2.267636979220945705e+03
1.945672056656213044e+03 2.147549994542989225e+03
1.847108035615322478e+03 2.054933365563495499e+03
1.774952411346313284e+03 1.986042950169343612e+03
1.721920919413212005e+03 1.934232462332277464e+03
1.677520339747569551e+03 1.890091861535247972e+03
1.629241580410840470e+03 1.842540898557028868e+03
1.566874549272004970e+03 1.782646348831121713e+03
1.486931339939446616e+03 1.707469465712422561e+03
1.392606556332011905e+03 1.619954021794793789e+03
1.291805748666070258e+03 1.527120539864514740e+03
1.195024731796590913e+03 1.438151270681940787e+03
1.111898417972174229e+03 1.361354204358009611e+03
1.047153927096156849e+03 1.300686425208742548e+03
9.995290609348505768e+02 1.254905064532631513e+03
9.626982440153277594e+02 1.218454697774839588e+03
9.272214608277751040e+02 1.183205994688053352e+03
8.853362071117367122e+02 1.142568568578449458e+03
8.348275890296526995e+02 1.094741707349535545e+03
7.787078668041415312e+02 1.042363433717327325e+03
7.235668643979792023e+02 9.910313781388641701e+02
6.760619581454583340e+02 9.462957276816281365e+02
6.384941046665716158e+02 9.099853690485600737e+02
6.083484285229527586e+02 8.799189353681698549e+02
5.803989486443628039e+02 8.517280497578374252e+02
5.498880878484342247e+02 8.215098492740141864e+02
5.160481665924662593e+02 7.886843821286798857e+02
4.818383151352809364e+02 7.556997433958385955e+02
4.509369233597868174e+02 7.255263135307765197e+02
4.250348871244836459e+02 6.994752462249077780e+02
4.026191019801173070e+02 6.762848616760264804e+02
3.807663910006652372e+02 6.536135448193921320e+02
3.579966548004870219e+02 6.303074213876228669e+02
3.352041321531846165e+02 6.070873657348049619e+02
3.142470460872494868e+02 5.853955139384324866e+02
2.957939622622544675e+02 5.657207894136719233e+02
2.789086246258740971e+02 5.473203923177554771e+02
2.623222296203675228e+02 5.292248090251863459e+02
2.459839252483456562e+02 5.114021026217296821e+02
2.306510742148316240e+02 4.944160541954337873e+02
2.167115681701526455e+02 4.785391604729578603e+02
2.037211628192457624e+02 4.634321443665501761e+02
1.912006784591448252e+02 4.487434605222268260e+02
1.792463973901994052e+02 4.345411183593206488e+02
1.681323650304277635e+02 4.210129819539859568e+02
1.577927451877976353e+02 4.081035844544151701e+02
1.479846804560675082e+02 3.956390937742047527e+02
1.386885609993564401e+02 3.836028702227053486e+02
1.299914382283058956e+02 3.720482489507041350e+02
1.218652255740263115e+02 3.609511883853504060e+02
1.142073938458729288e+02 3.502402152583508723e+02
1.069952245568291289e+02 3.398949389159629959e+02
1.002085909490250089e+02 3.298976351788483043e+02
9.382758600861681941e+01 3.202316038929304227e+02
8.783261154572058160e+01 3.108811060767256436e+02
8.220445478321308030e+01 3.018313054287042974e+02
7.692434929409297695e+01 2.930682106935228148e+02
7.197323486918287472e+01 2.845779741092548534e+02
6.733113718201771292e+01 2.763461551726128960e+02
6.297906006403571411e+01 2.683590670370109592e+02
5.889918172602441615e+01 2.606039262549387558e+02
5.507478015920501235e+01 2.530687971335904365e+02
5.149016347894954748e+01 2.457425402058603936e+02
4.813060486784496561e+01 2.386147644512417401e+02
4.498230452861506734e+01 2.316758423920935286e+02
4.203254398432061834e+01 2.249174541607968933e+02
3.926947253230528645e+01 2.183322208691386379e+02
3.668189179034904157e+01 2.119132336261723140e+02
3.425922209019536524e+01 2.056540208552000593e+02
3.199147267801085093e+01 1.995485239728340616e+02
2.986921299279176978e+01 1.935910744501500176e+02
2.788354496550792661e+01 1.877763723675296887e+02
2.602605628620003841e+01 1.820995628710713845e+02
2.428877195743408635e+01 1.765563501094265746e+02
2.266418317070566957e+01 1.711427445921271442e+02
2.114523000447188394e+01 1.658550061574930794e+02
1.972527606102684317e+01 1.606896297661195661e+02
1.839808443138059957e+01 1.556433319256823040e+02
1.715779492596647415e+01 1.507130377026993813e+02
1.599890298383072285e+01 1.458958825703404898e+02
1.491624463964500613e+01 1.411893721481959005e+02
1.390497363926239061e+01 1.365912895544899470e+02
1.296053841627350600e+01 1.320995405028984067e+02
1.207866512641350987e+01 1.277121419916675080e+02
1.125534167620364911e+01 1.234272144891593967e+02
1.048680259579257523e+01 1.192429744116308967e+02
9.769514716070311522e+00 1.151577269255671467e+02
9.100162537778318850e+00 1.111699137021220309e+02
8.475633799334696405e+00 1.072782008314254227e+02
7.893010588566815144e+00 1.034813215618737559e+02
7.349558352115420412e+00 9.977803990489853447e+01
6.842714880272199984e+00 9.616714670890885941e+01
6.370079915417155014e+00 9.264745592296918630e+01
5.929405351562850868e+00 8.921780104933479549e+01
5.518585986021183665e+00 8.587704215731213253e+01
5.135650696897434919e+00 8.262421591819368416e+01
4.778754298300206038e+00 7.945847280082247721e+01
4.446169919767973155e+00 7.637892903113925058e+01
4.136281717738111041e+00 7.338466284089025748e+01
3.847578010470734000e+00 7.047471517056496282e+01
3.578644816572949861e+00 6.764809047433121236e+01
3.328159774950508965e+00 6.490375763070639437e+01
3.094886344939508316e+00 6.224071539273475651e+01
2.877668272948768369e+00 5.965813104289548363e+01
2.675424808299031731e+00 5.715513778223984076e+01
2.487145998619070042e+00 5.473078830915142845e+01
2.311888205333086699e+00 5.238406023031522096e+01
