1.806139825346564976e+04 1.789667875856363389e+04
1.832268972162511636e+04 1.815109160935639738e+04
1.858034152692339558e+04 1.840168309972126372e+04
1.883385945987951345e+04 1.864796196162917113e+04
1.908273271316073442e+04 1.888942171994348973e+04
1.932641702742495909e+04 1.912552629972837531e+04
1.956435132368191262e+04 1.935572460951803441e+04
1.979596409821132693e+04 1.957945619017072386e+04
2.002065811891942940e+04 1.979613663418501164e+04
2.023781234946436234e+04 2.000515952530960931e+04
2.044679888828958792e+04 2.020591274845516818e+04
2.064697715651705585e+04 2.039777330265384808e+04
2.083767764050957339e+04 2.058009248707065854e+04
2.101822450027611558e+04 2.075221690903475974e+04
2.118794160527003623e+04 2.091349422646481253e+04
2.134613674645598076e+04 2.106325904409079885e+04
2.149210987582300004e+04 2.120084060228996896e+04
2.162516956731442406e+04 2.132557790195039706e+04
2.174462846327947409e+04 2.143681605448250775e+04
2.184979592631072956e+04 2.153390019998506250e+04
2.193999746418054929e+04 2.161619276988673300e+04
2.201458073592107030e+04 2.168307923317735913e+04
2.207291643793182811e+04 2.173397075956759727e+04
2.211440384172975973e+04 2.176830849927292002e+04
2.213847668903593876e+04 2.178556809804127988e+04
2.214461855656764237e+04 2.178527581470075893e+04
2.213237482822676247e+04 2.176702091798024776e+04
2.210133881096130062e+04 2.173043986671434686e+04
2.205116358627719819e+04 2.167522785042881878e+04
2.198161860822691960e+04 2.160119600843008084e+04
2.189255267469750834e+04 2.150823326741383789e+04
2.178387360815144712e+04 2.139628522564711966e+04
2.165562690393778757e+04 2.126543264563499179e+04
2.150801618450617389e+04 2.111591154452050978e+04
2.134130718420151607e+04 2.094801660635385997e+04
2.115586749730549127e+04 2.076214063400708983e+04
2.095232591495569795e+04 2.055893350656557232e+04
2.073141110132831091e+04 2.033914064789842087e+04
2.049389681174448560e+04 2.010354820068111076e+04
2.024078742906200932e+04 1.985316930105780557e+04
1.997329290417703305e+04 1.958921883592801896e+04
1.969263104319718695e+04 1.931291496601864128e+04
1.940013583548355746e+04 1.902558909850127748e+04
1.909751404632549384e+04 1.872894593333473676e+04
1.878649873778814072e+04 1.842471311548173617e+04
1.846876593001639048e+04 1.811455812654750116e+04
1.814602114915327911e+04 1.780018551057486911e+04
1.781995830275980916e+04 1.748329235759351650e+04
1.749218136506150768e+04 1.716548237440775847e+04
1.716436013791492587e+04 1.684843050401410801e+04
1.683843075527829205e+04 1.653409505865778192e+04
1.651624658673582962e+04 1.622435158415107435e+04
1.619952356104612954e+04 1.592093977858622384e+04
1.588984482738771112e+04 1.562549697334205484e+04
1.558866731057562720e+04 1.533954906319780457e+04
1.529730248405153543e+04 1.506447558093865518e+04
1.501609288127806030e+04 1.480069864370927462e+04
1.474433714654520372e+04 1.454760664266729327e+04
1.448130146174684160e+04 1.430454991081740809e+04
1.422580626707853116e+04 1.407042170046909814e+04
1.397615677886446247e+04 1.384358453905666465e+04
1.373069381113256168e+04 1.362242185281929596e+04
1.348739615210341799e+04 1.340491423086171017e+04
1.324407106891644253e+04 1.318883527674475590e+04
1.299852093244926073e+04 1.297191422446388060e+04
1.274823652822555778e+04 1.275148746450926956e+04
1.249079171417621001e+04 1.252493057030154523e+04
1.222354864633553007e+04 1.228930341812884217e+04
1.194390820723539400e+04 1.204163136498472886e+04
1.164967237358398415e+04 1.177927517243471630e+04
1.133908987121668542e+04 1.149998317058625435e+04
1.101147502762600561e+04 1.120259354442436961e+04
1.066742703488085135e+04 1.088728662078110392e+04
1.030895728208701075e+04 1.055579193950341141e+04
9.939632242936135299e+03 1.021157957447662739e+04
9.564137197534295410e+03 9.859441236078357178e+03
9.187945137142412932e+03 9.505148063972177624e+03
8.816809913063601925e+03 9.154916349088227435e+03
8.456286241908410375e+03 8.814868644352536649e+03
8.111577866463765531e+03 8.490874246265686452e+03
7.787113533754964010e+03 8.188047406177665835e+03
7.486528373942912367e+03 7.910739654137392790e+03
7.212233450805045322e+03 7.662025515093772810e+03
6.964809956863134175e+03 7.442995944123524168e+03
6.742692181718603933e+03 7.252319587350980328e+03
6.541805862163958409e+03 7.085736966103206214e+03
6.355818123401476441e+03 6.936184939383168967e+03
6.177147318560093481e+03 6.794862512273248285e+03
5.997819615079916730e+03 6.652116097168342094e+03
5.810916411490176870e+03 6.499185278580463091e+03
5.611290373400343924e+03 6.329148040405671054e+03
5.396531574272898069e+03 6.138284351279441580e+03
5.167382818497681910e+03 5.926813567082102054e+03
4.927696417413115341e+03 5.699022964413030422e+03
4.683983043553703283e+03 5.462828649297401171e+03
4.444171638562172120e+03 5.228220885657556209e+03
4.216293360985537220e+03 5.005547219008998582e+03
4.007391901192283967e+03 4.804075279602876435e+03
3.822294634696972480e+03 4.630384808359935050e+03
3.662088097266669592e+03 4.486355605524173370e+03
3.522997645446058868e+03 4.367579827205109723e+03
3.397218667115518201e+03 4.264193191846470654e+03
3.275670784066179294e+03 4.164260766661213893e+03
3.150627546838689796e+03 4.057226940612437829e+03
3.016936959699849922e+03 3.935720135476097312e+03
2.872987958791121400e+03 3.797142321958329376e+03
2.722077142804114374e+03 3.645807517198192272e+03
2.571848761100639422e+03 3.492274302558422278e+03
2.430669125961223017e+03 3.348249225938869586e+03
2.304123221833054231e+03 3.221636759557105506e+03
2.193915568921131126e+03 3.114997155955142262e+03
2.097585587624570508e+03 3.025125922614986393e+03
2.008944599934419784e+03 2.943546262319561265e+03
1.920905372120447510e+03 2.860346338116460629e+03
1.828830133659601415e+03 2.768936726789371733e+03
1.732306403150599181e+03 2.668742335219728830e+03
1.635378801675278282e+03 2.565611718915644360e+03
1.543922243354209741e+03 2.467993097933819627e+03
1.461736597020984163e+03 2.381317912398330918e+03
1.388840732627340685e+03 2.305646084185284508e+03
1.322205915224217051e+03 2.236765497579678140e+03
1.257190028861113660e+03 2.168231863657135818e+03
1.191156957189775540e+03 2.096465234460693409e+03
1.124864013908090101e+03 2.022681853303871094e+03
1.061233025948397653e+03 1.951071083416010424e+03
1.002924563431741376e+03 1.885336766818800470e+03
9.499804715937654009e+02 1.825519406662352139e+03
9.002770469017648338e+02 1.768758742965332885e+03
8.517135984788609449e+02 1.712322632346532828e+03
8.038554922037966435e+02 1.655768504814137714e+03
7.580161267082390850e+02 1.600925658400007023e+03
7.154596167658354489e+02 1.549454495145824239e+03
6.759870783387499387e+02 1.501090267723101306e+03
6.384589938101926236e+02 1.454430605373227309e+03
6.021533815591088796e+02 1.408661885556476591e+03
5.674108271899893907e+02 1.364266936408049332e+03
5.348021295447340435e+02 1.321942857033969403e+03
5.042645734707631959e+02 1.281613573475510520e+03
4.752525584154882381e+02 1.242681771001107563e+03
4.475391819220148477e+02 1.204935686930836937e+03
4.213108560797155633e+02 1.168595668665153198e+03
3.966546860931388778e+02 1.133749861227774772e+03
3.733546601506715774e+02 1.100181662650103362e+03
3.512407443923459027e+02 1.067735441926059138e+03
3.303394902330750824e+02 1.036437355401122659e+03
3.106488254131496660e+02 1.006275956024283460e+03
2.920513016873988477e+02 9.771413043267784815e+02
2.744737446919122021e+02 9.489647851775580421e+02
2.578869333365400962e+02 9.217110914409878433e+02
2.422475547852068587e+02 8.953316777443868659e+02
2.275044011269628470e+02 8.697706716039183448e+02
2.136086464121331403e+02 8.449759033512320912e+02
2.005140304947787229e+02 8.208990048506476569e+02
1.881767283358512657e+02 7.974951517349310279e+02
1.765556589201793827e+02 7.747206120077358946e+02
1.656126949784790270e+02 7.525303990566542325e+02
1.553115764327186810e+02 7.308826646791518442e+02
1.456177175733241995e+02 7.097391257212748314e+02
1.364981504570774291e+02 6.890648609625983454e+02
1.279214685498041888e+02 6.688281253947723144e+02
1.198577707776229886e+02 6.490001796800042939e+02
1.122785998079798162e+02 6.295551613472791814e+02
1.051567851532025912e+02 6.104704217853446835e+02
9.846643607201247050e+01 5.917262526740236126e+02
9.218299553212339958e+01 5.733052790272849961e+02
8.628318439447906485e+01 5.551923257088587889e+02
8.074494375236363908e+01 5.373743055294659143e+02
7.554737922764800828e+01 5.198401112270356634e+02
7.067070720619919655e+01 5.025805103849758098e+02
6.609620378994145540e+01 4.855892699405853818e+02
6.180615815434656923e+01 4.688685073707212609e+02
5.778382048795857884e+01 4.524231540614174492e+02
5.401335410759803324e+01 4.362581954055486904e+02
5.047979122523652507e+01 4.203786270135003065e+02
4.716899044552872056e+01 4.047894149307435328e+02
4.406759595550377639e+01 3.894954566310817086e+02
4.116299834140825453e+01 3.745015566428398301e+02
3.844329233641040133e+01 3.598148610667739717e+02
3.589723722273834738e+01 3.454471276382624296e+02
3.351423319825268976e+01 3.314093322075797232e+02
3.128428933403023038e+01 3.177109463574811343e+02
2.919799150444114133e+01 3.043599878492869379e+02
2.724647178977224726e+01 2.913630748912265744e+02
2.542137929982727229e+01 2.787254836656252337e+02
2.371485223741157711e+01 2.664512704083001609e+02
2.211948925049876635e+01 2.545443934460299431e+02
2.062832521049210754e+01 2.430084135748445533e+02
1.923480952488373674e+01 2.318454576994809884e+02
1.793278321766954875e+01 2.210562777873881828e+02
1.671645707435150641e+01 2.106403497443895105e+02
1.558039088923489679e+01 2.005959716573279081e+02
1.451947376814270640e+01 1.909203607674552359e+02
1.352890506834943629e+01 1.816097387726706813e+02
1.260417510030891286e+01 1.726593811638920499e+02
1.174105022566928547e+01 1.640637541018870138e+02
1.093555772134039650e+01 1.558166230581721834e+02
1.018397057809789708e+01 1.479111346544880803e+02
9.482793117238333735e+00 1.403398948506291504e+02
8.828747387361195464e+00 1.330950433250698950e+02
8.218760301515057876e+00 1.261683234757128957e+02
