1.791367064765709074e+04 1.774344050831832647e+04
1.819216834305600423e+04 1.801458691871335031e+04
1.846749726335606829e+04 1.828235477898843601e+04
1.873914432653991389e+04 1.854623293149728124e+04
1.900657809516353154e+04 1.880569317472569674e+04
1.926922894926674780e+04 1.906017304333468928e+04
1.952650585102524201e+04 1.930909071584747653e+04
1.977780502385687214e+04 1.955185277675925681e+04
2.002249600855372410e+04 1.978784090901360833e+04
2.025992075898558323e+04 2.001641113127933568e+04
2.048941148357378188e+04 2.023691102976166803e+04
2.071028569910506849e+04 2.044867532783322895e+04
2.092182582175141215e+04 2.065100706348250969e+04
2.112330330906359086e+04 2.084320023403046071e+04
2.131398710947849759e+04 2.102454783530791974e+04
2.149312741607429052e+04 2.119432720470866479e+04
2.165996137562904914e+04 2.135180547445785123e+04
2.181373239885657676e+04 2.149625745273719804e+04
2.195368627324041154e+04 2.162696246930118286e+04
2.207906042700444959e+04 2.174319513068850938e+04
2.218910582857047120e+04 2.184424511820788393e+04
2.228309438294752181e+04 2.192942417805522928e+04
2.236031731310557734e+04 2.199806619523431073e+04
2.242009191880944127e+04 2.204953299762179449e+04
2.246177016518818709e+04 2.208322142921799241e+04
2.248475244504741204e+04 2.209857765025028129e+04
2.248850181933326894e+04 2.209511194981517838e+04
2.247253187259037441e+04 2.207238474276145644e+04
2.243641633912356701e+04 2.203001574851606711e+04
2.237984572712578665e+04 2.196774097715303287e+04
2.230259813518511146e+04 2.188538264898858324e+04
2.220451489802549258e+04 2.178282405457872301e+04
2.208557520943830605e+04 2.166008364421259466e+04
2.194593529496562041e+04 2.151735365355646354e+04
2.178582334449403061e+04 2.135489487047904549e+04
2.160556870763487677e+04 2.117306538432592788e+04
2.140577767697172385e+04 2.097249522237941710e+04
2.118718079948128434e+04 2.075393396355948425e+04
2.095055814252813434e+04 2.051817619955864575e+04
2.069692713705309143e+04 2.026624927481888517e+04
2.042755700087276273e+04 1.999942751493661490e+04
2.014373452972035011e+04 1.971899801033213589e+04
1.984685197732987945e+04 1.942634959317866742e+04
1.953871772004532977e+04 1.912328638619302365e+04
1.922119623621273058e+04 1.881166493910107602e+04
1.889609308260608668e+04 1.849327922537663471e+04
1.856528717748785493e+04 1.817000325568643893e+04
1.823069436026565745e+04 1.784375306246607943e+04
1.789412983470737163e+04 1.751634043136999753e+04
1.755743344790476112e+04 1.718960612688372566e+04
1.722271055145516584e+04 1.686567550245002712e+04
1.689198696367231969e+04 1.654659505248993446e+04
1.656714680638021309e+04 1.623427016294060923e+04
1.625004026862946921e+04 1.593060588700899280e+04
1.594244356246526695e+04 1.563745395892693887e+04
1.564597480777664168e+04 1.535650704361769567e+04
1.536129419706895351e+04 1.508851721965640536e+04
1.508781869187769007e+04 1.483301533532516078e+04
1.482489572402085287e+04 1.458945879201241769e+04
1.457142469019048986e+04 1.435685131279200323e+04
1.432565602262212451e+04 1.413353905697476512e+04
1.408585840540141908e+04 1.391787333902593127e+04
1.384987644539368557e+04 1.370774370465248467e+04
1.361526290384091953e+04 1.350071024750518154e+04
1.337956249258853313e+04 1.329428540548644742e+04
1.313988851994852484e+04 1.308545682456892064e+04
1.289339437595504933e+04 1.287120013223730166e+04
1.263694674143826342e+04 1.264808059784270517e+04
1.236734356388008564e+04 1.241249421355209597e+04
1.208173382181051784e+04 1.216109705573430256e+04
1.177766833688068073e+04 1.189084760567976082e+04
1.145373479273215889e+04 1.159973939337589763e+04
1.110994606605654189e+04 1.128722488215411613e+04
1.074780176379228942e+04 1.095437264260409393e+04
1.037069695691508423e+04 1.060435445987069397e+04
9.983344426953537550e+03 1.024189040813493193e+04
9.591613967183580826e+03 9.873106182969379006e+03
9.201890374851454908e+03 9.504858361063674238e+03
8.820575823255145224e+03 9.144178206444694297e+03
8.453921811783791782e+03 8.798104842240412836e+03
8.107424852090450258e+03 8.472965426933038543e+03
7.785918372574403293e+03 8.174511830547843601e+03
7.493012249707006958e+03 7.907247133200711687e+03
7.230393335443880460e+03 7.673629029928666569e+03
6.997479806766266847e+03 7.473589429256820040e+03
6.790744889220939513e+03 7.303666156921198308e+03
6.603938168405607030e+03 7.157057850355783557e+03
6.428928871544967478e+03 7.024459245120935520e+03
6.256548843630315787e+03 6.894852121324917789e+03
6.078202813162940402e+03 6.757403634900088036e+03
5.886744167224796911e+03 6.602570590990841993e+03
5.677722817549703905e+03 6.423829564160629161e+03
5.450104148846741737e+03 6.218873730875929141e+03
5.206564065549914631e+03 5.990262905347150081e+03
4.953335649524974542e+03 5.745460204560497004e+03
4.699036204504964189e+03 5.495397563110639567e+03
4.453213634210143937e+03 5.252551967952495033e+03
4.225036889946377414e+03 5.029170356561867266e+03
4.021819850676144597e+03 4.835286973110060899e+03
3.847112174796845920e+03 4.676174647852300041e+03
3.698932574702883812e+03 4.549893413092840092e+03
3.569934803840124005e+03 4.447223018235130439e+03
3.449986704058555461e+03 4.354758620293535387e+03
3.329199752688772151e+03 4.258820302008486578e+03
3.199712635697594123e+03 4.147986339167362530e+03
3.057118347180420642e+03 4.015409989358621715e+03
2.902613632273409166e+03 3.862300752996808114e+03
2.743522329933536184e+03 3.698974342349645667e+03
2.589927248932719067e+03 3.539999263269584389e+03
2.450200623438926868e+03 3.397602647560207970e+03
2.328828907214689934e+03 3.278476440426335557e+03
2.225411795599483412e+03 3.182338979808177100e+03
2.134251865777160674e+03 3.101227505935189129e+03
2.046774396723624704e+03 3.022772607367865476e+03
1.955626696650903568e+03 2.936105809143586612e+03
1.857682962771868233e+03 2.836505093551679693e+03
1.755643504565468447e+03 2.728018772700424961e+03
1.656352834058681992e+03 2.620950278650914242e+03
1.565832990005859529e+03 2.524320334857753096e+03
1.486516728140938312e+03 2.441761876912050866e+03
1.416437379517522913e+03 2.370425334793500951e+03
1.350161381259249765e+03 2.302392112493392233e+03
1.282907760289154112e+03 2.230731819099170934e+03
1.213698039926944602e+03 2.154170438925385952e+03
1.145236408654236811e+03 2.076850405678922471e+03
1.081553009818939245e+03 2.004716149094759658e+03
1.024380608656029381e+03 1.940242965419589382e+03
9.720719158226439731e+02 1.881060118011168470e+03
9.216532150061080984e+02 1.823026384847780491e+03
8.713946349728826135e+02 1.763871524696824736e+03
8.221772011367468167e+02 1.704983770093673456e+03
7.760173174728390677e+02 1.649192049772304472e+03
7.336263151493404848e+02 1.597435172616478894e+03
6.939219338307996168e+02 1.548277107998597558e+03
6.555118994038756455e+02 1.499983096681861070e+03
6.182695121841405808e+02 1.452502404608309917e+03
5.830154630469746735e+02 1.406920084351549576e+03
5.501758642319675801e+02 1.363752013744843680e+03
5.192002216270572035e+02 1.322347458727201911e+03
4.895227756737572804e+02 1.282097970039497113e+03
4.612175855432870435e+02 1.243134062133323596e+03
4.345867116819005105e+02 1.205793753551587088e+03
4.095165778901584304e+02 1.169952196123194653e+03
3.857002097741132616e+02 1.135309282008564651e+03
3.630923274635366056e+02 1.101834213134543688e+03
3.417755411038626789e+02 1.069599557174644815e+03
3.216646885150416324e+02 1.038517770915586652e+03
3.026226708337235323e+02 1.008465469943769449e+03
2.846244317290932031e+02 9.794115105915598178e+02
2.676394970464330072e+02 9.513165360934038972e+02
2.516134504347762118e+02 9.241192670310734911e+02
2.364940610817493791e+02 8.977620498434130241e+02
2.222319411976141339e+02 8.721914031891130890e+02
2.087803849084195349e+02 8.473577432132452714e+02
1.960957004047204748e+02 8.232128741031385744e+02
1.841378738049186552e+02 7.997054729954609229e+02
1.728689544452500400e+02 7.767871724680700254e+02
1.622526759087450898e+02 7.544137298362237516e+02
1.522544046939007103e+02 7.325447880292065292e+02
1.428410885236605452e+02 7.111436582719725266e+02
1.339812045002844911e+02 6.901771217809551899e+02
1.256447038284477742e+02 6.696152554220520869e+02
1.178028330298527493e+02 6.494315499671121188e+02
1.104280839927668012e+02 6.296028014573154223e+02
1.034943316527390209e+02 6.101085680270581406e+02
9.697678637207292240e+01 5.909310074532759245e+02
9.085193473789395568e+01 5.720547493672730752e+02
8.509748233926946170e+01 5.534667723385862246e+02
7.969229850456277120e+01 5.351562845688755488e+02
7.461636449890339406e+01 5.171153925645036225e+02
6.985073487383101565e+01 4.993459014509854796e+02
6.537747764602929124e+01 4.818547361123247583e+02
6.117961717943981625e+01 4.646488566257876869e+02
5.724108907243876843e+01 4.477351519913932520e+02
5.354669684415286213e+01 4.311203978892792179e+02
5.008207026456416600e+01 4.148112153548415790e+02
4.683362529727471468e+01 3.988140305456180386e+02
4.378852170137238176e+01 3.831367108735878446e+02
4.093461674234114867e+01 3.677928574197434841e+02
3.826044438167499351e+01 3.527959534051151991e+02
3.575518470249517122e+01 3.381576934795819511e+02
3.340863060808615614e+01 3.238880440501672524e+02
3.121115600874936291e+01 3.099953085714267331e+02
2.915368544710334930e+01 2.964861970446916075e+02
2.722766509022686066e+01 2.833659104988086597e+02
2.542503370011695552e+01 2.706389534880523797e+02
2.373819592419469515e+01 2.583094882611407002e+02
2.215999965167551977e+01 2.463801488192849831e+02
2.068371218735223849e+01 2.348520296860611438e+02
1.930299735517571236e+01 2.237247971404933935e+02
1.801189372546658518e+01 2.129967997937337429e+02
1.680479391987963211e+01 2.026651777656707338e+02
1.567642477677997803e+01 1.927259613639298834e+02
1.462182669822507108e+01 1.831740761404917635e+02
1.363633722528046910e+01 1.740035002070946177e+02
1.271557597016638397e+01 1.652074485174367169e+02
1.185542854652414313e+01 1.567784647139438334e+02
1.105203130737795547e+01 1.487085069797071810e+02
1.030175689214790857e+01 1.409890296449808318e+02
9.601200544716816054e+00 1.336110603958515242e+02
