1.725757982468969567e+04 1.716637862196632341e+04
1.746134264925267780e+04 1.736636599508718427e+04
1.765842136327156913e+04 1.755956333070890469e+04
1.784823987746682906e+04 1.774539488939453440e+04
1.803019317625318945e+04 1.792325744290129296e+04
1.820366036243067356e+04 1.809253292997075187e+04
1.836801846519936589e+04 1.825260182449689819e+04
1.852262320974731847e+04 1.840282389250306369e+04
1.866679834483161903e+04 1.854252754694963369e+04
1.879986908936033433e+04 1.867104339604108827e+04
1.892116139358778310e+04 1.878770361512401360e+04
1.902997550406421942e+04 1.889181588600047326e+04
1.912561310883074839e+04 1.898269032239607623e+04
1.920739190882006005e+04 1.905965394492402993e+04
1.927462097595937303e+04 1.912202648201805277e+04
1.932660311050121163e+04 1.916912279294653126e+04
1.936266912394995234e+04 1.920028672134366570e+04
1.938217364006509888e+04 1.921488716377735182e+04
1.938447492500054432e+04 1.921229861850963425e+04
1.936896821304843252e+04 1.919193368983389519e+04
1.933509736902326040e+04 1.915325457555818139e+04
1.928234481804672760e+04 1.909576408636138876e+04
1.921024200725254923e+04 1.901901565791112807e+04
1.911838650544343909e+04 1.892262947517585053e+04
1.900645259292255287e+04 1.880630376509894268e+04
1.887420211148229282e+04 1.866982647451591765e+04
1.872147886780818226e+04 1.851306781926750045e+04
1.854821888768570352e+04 1.833599036848164906e+04
1.835450631217225236e+04 1.813870659233280821e+04
1.814054117518590283e+04 1.792144507481420442e+04
1.790661326701946746e+04 1.768452307076386933e+04
1.765318949137204982e+04 1.742843475136829511e+04
1.738094703430490699e+04 1.715388439871327137e+04
1.709064587826331626e+04 1.686165686419785561e+04
1.678316753437748048e+04 1.655265612445473016e+04
1.645970882623751459e+04 1.622809947538192682e+04
1.612157778862559280e+04 1.588931216258169115e+04
1.577011668970719802e+04 1.553764983013331039e+04
1.540697968525820943e+04 1.517477427338293455e+04
1.503408376223895903e+04 1.480260415164183723e+04
1.465329325668473757e+04 1.442300129704297433e+04
1.426654195433907989e+04 1.403789140687024337e+04
1.387610700178843399e+04 1.364953458278250400e+04
1.348419323722524314e+04 1.326011446592925495e+04
1.309288746404172707e+04 1.287169265013653057e+04
1.270472392904790104e+04 1.248675909513151237e+04
1.232238549934604453e+04 1.210794134253447737e+04
1.194826276393573426e+04 1.173757620224724815e+04
1.158432338427849209e+04 1.137758083605285901e+04
1.123201112006004223e+04 1.102935321417121850e+04
1.089253703898377535e+04 1.069406187121330731e+04
1.056712421744587300e+04 1.037288190699470397e+04
1.025815788719768716e+04 1.006809392850913719e+04
9.968284415443089529e+03 9.782223884273527801e+03
9.699733429064215670e+03 9.517394993340265501e+03
9.452574240475869374e+03 9.273629153485870120e+03
9.225039663748966632e+03 9.049163166300317243e+03
9.015445280071529851e+03 8.842318635043666291e+03
8.822078898472969740e+03 8.651397114871446320e+03
8.643198889222418074e+03 8.474677776571372306e+03
8.477102024501948108e+03 8.310481797545371592e+03
8.321300182219138151e+03 8.156388800216715026e+03
8.172989067176685239e+03 8.009682744494556573e+03
8.029165205952659562e+03 7.867470207828769162e+03
7.886077730737088132e+03 7.726168945151871412e+03
7.739976797894285482e+03 7.582207206658914401e+03
7.586462522120528774e+03 7.431429499662405760e+03
7.421082373635356817e+03 7.269644756205927479e+03
7.239882003170157986e+03 7.093166138399520605e+03
7.039509821005420235e+03 6.898897878033654706e+03
6.817996744162239338e+03 6.685068057731160479e+03
6.574890371556332866e+03 6.451350218618686085e+03
6.311631888633471135e+03 6.199200130899948817e+03
6.031461779294003463e+03 5.931763444826541672e+03
5.739059369260039603e+03 5.653515401294223921e+03
5.439995900798754519e+03 5.369745545722278621e+03
5.140575671093131859e+03 5.086399351642279726e+03
4.847323890674069844e+03 4.809590738293158211e+03
4.567223202525761735e+03 4.545810637759930614e+03
4.306492666398658002e+03 4.300817589872762255e+03
4.071157526861435599e+03 4.080109279063136000e+03
3.865507519613867316e+03 3.887571095233835877e+03
3.691853536180482479e+03 3.725182813394640561e+03
3.549782851675957772e+03 3.592419837619362625e+03
3.436275160354181025e+03 3.486327749176665748e+03
3.345640543087102742e+03 3.401534918683242722e+03
3.270601518051608309e+03 3.331232850884049185e+03
3.202435871029626924e+03 3.267345316184881540e+03
3.132159145327589158e+03 3.201600136181520156e+03
3.051280921140872124e+03 3.126217971115384898e+03
2.953154322832497655e+03 3.035148795682139735e+03
2.834266889062688733e+03 2.925243231789963374e+03
2.694800556594131649e+03 2.796748235774656678e+03
2.538747716012361707e+03 2.653404541881128353e+03
2.373478471797257953e+03 2.502021690022921575e+03
2.208926028289459282e+03 2.351682727225608687e+03
2.055927226622751277e+03 2.212200306861125227e+03
1.923655224229418081e+03 2.091785033906371154e+03
1.817040308832151368e+03 1.994737712401833278e+03
1.735787713385948109e+03 1.920632064242195611e+03
1.675451366709448848e+03 1.865348122138259441e+03
1.628759156229589962e+03 1.822290007892595213e+03
1.586139962471660283e+03 1.782858958408491389e+03
1.537173967422068472e+03 1.737740505876072575e+03
1.474303881502201193e+03 1.680217482242709366e+03
1.396111892510002690e+03 1.609096141804288209e+03
1.307066040645821204e+03 1.528452035141064016e+03
1.215181921149255459e+03 1.445480701290572597e+03
1.129837651144100846e+03 1.368482307228433001e+03
1.058523319407760255e+03 1.303969982456981597e+03
1.003938735071479186e+03 1.254176818075113715e+03
9.633139962730333536e+02 1.216564597959875755e+03
9.297602557656371118e+02 1.185067154150461647e+03
8.947117778370731003e+02 1.152225054562479954e+03
8.522541198920414445e+02 1.112940651849478400e+03
8.020492692925199663e+02 1.066993986235783723e+03
7.483934531690747463e+02 1.018167359465285813e+03
6.978931198577497526e+02 9.721528605213566152e+02
6.558702670385246165e+02 9.334305757107218824e+02
6.229771975578598813e+02 9.024549407988301937e+02
5.955667245059025845e+02 8.760755374227331913e+02
5.683388927260282344e+02 8.498191015799759498e+02
5.376764604954186098e+02 8.206897647531829989e+02
5.042389342328490898e+02 7.892951455203510704e+02
4.716788041966487413e+02 7.586915936992701290e+02
4.433044520117713887e+02 7.315714986100373380e+02
4.197121633197224924e+02 7.083598071703703454e+02
3.985418251474345652e+02 6.871011646528988877e+02
3.769689335039261664e+02 6.655236319633241919e+02
3.543330353216050526e+02 6.431303917354150599e+02
3.322304473310286994e+02 6.212078442375969871e+02
3.124586310616929268e+02 6.011513190132793625e+02
2.950654064368743548e+02 5.829622846076842961e+02
2.786729041289249267e+02 5.655605487495354282e+02
2.622315076778134539e+02 5.481537156710091949e+02
2.461699675420773872e+02 5.310774688885492196e+02
2.313759832187159873e+02 5.149868290643850059e+02
2.179380003542221402e+02 4.999272232224934669e+02
2.051827570473075184e+02 4.853988602911907151e+02
1.927715176452232981e+02 4.711613731406776537e+02
1.810155045181911930e+02 4.574348270952581288e+02
1.701517343333987924e+02 4.443745753480662302e+02
1.599612480851515670e+02 4.318212172034345713e+02
1.502154478310685590e+02 4.196181763939868006e+02
1.410121698701252626e+02 4.078272870270814110e+02
1.323885068218603749e+02 3.964677581885713380e+02
1.242696459110435114e+02 3.854856394947281046e+02
1.166245187489903827e+02 3.748566502539622434e+02
1.094270576060412594e+02 3.645604424048143528e+02
1.026525301359351232e+02 3.545780040940375102e+02
9.627747696664098953e+01 3.448915742514039380e+02
9.027965185786921154e+01 3.354845639666548323e+02
8.463797261563797747e+01 3.263414899114443983e+02
7.933261663092324056e+01 3.174480190996841884e+02
7.434490935655800570e+01 3.087908846059654024e+02
6.965710745800787151e+01 3.003577134516926890e+02
6.525235507890749886e+01 2.921369708068272075e+02
6.111464762737008982e+01 2.841179124708180552e+02
5.722879639360323267e+01 2.762905407059766958e+02
5.358039402995159861e+01 2.686455631362390477e+02
5.015575689705634943e+01 2.611744529248801996e+02
4.694184846007103573e+01 2.538696188666031901e+02
4.392632549494885552e+01 2.467240843207101761e+02
4.109752143650232625e+01 2.397313878738164306e+02
3.844441263916871065e+01 2.328855562037239224e+02
3.595658608190584005e+01 2.261810783886715797e+02
3.362420847224566955e+01 2.196128815197239135e+02
3.143799710204623921e+01 2.131763292254506723e+02
2.938919650993132038e+01 2.068674815962492630e+02
2.746954853197373225e+01 2.006829553551341405e+02
2.567126207997522513e+01 1.946196593236772401e+02
2.398698883177313945e+01 1.886747719299219170e+02
2.240980012672286037e+01 1.828457252855193360e+02
2.093316491460803874e+01 1.771301897492229784e+02
1.955092871764548690e+01 1.715260592521954948e+02
1.825729213004427010e+01 1.660315733817051296e+02
1.704679006194125890e+01 1.606454891386266013e+02
1.591427736732232034e+01 1.553667346141584744e+02
1.485491196538162129e+01 1.501943393897112173e+02
1.386413815341494526e+01 1.451274247139726299e+02
1.293767075228186769e+01 1.401651939216092444e+02
1.207148004918793838e+01 1.353069230945748416e+02
1.126177734472453551e+01 1.305519926017485091e+02
1.050500002013168732e+01 1.259002470555419961e+02
9.797799775395693800e+00 1.213517526858754536e+02
9.137031461881630179e+00 1.169065197004156289e+02
8.519741428530487326e+00 1.125644962774962039e+02
7.943156474383710197e+00 1.083255664875493807e+02
7.404673392825228184e+00 1.041895484637782801e+02
6.901849076998126442e+00 1.001561945140912826e+02
6.432390879099464165e+00 9.622541663408196655e+01
5.994147587835241708e+00 9.239746483035649760e+01
5.585101682386933497e+00 8.867246398290552634e+01
5.203361473294547679e+00 8.505036071025458000e+01
4.847153605486826500e+00 8.153093094387349993e+01
4.514815981603327977e+00 7.811378765899583243e+01
4.204791083988102862e+00 7.479838872913919090e+01
3.915619625386749014e+00 7.158407878553748560e+01
3.645934305243873741e+00 6.847031518935465044e+01
3.394454508749327193e+00 6.545649095128118233e+01
