1.549027848855733282e+04 1.538778887088599549e+04
1.568748119614882489e+04 1.558080049599602535e+04
1.588019024791944503e+04 1.576920684898508443e+04
1.606797594958371883e+04 1.595257916814233613e+04
1.625038872843418721e+04 1.613047047455398388e+04
1.642696439097165057e+04 1.630242050105328963e+04
1.659723420088454077e+04 1.646796501111983525e+04
1.676071633555721201e+04 1.662662733054638738e+04
1.691690532077266107e+04 1.677790789700650203e+04
1.706529187126354009e+04 1.692130399655159272e+04
1.720536507177910607e+04 1.705631201639870051e+04
1.733659751743826200e+04 1.718241316724369608e+04
1.745845661198575181e+04 1.729908448865181344e+04
1.757041550053944957e+04 1.740580948838874247e+04
1.767194180819909889e+04 1.750206730808608336e+04
1.776249194893019376e+04 1.758732729760701477e+04
1.784153320263595015e+04 1.766107046714541138e+04
1.790854538842423426e+04 1.772279123980724762e+04
1.796300986250723872e+04 1.777198719398089816e+04
1.800442333521543696e+04 1.780817224747293221e+04
1.803230658415646030e+04 1.783088501552844536e+04
1.804620038120135723e+04 1.783968539363925811e+04
1.804566757399899507e+04 1.783415668358504263e+04
1.803030453355386271e+04 1.781391614039059641e+04
1.799974812998515699e+04 1.777862207509038853e+04
1.795368838238078752e+04 1.772798720372272510e+04
1.789186179021865246e+04 1.766177099168540008e+04
1.781405286540439556e+04 1.757978081359416683e+04
1.772012739840521317e+04 1.748190583552119278e+04
1.761002907641873753e+04 1.736811328462208257e+04
1.748375402506877799e+04 1.723842211329344718e+04
1.734138458711705971e+04 1.709293682594030543e+04
1.718314863192498888e+04 1.693190697400599311e+04
1.700933968120007194e+04 1.675564643997133317e+04
1.682031167334703059e+04 1.656452794740699755e+04
1.661659855466133740e+04 1.635910280322179278e+04
1.639885530162032592e+04 1.614004145461034022e+04
1.616777012379382722e+04 1.590804528452755403e+04
1.592417332541098767e+04 1.566395496723217366e+04
1.566914042653299111e+04 1.540885294998420432e+04
1.540377089545602212e+04 1.514384278137673027e+04
1.512918245018868583e+04 1.487004367354204624e+04
1.484669116292827857e+04 1.458877132647372309e+04
1.455767014512236710e+04 1.430139600768062519e+04
1.426344488507048482e+04 1.400923756543911804e+04
1.396557682888031013e+04 1.371384591035147059e+04
1.366596788940139777e+04 1.341710423060096218e+04
1.336642475260417632e+04 1.312079839711907698e+04
1.306851785291526903e+04 1.282647976086380913e+04
1.277316323538569304e+04 1.253505961030574690e+04
1.248103271581663830e+04 1.224720821351716222e+04
1.219278034894039411e+04 1.196357555364291693e+04
1.191002073535322415e+04 1.168575229323800158e+04
1.163530966287846968e+04 1.141625109855071787e+04
1.137101521613264958e+04 1.115739895611133761e+04
1.111873144374973526e+04 1.091076442886807854e+04
1.087789211284204248e+04 1.067580193160114504e+04
1.064750427280545591e+04 1.045154774467283460e+04
1.042660358995874049e+04 1.023706593680074729e+04
1.021391792930691736e+04 1.003112293872653572e+04
1.000806278604420368e+04 9.832375780330794441e+03
9.807709627535621621e+03 9.639534152183054175e+03
9.611223618184951192e+03 9.451008472983203319e+03
9.416867594671128245e+03 9.265106283228955363e+03
9.222956502029832336e+03 9.080180878870498418e+03
9.027564190288716418e+03 8.894345435648967396e+03
8.828819777031612830e+03 8.705758645062371215e+03
8.624665758311011814e+03 8.512386890707337443e+03
8.412772151291806949e+03 8.311917462794004678e+03
8.191089006286431868e+03 8.102297795149007470e+03
7.957947247546173458e+03 7.881842022062992328e+03
7.712163536692903108e+03 7.649325762595852211e+03
7.453928318138928262e+03 7.404879371955573333e+03
7.184287453564114912e+03 7.149471171255176159e+03
6.905887560903999656e+03 6.885658831698155154e+03
6.622278248697102754e+03 6.616902485900473948e+03
6.337710917153239279e+03 6.347363532625634434e+03
6.056587958758871537e+03 6.081366740109467173e+03
5.783192718559905188e+03 5.823122228857864684e+03
5.521415153675837246e+03 5.576464494460252354e+03
5.274800124141421293e+03 5.344887850782694841e+03
5.046316347046818009e+03 5.131323092521623948e+03
4.838372846302877406e+03 4.938152089883386907e+03
4.652042365265761873e+03 4.766458792322554473e+03
4.486847355045174481e+03 4.615787302169803297e+03
4.340323665747368977e+03 4.483729213838218129e+03
4.208038920731223698e+03 4.365902492624404658e+03
4.084308826916499584e+03 4.256654528186412790e+03
3.962966647947655474e+03 4.149794273198640440e+03
3.838365301593430559e+03 4.039595932561099744e+03
3.706051190095911807e+03 3.921474290289939745e+03
3.563295783989397933e+03 3.792549550795692539e+03
3.409721881360117550e+03 3.652323374003833123e+03
3.247208568892426683e+03 3.502603673964730206e+03
3.079781342290060820e+03 3.347426234832575574e+03
2.912711146272478345e+03 3.192123081615791307e+03
2.751611442843165150e+03 3.042391502934825439e+03
2.601860539446644452e+03 2.903694849721383889e+03
2.467996644804841708e+03 2.780637641450943192e+03
2.352362954846624689e+03 2.675600958673111563e+03
2.253719622346177857e+03 2.587355060553802105e+03
2.167422816137932841e+03 2.511217851053369031e+03
2.087262680496582107e+03 2.440886258518157319e+03
2.007590759379520932e+03 2.370580000737981663e+03
1.924072575284817958e+03 2.295817533659143919e+03
1.833988812116181180e+03 2.213758685669508850e+03
1.737670774533335816e+03 2.124722185060783431e+03
1.639212158264495201e+03 2.032932913512014920e+03
1.544298660896795127e+03 1.944257004078943964e+03
1.457358837143400933e+03 1.863241485885644352e+03
1.380712145192961998e+03 1.792246372815678797e+03
1.314297416712491895e+03 1.731195423733169264e+03
1.255337776156297423e+03 1.677250531927751126e+03
1.199331102920628837e+03 1.625819540381275601e+03
1.142570255911901086e+03 1.573124048011476134e+03
1.083213625667994847e+03 1.517304396121331592e+03
1.022312728096964406e+03 1.459473035803851872e+03
9.631734945260323002e+02 1.403029623694219936e+03
9.086399455646369461e+02 1.350863325861204203e+03
8.598502077657620930e+02 1.304103579247756898e+03
8.161219505421234999e+02 1.262040764152764496e+03
7.750497919108206588e+02 1.222258060389825687e+03
7.344178558934783041e+02 1.182560834418130298e+03
6.936708809750471119e+02 1.142432775659823392e+03
6.537320378860190431e+02 1.102824253064868344e+03
6.162459729880933992e+02 1.065365463803587090e+03
5.819967272456677847e+02 1.030808611482816104e+03
5.503653723257823458e+02 9.985369335355264866e+02
5.202428513109238111e+02 9.674831553764342971e+02
4.908840707140835775e+02 9.369547928152414897e+02
4.624742950874513667e+02 9.071502365285919041e+02
4.356857781896405868e+02 8.787075722941250433e+02
4.107791448505591347e+02 8.518605384812398142e+02
3.874153686504553775e+02 8.262902983299783273e+02
3.651120631003922767e+02 8.015632298685732167e+02
3.437640084884952216e+02 7.775947944544981283e+02
3.235502583651652344e+02 7.545471532178141842e+02
3.045969288556940455e+02 7.325252398803597771e+02
2.867346642542279369e+02 7.113792407946366438e+02
2.697819311143849177e+02 6.909564605489796350e+02
2.537082866548306583e+02 6.712327007321780457e+02
2.385601120689763093e+02 6.522426016805345625e+02
2.242931946638707927e+02 6.339460468776401285e+02
2.108110466890543080e+02 6.162645712646966558e+02
1.980717012880300558e+02 5.991633126950569022e+02
1.860641880899165699e+02 5.826296145192935683e+02
1.747503949137545192e+02 5.666306796814562858e+02
1.640813107133051290e+02 5.511270549731538040e+02
1.540258399390198178e+02 5.360924845070582023e+02
1.445543424001377275e+02 5.215021455111706246e+02
1.356354635123369405e+02 5.073298610180170840e+02
1.272390398231549682e+02 4.935509007612267851e+02
1.193364133964429783e+02 4.801422494907846499e+02
1.119003659537661122e+02 4.670825040314565513e+02
1.049050552969852106e+02 4.543517784983837942e+02
9.832595397208305599e+01 4.419316168863645089e+02
9.213981723807852120e+01 4.298048811467669452e+02
8.632473475757311121e+01 4.179555408182357041e+02
8.085994461995157678e+01 4.063687348388300506e+02
7.572572850753397233e+01 3.950307699651748408e+02
7.090336828532571189e+01 3.839290592544919036e+02
6.637510374999948226e+01 3.730520644845498737e+02
6.212409150984292694e+01 3.623892421269656552e+02
5.813436316411605276e+01 3.519310078654294216e+02
5.439075235330376046e+01 3.416689856417971214e+02
5.087887055271555425e+01 3.315959005345777086e+02
4.758510876516616150e+01 3.217052234879602679e+02
4.449660115509195890e+01 3.119911201963365670e+02
4.160118863166322001e+01 3.024484138938127558e+02
3.888738391240935499e+01 2.930725493069319896e+02
3.634433803026281140e+01 2.838595585849131453e+02
3.396180856298794026e+01 2.748064432736500180e+02
3.173012926982996262e+01 2.659117035443338750e+02
2.964017984959203389e+01 2.571742954105074546e+02
2.768335772642357284e+01 2.485934277001140345e+02
2.585155122252766446e+01 2.401685391757565355e+02
2.413711393008347983e+01 2.318992759360590128e+02
2.253284024294476495e+01 2.237854691035905148e+02
2.103194143783037617e+01 2.158273046862852311e+02
1.962801997300101320e+01 2.080265254327078139e+02
1.831505168888511648e+01 2.003854086468927278e+02
1.708736768953496465e+01 1.929060106649030502e+02
1.593963484794203822e+01 1.855901599336542631e+02
1.486683726174763009e+01 1.784394549795875093e+02
1.386425863268338432e+01 1.714552630488861951e+02
1.292746550342445921e+01 1.646387427389304321e+02
1.205229048418991411e+01 1.579916144488513225e+02
1.123481727342608316e+01 1.515161881289333792e+02
1.047136761482831879e+01 1.452143169100934870e+02
9.758487732602652898e+00 1.390873515683257153e+02
9.092935403169748909e+00 1.331361637323120135e+02
8.471667713234321440e+00 1.273611696483407343e+02
7.891829472062814155e+00 1.217623543667422297e+02
7.350741938803678543e+00 1.163394304593017239e+02
6.845891846205750753e+00 1.110921499521571860e+02
6.374922651659882256e+00 1.060198960238914481e+02
5.935625467659661147e+00 1.011216069030951417e+02
5.525930243933649066e+00 9.639581038102903676e+01
5.143897443278320658e+00 9.184065773863267168e+01
4.787710185896540516e+00 8.745395693626372235e+01
