1.657091734026719860e+04 1.645774832092988800e+04
1.678942425754252690e+04 1.667159861548920162e+04
1.700348469332760578e+04 1.688087832523238103e+04
1.721261918049382803e+04 1.708510922815687445e+04
1.741632859277685566e+04 1.728379470717848380e+04
1.761408207935541941e+04 1.747640864690025046e+04
1.780533853014296619e+04 1.766241554460482439e+04
1.798954805235524327e+04 1.784127183760060871e+04
1.816613214612680167e+04 1.801240635001684859e+04
1.833449720932811397e+04 1.817523369772154547e+04
1.849404764878474452e+04 1.832916729324929838e+04
1.864417119316306344e+04 1.847360519815951557e+04
1.878423062155775915e+04 1.860792220972351060e+04
1.891359054438877865e+04 1.873149589727911007e+04
1.903161743650143035e+04 1.884370672785054921e+04
1.913765763475576387e+04 1.894391691978264134e+04
1.923105919742070182e+04 1.903149165420496502e+04
1.931118542251063627e+04 1.910581221542554340e+04
1.937740059163653495e+04 1.916626250396165415e+04
1.942906983600789681e+04 1.921222904228093830e+04
1.946558380162419053e+04 1.924312462969381886e+04
1.948636048403447421e+04 1.925839034870864270e+04
1.949083771654180600e+04 1.925748900177566975e+04
1.947848886068727370e+04 1.923991967653326719e+04
1.944883157805562223e+04 1.920522606377956618e+04
1.940143787264326238e+04 1.915300729723494806e+04
1.933593773281415997e+04 1.908292131187490304e+04
1.925201787080059148e+04 1.899468249190581992e+04
1.914944099026176991e+04 1.888808105667150812e+04
1.902808132229272815e+04 1.876301908187751906e+04
1.888788753835769239e+04 1.861947223250962998e+04
1.872888299698683113e+04 1.845748960620559956e+04
1.855125379656368023e+04 1.827728203918084182e+04
1.835531691116528964e+04 1.807918970940630606e+04
1.814145449951669434e+04 1.786361580766269617e+04
1.791019412799551355e+04 1.763110656023701813e+04
1.766230700778336541e+04 1.738244915509486236e+04
1.739863300739341503e+04 1.711849645326312384e+04
1.712007922897352182e+04 1.684016540344797977e+04
1.682784813922076137e+04 1.654866458474478713e+04
1.652328484742361252e+04 1.624534149492954020e+04
1.620772694631639388e+04 1.593153266309038918e+04
1.588270561824007200e+04 1.560876404203713719e+04
1.555006631005122836e+04 1.527887109895192225e+04
1.521160727477006367e+04 1.494363882232736069e+04
1.486908622603331241e+04 1.460480887641968729e+04
1.452447850062893122e+04 1.426433807763922596e+04
1.417974560799242863e+04 1.392416722905380630e+04
1.383670368968478215e+04 1.358609008625355636e+04
1.349719753564265739e+04 1.325192805222193783e+04
1.316313387328891440e+04 1.292356400159665463e+04
1.283625090946969067e+04 1.260271223753539743e+04
1.251820718588359159e+04 1.229100702874966555e+04
1.221092410253963317e+04 1.199034256564654970e+04
1.191624235378572121e+04 1.170253372183033935e+04
1.163571993303434829e+04 1.142911793990073056e+04
1.136972009619527853e+04 1.117046299927891232e+04
1.111787910576830109e+04 1.092622498739909861e+04
1.087978481896537960e+04 1.069601315033239734e+04
1.065439799208373552e+04 1.047882514191001974e+04
1.044031357545799074e+04 1.027330110926412272e+04
1.023609794091110416e+04 1.007805214466666439e+04
1.003971259464916147e+04 9.891095954406788223e+03
9.849004906739774015e+03 9.710334320447891514e+03
9.661613898574474661e+03 9.533457871084799990e+03
9.474759150199492069e+03 9.357735824403574952e+03
9.285673294525740857e+03 9.180437020718720305e+03
9.091090672993495900e+03 8.998320812474910781e+03
8.887797677777356512e+03 8.808176333643454200e+03
8.672654250227033117e+03 8.606841972354102836e+03
8.442805512101180284e+03 8.391411390080476849e+03
8.196393822796480890e+03 8.159949521082196043e+03
7.932516567514279814e+03 7.911451873022447216e+03
7.651905752151661545e+03 7.646540741257932496e+03
7.356606299298907288e+03 7.367149511011658433e+03
7.050282830028081662e+03 7.076846887789447464e+03
6.737468615402164687e+03 6.780087818646947198e+03
6.423552968126337873e+03 6.482209086975377431e+03
6.114150457265026489e+03 6.188787270669314239e+03
5.815021051563754554e+03 5.905561892371968497e+03
5.531478184107312700e+03 5.637837784985407779e+03
5.268613819110935765e+03 5.390702078992930183e+03
5.030374470426580046e+03 5.168115283883016673e+03
4.819545408288577164e+03 4.972886163538963046e+03
4.636562026753553255e+03 4.805501645825120249e+03
4.479891840375410538e+03 4.664493090258865777e+03
4.345120930484108612e+03 4.545515237299057844e+03
4.226199341112377624e+03 4.442551135805321792e+03
4.115575786412608977e+03 4.348012749309760693e+03
4.005363821133371857e+03 4.253876525899105218e+03
3.888200468302467925e+03 4.152537946253731207e+03
3.758117585239423988e+03 4.037715003763481491e+03
3.611678742424501706e+03 3.905673650925751190e+03
3.448620520202118769e+03 3.755954759990871025e+03
3.272007055032573135e+03 3.591595450828811408e+03
3.087803013737353922e+03 3.418716684395283210e+03
2.903933507270549853e+03 3.245520419779030362e+03
2.729180330296595912e+03 3.081097346943354296e+03
2.571723691772344409e+03 2.933890349288811649e+03
2.437192866346973005e+03 2.809695133822310254e+03
2.326872940568387548e+03 2.709851762531670829e+03
2.237290600867605463e+03 2.630841511099144100e+03
2.161593859867384253e+03 2.565672932898572981e+03
2.091440263663672795e+03 2.505753503611781980e+03
2.018314721176989224e+03 2.442197063944258389e+03
1.935192392756904610e+03 2.367570081294282772e+03
1.839277829249860588e+03 2.278854447878431984e+03
1.733635333872248339e+03 2.179256514194819829e+03
1.625512327922867371e+03 2.076434989565028900e+03
1.523113969463353214e+03 1.979021024999704196e+03
1.433229084003575053e+03 1.894075318089934171e+03
1.359166945475795728e+03 1.824980642447726268e+03
1.299202328395957238e+03 1.769916669257734611e+03
1.247397533260966838e+03 1.722735848288337365e+03
1.196269036038828744e+03 1.675685768735584816e+03
1.139837565608918794e+03 1.622560707224870384e+03
1.076731356278397470e+03 1.561978862517683183e+03
1.010617157492246974e+03 1.497831017242533335e+03
9.474173691536660726e+02 1.436293139250598415e+03
8.920406253438817430e+02 1.382380209092186078e+03
8.459605278159657473e+02 1.337519533744828550e+03
8.062186883414241265e+02 1.298649568064735604e+03
7.678281574199335182e+02 1.260715441560775844e+03
7.272082885550735227e+02 1.220147575245861844e+03
6.842674280161810429e+02 1.176938585117247385e+03
6.421896586474888409e+02 1.134337442498447672e+03
6.043408880275119373e+02 1.095670386389164150e+03
5.715349105588784369e+02 1.061673668634549813e+03
5.418640339128647838e+02 1.030444232632113199e+03
5.125593221891163012e+02 9.993195151015435158e+02
4.826144879820091660e+02 9.673935277064584852e+02
4.533689325961715326e+02 9.359856515267549639e+02
4.266029331279584085e+02 9.067576357662113651e+02
4.025944516423682558e+02 8.799245727424809047e+02
3.800701165668090766e+02 8.543035317693895649e+02
3.579166226760652307e+02 8.289130603242825828e+02
3.363338868884271733e+02 8.039616388777062639e+02
3.162277692717204900e+02 7.802403924667784167e+02
2.977706235137462727e+02 7.578732538162657875e+02
2.803416146717177639e+02 7.363262336024577053e+02
2.635095722151437485e+02 7.152537514793117452e+02
2.475220632589967522e+02 6.948629137634372910e+02
2.326498798412436315e+02 6.753570256988543861e+02
2.187001299739733042e+02 6.565751966945335880e+02
2.054118146359743378e+02 6.383200237042965455e+02
1.928325290209187699e+02 6.206257198258961125e+02
1.810529816256998004e+02 6.035482061124831716e+02
1.699745579436180094e+02 5.870110600906418767e+02
1.595237624732915833e+02 5.709609393527714474e+02
1.496663478879528952e+02 5.553680458652355583e+02
1.403760320404653328e+02 5.402083409008740773e+02
1.316268533658969204e+02 5.254593472931888982e+02
1.233932732370149381e+02 5.111000573986798940e+02
1.156502458599403695e+02 4.971108280606090943e+02
1.083721049053731917e+02 4.834719891120475381e+02
1.015322960340852063e+02 4.701631394987919066e+02
9.510553827351526479e+01 4.571652268254613887e+02
8.906795110575626495e+01 4.444606716462917575e+02
8.339697948126702443e+01 4.320332874081817636e+02
7.807132275539473198e+01 4.198682061256158136e+02
7.307086734416984086e+01 4.079518091536295969e+02
6.837663426217351059e+01 3.962716933421955332e+02
6.397089434751011083e+01 3.848171118626192992e+02
5.983702565654323280e+01 3.735787675279722748e+02
5.595927876750231178e+01 3.625482738911589422e+02
5.232273262947293091e+01 3.517180928665507622e+02
4.891325765888482380e+01 3.410814903354435614e+02
4.571747995428396649e+01 3.306324933819890362e+02
4.272274663935384353e+01 3.203658489209491904e+02
3.991708617235418899e+01 3.102771410301871811e+02
3.728914086014338380e+01 3.003637093194851673e+02
3.482817148252241424e+01 2.906238243381888537e+02
3.252404789269109386e+01 2.810560987538170821e+02
3.036721755143506485e+01 2.716594575653303423e+02
2.834867537124940995e+01 2.624331112939673289e+02
2.645993493031955524e+01 2.533765294907773296e+02
2.469300100909453732e+01 2.444894145898160218e+02
2.304034359928341402e+01 2.357722157499374589e+02
2.149487334935324512e+01 2.272273366132576484e+02
2.004991710623222190e+01 2.188573864335488679e+02
1.869919514507527225e+01 2.106647175645891537e+02
1.743679966785938618e+01 2.026514227416555798e+02
1.625717434963324237e+01 1.948193331195629696e+02
1.515509489084548633e+01 1.871700170700655406e+02
1.412565052156026546e+01 1.797047881133238434e+02
1.316422530878774566e+01 1.724254293175559098e+02
1.226648103282507485e+01 1.653345980300361475e+02
1.142834357597165607e+01 1.584344925376202582e+02
1.064598801872809730e+01 1.517267309710455550e+02
9.915824285649060599e+00 1.452123787579174063e+02
9.234483550669644103e+00 1.388919767103622291e+02
8.598805366740034373e+00 1.327655695661412096e+02
8.005825445143317509e+00 1.268327521145138661e+02
7.452763395697081350e+00 1.210930218300247247e+02
6.937012142223807132e+00 1.155457112733714951e+02
6.456128446036618840e+00 1.101896661199691465e+02
6.007823139197927986e+00 1.050232704482793196e+02
5.589951872029627289e+00 1.000444853245539463e+02
5.200506380847241594e+00 9.525088652395423594e+01
4.837606249323444629e+00 9.063970123427047554e+01
