1.699705532222095644e+04 1.685268964681567013e+04
1.726285859823708597e+04 1.711215649460872373e+04
1.752546844531837269e+04 1.736823734073132800e+04
1.778437142192068131e+04 1.762041889438551880e+04
1.803903101045252333e+04 1.786816625003557056e+04
1.828887206701171817e+04 1.811090889245965445e+04
1.853330195478380483e+04 1.834806009640180127e+04
1.877171364163649923e+04 1.857901973529473617e+04
1.900346446609320992e+04 1.880315345115785749e+04
1.922788658335539731e+04 1.901980302077639135e+04
1.944430305269435121e+04 1.922830225743799019e+04
1.965201455698521386e+04 1.942796437771747878e+04
1.985028617705687429e+04 1.961806944422333618e+04
2.003837605794089905e+04 1.979789202527287125e+04
2.021553724495640563e+04 1.996670308075115827e+04
2.038099264163254702e+04 2.012374609013352892e+04
2.053395565899363282e+04 2.026825700186680115e+04
2.067364737600813532e+04 2.039948081106440441e+04
2.079928211246811043e+04 2.051665802146905844e+04
2.091006323731514203e+04 2.061902084520681819e+04
2.100521190587232559e+04 2.070582063535944690e+04
2.108396958861560415e+04 2.077633051470747159e+04
2.114558578078333085e+04 2.082983423621840120e+04
2.118933760649091346e+04 2.086564458967367318e+04
2.121454185051068271e+04 2.088311480047263467e+04
2.122056172873616742e+04 2.088164593161143057e+04
2.120681232678759989e+04 2.086069213528320688e+04
2.117276446525291612e+04 2.081976340028263803e+04
2.111796219435887542e+04 2.075844286704856859e+04
2.104205899240522194e+04 2.067642304166025497e+04
2.094478752202227042e+04 2.057347483416666000e+04
2.082595958424533819e+04 2.044944706198707354e+04
2.068555161775649321e+04 2.030435111071364736e+04
2.052368458607609864e+04 2.013834051340813676e+04
2.034055760562591240e+04 1.995164464790871352e+04
2.013652399119239999e+04 1.974464376437886312e+04
1.991220438787732201e+04 1.951798058350033170e+04
1.966831193015014287e+04 1.927238672794182639e+04
1.940564698767227310e+04 1.900867734947975259e+04
1.912535061147171291e+04 1.872800209455118602e+04
1.882875514501304497e+04 1.843169653009323883e+04
1.851720817590872321e+04 1.812110751065413933e+04
1.819226032180798211e+04 1.779778012019766174e+04
1.785580333399905794e+04 1.746359487881529640e+04
1.750971083779821129e+04 1.712041012420798506e+04
1.715587090944262673e+04 1.677009512458137033e+04
1.679663718335685917e+04 1.641498135244640434e+04
1.643444831654565132e+04 1.605748195696915900e+04
1.607158088097965447e+04 1.569984540493522218e+04
1.571014969507587557e+04 1.534416421894562518e+04
1.535210869529779484e+04 1.499237834352143545e+04
1.499924782538167892e+04 1.464626205807727820e+04
1.465340729021316838e+04 1.430763969916994392e+04
1.431722915487995488e+04 1.397914329968567108e+04
1.399338653042850819e+04 1.366343724522893535e+04
1.368420293898556520e+04 1.336284000320857740e+04
1.339062695360328144e+04 1.307833399640283824e+04
1.311273638259569088e+04 1.281005509540351886e+04
1.285051758139627054e+04 1.255804825670554601e+04
1.260321155553474273e+04 1.232163555188350438e+04
1.236960001565255516e+04 1.209969288668492663e+04
1.214838592212512594e+04 1.189101594530532020e+04
1.193744893349988160e+04 1.169358636097389535e+04
1.173446764242607242e+04 1.150518109951751467e+04
1.153684296571764389e+04 1.132328380533488235e+04
1.134142710171213002e+04 1.114480648086971996e+04
1.114503572406753301e+04 1.096659684223518889e+04
1.094380365849014925e+04 1.078475816398880852e+04
1.073382746350676643e+04 1.059530741215941271e+04
1.051103790156280775e+04 1.039400543063426812e+04
1.027150210072017398e+04 1.017667603299758412e+04
1.001212032523004564e+04 9.939906951191194821e+03
9.730680789740506953e+03 9.681122515778079105e+03
9.426732928867790179e+03 9.399517724216222632e+03
9.101369060774002719e+03 9.095861857029711246e+03
8.757798154510192035e+03 8.773152345920767402e+03
8.400565035575466027e+03 8.435825191149391685e+03
8.035676524249613067e+03 8.089929573559023993e+03
7.669796557230341932e+03 7.742286173063705064e+03
7.310137867269465460e+03 7.400388144678850040e+03
6.963638514348948775e+03 7.071513048338999397e+03
6.637292637512157853e+03 6.763082410763898224e+03
6.337071386465258001e+03 6.481515602325529471e+03
6.067929445544196824e+03 6.232240611036349037e+03
5.832397108199222203e+03 6.018213069882159289e+03
5.630775549783135830e+03 5.840103738809585593e+03
5.459740864715935459e+03 5.694775561009902049e+03
5.313540052228598142e+03 5.576458038737774586e+03
5.183786938297726010e+03 5.476411096647776503e+03
5.060825533840253229e+03 5.384239266797556411e+03
4.934722820302932632e+03 5.288886757304377170e+03
4.796334506818944647e+03 5.179766535887167265e+03
4.638784615586174368e+03 5.048513415914600955e+03
4.458622261106804217e+03 4.890480218488642095e+03
4.256624783363714414e+03 4.705888035575972026e+03
4.037934018530277172e+03 4.500204877303207468e+03
3.811211252616883485e+03 4.283237237016061954e+03
3.587397096576332842e+03 4.067643358049713697e+03
3.378118572543456139e+03 3.866990120173300966e+03
3.193449615002228256e+03 3.693098567559876756e+03
3.039231046403227083e+03 3.552959370958268664e+03
2.915202911715727623e+03 3.446607533670590328e+03
2.815348692964181737e+03 3.367446319506836517e+03
2.729978761553855747e+03 3.304446364790252119e+03
2.647739833966184506e+03 3.244238157565617257e+03
2.557376095493122193e+03 3.173066450865901515e+03
2.450791680917006488e+03 3.080623064455380700e+03
2.326755768551109213e+03 2.964967644786977417e+03
2.191576381525221223e+03 2.833693262913684066e+03
2.055841040961662657e+03 2.699890285870454591e+03
1.930521269905468216e+03 2.577124873813565955e+03
1.823886549652571603e+03 2.475550972657063539e+03
1.738426474762454973e+03 2.398262951149275068e+03
1.669647625796776538e+03 2.339916416219808070e+03
1.608240852525726950e+03 2.289229480715561294e+03
1.543933541755944816e+03 2.233508877980340912e+03
1.470040390850064341e+03 2.164341873282725828e+03
1.387269941347958820e+03 2.082614240471521953e+03
1.302261955345919205e+03 1.996737725873752879e+03
1.223486547250118974e+03 1.917306544274672206e+03
1.156827846347825243e+03 1.851522280867140580e+03
1.102231723857255474e+03 1.799237510137560321e+03
1.053929448746104526e+03 1.753392400551126002e+03
1.004904457665770906e+03 1.705458087032075582e+03
9.513575694956869029e+02 1.650901368237330189e+03
8.950852954787128510e+02 1.592081484258308137e+03
8.415254102413534838e+02 1.535674450963782647e+03
7.947319634079749449e+02 1.486475460193189519e+03
7.544882415530450999e+02 1.444119244696910528e+03
7.170274945186067725e+02 1.404160223400354425e+03
6.786812606064622742e+02 1.362421039828240964e+03
6.392752116516645629e+02 1.318855002136903067e+03
6.015665331786232173e+02 1.276689346815079944e+03
5.677936601104281635e+02 1.238391264697657107e+03
5.374317302059281474e+02 1.203307339693924632e+03
5.082118787347807825e+02 1.168986722797379571e+03
4.790143824398804782e+02 1.134327679333203378e+03
4.508433863469886660e+02 1.100453231218146357e+03
4.249745987611638611e+02 1.068654886612687505e+03
4.011619645599232058e+02 1.038644087416236971e+03
3.782923365848026833e+02 1.009347215581825935e+03
3.560822820035266432e+02 9.805433620685954565e+02
3.351587257544111367e+02 9.528260591432202773e+02
3.157467001678630822e+02 9.263735703835684490e+02
2.973699396658612386e+02 9.007655851324085461e+02
2.797612767057982524e+02 8.757943360086248958e+02
2.631492363358457283e+02 8.516457311110027604e+02
2.475881482964426823e+02 8.283452180361623505e+02
2.329023984249585340e+02 8.057584981610175419e+02
2.189991303460512029e+02 7.838119197796256685e+02
2.058504765689683325e+02 7.624739538926786508e+02
1.934301985490714344e+02 7.417166678007787368e+02
1.817110968095843759e+02 7.215137929278419051e+02
1.706652990163199775e+02 7.018406169931625982e+02
1.602621158668984549e+02 6.826701180387711929e+02
1.504659590265353586e+02 6.639684388015551804e+02
1.412423864530974242e+02 6.457031856924635349e+02
1.325589041366703782e+02 6.278446169640737935e+02
1.243848530030539195e+02 6.103654981888131488e+02
1.166913027078978331e+02 5.932409696764640330e+02
1.094509518781447355e+02 5.764484243697227157e+02
1.026380501628464259e+02 5.599674026161591200e+02
9.622873113888735475e+01 5.437797024344095007e+02
9.020085237046069437e+01 5.278692802334489897e+02
8.453336650114566453e+01 5.122218939376134585e+02
7.920625042339494826e+01 4.968250025079134957e+02
7.420046647537112960e+01 4.816676841112029024e+02
6.949792420698778983e+01 4.667405572497643220e+02
6.508144279149679789e+01 4.520357041752817508e+02
6.093470252766961437e+01 4.375469694489251538e+02
5.704211606448543392e+01 4.232730258877919027e+02
5.338887025547209220e+01 4.092152278998259476e+02
4.996095828746350520e+01 3.953753546250548538e+02
4.674514056173454435e+01 3.817555417050928099e+02
4.372890645779337859e+01 3.683582380855883116e+02
4.090043773499943569e+01 3.551861628460757743e+02
3.824857352069869876e+01 3.422422621383163346e+02
3.576277927497169884e+01 3.295308093662605415e+02
3.343312145274236968e+01 3.170607359472847406e+02
3.125022719791748571e+01 3.048413861885641722e+02
2.920525260186668604e+01 2.928811313160193208e+02
2.728985539691164064e+01 2.811873865534437869e+02
2.549616887146474298e+01 2.697666311092124261e+02
2.381677696596312188e+01 2.586244308287634226e+02
2.224469048829274342e+01 2.477654705835994378e+02
2.077332198525599694e+01 2.371944702049090097e+02
1.939646269945207990e+01 2.269168550766837313e+02
1.810826718882198705e+01 2.169369959342933214e+02
1.690323407315596782e+01 2.072580513506510727e+02
1.577618710495932675e+01 1.978820379706862980e+02
1.472225718397626082e+01 1.888099017144666050e+02
1.373686527544669822e+01 1.800415893977375106e+02
1.281570612749963445e+01 1.715761264066125591e+02
1.195473161444447108e+01 1.634118090698159165e+02
1.115013662125630489e+01 1.555462407650507544e+02
1.039834665131866664e+01 1.479762649928359224e+02
9.696004657184870368e+00 1.406980313179054747e+02
9.039958511572354638e+00 1.337070649391646384e+02
8.427249148191584993e+00 1.269983338665153099e+02
7.855099340401681118e+00 1.205663134729297497e+02
