1.951189296456579905e+04 1.937429025097248086e+04
1.976688400441203339e+04 1.962359317584215023e+04
2.001605605996066515e+04 1.986692339707270003e+04
2.025880390175554567e+04 2.010367754342193803e+04
2.049448451735157505e+04 2.033321706984020784e+04
2.072243827851101378e+04 2.055488812834133569e+04
2.094199669928145886e+04 2.076802886318573292e+04
2.115245656491375485e+04 2.097194377127478947e+04
2.135308316532304525e+04 2.116590698488998532e+04
2.154313813883633702e+04 2.134918997197239878e+04
2.172187148918601451e+04 2.152105387854475339e+04
2.188849892893532524e+04 2.168072758840530514e+04
2.204223398710689071e+04 2.182743910050620980e+04
2.218229586407968236e+04 2.196042326915310696e+04
2.230787843293578771e+04 2.207889170318654214e+04
2.241816468954611992e+04 2.218204696990903903e+04
2.251235664882898709e+04 2.226911181596402457e+04
2.258966448716726154e+04 2.233931883429584559e+04
2.264928992626307081e+04 2.239189459687886119e+04
2.269046340342115218e+04 2.242609561691467025e+04
2.271245210864859837e+04 2.244121625927538844e+04
2.271454341272794773e+04 2.243657337045200256e+04
2.269606237986222186e+04 2.241152298815468021e+04
2.265639081487526346e+04 2.236547846807941460e+04
2.259497298154221062e+04 2.229791686618513268e+04
2.251132116119768398e+04 2.220838491339026587e+04
2.240502176746423720e+04 2.209650353349712532e+04
2.227574808443467191e+04 2.196198040798427974e+04
2.212330459464156593e+04 2.180465523777970157e+04
2.194760163484503937e+04 2.162447313792488785e+04
2.174864199335259764e+04 2.142147035624739874e+04
2.152659995653897204e+04 2.119585361471621218e+04
2.128184344420035268e+04 2.094802196864463986e+04
2.101483503368604579e+04 2.067846665488027429e+04
2.072617473832461110e+04 2.038781356000860978e+04
2.041677867912159854e+04 2.007700158877009744e+04
2.008769486168522053e+04 1.974709786387788336e+04
1.974003778372456145e+04 1.939923205731004418e+04
1.937523531532405832e+04 1.903484226723576285e+04
1.899499631788835904e+04 1.865564225826969778e+04
1.860103095948416376e+04 1.826334251044715711e+04
1.819517909246908312e+04 1.785977782485157149e+04
1.777974046966372771e+04 1.744723530256230515e+04
1.735701915781422213e+04 1.702800140015259240e+04
1.692922863734895873e+04 1.660426790424443971e+04
1.649888736180010164e+04 1.617852449058289312e+04
1.606865501072640291e+04 1.575339645579870921e+04
1.564097884847243949e+04 1.533129460592528994e+04
1.521820551047220943e+04 1.491452709689429139e+04
1.480274741448216992e+04 1.450546542385129032e+04
1.439680708439702175e+04 1.410627123159060466e+04
1.400241475402360811e+04 1.371893328786629718e+04
1.362209202600867138e+04 1.334591689004241198e+04
1.325847242910993555e+04 1.298979431999154076e+04
1.291385711299720788e+04 1.265281221050981912e+04
1.258936738904164849e+04 1.233606413148643878e+04
1.228485804603096403e+04 1.203940654562084819e+04
1.200008772084924385e+04 1.176260388666072686e+04
1.173422726989671537e+04 1.150485161137219802e+04
1.148575072715201168e+04 1.126466981067834968e+04
1.125314106382909449e+04 1.104058890277916362e+04
1.103417412150571727e+04 1.083045537936661640e+04
1.082621288002677829e+04 1.063171497443991029e+04
1.062651047074113558e+04 1.044170475636563970e+04
1.043157669342178997e+04 1.025703675289913735e+04
1.023789294593875638e+04 1.007428690513919173e+04
1.004127189411714789e+04 9.889367609003156758e+03
9.837272265393965426e+03 9.697925750092599628e+03
9.621432069843454883e+03 9.495566884482901514e+03
9.389306918505564681e+03 9.277887389914272717e+03
9.137322967041258380e+03 9.041312729031953495e+03
8.863015132218160943e+03 8.783335262617974877e+03
8.565555678855711449e+03 8.503043249145292066e+03
8.246053889780576355e+03 8.201430809753932408e+03
7.907539156933160484e+03 7.881391269863914204e+03
7.554707448777535319e+03 7.547478766971090408e+03
7.193612149717685497e+03 7.205608368859599068e+03
6.831007430802299496e+03 6.862402142864410052e+03
6.474453044537315691e+03 6.525284394890038129e+03
6.131089097278182635e+03 6.201278604081082449e+03
5.808362458212546699e+03 5.897682773798866037e+03
5.512633548567529942e+03 5.620748167509871564e+03
5.249206873165091565e+03 5.375652646460686810e+03
5.021048148376415156e+03 5.165314563804321551e+03
4.828606521677796991e+03 4.990180930888775038e+03
4.668906079914660040e+03 4.847380249199230093e+03
4.536470993411074232e+03 4.731587276491117336e+03
4.423071093315710641e+03 4.634760795852205774e+03
4.319189441468941368e+03 4.547521074945452710e+03
4.214667504728161475e+03 4.459745595697085264e+03
4.099836092939402988e+03 4.361664179303715173e+03
3.966995130425594652e+03 4.245360433907081642e+03
3.811625265913658950e+03 4.106051402442462859e+03
3.633428603785554060e+03 3.943234997142869361e+03
3.436575779247848459e+03 3.761021855478979887e+03
3.229033062517460621e+03 3.567456536727115235e+03
3.021541859815498356e+03 3.373430876046077174e+03
2.826042284166811442e+03 3.191011643859520063e+03
2.653290124470637693e+03 3.030988171060912919e+03
2.509971110866594245e+03 2.899998508477242467e+03
2.396849154246736362e+03 2.798767110917119226e+03
2.309163028961275359e+03 2.722561350882949682e+03
2.238395685346880782e+03 2.662923206716711320e+03
2.173691644221422848e+03 2.608984556941678875e+03
2.103337624097414846e+03 2.548864376697376883e+03
2.018055482193094804e+03 2.473019548317610315e+03
1.915040676688750409e+03 2.378499723925605394e+03
1.798933713977617117e+03 2.270061576938591315e+03
1.679142033796477790e+03 2.157384317341889073e+03
1.566541718718677885e+03 2.051552789456948176e+03
1.470313324564223876e+03 1.961766312266612886e+03
1.394401998981519000e+03 1.891859896625170450e+03
1.335989796947941159e+03 1.838935561715056565e+03
1.287061666322704923e+03 1.794969476813216033e+03
1.237523378746610661e+03 1.749861910089631237e+03
1.179527468834994352e+03 1.695749479661344594e+03
1.111984077600298406e+03 1.631608749136092229e+03
1.040045981980129000e+03 1.562725361813867039e+03
9.716939751099245086e+02 1.497111012069561184e+03
9.136973740649397087e+02 1.441385861882904010e+03
8.675089028848658472e+02 1.396837465705818431e+03
8.287688057780960662e+02 1.359126339801795439e+03
7.907781078625116606e+02 1.321733841460328676e+03
7.487311489457084690e+02 1.280068473322749014e+03
7.029797060387115835e+02 1.234589144224258462e+03
6.581561193260407663e+02 1.189815589659707484e+03
6.187442431078101208e+02 1.149966285152403543e+03
5.857359579176511488e+02 1.115867002142003457e+03
5.562290405908428284e+02 1.084751837603035710e+03
5.263745848591032654e+02 1.053093247046230317e+03
4.950414919356542782e+02 1.019940300289918696e+03
4.643132756568228956e+02 9.872379412387331286e+02
4.367015081823456626e+02 9.572035500086788034e+02
4.124563026091349229e+02 9.299889911116740677e+02
3.896690760942578322e+02 9.039118372704804187e+02
3.668087779484211524e+02 8.776979104491316548e+02
3.443689012969493888e+02 8.518041223473082937e+02
3.236747185494010068e+02 8.273188638488346669e+02
3.049258426690491888e+02 8.043654135770193534e+02
2.871565331400219065e+02 7.821621161705775194e+02
2.698105618178676650e+02 7.602936382581843873e+02
2.533405308946090884e+02 7.391130640432855898e+02
2.381487107666405052e+02 7.189014421925361376e+02
2.239184400985180332e+02 6.994131598181323852e+02
2.102807142007494292e+02 6.803895742144372889e+02
1.973687917127449793e+02 6.619219070370492091e+02
1.853359275696066675e+02 6.440994395452427170e+02
1.740155685682243245e+02 6.268099741750983185e+02
1.633181701984090068e+02 6.099876208911121012e+02
1.532222952301769112e+02 5.936109776084555278e+02
1.437062058486588683e+02 5.776603924749774706e+02
1.347473484735878628e+02 5.621173743787954891e+02
1.263224805364877170e+02 5.469644043694543143e+02
1.184046008277651651e+02 5.321817476889527825e+02
1.109639679132431098e+02 5.177475692734175254e+02
1.039724079069626868e+02 5.036415176603878194e+02
9.740342005826836669e+01 4.898448219931521521e+02
9.123207392114383651e+01 4.763402078870148557e+02
8.543491318390194067e+01 4.631118193060784733e+02
7.998986585671495675e+01 4.501451460352491836e+02
7.487634788820984966e+01 4.374272857123891072e+02
7.007547023022489441e+01 4.249474642154106050e+02
6.556940625497347241e+01 4.126960855721712846e+02
6.134123637304930554e+01 4.006644905669431864e+02
5.737491088137884532e+01 3.888449091197769576e+02
5.365521358925778372e+01 3.772304145165645082e+02
5.016772627461867984e+01 3.658148792243666776e+02
4.689878319817064067e+01 3.545930342864315890e+02
4.383535759446859004e+01 3.435612276853905769e+02
4.096509908864108240e+01 3.327168324701218012e+02
3.827635670148050906e+01 3.220576763780832721e+02
3.575814280701693804e+01 3.115820052292747278e+02
3.340009822256445204e+01 3.012884518468297870e+02
3.119245893298987937e+01 2.911760053150476892e+02
2.912602455976593419e+01 2.812440039259728337e+02
2.719213578883609017e+01 2.714931746940297899e+02
2.538264616152119757e+01 2.619258632980494781e+02
2.368988257984868540e+01 2.525443969465093232e+02
2.210661909795471303e+01 2.433509453669045399e+02
2.062605288260544256e+01 2.343475113221999777e+02
1.924178131362477728e+01 2.255359217823204006e+02
1.794778018159303556e+01 2.169178197815658393e+02
1.673838143332234196e+01 2.084950781847013275e+02
1.560824966160897809e+01 2.002709435289081341e+02
1.455236916893186105e+01 1.922485312892805780e+02
1.356602753831183072e+01 1.844303785312358741e+02
1.264479837274673280e+01 1.768184645661195020e+02
1.178452493644631716e+01 1.694142325773400728e+02
1.098130465667019884e+01 1.622186120714578408e+02
1.023147441287538761e+01 1.552320895511541323e+02
9.531596264895673798e+00 1.484552871112106232e+02
8.878444557326174547e+00 1.418886859722858844e+02
8.268993810782438558e+00 1.355321762419479796e+02
7.700406935209318959e+00 1.293850864985133455e+02
7.170024082894304485e+00 1.234462235419988332e+02
6.675352116717711226e+00 1.177139117411570197e+02
6.214054658542687015e+00 1.121860323410479623e+02
5.783942246923057695e+00 1.068601193103336584e+02
5.382963251603512411e+00 1.017334320622494062e+02
5.009196429954226204e+00 9.680287784109532367e+01
