3.124099437383246914e+04 3.112748762024253665e+04
3.141177069254600428e+04 3.129430944419317530e+04
3.156302957618820437e+04 3.144155146960500861e+04
3.169374165810543855e+04 3.156819121701496624e+04
3.180290198234313357e+04 3.167323138324610773e+04
3.188951648656184261e+04 3.175568642251593701e+04
3.195255445020322077e+04 3.181453535906898469e+04
3.199101340206448367e+04 3.184878634981493451e+04
3.200393622154603145e+04 3.185749376795614444e+04
3.199033623021373205e+04 3.183968455346587871e+04
3.194922542005847936e+04 3.179438614572993538e+04
3.187968846758694053e+04 3.172069945832987287e+04
3.178085588315836503e+04 3.161777288796090579e+04
3.165185563497634939e+04 3.148475535168496936e+04
3.149190327499910200e+04 3.132088428314818884e+04
3.130031798554467605e+04 3.112550151587170694e+04
3.107645574556444626e+04 3.089798947224704898e+04
3.081975615194777492e+04 3.063781629579871151e+04
3.052980138315220756e+04 3.034459256038318563e+04
3.020629606090890957e+04 3.001805355051301012e+04
2.984904974719295569e+04 2.965804384794828366e+04
2.945803775190069791e+04 2.926457302351109320e+04
2.903341533056726257e+04 2.883782985840148467e+04
2.857552670382163342e+04 2.837819706555671655e+04
2.808490692799629323e+04 2.788624827112694402e+04
2.756228420717810150e+04 2.736274666730631361e+04
2.700864999705553055e+04 2.680871977116057315e+04
2.642528273250401253e+04 2.622548448477721104e+04
2.581364177796211879e+04 2.561453296239089104e+04
2.517540940949239666e+04 2.497757527198774915e+04
2.451271477879778467e+04 2.431677006251358762e+04
2.382789083623804618e+04 2.363447394380093101e+04
2.312336732330246741e+04 2.293313118799653603e+04
2.240201293216101476e+04 2.221562020182156994e+04
2.166710180225581280e+04 2.148521975811402444e+04
2.092185442389726450e+04 2.074514475592140661e+04
2.016961530214911181e+04 1.999872384157689157e+04
1.941441616391150455e+04 1.924996256519724921e+04
1.866019219129102203e+04 1.850276153369878011e+04
1.791059033975996863e+04 1.776072556855632865e+04
1.716973723825249544e+04 1.702792214824424445e+04
1.644195320302626351e+04 1.630860129238316040e+04
1.573098191349437911e+04 1.560643793977414134e+04
1.504041055510571277e+04 1.492493977227855430e+04
1.437437551660877762e+04 1.426813233107112683e+04
1.373643652387199836e+04 1.363947442339178633e+04
1.312945381234501474e+04 1.304173930363922409e+04
1.255608066862401574e+04 1.247746541488896946e+04
1.201860740367848302e+04 1.194882507098626593e+04
1.151873502045455280e+04 1.145742921718911748e+04
1.105785669551588762e+04 1.100457159697336283e+04
1.063733369878815211e+04 1.059146886935636576e+04
1.025822900820425457e+04 1.021906309424882966e+04
9.920800888995405330e+03 9.887525631103242631e+03
9.622340329389837279e+03 9.594114981439943222e+03
9.359573675765865119e+03 9.335537838343798285e+03
9.129452094688975194e+03 9.108729300474016782e+03
8.928229871187179015e+03 8.909961804310958541e+03
8.752229443495112719e+03 8.735578220696103017e+03
8.597516886954994334e+03 8.581686424819532476e+03
8.458790142862437278e+03 8.443102091878734427e+03
8.330740555543932714e+03 8.314642742327529049e+03
8.206564901429343081e+03 8.189738346995000938e+03
8.078332115601890109e+03 8.060776818364941391e+03
7.938126155367801402e+03 7.920201833902941871e+03
7.777616881044249567e+03 7.760143973333172653e+03
7.589402787863102276e+03 7.573645193349728288e+03
7.368180256330349948e+03 7.355831581873102550e+03
7.110587218057732571e+03 7.103675633916296647e+03
6.817128096707628174e+03 6.817860583880208651e+03
6.490605429671459206e+03 6.501216489068289775e+03
6.136119114075538164e+03 6.158745550835156791e+03
5.760403471396233726e+03 5.796931972011881044e+03
5.372774134321497513e+03 5.424664415664918124e+03
4.983382608990233166e+03 5.051559062074222311e+03
4.603186181563492028e+03 4.687959458927894048e+03
4.243855140595755984e+03 4.344766566352070186e+03
3.916301438567355945e+03 4.032185486508177291e+03
3.629153778410518044e+03 3.758168543227410282e+03
3.388793879428050332e+03 3.528549420036606989e+03
3.196987676064732113e+03 3.344791848463478345e+03
3.052654095949078510e+03 3.205657394591825778e+03
2.950475529632623875e+03 3.105969265963461112e+03
2.883113546918469638e+03 3.038661001805819978e+03
2.840273029557125028e+03 2.993995782363011585e+03
2.809872718978544981e+03 2.960662144948914829e+03
2.778521357673861075e+03 2.926258295512638142e+03
2.733050830339206641e+03 2.878722494106471004e+03
2.662602765637755965e+03 2.808234206182964499e+03
2.560129756838017329e+03 2.708537032255461327e+03
2.423793082429824608e+03 2.578174684762861489e+03
2.258002678890493371e+03 2.421384452289521505e+03
2.073830275505333702e+03 2.248390313377524308e+03
1.887267172471793174e+03 2.073790309763882306e+03
1.715110442031575758e+03 1.912808182898358154e+03
1.569881441587200698e+03 1.776668945315018846e+03
1.457787737157899528e+03 1.670815041960873714e+03
1.379789539735215158e+03 1.595909655615738075e+03
1.332404376017767618e+03 1.548604982122271622e+03
1.306650526468777571e+03 1.520658893939378231e+03
1.288514133170912601e+03 1.499437407811753019e+03
1.263153342275162458e+03 1.471727671880562866e+03
1.219902004443419173e+03 1.428165482660741645e+03
1.154671134168766230e+03 1.365293347083451863e+03
1.070605753195793795e+03 1.286057296314092810e+03
9.779766299362132713e+02 1.199621963966623298e+03
8.903009214411870289e+02 1.117884941285324658e+03
8.184636428807684752e+02 1.050299839220732338e+03
7.676255596018953611e+02 1.001222234565650069e+03
7.360307514031695746e+02 9.689571558292263944e+02
7.152788649834435546e+02 9.460976112269105442e+02
6.945197458770384173e+02 9.232364267896200545e+02
6.653758577335978543e+02 8.932132218991223453e+02
6.246482658897128886e+02 8.533881878935147824e+02
5.763169156641915833e+02 8.072656023117779114e+02
5.291462073228829013e+02 7.623455430635817720e+02
4.905073003841523587e+02 7.248281543156383577e+02
4.629168252492450506e+02 6.967362813120637384e+02
4.433210394928896676e+02 6.754084278287501775e+02
4.250650094697820123e+02 6.552406711122182514e+02
4.028761714071338247e+02 6.318699398397113782e+02
3.760609754208984441e+02 6.047812489337911757e+02
3.481663143491466030e+02 5.769424490919467416e+02
3.239029552975360389e+02 5.522058052694612797e+02
3.051043059594066449e+02 5.320114175368613587e+02
2.897341024335323141e+02 5.146570277608000197e+02
2.743326675286425598e+02 4.973409064560511297e+02
2.571662644660096930e+02 4.786962043174097516e+02
2.394945243313308936e+02 4.597509534183267874e+02
2.236194745228176828e+02 4.423229063707901219e+02
2.103812014868594247e+02 4.270432222460333378e+02
1.984635034952565320e+02 4.128614449423507722e+02
1.864108904970741492e+02 3.986497062853674151e+02
1.741895633996902291e+02 3.843928679083232964e+02
1.628400788116894944e+02 3.708846964140000182e+02
1.528272694296789496e+02 3.584626549715879378e+02
1.435694552068020187e+02 3.466785629774097401e+02
1.344890491651167110e+02 3.351023307016839681e+02
1.257540414542388021e+02 3.238594006173133835e+02
1.177510612318302918e+02 3.132265024303424070e+02
1.103814448109663999e+02 3.031244836205103184e+02
1.033546687246034566e+02 2.933423916439314212e+02
9.666959601100568023e+01 2.838781337538728167e+02
9.044775750192883379e+01 2.748134670263503381e+02
8.462114588584168473e+01 2.660966005654707374e+02
7.916008760066263505e+01 2.577041910251588774e+02
7.404142373158924784e+01 2.496178995541183383e+02
6.924353829834646490e+01 2.418206048326739221e+02
6.474624755063801729e+01 2.342963189070021031e+02
6.053069780026565638e+01 2.270301097594008013e+02
5.657927109054727310e+01 2.200080300159663977e+02
5.287555123582573913e+01 2.132171053180296099e+02
4.940472603508470684e+01 2.066457929845087165e+02
4.615313988055600447e+01 2.002836248244857984e+02
4.310785028957885601e+01 1.941207738494510124e+02
4.025659364672915785e+01 1.881480094422537377e+02
3.758775723808820857e+01 1.823566610079706152e+02
3.509035174676240842e+01 1.767385841009011926e+02
3.275398424938435227e+01 1.712861288461525930e+02
3.056878641518131445e+01 1.659921426181110178e+02
2.852531509320461467e+01 1.608500028487898419e+02
2.661466798698381098e+01 1.558535010010200494e+02
2.482848173484394039e+01 1.509967992109483816e+02
2.315890066704859152e+01 1.462744088007629841e+02
2.159854728178681427e+01 1.416811700883743583e+02
2.014049435145481581e+01 1.372122333944708998e+02
1.877823918162885164e+01 1.328630484003738843e+02
1.750569147691437877e+01 1.286295067566446164e+02
1.631714555493268293e+01 1.245079028335917428e+02
1.520724296861201275e+01 1.204947402654988053e+02
1.417095201706606744e+01 1.165867122925209145e+02
1.320354900443526880e+01 1.127806909243006857e+02
1.230060048295916530e+01 1.090737166405430685e+02
1.145794643542656033e+01 1.054629885942294152e+02
1.067168360359860202e+01 1.019458775157386867e+02
9.938147572230828786e+00 9.852000863337239878e+01
9.253902133551925147e+00 9.518315883052729021e+01
8.615727133351709810e+00 9.193320627109058307e+01
8.020605496443048210e+00 8.876812415413326107e+01
7.465710984234445569e+00 8.568597478214127250e+01
6.948396647568684692e+00 8.268490389590965606e+01
6.466183934419110990e+00 7.976313585363212155e+01
6.016752144478212827e+00 7.691901054777861191e+01
5.597928674900427559e+00 7.415099878430225999e+01
5.207680426689460518e+00 7.145762510578897775e+01
4.844105239304826505e+00 6.883745706805009945e+01
4.505423778002197288e+00 6.628910206755175238e+01
4.189971899382514131e+00 6.381120432932357289e+01
3.896193468788389236e+00 6.140244205120387733e+01
3.622633583247516942e+00 5.906153252694088707e+01
3.367932048381274246e+00 5.678729578099322595e+01
3.130817552572779938e+00 5.457860691807886866e+01
2.910102177451204142e+00 5.243434713555434001e+01
2.704676110590528371e+00 5.035340242343568207e+01
2.513502678068976870e+00 4.833466291023118089e+01
2.335613679983746138e+00 4.637702229195741666e+01
2.170105011316832311e+00 4.447937738707557287e+01
2.016132460953602656e+00 4.264066675063784828e+01
1.872907731258779851e+00 4.085993121860561672e+01
1.739695084427434146e+00 3.913620771935632092e+01
