2.927167226900839523e+04 2.911612839637703291e+04
2.948061405545566595e+04 2.931961382714410502e+04
2.967375610345684618e+04 2.950721521478972500e+04
2.985020096807682785e+04 2.967804432157079646e+04
3.000906466917540820e+04 2.983122721246227229e+04
3.014945083571692521e+04 2.996587861909408821e+04
3.027043015378072232e+04 3.008108160223563391e+04
3.037109360560771529e+04 3.017594044697331265e+04
3.045055474885269359e+04 3.024958309814981476e+04
3.050790801574354191e+04 3.030112061801470554e+04
3.054226724979468418e+04 3.032968490905484214e+04
3.055279268566280371e+04 3.033445513945771745e+04
3.053866046604764779e+04 3.031462839110887580e+04
3.049905816616559969e+04 3.026941549487128941e+04
3.043323688215815127e+04 3.019809157020596831e+04
3.034051222169668108e+04 3.009999741663434907e+04
3.022024028061445279e+04 2.997451749443412336e+04
3.007185372015267785e+04 2.982111384092029766e+04
2.989487941153744760e+04 2.963934289363398057e+04
2.968894008787554048e+04 2.942885954622791905e+04
2.945376088282460842e+04 2.918942318703505953e+04
2.918917955626610274e+04 2.892090513862622902e+04
2.889517016810183122e+04 2.862331342716927611e+04
2.857188439346613450e+04 2.829683673912849190e+04
2.821960677160089108e+04 2.794179545139044421e+04
2.783875653300773411e+04 2.755864257027410349e+04
2.743001002316007362e+04 2.714808974970004056e+04
2.699424806509639166e+04 2.671105247259174939e+04
2.653246210362109923e+04 2.624855280483071328e+04
2.604588017130016306e+04 2.576184697025069909e+04
2.553610036019131439e+04 2.525256046641688954e+04
2.500481672637958764e+04 2.472240953353701843e+04
2.445382645670902275e+04 2.417320783928877790e+04
2.388539634781282439e+04 2.360723462773166466e+04
2.330197980923367504e+04 2.302695009793632926e+04
2.270598509318977449e+04 2.243476257650578918e+04
2.210012776941083212e+04 2.183337906869423023e+04
2.148756659887261048e+04 2.122594038395052121e+04
2.087131354039978760e+04 2.061543496440391391e+04
2.025430015184456352e+04 2.000476424265350579e+04
1.963990754528558682e+04 1.939726465265841398e+04
1.903142543745827425e+04 1.879617617160353620e+04
1.843182364311887432e+04 1.820441809253420433e+04
1.784429905356705058e+04 1.762511705022853130e+04
1.727226309766127815e+04 1.706159649159757100e+04
1.671870885548517981e+04 1.651676886339793782e+04
1.618610141977812600e+04 1.599302442542706922e+04
1.567614287299981152e+04 1.549198798480994810e+04
1.519016278918000535e+04 1.501491976640273606e+04
1.472929994669354892e+04 1.456289638399463183e+04
1.429521761435016015e+04 1.413747723279022284e+04
1.388989766441523352e+04 1.374051575872293870e+04
1.351503965537226577e+04 1.337360211990920834e+04
1.317006878278093791e+04 1.303612130000909929e+04
1.285087087569928735e+04 1.272401547402381038e+04
1.255335400614127684e+04 1.243325083039426318e+04
1.227391753470358344e+04 1.216028300098783075e+04
1.200949681626355232e+04 1.190210698857918032e+04
1.175724749163025626e+04 1.165593466459716910e+04
1.151342767892449410e+04 1.141813103661622335e+04
1.127349203798560848e+04 1.118430099741101913e+04
1.103290220007100470e+04 1.095006330473937669e+04
1.078602979758387482e+04 1.071003380030166045e+04
1.052732277594085281e+04 1.045890478976159284e+04
1.025140016447363450e+04 1.019157376917079455e+04
9.953256048173216186e+03 9.903318879531669154e+03
9.629681389856115857e+03 9.591147741778628188e+03
9.279794259459291425e+03 9.254323989866814372e+03
8.904661270531027185e+03 8.893952002197860566e+03
8.508113272817201505e+03 8.513786359403871757e+03
8.095565393989055337e+03 8.119053161464606092e+03
7.674463493747231041e+03 7.716898105847966690e+03
7.252692607673633574e+03 7.314837242368584157e+03
6.838414632853445255e+03 6.920617581741347749e+03
6.439886133263385091e+03 6.542026193487718956e+03
6.065034165761545410e+03 6.186513277808121529e+03
5.721639640851381046e+03 5.861279913192331151e+03
5.415870074130398280e+03 5.572050215831254718e+03
5.151385913702179096e+03 5.322071779627384785e+03
4.929397288825167379e+03 5.112324675510258203e+03
4.746455220637612911e+03 4.939394140248004987e+03
4.596594906974254627e+03 4.797542231380095473e+03
4.470547917934399266e+03 4.677989670505127833e+03
4.357775309686402579e+03 4.570830428127921550e+03
4.247067072252435537e+03 4.465584847085558067e+03
4.127710805492767577e+03 4.352306625070973496e+03
3.990990426295221823e+03 4.222948468864103233e+03
3.831373177276966544e+03 4.072455887415118923e+03
3.647993070379963683e+03 3.900144564235370581e+03
3.444349682888992447e+03 3.709372454959795959e+03
3.227757915468673218e+03 3.507009124471775067e+03
3.008572061694645527e+03 3.302686166377946392e+03
2.799259214725672336e+03 3.107876430797593457e+03
2.611854838844484220e+03 2.933536275754316193e+03
2.454561376366153581e+03 2.787023415897249834e+03
2.329227804559070137e+03 2.669832978592387917e+03
2.231603085432313492e+03 2.577916463271522844e+03
2.153891146958912486e+03 2.504068167533454471e+03
2.086259060160467470e+03 2.439308759328955148e+03
2.017211196870049434e+03 2.373228756269059886e+03
1.936267514410425974e+03 2.296410509272130184e+03
1.838792613110134198e+03 2.204772998821760211e+03
1.727881799582877420e+03 2.101222342029694573e+03
1.611251414923265429e+03 1.992783639557442939e+03
1.498555182437505437e+03 1.888121814558884580e+03
1.398932741372199644e+03 1.795312829492806031e+03
1.317622483831756199e+03 1.718864423661293358e+03
1.253766400598669861e+03 1.657866518286234623e+03
1.201594174919870056e+03 1.607130519843708953e+03
1.152524387189934941e+03 1.559088202142043883e+03
1.098611241061685405e+03 1.506820389361892921e+03
1.037126863630856860e+03 1.448027624968638293e+03
9.709809999100946243e+02 1.385324003564852092e+03
9.058818021569145458e+02 1.323687326046928092e+03
8.479195160100325666e+02 1.268318177284966623e+03
7.998878762084090113e+02 1.221507386433618194e+03
7.596195420399451450e+02 1.181317834836131169e+03
7.224174431005683346e+02 1.143731204406407642e+03
6.838987220262500841e+02 1.105074015106535171e+03
6.428202396015007025e+02 1.064356985015381724e+03
6.017096487959070146e+02 1.023723360882538600e+03
5.638963671896523238e+02 9.859142205869468398e+02
5.309558945976530140e+02 9.521688246048659039e+02
5.018199578158803433e+02 9.215634277870008191e+02
4.739216694797519835e+02 8.920049339544742679e+02
4.457492029055775333e+02 8.622973242246271184e+02
4.179446893037211908e+02 8.329713667959318855e+02
3.920211999620930214e+02 8.052142444494832034e+02
3.686794636524693942e+02 7.795431100423455746e+02
3.471590975102712946e+02 7.553433374152004944e+02
3.264092890712331041e+02 7.318048781534516820e+02
3.062261240712020367e+02 7.087790840875090908e+02
2.872073023310147732e+02 6.867102028285162305e+02
2.696781833211077810e+02 6.658227522902976716e+02
2.533200573383023197e+02 6.458686987371271471e+02
2.377076584629350009e+02 6.265361171314094690e+02
2.228604083933674076e+02 6.078362965399541054e+02
2.089790449716046794e+02 5.899017749386805463e+02
1.960142178348932589e+02 5.726878411545758354e+02
1.837702795344198705e+02 5.560545847248051814e+02
1.721980557142047701e+02 5.399642783666338346e+02
1.613457403283563849e+02 5.244416859717551915e+02
1.511693316403529366e+02 5.094515812538544424e+02
1.415962259070574305e+02 4.949414229291474498e+02
1.325985068793312394e+02 4.808887367630049425e+02
1.241450089720089807e+02 4.672689623226483491e+02
1.162054622596610614e+02 4.540587106557068751e+02
1.087510458829419377e+02 4.412361203989893852e+02
1.017543388358424181e+02 4.287807632452211237e+02
9.518927063299089752e+01 4.166735565254742255e+02
8.903107205989461193e+01 4.048966822792024232e+02
8.325615505639869696e+01 3.934335809346836186e+02
7.784185779163568952e+01 3.822691022623733943e+02
7.276669002260733521e+01 3.713891905135438947e+02
6.801036818910446868e+01 3.607807372765172431e+02
6.355375284854451223e+01 3.504315281510003501e+02
5.937878899589723858e+01 3.403301928584987763e+02
5.546844916309702711e+01 3.304661584763578048e+02
5.180668065528018928e+01 3.208296270149694465e+02
4.837838505280890899e+01 3.114120139890184191e+02
4.516935896503157011e+01 3.022058482925317549e+02
4.216620993343096302e+01 2.932041988126906631e+02
3.935631280393147335e+01 2.844006210340991174e+02
3.672776971352782027e+01 2.757891300063178619e+02
3.426937186213149289e+01 2.673641745193183965e+02
3.197056301294947644e+01 2.591206123867171982e+02
2.982140022717964101e+01 2.510538112185640500e+02
2.781251046285872519e+01 2.431599464242303270e+02
2.593507529432978487e+01 2.354355672907046255e+02
2.418080436897720986e+01 2.278774594807769347e+02
2.254190578687382285e+01 2.204826291670748901e+02
2.101105799289320331e+01 2.132482876868429855e+02
1.958138311496816897e+01 2.061718366926605484e+02
1.824642170601615732e+01 1.992508702378280248e+02
1.700010914422174224e+01 1.924834468115992365e+02
1.583675276492519224e+01 1.858679941777550937e+02
1.475100997729083652e+01 1.794030063723809008e+02
1.373786792926883393e+01 1.730870252274434336e+02
1.279262427486891696e+01 1.669186326857298184e+02
1.191086897799335453e+01 1.608964434346573000e+02
1.108846710317842010e+01 1.550190978968055617e+02
1.032154190817784389e+01 1.492853990297799953e+02
9.606458331177927690e+00 1.436945950446404083e+02
8.939810555566186423e+00 1.382459412692527962e+02
8.318408649703025404e+00 1.329385967936255497e+02
7.739265495737785550e+00 1.277716256721928261e+02
7.199584463112917554e+00 1.227439983513858124e+02
6.696747787820451769e+00 1.178545933164461417e+02
6.228305595556367535e+00 1.131022233435181903e+02
5.791965258237793179e+00 1.084859719543505889e+02
5.385581868297295571e+00 1.040050473342677009e+02
5.007149395747303444e+00 9.965847674442753146e+01
4.654792052282906489e+00 9.544510897264591165e+01
4.326756157847659878e+00 9.136362517899181057e+01
4.021402490241507977e+00 8.741254968485171162e+01
3.737199090797036050e+00 8.359026077448319825e+01
3.472714365208474430e+00 7.989508679909681632e+01
3.226610543376700058e+00 7.632544740570081387e+01
2.997638100652433302e+00 7.287963041538040443e+01
2.784630198229266274e+00 6.955576083813640764e+01
