1.581487715136520274e+04 1.570026118132667034e+04
1.603357148045938629e+04 1.591409664972127575e+04
1.624797283290163796e+04 1.612349845561786788e+04
1.645761194708428593e+04 1.632799816196022948e+04
1.666199431622381962e+04 1.652710404579095484e+04
1.686061558357321701e+04 1.672031534411394023e+04
1.705296248668117551e+04 1.690712305240926798e+04
1.723849574605227463e+04 1.708699290331522570e+04
1.741666155164349766e+04 1.725937686639379535e+04
1.758690293979378112e+04 1.742372452885165694e+04
1.774864850139639748e+04 1.757947218683408937e+04
1.790130631981554689e+04 1.772603704124937940e+04
1.804428487475240036e+04 1.786283762426486646e+04
1.817699289468293864e+04 1.798929373539831431e+04
1.829882166398663321e+04 1.810480933257735160e+04
1.840916323033789376e+04 1.820879032577335238e+04
1.850742123107546286e+04 1.830065518157732004e+04
1.859300027733394018e+04 1.837982485767419348e+04
1.866530699904182984e+04 1.844572393070775797e+04
1.872376858247228301e+04 1.849779848056759874e+04
1.876783399422453294e+04 1.853551747445942237e+04
1.879696832510202148e+04 1.855836777156976314e+04
1.881066591626145600e+04 1.856586645719505759e+04
1.880845760662632529e+04 1.855756780724115742e+04
1.878992158972521793e+04 1.853307470086451576e+04
1.875468576587545977e+04 1.849204071557549833e+04
1.870242517821532238e+04 1.843416684945511952e+04
1.863288067630782461e+04 1.835922026221800115e+04
1.854588824096781536e+04 1.826706381738509663e+04
1.844134589874913581e+04 1.815762221199382111e+04
1.831921684538845147e+04 1.803088481611855605e+04
1.817960908118957377e+04 1.788698521988680659e+04
1.802273938899904897e+04 1.772616482826329957e+04
1.784888134730802631e+04 1.754872055825604184e+04
1.765844080366800335e+04 1.735507990861553480e+04
1.745202240796553087e+04 1.714586696015008420e+04
1.723028875272973164e+04 1.692176160495254589e+04
1.699397566641219601e+04 1.668351453181824036e+04
1.674410626769570081e+04 1.643215964675477517e+04
1.648182461318975402e+04 1.616884834361242611e+04
1.620827654352707941e+04 1.589473101782722006e+04
1.592475303152512970e+04 1.561109994812751574e+04
1.563273158773359683e+04 1.531943033060797825e+04
1.533365741045809045e+04 1.502116207280303024e+04
1.502903640487989105e+04 1.471779178100865283e+04
1.472086655113198140e+04 1.441129919823856289e+04
1.441119363919655007e+04 1.410370748931135313e+04
1.410190706902694001e+04 1.379688195152210210e+04
1.379436933550904723e+04 1.349217168020758254e+04
1.348944909231962811e+04 1.319044258300614820e+04
1.318792971268482870e+04 1.289247372367960816e+04
1.289099735817434157e+04 1.259943679570776112e+04
1.260131215290778528e+04 1.231394798000927585e+04
1.232162512155425975e+04 1.203870914994537452e+04
1.205431328204841702e+04 1.177605326809492726e+04
1.179983501605659512e+04 1.152644150235962661e+04
1.155734312431515173e+04 1.128906210755219581e+04
1.132601181548346358e+04 1.106312354263439920e+04
1.110477101537108865e+04 1.084759877690476969e+04
1.089214037366059165e+04 1.064106515742633019e+04
1.068669360567936383e+04 1.044215154704534325e+04
1.048681682654198266e+04 1.024930362455535942e+04
1.029053204499670937e+04 1.006061199214003318e+04
1.009593939587742716e+04 9.874239080053315774e+03
9.900939438211362358e+03 9.688146317375470971e+03
9.703289269086990316e+03 9.500146968160457618e+03
9.500762026118280119e+03 9.308058496509358520e+03
9.290620135767996544e+03 9.109180280890877839e+03
9.070224734635634377e+03 8.900890749906884594e+03
8.837236654978174556e+03 8.680842567632556893e+03
8.589675618682582353e+03 8.447019403445105127e+03
8.326626205447528264e+03 8.198440194528853681e+03
8.048495293580102043e+03 7.935420333342954109e+03
7.756935741661159227e+03 7.659503624017816037e+03
7.455440581273044700e+03 7.374069648455074457e+03
7.148200491159863304e+03 7.083199350732199491e+03
6.840283254562320508e+03 6.791867288335028206e+03
6.536715600051774345e+03 6.505021203957547186e+03
6.242400333290050185e+03 6.227505056688196419e+03
5.961877880056918912e+03 5.963814939419343318e+03
5.699203551182408773e+03 5.717984274046199971e+03
5.457904767185840683e+03 5.493524657617636876e+03
5.240591287698651286e+03 5.293075133582420676e+03
5.047957100687825005e+03 5.117376730377349304e+03
4.879189123398341508e+03 4.965695958386470011e+03
4.730382844688210753e+03 4.834215588517321521e+03
4.596198169166986190e+03 4.717651947729694257e+03
4.469560156032657687e+03 4.608918057328776740e+03
4.343436939072873429e+03 4.500871596666179357e+03
4.211359443597480094e+03 4.386829202843132407e+03
4.068490291928149873e+03 4.261675479337039178e+03
3.912178411844066432e+03 4.122476122594201115e+03
3.742423500595170481e+03 3.969017692561911645e+03
3.562247037082058341e+03 3.804258436659686595e+03
3.376807549354248295e+03 3.633429970689189759e+03
3.192557899028434349e+03 3.463172221491069195e+03
3.016337924370986912e+03 3.300562515189160422e+03
2.854695459879530972e+03 3.152385421693999433e+03
2.712652953352143413e+03 3.023865197395452469e+03
2.592009867222556295e+03 2.916923839628497262e+03
2.490107640791892663e+03 2.828889301503070783e+03
2.400623443059505462e+03 2.753271442456666136e+03
2.316250280755492895e+03 2.682475678294677436e+03
2.230567121582864729e+03 2.609721978720360312e+03
2.138461949114093841e+03 2.529514345327559113e+03
2.037268903620149104e+03 2.438913226281636526e+03
1.928780517212856921e+03 2.339755202564507272e+03
1.818921473043478272e+03 2.238335283335387430e+03
1.714389675627315683e+03 2.141790290918309438e+03
1.620038043281013643e+03 2.055276478569408027e+03
1.538238061226111540e+03 1.981305358093312861e+03
1.468130222587602930e+03 1.918979852966994940e+03
1.405379692129505429e+03 1.863734447783708220e+03
1.344532728901650898e+03 1.809794629672164319e+03
1.281354367821849564e+03 1.752654562212168230e+03
1.214364209063365934e+03 1.690748797995642008e+03
1.145931000364100100e+03 1.626637333516873468e+03
1.080327684115082548e+03 1.564895234159214624e+03
1.020637588702190328e+03 1.508789503928445129e+03
9.678958748849062204e+02 1.459392382410718255e+03
9.205523363869947389e+02 1.415059399928784160e+03
8.753088407564433737e+02 1.372338583864903967e+03
8.298489519522956925e+02 1.328837316469154302e+03
7.839588273331994515e+02 1.284382272223027485e+03
7.392587573164121295e+02 1.240700955121671313e+03
6.978234077872530179e+02 1.199944870798457032e+03
6.601619533326177134e+02 1.162618669126615032e+03
6.252318875771373996e+02 1.127649245618817986e+03
5.915948126568871430e+02 1.093595794949121682e+03
5.585572036016186530e+02 1.059797763643241979e+03
5.266631679085048745e+02 1.026829477336724949e+03
4.967842739871180697e+02 9.955576648759916907e+02
4.690516022589922613e+02 9.661011875194661798e+02
4.429169274508765852e+02 9.379295988666923449e+02
4.178136318236462330e+02 9.105183762750314145e+02
3.937532707056700474e+02 8.838971306882081080e+02
3.710385666522175825e+02 8.583528280009095397e+02
3.497453426734744539e+02 8.339507441115176789e+02
3.296171381774699967e+02 8.104605737475925480e+02
3.104534512323217541e+02 7.877124268129846314e+02
2.922795895496333856e+02 7.657332408719094019e+02
2.751578328071454962e+02 7.445741744115412075e+02
2.590061440655734941e+02 7.241644971203014620e+02
2.437103822252151701e+02 7.044117997646245612e+02
2.292433842920279687e+02 6.852940158187078623e+02
2.156008259904107263e+02 6.668042544775253191e+02
2.027271863869140702e+02 6.488970113425367572e+02
1.905710426019960835e+02 6.315311133628226798e+02
1.791003731885032551e+02 6.146801684007065205e+02
1.682837257328409635e+02 5.983176455069572057e+02
1.580863094000592639e+02 5.824142432714847928e+02
1.484749339567053426e+02 5.669425665544216599e+02
1.394180428847257929e+02 5.518771092521469654e+02
1.308856420053476484e+02 5.371941427772172801e+02
1.228492306742053017e+02 5.228716133949278628e+02
1.152817366621069368e+02 5.088890430570909871e+02
1.081575610762799897e+02 4.952270079320733771e+02
1.014525694963158315e+02 4.818667584043462284e+02
9.514381867311728058e+01 4.687909300733032296e+02
8.920948637507063950e+01 4.559835582945169108e+02
8.362882688835175315e+01 4.434300066235412601e+02
7.838212749750066166e+01 4.311169000838369811e+02
7.345066599077848934e+01 4.190320626847889685e+02
6.881665738420990408e+01 4.071644857096212604e+02
6.446316875063106977e+01 3.955043833599835921e+02
6.037413564386029208e+01 3.840430283930909923e+02
5.653434475261091308e+01 3.727726512806228811e+02
5.292939384954025428e+01 3.616863927970402983e+02
4.954565324840765328e+01 3.507782582546901153e+02
4.637022875398039901e+01 3.400430730582605747e+02
4.339092606469893809e+01 3.294765006589950644e+02
4.059621648968623475e+01 3.190761033001230089e+02
3.797520422371898974e+01 3.088410168818442116e+02
3.551759505249797400e+01 2.987707778485573158e+02
3.321366624301759884e+01 2.888652515568765580e+02
3.105423770943805195e+01 2.791246030144285442e+02
2.903064442152666302e+01 2.695492677447995220e+02
2.713471001111628667e+01 2.601399255619633095e+02
2.535871944488983232e+01 2.508983912618045906e+02
2.369539274120412387e+01 2.418287172800631595e+02
2.213786733395973982e+01 2.329349803629526718e+02
2.067967670980861072e+01 2.242209100864724007e+02
1.931472920108135582e+01 2.156898865348431684e+02
1.803728779303609286e+01 2.073449390080307637e+02
1.684195090571728315e+01 1.991887457520011537e+02
1.572363389163684566e+01 1.912238451071121403e+02
1.467755039906902326e+01 1.834538974722549369e+02
1.369919713289622543e+01 1.758825883592852222e+02
1.278433889645971711e+01 1.685128928105832813e+02
1.192899359400026249e+01 1.613471026695482067e+02
1.112941799743828675e+01 1.543868585675199938e+02
1.038209424721475393e+01 1.476331827803652743e+02
9.683717026195537869e+00 1.410865224315225817e+02
9.031180606531277633e+00 1.347470774122146508e+02
8.421567484971948403e+00 1.286148244331273531e+02
7.852138634054507627e+00 1.226891602840676825e+02
7.320323191038965227e+00 1.169689225241282600e+02
6.823708639254276065e+00 1.114524335550705842e+02
6.360031524930787938e+00 1.061375439258563489e+02
5.927168683047811193e+00 1.010216746669588730e+02
