2.042183844728083932e+04 2.029661267930708709e+04
2.064762236784144625e+04 2.051733384329319597e+04
2.086479550254129936e+04 2.072931310231802854e+04
2.107269026377480623e+04 2.093188450418729553e+04
2.127060772125932999e+04 2.112435286174137218e+04
2.145783860174771326e+04 2.130601388982891876e+04
2.163367438311153455e+04 2.147616486613240340e+04
2.179738248935408046e+04 2.163407981924475098e+04
2.194820587106506355e+04 2.177900916331011467e+04
2.208539543164302449e+04 2.191021221186260300e+04
2.220820525365976937e+04 2.202695258702285355e+04
2.231586943321577201e+04 2.212847551062981438e+04
2.240763390246897325e+04 2.221403923964170099e+04
2.248276707541765427e+04 2.228292563301631526e+04
2.254053378681373215e+04 2.233441469143174254e+04
2.258020663960586171e+04 2.236779580294599145e+04
2.260109598471707795e+04 2.238239723060405595e+04
2.260254634404979515e+04 2.237758292113352218e+04
2.258392692791391892e+04 2.235274366560565977e+04
2.254465755528406953e+04 2.230732203182895682e+04
2.248421778769071170e+04 2.224082137863391108e+04
2.240215109481626132e+04 2.215281115482734822e+04
2.229807058374822373e+04 2.204293188643507528e+04
2.217166488464086797e+04 2.191090014034412889e+04
2.202272444007691229e+04 2.175653553558756539e+04
2.185116251917651243e+04 2.157978222804930556e+04
2.165698221754080805e+04 2.138067414751650358e+04
2.144029231051425450e+04 2.115935070109092703e+04
2.120140418031582522e+04 2.091615480141508306e+04
2.094075978775746262e+04 2.065155935548351044e+04
2.065888762145760847e+04 2.036612224277213681e+04
2.035653474104425550e+04 2.006061862656704398e+04
2.003469504125296589e+04 1.973606882653389766e+04
1.969442904226395331e+04 1.939355698867840692e+04
1.933692294011060949e+04 1.903428966786588717e+04
1.896374099667530390e+04 1.865984706475716303e+04
1.857654350218723994e+04 1.827190124582252611e+04
1.817699294639853179e+04 1.787212236167527954e+04
1.776708579444987481e+04 1.746250679725898954e+04
1.734908241427068060e+04 1.704530721959470975e+04
1.692514575953811800e+04 1.662267492109145678e+04
1.649747900574455707e+04 1.619679526773872567e+04
1.606862967025176476e+04 1.577018660309991174e+04
1.564103851007821686e+04 1.534525659645975793e+04
1.521697792835128894e+04 1.492424158805781917e+04
1.479902341833359060e+04 1.450966373763970114e+04
1.438982896441720914e+04 1.410411352084374630e+04
1.399176218815460743e+04 1.370989699248542092e+04
1.360674510814241148e+04 1.332887898287764438e+04
1.323610008766208375e+04 1.296233145859226352e+04
1.288092695165736041e+04 1.261130741310707708e+04
1.254226851119133789e+04 1.227680088954115308e+04
1.222178660409486838e+04 1.196038806864771686e+04
1.192130924664391750e+04 1.166379863407424091e+04
1.164237954727003307e+04 1.138848763796045750e+04
1.138411788672896910e+04 1.113356853879814844e+04
1.114330874841652439e+04 1.089589940492938331e+04
1.091688984869476553e+04 1.067249125281534907e+04
1.070220150773694877e+04 1.046075736746023540e+04
1.049696102599433652e+04 1.025848801034709868e+04
1.029896356693109374e+04 1.006355259598363773e+04
1.010515052165150337e+04 9.873018372486854787e+03
9.912078248739186165e+03 9.683592862908353709e+03
9.716156327029460954e+03 9.491854438360562199e+03
9.513004660690225137e+03 9.293654447292916302e+03
9.298418473391839143e+03 9.085014441059936871e+03
9.068218769556429834e+03 8.862011199179511095e+03
8.818615756076405887e+03 8.621096392098999786e+03
8.547456358168177758e+03 8.360293546046972551e+03
8.254186083914479241e+03 8.079152247066373093e+03
7.940125369509052689e+03 7.778994465432987454e+03
7.608581092547891785e+03 7.463024962911629700e+03
7.264391862503409357e+03 7.135874681130355384e+03
6.913765330384216213e+03 6.803456148231445695e+03
6.563335876757863844e+03 6.472047314970296611e+03
6.219781228698076120e+03 6.147943808191082098e+03
5.889876775292237653e+03 5.837492674802291731e+03
5.580011786286250754e+03 5.546649529666562557e+03
5.296398431741168679e+03 5.281136234572843932e+03
5.043759568579077495e+03 5.045295146852156904e+03
4.824905988562601124e+03 4.841603126316318594e+03
4.640204029419188373e+03 4.670285412391767750e+03
4.486440615589656772e+03 4.528209514351735379e+03
4.357901592730257107e+03 4.409953534196216424e+03
4.246479205363531037e+03 4.307889132270358459e+03
4.142936887751098766e+03 4.213380096696711007e+03
4.037893201743395821e+03 4.117667533179375823e+03
3.922685714359461144e+03 4.012680213603554876e+03
3.790772251424914430e+03 3.892328628827368448e+03
3.638585166015189770e+03 3.753293669450376001e+03
3.466599747437182941e+03 3.596044617628288051e+03
3.279021767007315248e+03 3.424532486848909684e+03
3.082993109904437461e+03 3.245431706040309564e+03
2.887768240330533445e+03 3.067352202886924715e+03
2.703876681057792212e+03 2.900013923681243341e+03
2.541039444657308195e+03 2.752293974764419545e+03
2.405182065372894613e+03 2.629518921765173673e+03
2.296539286798859393e+03 2.531774449137989905e+03
2.210141110800746901e+03 2.454405870679815507e+03
2.138182492788660966e+03 2.390215582435742363e+03
2.071640217028832012e+03 2.330924020383160951e+03
2.000818832851602110e+03 2.267645640967998133e+03
1.917746160400556391e+03 2.193080490414872202e+03
1.820178009369558822e+03 2.105203763810962755e+03
1.712541679436047161e+03 2.008124237845799371e+03
1.602819434432653679e+03 1.909183325906314167e+03
1.499504098199536656e+03 1.816110899573122651e+03
1.409683494992445048e+03 1.735260316581427332e+03
1.336537733253575198e+03 1.669392969478953546e+03
1.277700231288135228e+03 1.616282911721905293e+03
1.226933096907390336e+03 1.570279010837156420e+03
1.176496285003740013e+03 1.524432454277300394e+03
1.120349247840431872e+03 1.473356817766083395e+03
1.057753876504040818e+03 1.416446530693414843e+03
9.926811264563689292e+02 1.357301090608058530e+03
9.306109306093933355e+02 1.300804227285478419e+03
8.762997937552229359e+02 1.251107962326713505e+03
8.309117158096233879e+02 1.209153558497716631e+03
7.913426462182161458e+02 1.172167306529042435e+03
7.531225805346160769e+02 1.136242080780393053e+03
7.130434682208639288e+02 1.098622203496633574e+03
6.711685937520957168e+02 1.059410478100665387e+03
6.304503107474334911e+02 1.021168233429149495e+03
5.936114761024175550e+02 9.861964202742518637e+02
5.612382430193579239e+02 9.549421849874795498e+02
5.316975293007579921e+02 9.259970128279522896e+02
5.027180091746391781e+02 8.974649749427954930e+02
4.735675094932391289e+02 8.687638520600459060e+02
4.453286557282170293e+02 8.407999176506002641e+02
4.192807414731170752e+02 8.146029108320942669e+02
3.955915130668994379e+02 7.902802100840019648e+02
3.733021443374722708e+02 7.670506782528754002e+02
3.516359069454908877e+02 7.443050833587656143e+02
3.307323800776349003e+02 7.221602467429796661e+02
3.111656289342736272e+02 7.010531140310232558e+02
2.930169548272103839e+02 6.810302149995737864e+02
2.758757730715082630e+02 6.617737893355327969e+02
2.594655053575704642e+02 6.430785979534755370e+02
2.439167506876594587e+02 6.250378080300616830e+02
2.293605264874948944e+02 6.077368575422228787e+02
2.156678898088577228e+02 5.910764755936496613e+02
2.026823730116789477e+02 5.749439698935466367e+02
1.904111112038681028e+02 5.593400063864122558e+02
1.788782290885408770e+02 5.442738623616581890e+02
1.680169805008166293e+02 5.296959876724772585e+02
1.577733131537214035e+02 5.155666163924074681e+02
1.481195782579933962e+02 5.018634236658327836e+02
1.390250424279635411e+02 4.885619733719138367e+02
1.304602865270787504e+02 4.756394181936237260e+02
1.223971811607589331e+02 4.630744092244624994e+02
1.148088519754696506e+02 4.508470058493992951e+02
1.076696439228587678e+02 4.389385926092527370e+02
1.009550774871594427e+02 4.273317993774185766e+02
9.464158526426417950e+01 4.160103309941433736e+02
8.870649650710696221e+01 4.049588918058313993e+02
8.312831501635716336e+01 3.941632530874130680e+02
7.788668265487008568e+01 3.836102032443285452e+02
7.296232478084534989e+01 3.732874938053294613e+02
6.833699791648288624e+01 3.631837890614559683e+02
6.399343958591484238e+01 3.532886189866861741e+02
5.991533254203785219e+01 3.435924559029851935e+02
5.608729484054720160e+01 3.340870649974878575e+02
5.249478505015568430e+01 3.247650240773352266e+02
4.912404561037554629e+01 3.156195305736942487e+02
4.596206524246931480e+01 3.066443701847926491e+02
4.299654281650038712e+01 2.978338868973207809e+02
4.021585264350864009e+01 2.891829542224645024e+02
3.760901048999967600e+01 2.806869644833489019e+02
3.516562835598593040e+01 2.723421536156784555e+02
3.287588857754703753e+01 2.641455151206162668e+02
3.073052980061831008e+01 2.560943933198807372e+02
2.872081848395420067e+01 2.481864462402235461e+02
2.683852107726903213e+01 2.404196254445459715e+02
2.507587750200671195e+01 2.327921562504087660e+02
2.342557588551066061e+01 2.253025183235492648e+02
2.188072856738883232e+01 2.179496454025909316e+02
2.043484932947077581e+01 2.107333934045526576e+02
1.908183137695868936e+01 2.036538438103886222e+02
1.781592657066353524e+01 1.967111165094638352e+02
1.663172573852796887e+01 1.899053589555762755e+02
1.552413996613995373e+01 1.832367356055262633e+02
1.448838282497926144e+01 1.767054176590906991e+02
1.351995336207833276e+01 1.703116224460064245e+02
1.261461827605311825e+01 1.640562877986141359e+02
1.176839776841183038e+01 1.579407759877985882e+02
1.097755285940630365e+01 1.519662372690548864e+02
1.023857163043297192e+01 1.461335960863047490e+02
9.548156151595497576e+00 1.404435549704211041e+02
8.903210108661754774e+00 1.348965988905256950e+02
8.300827095436808634e+00 1.294930004442197173e+02
7.738279286661993162e+00 1.242330686783172240e+02
7.213006649531059189e+00 1.191175034999820781e+02
6.722607749473186622e+00 1.141467671532634114e+02
6.264830485307482988e+00 1.093209821646498909e+02
5.837563215129827121e+00 1.046399495721071560e+02
5.438826378659334715e+00 1.001031672853392109e+02
5.066764590539441393e+00 9.570984848711212578e+01
4.719639138586706473e+00 9.145895826639417692e+01
4.395820562232243489e+00 8.734940733062579454e+01
4.093782315764009638e+00 8.337995620439406252e+01
