2.229038370610962374e+04 2.207667245241898854e+04
2.259091605929869911e+04 2.236860140611435781e+04
2.288614386698729140e+04 2.265502275925328649e+04
2.317547668171563419e+04 2.293535206620375902e+04
2.345829144318699400e+04 2.320897683396063076e+04
2.373394295853302901e+04 2.347526551827236108e+04
2.400177633378581231e+04 2.373357812062407902e+04
2.426111348525173162e+04 2.398325343333602359e+04
2.451124410683278984e+04 2.422360055828992699e+04
2.475144996194427222e+04 2.445392212014709730e+04
2.498100427910067447e+04 2.467351400949309391e+04
2.519914950859623423e+04 2.488164542077476654e+04
2.540511801593027485e+04 2.507757783733297765e+04
2.559814436972636759e+04 2.526057637777399214e+04
2.577744753814785145e+04 2.542989393133387784e+04
2.594223077028041007e+04 2.558477128987532706e+04
2.609170750730086729e+04 2.572446077213191165e+04
2.622509915400042155e+04 2.584822466364049978e+04
2.634161945372160699e+04 2.595532198827643151e+04
2.644049851146386573e+04 2.604502972922213667e+04
2.652099214422620571e+04 2.611665134397935981e+04
2.658237316526916402e+04 2.616951044335042025e+04
2.662393898842204726e+04 2.620295748914532305e+04
2.664502668367507067e+04 2.621638241951914461e+04
2.664502198168277391e+04 2.620922444295461537e+04
2.662336961130103373e+04 2.618098367827664697e+04
2.657956940332188606e+04 2.613121437620300276e+04
2.651318431799609243e+04 2.605953231146100734e+04
2.642388457795999057e+04 2.596566014725747664e+04
2.631142908526337851e+04 2.584940742808315554e+04
2.617564596698518289e+04 2.571064968547431272e+04
2.601649496129920590e+04 2.554939083692271015e+04
2.583410471861457336e+04 2.536580027028262703e+04
2.562868289885655395e+04 2.516012179028482205e+04
2.540054188872361192e+04 2.493269890745087832e+04
2.515025228748718291e+04 2.468412796702397463e+04
2.487850944629190053e+04 2.441512434323855632e+04
2.458607098869797846e+04 2.412645979066547807e+04
2.427395835275894569e+04 2.381916452003724771e+04
2.394345965839020937e+04 2.349452999847313185e+04
2.359589099453454037e+04 2.315386954041390345e+04
2.323266665407214896e+04 2.279858993983594337e+04
2.285551386395596637e+04 2.243040963168801682e+04
2.246619724854752712e+04 2.205107974057071260e+04
2.206647238845336324e+04 2.166233782850984790e+04
2.165855795547892558e+04 2.126639137280465729e+04
2.124495421988028465e+04 2.086573348987973441e+04
2.082803155670168417e+04 2.046272346358378854e+04
2.040982541469032367e+04 2.005939040885895156e+04
1.999179960002435109e+04 1.965720686124410713e+04
1.957526054205682158e+04 1.925748586967443771e+04
1.916159135204926497e+04 1.886161791704692223e+04
1.875347699191544598e+04 1.847233493766490574e+04
1.835408299377122603e+04 1.809286962168139871e+04
1.796629292989339592e+04 1.772617390689636522e+04
1.759179122237784031e+04 1.737401917005078212e+04
1.723064069428039147e+04 1.703657822689658133e+04
1.688275336977065308e+04 1.671386999367818134e+04
1.654771976004066892e+04 1.640558546330973331e+04
1.622402031323604388e+04 1.611029089860892600e+04
1.590998267718266652e+04 1.582638657173424144e+04
1.560385628307495062e+04 1.555217174832987985e+04
1.530329160741945270e+04 1.528529244055010713e+04
1.500593909486137454e+04 1.502336524204120360e+04
1.470940472853828032e+04 1.476390878970028825e+04
1.441105853232056143e+04 1.450411968531245839e+04
1.410839328876313448e+04 1.424127317916571519e+04
1.379853173937486645e+04 1.397214412649000224e+04
1.347852989286845150e+04 1.369334627322478627e+04
1.314560753830404065e+04 1.340156604890953713e+04
1.279706752034391138e+04 1.309344605075760046e+04
1.243094869876008852e+04 1.276635228831683162e+04
1.204672212901726380e+04 1.241912341702972299e+04
1.164491825780797262e+04 1.205174533208901812e+04
1.122847091298383020e+04 1.166689713662908434e+04
1.080136456318199089e+04 1.126850236383215451e+04
1.036941986788561553e+04 1.086268736238339443e+04
9.938786555761194904e+03 1.045609265894947566e+04
9.515983017540551373e+03 1.005595441299203594e+04
9.107032749267131294e+03 9.669098819056909633e+03
8.717394869637104421e+03 9.301862098545956542e+03
8.351783187044429724e+03 8.959865237677178811e+03
8.014075750229062578e+03 8.647903467005960920e+03
7.706516343120633792e+03 8.369005761203881775e+03
7.429934133392359399e+03 8.124658148520939903e+03
7.181891663200322000e+03 7.912555190652695273e+03
6.957900602610344322e+03 7.727906727062597383e+03
6.750347824251414750e+03 7.561979938356938874e+03
6.550754325540152422e+03 7.404653270671989048e+03
6.350275562605312189e+03 7.244915516691153243e+03
6.141548887493342590e+03 7.073152630091602987e+03
5.919312874471272153e+03 6.882048577284728708e+03
5.681347716124619183e+03 6.667981330933576828e+03
5.428933969579897166e+03 6.431865438281286515e+03
5.166568883436861142e+03 6.178968331490125820e+03
4.901416471545174318e+03 5.918320119295090080e+03
4.641824974866251068e+03 5.660772427369485740e+03
4.396022831779241642e+03 5.417223567935983738e+03
4.171174217893824789e+03 5.197334063509856605e+03
3.972218269410608627e+03 5.007981407635394135e+03
3.800068769951901686e+03 4.850846541568840621e+03
3.650262356798930796e+03 4.720504260848224476e+03
3.514215015365473846e+03 4.605836647468455340e+03
3.382505103116475311e+03 4.494216937425176184e+03
3.247536550459212322e+03 4.375107843674267315e+03
3.104345668389196362e+03 4.241348148864304676e+03
2.951401614542781772e+03 4.090519665481308039e+03
2.792231429368481258e+03 3.927432244232090397e+03
2.634782590886212802e+03 3.763283097709130288e+03
2.487306081171381265e+03 3.609774184007269469e+03
2.354904916018282620e+03 3.474188179173522258e+03
2.238943890483812538e+03 3.358576473159442230e+03
2.136858458272859934e+03 3.259511820867256574e+03
2.042540421760128538e+03 3.168566964267606636e+03
1.949271956028979048e+03 3.076359356926026521e+03
1.852856843214069841e+03 2.977012681913352935e+03
1.752937441701758644e+03 2.870135891951245412e+03
1.653375488892721023e+03 2.761360194241255613e+03
1.559658516446195108e+03 2.658541557386212844e+03
1.474905085086819781e+03 2.566083988091966603e+03
1.399105915333430858e+03 2.483969061881761718e+03
1.329443412942873238e+03 2.408313849583688352e+03
1.261758736018406580e+03 2.333470839907921345e+03
1.193844256554714093e+03 2.256569028452379371e+03
1.126407109167162616e+03 2.178765048964832658e+03
1.061889015019655062e+03 2.103494524748167350e+03
1.002487491874718671e+03 2.033718356911097317e+03
9.481103074652045279e+02 1.969284817823104504e+03
8.969566529624564737e+02 1.907859398470910719e+03
8.473610524719688328e+02 1.847390946180110177e+03
7.989739545569500478e+02 1.787569947132243669e+03
7.528017349517555203e+02 1.729746059322947076e+03
7.097662805601466971e+02 1.675062895376517417e+03
6.696465150562062263e+02 1.623241239670558798e+03
6.315767159555980470e+02 1.573285855595816656e+03
5.950145605514416047e+02 1.524636545300763601e+03
5.601858486807187774e+02 1.477598854670363608e+03
5.274416184802445287e+02 1.432566245202236814e+03
4.966998898084640928e+02 1.389443289634581561e+03
4.675638238810601592e+02 1.347830542270686465e+03
4.398630239291272233e+02 1.307578507124120961e+03
4.136841609369022308e+02 1.268776007457388459e+03
3.890471163152775489e+02 1.231430231074846915e+03
3.657880630263556441e+02 1.195385668726193899e+03
3.437790688804129786e+02 1.160527791493916993e+03
3.230064807594257559e+02 1.126833491885263129e+03
3.034387936062324229e+02 1.094259055133413767e+03
2.849822545787199033e+02 1.062715848944317713e+03
2.675711513290953008e+02 1.032138784241745043e+03
2.511633927041666823e+02 1.002481051047476171e+03
2.357074067558998820e+02 9.736826136106558351e+02
2.211517266524414538e+02 9.456844790567469090e+02
2.074474187146239217e+02 9.184322932737654810e+02
1.945479739348909618e+02 8.918760533950236322e+02
1.824092031139275605e+02 8.659698456262071886e+02
1.709891355602166527e+02 8.406716055757482309e+02
1.602479569418681535e+02 8.159425835559638926e+02
1.501481246899344626e+02 7.917451671151249002e+02
1.406540692652829421e+02 7.680442597393384858e+02
1.317319804553422387e+02 7.448082510804665617e+02
1.233497361157185424e+02 7.220088414933380818e+02
1.154768331864822244e+02 6.996208726254791372e+02
1.080843203490134954e+02 6.776221681333362312e+02
1.011447323801895379e+02 6.559933830344109538e+02
9.463200651642523553e+01 6.347197024853682024e+02
8.852138272209172953e+01 6.137946450999138506e+02
8.278940892521453065e+01 5.932143304716863668e+02
7.741389489777611743e+01 5.729759901196342753e+02
7.237385232076404407e+01 5.530778845553861629e+02
6.764943710710916491e+01 5.335192206592265620e+02
6.322189394176265154e+01 5.143000692817955724e+02
5.907350292825997684e+01 4.954213547533789779e+02
5.518752442467626196e+01 4.768892064165608531e+02
5.154814901786162551e+01 4.587166208707669739e+02
4.814045750853849626e+01 4.409159863024158881e+02
4.495037607031433424e+01 4.234983986688163213e+02
4.196463271192559574e+01 4.064736811138309918e+02
3.917071565546908829e+01 3.898504071926751635e+02
3.655683357065563399e+01 3.736359276489064882e+02
3.411187724597565563e+01 3.578365826662732729e+02
3.182537853035765707e+01 3.424602693736964625e+02
2.968747853627964872e+01 3.275153453150875293e+02
2.768889933380478752e+01 3.130082947395034125e+02
2.582091231263177633e+01 2.989437688929670571e+02
2.407530796156779829e+01 2.853246948455598044e+02
2.244436713742474510e+01 2.721523856753092332e+02
2.092083376278746698e+01 2.594266511422305825e+02
1.949788846331643555e+01 2.471459520434160311e+02
1.816912198456730110e+01 2.353077193723450478e+02
1.692851410154851877e+01 2.239082460977430742e+02
1.577041247485452224e+01 2.129426831086126981e+02
1.468951148510477367e+01 2.024051489098318370e+02
1.368083218352358266e+01 1.922888361020391699e+02
1.273970330935325812e+01 1.825861139884542013e+02
1.186174332355187211e+01 1.732886268634119915e+02
1.104284287265089937e+01 1.643873086248371180e+02
1.027914798610638059e+01 1.558723554861848299e+02
9.567046435570835783e+00 1.477335298878655578e+02
8.903153581155322627e+00 1.399602757516477709e+02
8.284298717678971968e+00 1.325417856320813996e+02
