1.630828750734327696e+04 1.620310610824221658e+04
1.650545770618253664e+04 1.639608137302157775e+04
1.669770542583232236e+04 1.658402987938373917e+04
1.688459001353998610e+04 1.676651250110568071e+04
1.706565251899539362e+04 1.694307343624791974e+04
1.724041780470218146e+04 1.711324226652298967e+04
1.740840682382299565e+04 1.727654526072303270e+04
1.756913011212266429e+04 1.743249893209122092e+04
1.772207293778511303e+04 1.758059538482705466e+04
1.786671619040731457e+04 1.772032302123548652e+04
1.800254092083071373e+04 1.785117110298878106e+04
1.812901276995074659e+04 1.797261484333407498e+04
1.824559032609087808e+04 1.808412354448690894e+04
1.835173922899534591e+04 1.818517425457765421e+04
1.844692285498717683e+04 1.827524286036409103e+04
1.853059168561082333e+04 1.835379392537412787e+04
1.860220745678543972e+04 1.842030405125208927e+04
1.866124673653587524e+04 1.847426544666855261e+04
1.870718787123470975e+04 1.851517378455701692e+04
1.873952374149536990e+04 1.854254034051119015e+04
1.875777331351707471e+04 1.855590298648676981e+04
1.876147777897194464e+04 1.855482300437547747e+04
1.875020023931821561e+04 1.853888506817580856e+04
1.872353913874091086e+04 1.850770951107438668e+04
1.868113433110025289e+04 1.846095843873054037e+04
1.862267809735315677e+04 1.839834773839551053e+04
1.854791172350689158e+04 1.831964254682242972e+04
1.845662627734785565e+04 1.822465743521767945e+04
1.834869259143188538e+04 1.811328714505696917e+04
1.822406539633353896e+04 1.798551056632897235e+04
1.808275520596429851e+04 1.784136139896782333e+04
1.792485379121620281e+04 1.768095369999328614e+04
1.775060255223973945e+04 1.750455084765649735e+04
1.756031678441741678e+04 1.731248860812485873e+04
1.735437056189680879e+04 1.710515960861669737e+04
1.713331054126127856e+04 1.688312763169030950e+04
1.689782178059636863e+04 1.664709296301232462e+04
1.664862522372538660e+04 1.639778912128331285e+04
1.638656673513933492e+04 1.613607179333445129e+04
1.611275641012296546e+04 1.586305795435011896e+04
1.582834052394220271e+04 1.557989764867782469e+04
1.553447577288751927e+04 1.528774835573486416e+04
1.523251550850661442e+04 1.498796194259990989e+04
1.492389454178541382e+04 1.468196907825561357e+04
1.460999459000281058e+04 1.437114437670304687e+04
1.429239454474139711e+04 1.405705468068074879e+04
1.397305706471745907e+04 1.374164413251762016e+04
1.365385889968990887e+04 1.342676883013010047e+04
1.333646279141023842e+04 1.311407162911942578e+04
1.302192060303460858e+04 1.280459647382606454e+04
1.271100237793158703e+04 1.249910912942741925e+04
1.240443202307735737e+04 1.219832712579043618e+04
1.210375452411338665e+04 1.190377242050097811e+04
1.181153782447310550e+04 1.161797079840347396e+04
1.153017612557450775e+04 1.134327710444378499e+04
1.126142343876163432e+04 1.108141849835508765e+04
1.100501047985177138e+04 1.083213720354209727e+04
1.076013994066597661e+04 1.059465696983286944e+04
1.052603004255612905e+04 1.036821668806087655e+04
1.030149668364154604e+04 1.015166340544826380e+04
1.008513750761447955e+04 9.943630515263983398e+03
9.875615572489925398e+03 9.742813289616035036e+03
9.671280800288701357e+03 9.547599885935371276e+03
9.470324910695680956e+03 9.356220364140119273e+03
9.271011942420920604e+03 9.166969915689483969e+03
9.071367735486757738e+03 8.977905978949163909e+03
8.869450258143951942e+03 8.787108531148307520e+03
8.663169895397442815e+03 8.592502935220087238e+03
8.450105287561051227e+03 8.391677131627033305e+03
8.228070298924303643e+03 8.182434067232829875e+03
7.995140784719141266e+03 7.962827806624086406e+03
7.749814352906442764e+03 7.731310312303438877e+03
7.491819584802051395e+03 7.487550037475266436e+03
7.221772321576429931e+03 7.232087218221024159e+03
6.941847875971679969e+03 6.967012209691013595e+03
6.655318046318128836e+03 6.695513470075672558e+03
6.366275175647206197e+03 6.421601427557685383e+03
6.079174835275961414e+03 6.149663528791482349e+03
5.798468246874545912e+03 5.884085030237622959e+03
5.528287772622772536e+03 5.628949485831501079e+03
5.272437784470907900e+03 5.388014754091937903e+03
5.034192374015302448e+03 5.164519544435750504e+03
4.816331106000081490e+03 4.961209798731938463e+03
4.620470864040898050e+03 4.779706222142775005e+03
4.446779121253301128e+03 4.620181500908839553e+03
4.293549806948035439e+03 4.480972158349904930e+03
4.156955110598004467e+03 4.358291549202002898e+03
4.031671716407219265e+03 4.246851493043165647e+03
3.911521022984307820e+03 4.140462777818154791e+03
3.790472456795209837e+03 4.033038022276630272e+03
3.663405814016975000e+03 3.919344860164876081e+03
3.526712111177180759e+03 3.795636000668126144e+03
3.378971885034367006e+03 3.660370863110837035e+03
3.221055244842399134e+03 3.514338861286702468e+03
3.056221316453972577e+03 3.360798347504701269e+03
2.889398205346487885e+03 3.204734238982342958e+03
2.726223853161353873e+03 3.051870495848883365e+03
2.572380708500011224e+03 2.907978772172228219e+03
2.433011719372300377e+03 2.778268093822046922e+03
2.311582504440354569e+03 2.666237132130996997e+03
2.208338634464952975e+03 2.572142115434007337e+03
2.119836570981099158e+03 2.492519954822737418e+03
2.040202301364438654e+03 2.421438310674044260e+03
1.963350484601440030e+03 2.352719010120892108e+03
1.884260417183713798e+03 2.281226814508484949e+03
1.799269850989866427e+03 2.203190162172355940e+03
1.707231936547695341e+03 2.117420967848487635e+03
1.610885630942792886e+03 2.026739270051494714e+03
1.515703180784869573e+03 1.936769792912369667e+03
1.426885840862232499e+03 1.852829660558011255e+03
1.347744754213436636e+03 1.778269784269897627e+03
1.279352015885922810e+03 1.714149337283175555e+03
1.220009311432812183e+03 1.658729443905302105e+03
1.165505711321815170e+03 1.607748070865397040e+03
1.111565524109833177e+03 1.556890716581082415e+03
1.055327338871650454e+03 1.503288102690837832e+03
9.965735641180164066e+02 1.446763995721381434e+03
9.380214453658653611e+02 1.390101169710506838e+03
8.830416509896371053e+02 1.336698057783582726e+03
8.335813061412352454e+02 1.288480158666093985e+03
7.897937869625319536e+02 1.245565412854931537e+03
7.497825035955091835e+02 1.206056784097776017e+03
7.108965966752043641e+02 1.167350665005383235e+03
6.718039548471505213e+02 1.128173057237196645e+03
6.328624420474121735e+02 1.088915026203899743e+03
5.956526314856283761e+02 1.051132254162669369e+03
5.615424552398420701e+02 1.016131231598337422e+03
5.304360140826214547e+02 9.837961315681711767e+02
5.012803231935347412e+02 9.531179464885699417e+02
4.730228129326243902e+02 9.231192345669614951e+02
4.454404887050079083e+02 8.936161942513792837e+02
4.191494280819366054e+02 8.651904460907284147e+02
3.946991315831151610e+02 8.383363593270032652e+02
3.719625176608437300e+02 8.129258089068141544e+02
3.504248265243965079e+02 7.884968873784307561e+02
3.297664408932998299e+02 7.647761928181250823e+02
3.101006725272025051e+02 7.418679857707304564e+02
2.916487107724147450e+02 7.199568352680188354e+02
2.743486918754858834e+02 6.989825002636357567e+02
2.579804837286712882e+02 6.787596775509470035e+02
2.424376642858219384e+02 6.592023099185076944e+02
2.277683336546738246e+02 6.403460364882702152e+02
2.139812024270894995e+02 6.221913398127644541e+02
2.009830644392171450e+02 6.046616628716996047e+02
1.887004902190820133e+02 5.876985409573260313e+02
1.771213789575501778e+02 5.712884911824318124e+02
1.662270801133833515e+02 5.554121864344260757e+02
1.559645609480274118e+02 5.400273344644639337e+02
1.462968087746272658e+02 5.251036771989050749e+02
1.371968652273374119e+02 5.106181122389158986e+02
1.286347847716671993e+02 4.965457156310413893e+02
1.205807319467523087e+02 4.828622670404062092e+02
1.130063944776314457e+02 4.695452434438594764e+02
1.058849141382586083e+02 4.565737173161098212e+02
9.919082020152316659e+01 4.439282628065549829e+02
9.289996541454884493e+01 4.315908691325698783e+02
8.698948093259599545e+01 4.195448734617675086e+02
8.143783334751664427e+01 4.077749840786082700e+02
7.622466352292158831e+01 3.962671438305212064e+02
7.133065433671575306e+01 3.850084038414120755e+02
6.673748553083554214e+01 3.739868639593059356e+02
6.242779048653559926e+01 3.631916174087659215e+02
5.838511423683971202e+01 3.526126987017625538e+02
5.459387208936914959e+01 3.422410423765921905e+02
5.103928393279666409e+01 3.320687735624496213e+02
4.770733516938587826e+01 3.220892400450406399e+02
4.458478035739057788e+01 3.122964841237177893e+02
4.165910813891322562e+01 3.026851692404943037e+02
3.891850460479716389e+01 2.932505450534760030e+02
3.635181818935605946e+01 2.839884135610997760e+02
3.394852605312945570e+01 2.748950961395715922e+02
3.169870179977477775e+01 2.659676755184417516e+02
2.959298444209705536e+01 2.572046888115122556e+02
2.762254940993540231e+01 2.486051690746199085e+02
2.577908055300384049e+01 2.401683459173082156e+02
2.405474329858547122e+01 2.318936251770084596e+02
2.244215904251613836e+01 2.237805689352187812e+02
2.093438073050654680e+01 2.158288758872953110e+02
1.952486931715270657e+01 2.080384560345471527e+02
1.820746871270708311e+01 2.004104650286321032e+02
1.697638668896017933e+01 1.929467266721753447e+02
1.582617726183329765e+01 1.856488486775143940e+02
1.475172142042262102e+01 1.785182048071138752e+02
1.374820877873033176e+01 1.715559349951458330e+02
1.281112016022500022e+01 1.647629460940827641e+02
1.193621106807301402e+01 1.581399190992920865e+02
1.111949538943655647e+01 1.516878576791071680e+02
1.035723026842931915e+01 1.454084163547177582e+02
9.645903274699140439e+00 1.393028755861784305e+02
8.982219134575680997e+00 1.333720471887722852e+02
8.363087039316306814e+00 1.276162976776454769e+02
7.785608639232164840e+00 1.220355719904454475e+02
7.247066690805482381e+00 1.166294174521252955e+02
6.744914142396700285e+00 1.113970865213314880e+02
6.276763317371469419e+00 1.063378696019440213e+02
5.840377207802474935e+00 1.014507722620096786e+02
5.433660739408100682e+00 9.673439530570205136e+01
5.054652176805114472e+00 9.218696763328814825e+01
4.701515017581451517e+00 8.780637851536391736e+01
4.372530349957732376e+00 8.359020905058757478e+01
