2.635882635030305028e+04 2.616676826252208775e+04
2.662811646287375697e+04 2.642882804491765273e+04
2.688683755209852825e+04 2.668017889190711503e+04
2.713421461361076217e+04 2.692005215517391116e+04
2.736946623416618240e+04 2.714767404820178490e+04
2.759177769184807767e+04 2.736224138974907692e+04
2.780032237057316888e+04 2.756294143121915113e+04
2.799427850554137694e+04 2.774896736806514309e+04
2.817280448830009482e+04 2.791949405975095578e+04
2.833503102374644732e+04 2.807367037997359876e+04
2.848010078472522946e+04 2.821065833410107371e+04
2.860716651793978963e+04 2.832963146638224862e+04
2.871536189761630885e+04 2.842974710310186492e+04
2.880383526993123814e+04 2.851017884544849585e+04
2.887176555926271249e+04 2.857013194739645769e+04
2.891833734629196624e+04 2.860881969584148464e+04
2.894274645905548823e+04 2.862546891594589033e+04
2.894423495311074657e+04 2.861935347709655252e+04
2.892208994093176443e+04 2.858979363378196285e+04
2.887563103155319186e+04 2.853614493016320557e+04
2.880423730376754975e+04 2.845782311601809124e+04
2.870735890052853574e+04 2.835431520503123829e+04
2.858452794803997313e+04 2.822519210113771260e+04
2.843536212504409923e+04 2.807011123715689610e+04
2.825956578382149019e+04 2.788881593116593649e+04
2.805695886851944306e+04 2.768116505820623570e+04
2.782751071916140063e+04 2.744716782260823311e+04
2.757129429891312975e+04 2.718693541786338756e+04
2.728849698233521485e+04 2.690069138669652966e+04
2.697953976175892603e+04 2.658889230992990997e+04
2.664500432542206181e+04 2.625215324804233751e+04
2.628556482105666146e+04 2.589117807397608340e+04
2.590212581475167826e+04 2.550689804696025749e+04
2.549589308937748501e+04 2.510054263460418224e+04
2.506814913299322870e+04 2.467341320928551067e+04
2.462029464318003738e+04 2.422692441376513671e+04
2.415415347383970948e+04 2.376290951069758376e+04
2.367168150215169590e+04 2.328332836893965941e+04
2.317482470231421394e+04 2.279012528785227187e+04
2.266586112000137655e+04 2.228557032830237586e+04
2.214740313919818800e+04 2.177226150769785454e+04
2.162196050829103478e+04 2.125268907270879936e+04
2.109204609546784923e+04 2.072934139220225916e+04
2.056054276033776841e+04 2.020507104544426693e+04
2.003024217817218960e+04 1.968263577177502520e+04
1.950373662638465612e+04 1.916459113823653752e+04
1.898389489831807077e+04 1.865376079712091814e+04
1.847371329770568991e+04 1.815309052507974775e+04
1.797588365033286755e+04 1.766522336889534563e+04
1.749259328125147294e+04 1.719230508100563020e+04
1.702523876422095782e+04 1.673570502112049144e+04
1.657494885615673047e+04 1.629652894037346050e+04
1.614278038443608784e+04 1.587581117536830425e+04
1.573049664185054462e+04 1.547527326270627054e+04
1.534013880047512976e+04 1.509690933513429991e+04
1.497345701203884710e+04 1.474243416561418417e+04
1.462962997538090167e+04 1.441105159347134395e+04
1.430486314136995861e+04 1.409905565271354499e+04
1.399548055822200513e+04 1.380285259919944656e+04
1.369831182489796265e+04 1.351934587853573066e+04
1.341071174134172543e+04 1.324595683573008864e+04
1.313018598296487471e+04 1.298024831807395276e+04
1.285347011123753327e+04 1.271902600645711755e+04
1.257687281603272095e+04 1.245866686072154516e+04
1.229667252032963916e+04 1.219550270529515001e+04
1.200838648194159396e+04 1.192510696900040421e+04
1.170775417694312091e+04 1.164324257469523764e+04
1.139073962650235444e+04 1.134587910345809723e+04
1.105376702981880590e+04 1.102940932960147074e+04
1.069486475874479947e+04 1.069179280937582917e+04
1.031377402174686358e+04 1.033267242457148677e+04
9.912323007742674235e+03 9.953743933543593812e+03
9.494865663749766099e+03 9.559221779124338354e+03
9.067076153731899467e+03 9.154630756401231338e+03
8.635975389587709287e+03 8.746856630466285424e+03
8.208852486172603676e+03 8.343052418829614908e+03
7.792978552524396036e+03 7.950371579750312776e+03
7.395375739263617106e+03 7.575714801574978082e+03
7.022467896779098737e+03 7.225403282199569730e+03
6.680240797203594411e+03 6.905281069921071321e+03
6.373186848580506194e+03 6.619785610943638858e+03
6.103497532003615561e+03 6.371039596518925464e+03
5.870981430916182944e+03 6.158878344303547237e+03
5.671307518455601894e+03 5.979055470991127549e+03
5.497724505639713243e+03 5.824946948972148675e+03
5.340802769446970160e+03 5.687252751211270152e+03
5.190420613003889230e+03 5.555928179015417300e+03
5.036657615764905131e+03 5.421032802269612148e+03
4.871031455674519748e+03 5.273978409110436587e+03
4.687710811442458180e+03 5.108768064805452923e+03
4.484280531727470589e+03 4.922813860834207844e+03
4.262724544981953841e+03 4.718010959359082335e+03
4.028688012074890594e+03 4.499997078026309282e+03
3.790451202092382573e+03 4.277118516857434770e+03
3.557812900698696467e+03 4.059263197602143009e+03
3.341136095628340172e+03 3.856828437748778470e+03
3.149444870658507625e+03 3.678801870627083190e+03
2.987719465619010862e+03 3.530106021060792500e+03
2.854885939266584955e+03 3.409633525072830707e+03
2.744261371140301890e+03 3.310723698855798375e+03
2.646524258507289687e+03 3.224097998648232988e+03
2.552106477535944578e+03 3.140190700082126568e+03
2.451913211304257402e+03 3.049848569879978641e+03
2.339249916950328952e+03 2.946302995314956661e+03
2.213400363090045175e+03 2.828843264017245019e+03
2.080378640070629444e+03 2.703591891121988283e+03
1.949165933712969036e+03 2.579639584795108476e+03
1.828009431635538022e+03 2.465244734812898059e+03
1.722872494019121632e+03 2.366276166326705606e+03
1.635305372998650000e+03 2.284175313341508627e+03
1.561429134730722126e+03 2.215038682798543960e+03
1.494162536370256475e+03 2.151854841809078607e+03
1.426085151836437262e+03 2.087318683783562392e+03
1.352384576895464761e+03 2.016741915244963593e+03
1.273732429596783732e+03 1.940881556158498825e+03
1.195143311171247205e+03 1.864739926531080528e+03
1.121980774303263161e+03 1.793561506125508458e+03
1.057846495809093767e+03 1.730768058804660768e+03
1.002670795495279322e+03 1.676199755083758191e+03
9.525806194116887582e+02 1.626102384412342417e+03
9.032611848887646602e+02 1.576383960130907099e+03
8.525182567007126408e+02 1.525034880059987245e+03
8.013037423570182227e+02 1.473029189947376835e+03
7.527347036240744274e+02 1.423303727397991906e+03
7.089250470058027531e+02 1.377772527417911306e+03
6.696031454549789714e+02 1.336127072874243595e+03
6.328320343686074239e+02 1.296585863636476233e+03
5.967178671209952654e+02 1.257474023344996795e+03
5.611158875169304565e+02 1.218707528070275885e+03
5.272800746955717841e+02 1.181402666933532828e+03
4.961311729600891454e+02 1.146332402214030481e+03
4.674118616631580494e+02 1.113244325573626611e+03
4.401261035427419870e+02 1.081293621581601201e+03
4.137915436401617626e+02 1.050095419975415780e+03
3.887081711610732668e+02 1.019902221658759345e+03
3.653125761812319183e+02 9.910498307906123046e+02
3.434705474995685677e+02 9.634142141803764616e+02
3.227763697367207101e+02 9.366767749348184680e+02
3.030819745960295677e+02 9.107268120558586588e+02
2.845310629705280121e+02 8.856637753666138906e+02
2.671511348170211591e+02 8.614944157569781282e+02
2.507733117961315656e+02 8.380907057649252465e+02
2.352872048587747429e+02 8.153715439013406012e+02
2.207062639752865891e+02 7.933377212999404264e+02
2.070092623114759363e+02 7.719650829022723428e+02
1.941161158246850107e+02 7.511949127608212393e+02
1.819748939564055377e+02 7.309872339976852800e+02
1.705569378511613650e+02 7.113168201486232647e+02
1.598219581904176039e+02 6.921523565899835830e+02
1.497314449721633025e+02 6.734645643305149179e+02
1.402489000253735867e+02 6.552262789582359801e+02
1.313397424732585819e+02 6.374123322565684475e+02
1.229712179563294825e+02 6.199994426856719656e+02
1.151123122359580151e+02 6.029661162604908213e+02
1.077337474654948011e+02 5.862928302347112322e+02
1.008079465664266223e+02 5.699621604229416789e+02
9.430879159063839268e+01 5.539581722725631607e+02
8.821153919471457527e+01 5.382662826939913430e+02
8.249275847932049999e+01 5.228731914422656928e+02
7.713027086097038421e+01 5.077668160694710195e+02
7.210309197177208773e+01 4.929362300128969991e+02
6.739136890045567441e+01 4.783717690597707133e+02
6.297629429149092317e+01 4.640658256439758134e+02
5.884008985894683263e+01 4.500120318083308462e+02
5.496597314099760467e+01 4.362047655068715812e+02
5.133810701000813737e+01 4.226391061156236333e+02
4.794155131268943393e+01 4.093107920000227864e+02
4.476221662151153424e+01 3.962161789085279224e+02
4.178681994888343354e+01 3.833522356413848229e+02
3.900284014004741096e+01 3.707175963125775411e+02
3.639847795680451981e+01 3.583125373584874183e+02
3.396262086099753219e+01 3.461375394879887608e+02
3.168480631734977138e+01 3.341931810152539128e+02
2.955518664897483916e+01 3.224801154589806060e+02
2.756449557733941447e+01 3.109990496274186285e+02
2.570401638193906635e+01 2.997507222399576676e+02
2.396555046216560214e+01 2.887364392472427426e+02
2.234138602198273205e+01 2.779594011324603002e+02
2.082427487598092597e+01 2.674228431590685204e+02
1.940740734109249388e+01 2.571295267664154380e+02
1.808438733688609901e+01 2.470817475290688776e+02
1.684920877699967434e+01 2.372813441386230977e+02
1.569623319386317739e+01 2.277297083528866040e+02
1.462016845028806067e+01 2.184278776420419490e+02
1.361604759621515726e+01 2.093775530205980147e+02
1.267921055749236281e+01 2.005806044309815093e+02
1.180528711517930240e+01 1.920382043210426275e+02
1.099017982966727658e+01 1.837508451245417973e+02
1.023004787901143153e+01 1.757183778141896369e+02
9.521291788854929550e+00 1.679400506707016518e+02
8.860539006843495713e+00 1.604145489984292396e+02
8.244629774296855729e+00 1.531402064733838699e+02
7.670603883721219596e+00 1.461152004125410144e+02
7.135689735439735948e+00 1.393372078976869375e+02
6.637292991172476952e+00 1.328033972481398450e+02
6.172985718899554719e+00 1.265104735455283702e+02
5.740496165538685247e+00 1.204547228988064802e+02
5.337699123900575771e+00 1.146320553010000936e+02
4.962606801269899393e+00 1.090380489309753500e+02
4.613359938893446532e+00 1.036680073286646149e+02
