2.225395018113383048e+04 2.219198207987834758e+04
2.237591127492528540e+04 2.231168194285392383e+04
2.248386890706013946e+04 2.241733389373413593e+04
2.257714028782258174e+04 2.250825692971152239e+04
2.265503760469199187e+04 2.258376581078820891e+04
2.271684340693508420e+04 2.264314691575756297e+04
2.276186092956131324e+04 2.268570788814057596e+04
2.278941819480262711e+04 2.271078167845857752e+04
2.279882484521915831e+04 2.271768361740273031e+04
2.278940643164408539e+04 2.270574558994892868e+04
2.276053411865127055e+04 2.267434563552699547e+04
2.271158558112958053e+04 2.262286941721415496e+04
2.264193008030287820e+04 2.255069557826159871e+04
2.255099623818966211e+04 2.245726271111278038e+04
2.243827073564845705e+04 2.234206825557470074e+04
2.230325326010979188e+04 2.220462463411872159e+04
2.214550828305785762e+04 2.204450991233787863e+04
2.196469020521504717e+04 2.186139245184050742e+04
2.176050862634719306e+04 2.165499776377756643e+04
2.153273502890902819e+04 2.142511507830090341e+04
2.128125167581933056e+04 2.117164435396858607e+04
2.100605311647188137e+04 2.089459855097976470e+04
2.070723745827411039e+04 2.059409702774803736e+04
2.038502685026525069e+04 2.027038299691231077e+04
2.003977732691567871e+04 1.992383267726788108e+04
1.967201111300796401e+04 1.955499063042851776e+04
1.928240529968776900e+04 1.916455687269779446e+04
1.887176665899318323e+04 1.875335877095827163e+04
1.844108943757210727e+04 1.832241046318285953e+04
1.799162079997361434e+04 1.787298021954037904e+04
1.752472421265652520e+04 1.740644933595648763e+04
1.704188451023462767e+04 1.692431677726035196e+04
1.654493453668996517e+04 1.642842866957490332e+04
1.603587205314625317e+04 1.592079273699969053e+04
1.551670274937146314e+04 1.540341936651550895e+04
1.498969044116895566e+04 1.487857244214066486e+04
1.445744777760754369e+04 1.434886029479030367e+04
1.392248680979257369e+04 1.381678554333175634e+04
1.338729430356485136e+04 1.328481982833252914e+04
1.285485061845167183e+04 1.275591923892115847e+04
1.232805999002480166e+04 1.223295934059360479e+04
1.180951148932896649e+04 1.171849846841665567e+04
1.130200495631638660e+04 1.121529515427116348e+04
1.080850076753626308e+04 1.072625987496337802e+04
1.033149261847625348e+04 1.025384023874040759e+04
9.873227318489118261e+03 9.800233882085269215e+03
9.436255924860042796e+03 9.367921426675189650e+03
9.022750888997788934e+03 8.959010938469058601e+03
8.634378193613069016e+03 8.575115169626318675e+03
8.272371502003536079e+03 8.217404898229198807e+03
7.937610048986004585e+03 7.886694307602731897e+03
7.630696163669249472e+03 7.583534469675430955e+03
7.352048224841637420e+03 7.308289097433886127e+03
7.101996097729320354e+03 7.061208282282666914e+03
6.880800703758433883e+03 6.842480213221272606e+03
6.688173079576633427e+03 6.651763348514950849e+03
6.520742546633086022e+03 6.485705968510280400e+03
6.374396608884018860e+03 6.340232292136937758e+03
6.245558032435425048e+03 6.211792992786452487e+03
6.131561328452554335e+03 6.097741870125763853e+03
6.030196965930858823e+03 5.995883043563150750e+03
5.938687769857326202e+03 5.903480127459753930e+03
5.852123797336218558e+03 5.815756307791092695e+03
5.765392926696843460e+03 5.727750537871633242e+03
5.672761137603726638e+03 5.633947758345104376e+03
5.568015913156140414e+03 5.528414025485628372e+03
5.445588648069699957e+03 5.405862911011163305e+03
5.300957772245305023e+03 5.262071946167480746e+03
5.130836267476507601e+03 5.094006466390770584e+03
4.934652107814143164e+03 4.901263315756874363e+03
4.713489470389164126e+03 4.685002800691918310e+03
4.470821675005003272e+03 4.448655986754622063e+03
4.211334414844976891e+03 4.196772810485013906e+03
3.940769350605617547e+03 3.934882328480213346e+03
3.665377316841311767e+03 3.668955568041860261e+03
3.392771149362646156e+03 3.406222480783521860e+03
3.130726260036304211e+03 3.154037413172790366e+03
2.887530005110622824e+03 2.920217646217564834e+03
2.670309593669069272e+03 2.711423465542995473e+03
2.484746481872801269e+03 2.532942283855570622e+03
2.333350209887260917e+03 2.387050845220402152e+03
2.216394652236586808e+03 2.273860815253209694e+03
2.131160536246051379e+03 2.190681516088875014e+03
2.073105583880525501e+03 2.133076970151293153e+03
2.035570820861647007e+03 2.094670683519389968e+03
2.010787035719080450e+03 2.068076701343155037e+03
1.989491849946101865e+03 2.044604278561546380e+03
1.962432417153952201e+03 2.015660896970639214e+03
1.921139690554017307e+03 1.973472934926249309e+03
1.859625340359928487e+03 1.912639991695485605e+03
1.774900610815432628e+03 1.830562186877696604e+03
1.667684064531305467e+03 1.728043470433033917e+03
1.543221021708415265e+03 1.610021824417431162e+03
1.411336974723715684e+03 1.485564478194686444e+03
1.284027269217126332e+03 1.365658699042499848e+03
1.171954062664355433e+03 1.260027700887012998e+03
1.081271918035062527e+03 1.174215133881069733e+03
1.014009735616005173e+03 1.109968162195190871e+03
9.692899583303276358e+02 1.066362359751690292e+03
9.430466656233202229e+02 1.039571588662162867e+03
9.272517070984131351e+02 1.022215903220955397e+03
9.114201967678574192e+02 1.004791820123799994e+03
8.866302935929106752e+02 9.793158733592745193e+02
8.481460906781625226e+02 9.416359554195397550e+02
7.956523967862265181e+02 8.915773162758915760e+02
7.335925689542975761e+02 8.331876871582450121e+02
6.702848443583710605e+02 7.739092155286389243e+02
6.141419685085332958e+02 7.212024495793060623e+02
5.705563636664601290e+02 6.797911038635664909e+02
5.408798735068188535e+02 6.507843628123932831e+02
5.216525386633237531e+02 6.310419771158916546e+02
5.060670690327965531e+02 6.145254374295002435e+02
4.877830339172277831e+02 5.956796381264882712e+02
4.630149415198000042e+02 5.712416266120526416e+02
4.317631315394762623e+02 5.412692421856762621e+02
3.983643515859828881e+02 5.095653361739238107e+02
3.682637068699544329e+02 4.808409123354576877e+02
3.446270933227097544e+02 4.577910319626113278e+02
3.273982584453128766e+02 4.403157269681872208e+02
3.133820593433651993e+02 4.256374718247198530e+02
2.985799768944463608e+02 4.103356425424306622e+02
2.811411960829220220e+02 3.928556963646090026e+02
2.619289635981016886e+02 3.739540166408198161e+02
2.435704976588220347e+02 3.558568240714800481e+02
2.281987483038365383e+02 3.403421767894247978e+02
2.157494804826973507e+02 3.273296841065623539e+02
2.044549191499974370e+02 3.153273171589671620e+02
1.927157978278420956e+02 3.030068739020100566e+02
1.803393014313151639e+02 2.902185061329497557e+02
1.684502960537275555e+02 2.778923707500836144e+02
1.579938120083983790e+02 2.667947619761761757e+02
1.488413737601146920e+02 2.568079875990254664e+02
1.401292360355067217e+02 2.472244080765615593e+02
1.314115076117361696e+02 2.376850541332340754e+02
1.229809115323113105e+02 2.284263849032361691e+02
1.152907007796255385e+02 2.198064567835559728e+02
1.082951410773063827e+02 2.117823834744900466e+02
1.016448003211669828e+02 2.040745964877773417e+02
9.522436435603458449e+01 1.965918358627277769e+02
8.918814802824935839e+01 1.894528095186828409e+02
8.361575214460034999e+01 1.827155766206612668e+02
7.838849306189803201e+01 1.762857084754322159e+02
7.341979760405762079e+01 1.700954792271191707e+02
6.875184118281862311e+01 1.641748921509783088e+02
6.439119606462291756e+01 1.585263168806573901e+02
6.030508290945833494e+01 1.531238600121434104e+02
5.646325177479853608e+01 1.479432784355776960e+02
5.285218627062303653e+01 1.429722806053736690e+02
4.946008369364889745e+01 1.382002099421914068e+02
4.627551610689720718e+01 1.336170341387084477e+02
4.328744419424145207e+01 1.292133048879529156e+02
4.048522738180083280e+01 1.249801204677804236e+02
3.785863058176377649e+01 1.209090909622250933e+02
3.539777814231138819e+01 1.169922520582567813e+02
3.309271070560346573e+01 1.132215278122169480e+02
3.093372953153297189e+01 1.095890048614651278e+02
2.891173342708972172e+01 1.060872754836041310e+02
2.701818605327679634e+01 1.027094083275243435e+02
2.524508047737000638e+01 9.944891639053048493e+01
2.358490600446423713e+01 9.629972744676042851e+01
2.203061713953923473e+01 9.325615672268492062e+01
2.057563328776707934e+01 9.031294269830249277e+01
1.921386866778009406e+01 8.746536085801997729e+01
1.793960876261239079e+01 8.470901408320987969e+01
1.674746750379546256e+01 8.203976629492451877e+01
1.563237017734201473e+01 7.945372656335217698e+01
1.458953707706715441e+01 7.694723428428198986e+01
1.361446788396707852e+01 7.451684533932341026e+01
1.270292638866419033e+01 7.215932027757904166e+01
1.185091422040619413e+01 6.987165095655807079e+01
1.105465829075180118e+01 6.765105338752729836e+01
1.031061521007257653e+01 6.549490507523756833e+01
9.615458955383566320e+00 6.340073238600912475e+01
8.966068104811361295e+00 6.136620196934791949e+01
8.359513781277142286e+00 5.938911268464286053e+01
7.793048268815327084e+00 5.746738799626444916e+01
7.264094660832761896e+00 5.559907765658760326e+01
6.770239211534019752e+00 5.378241072594137506e+01
6.309219335420862329e+00 5.201574319620404196e+01
5.878913009864460193e+00 5.029751560867522642e+01
5.477330445656009239e+00 4.862624804527308697e+01
5.102606229744035105e+00 4.700053560771650041e+01
4.752991905664323724e+00 4.541904412514480072e+01
4.426848968620165969e+00 4.388050609998553142e+01
4.122641762000380794e+00 4.238373130720767534e+01
3.838930623646197304e+00 4.092762457275791377e+01
3.574367379392118238e+00 3.951114533502811810e+01
3.327689968571858614e+00 3.813329778524288827e+01
3.097717140193466001e+00 3.679312820851115617e+01
2.883343461033180066e+00 3.548972245053010965e+01
2.683534618388262238e+00 3.422220350406289668e+01
2.497323000683340233e+00 3.298973002123427278e+01
2.323803532433328822e+00 3.179151175818548225e+01
2.162129769064881746e+00 3.062680441258365605e+01
2.011510233141854176e+00 2.949488773501397176e+01
1.871204960520218563e+00 2.839506311825789453e+01
1.740522254320763906e+00 2.732665217490698240e+01
1.618815635304083012e+00 2.628899538865403684e+01
1.505480977373298668e+00 2.528145083693599204e+01
1.399953792623296778e+00 2.430339760927038739e+01
