2.504719022964452961e+04 2.493648885964703004e+04
2.521366193352871778e+04 2.509917062726851145e+04
2.536698075758579944e+04 2.524864400945388479e+04
2.550645109472204786e+04 2.538421964009136354e+04
2.563138349936093800e+04 2.550521506207083803e+04
2.574109996063770814e+04 2.561095982205809196e+04
2.583490713747913469e+04 2.570076895605684331e+04
2.591211648537211659e+04 2.577396298950980781e+04
2.597206408585192912e+04 2.582988763312758965e+04
2.601408570712493747e+04 2.586788946033862885e+04
2.603750457738452678e+04 2.588730403638042117e+04
2.604167699466546401e+04 2.588750060838507488e+04
2.602599239499012765e+04 2.586788232749908275e+04
2.598984219904309430e+04 2.582785626451260032e+04
2.593265416471941717e+04 2.576686671939966982e+04
2.585391071692710830e+04 2.568441304458110608e+04
2.575312568645722786e+04 2.558002781523154044e+04
2.562984787275743656e+04 2.545328038122524958e+04
2.548369592326421116e+04 2.530381001792200550e+04
2.531436024189125965e+04 2.513132849349701792e+04
2.512159688388271752e+04 2.493561594066547696e+04
2.490524422541916647e+04 2.471653489845118020e+04
2.466523181718052729e+04 2.447403853721966152e+04
2.440160287438894011e+04 2.420819593828260986e+04
2.411451071057412264e+04 2.391918726085959497e+04
2.380420592937412948e+04 2.360728829171435427e+04
2.347107573367417717e+04 2.327291138139386749e+04
2.311569084466479762e+04 2.291665441399992051e+04
2.273872499082524519e+04 2.253921594510769501e+04
2.234096214532756130e+04 2.214140206881002450e+04
2.192344921244309444e+04 2.172428262110900687e+04
2.148738773795253292e+04 2.128908002818877867e+04
2.103403748077287673e+04 2.083707042396700854e+04
2.056488451833660656e+04 2.036975351894448977e+04
2.008171084140575840e+04 1.988892284079672390e+04
1.958631110237635949e+04 1.939637940707990492e+04
1.908054465136078943e+04 1.889398354641427795e+04
1.856668360217526060e+04 1.838400293804568719e+04
1.804704775619916109e+04 1.786874785911459912e+04
1.752384703763053403e+04 1.735041390818287255e+04
1.699954550067429591e+04 1.683144203092226599e+04
1.647682358799145732e+04 1.631448175568157421e+04
1.595814019797198307e+04 1.580195921059770262e+04
1.544588033785283187e+04 1.529622066598312085e+04
1.494273941387811647e+04 1.479990616607303309e+04
1.445120739798463001e+04 1.431545050031571373e+04
1.397346233242023663e+04 1.384498006377264392e+04
1.351156881182947291e+04 1.339049456178557739e+04
1.306742053371533075e+04 1.295381786671634291e+04
1.264261460754590735e+04 1.253648719108301520e+04
1.223850664287503605e+04 1.213979503233387368e+04
1.185627403483460876e+04 1.176483719300427038e+04
1.149689037759935854e+04 1.141251553381586928e+04
1.116100393909419472e+04 1.108342075376710636e+04
1.084791726495335752e+04 1.077681857051230691e+04
1.055636886080692238e+04 1.049142163212958440e+04
1.028515143708527285e+04 1.022600217886573955e+04
1.003197302516149648e+04 9.978291184988029272e+03
9.793456350395630579e+03 9.744974571776880111e+03
9.566454779994141063e+03 9.522962634748304481e+03
9.348078920350562839e+03 9.309430815436640842e+03
9.135669482165416412e+03 9.101793866980635357e+03
8.926666761858206883e+03 8.897564458233311598e+03
8.717375594244465901e+03 8.693190402021684349e+03
8.503617103650991339e+03 8.484664088817418815e+03
8.281364570404222832e+03 8.268136140260883622e+03
8.046319652906918236e+03 8.039544639596759225e+03
7.794802575538737074e+03 7.795411110834906140e+03
7.524823311230373292e+03 7.533916370402762368e+03
7.235643246418954732e+03 7.254435608776903791e+03
6.928944336727126938e+03 6.958649931451011980e+03
6.608496444406288902e+03 6.650232018274286929e+03
6.278937321413151949e+03 6.333651038736903502e+03
5.945684766642866634e+03 6.014102630285446139e+03
5.614515245328942910e+03 5.697084687766076058e+03
5.291451785909565842e+03 5.388309168665155994e+03
4.982353914758175961e+03 5.093287380458697953e+03
4.692722360696042415e+03 4.817175032297555845e+03
4.428004942946276969e+03 4.565022881630481606e+03
4.192556436726422362e+03 4.340847223843918073e+03
3.988762920455997119e+03 4.146736633847676785e+03
3.817035369422670101e+03 3.982968955675466987e+03
3.673979952780713575e+03 3.846224373465935059e+03
3.554624981340864451e+03 3.731727374866969512e+03
3.451454528627175478e+03 3.632378063366051265e+03
3.356544026671219854e+03 3.540733619441346946e+03
3.261706484479618666e+03 3.449163492548545037e+03
3.159643382970537004e+03 3.350921432940229352e+03
3.044621805297042101e+03 3.240742542994552423e+03
2.913768855498169160e+03 3.116058385063005971e+03
2.767385723580811828e+03 2.977239109254747291e+03
2.608654221096635411e+03 2.827309782367594835e+03
2.443025023877527929e+03 2.671368374076002056e+03
2.277787587483350762e+03 2.516147906639238954e+03
2.121397827631586551e+03 2.369390848327966069e+03
1.982215130723792754e+03 2.238682739234119708e+03
1.865431244607148528e+03 2.128632642339834547e+03
1.771145657363200371e+03 2.039203566879976051e+03
1.695442106006542190e+03 1.966717960892042584e+03
1.632490276816153710e+03 1.905807258802105480e+03
1.575704224183473798e+03 1.850476487850904050e+03
1.517542286349817459e+03 1.793927589313350836e+03
1.451156922564747902e+03 1.730048574631216525e+03
1.374406945155251151e+03 1.656996400142473703e+03
1.290328167672513928e+03 1.577567048702074317e+03
1.204386631451253379e+03 1.496689829769238031e+03
1.122530819236666275e+03 1.419660275729509976e+03
1.050205580930588440e+03 1.351253631750706290e+03
9.901031447152332703e+02 1.293757930067743473e+03
9.409868499459448685e+02 1.245992389210892270e+03
8.989488663930483199e+02 1.204466029452330531e+03
8.586555020895432335e+02 1.164497685906449533e+03
8.154807966413939084e+02 1.122082636464451298e+03
7.684963996711308027e+02 1.076463318645384788e+03
7.199281422485599933e+02 1.029604754067069507e+03
6.730265771176739236e+02 9.843159004593657073e+02
6.310776237723248414e+02 9.433803333866217145e+02
5.952594553519768397e+02 9.077456556181516589e+02
5.639174540132316906e+02 8.759596584776326154e+02
5.344269588744826933e+02 8.457866085378524303e+02
5.045848091329830254e+02 8.153857951841716840e+02
4.739891990897715459e+02 7.844448563688602007e+02
4.441872535058794256e+02 7.542595081766315843e+02
4.167515061364582607e+02 7.261143125180749394e+02
3.922170447726713292e+02 7.004189764627703880e+02
3.698854367501389788e+02 6.765789547720289647e+02
3.484902353625915907e+02 6.535614045742302096e+02
3.274327446227226801e+02 6.308905520364902486e+02
3.071229855601138183e+02 6.088963837263485175e+02
2.881831309865406752e+02 5.880628301015002535e+02
2.708024888143680187e+02 5.685225045390033074e+02
2.545638039712170837e+02 5.499387148109440204e+02
2.390468172974096035e+02 5.319833927705776659e+02
2.242059699653673022e+02 5.146202716582059793e+02
2.102667335299624085e+02 4.980141541163440593e+02
1.972871370843107570e+02 4.821992825474840743e+02
1.851051946862452837e+02 4.670481411980547932e+02
1.735621544307905140e+02 4.524401864157380260e+02
1.626647812940899200e+02 4.383761170952441830e+02
1.524535775755904297e+02 4.248789261240490305e+02
1.428760798687274018e+02 4.119056691955934753e+02
1.338543762219911457e+02 3.993975085837456618e+02
1.253632578374799067e+02 3.873328904009320013e+02
1.173944790664726412e+02 3.757014485186578554e+02
1.099159535604801619e+02 3.644773453933635210e+02
1.028858853774107303e+02 3.536291297936128331e+02
9.628504566104145113e+01 3.431405354123783695e+02
9.009117457234532367e+01 3.329933083993944933e+02
8.428072690903304931e+01 3.231692986827631557e+02
7.883089840619324207e+01 3.136513164837699037e+02
7.372018614832198580e+01 3.044232967972591837e+02
6.892831750689013859e+01 2.954702284661398721e+02
6.443618263612161456e+01 2.867780884989589367e+02
6.022577052314551338e+01 2.783337812369534277e+02
5.628011132000440142e+01 2.701250909517292484e+02
5.258331944777047084e+01 2.621409545181669500e+02
4.912053340067449625e+01 2.543714577456314032e+02
4.587771775293653320e+01 2.468073499157814297e+02
4.284161382298974985e+01 2.394399769680057943e+02
3.999970195891981462e+01 2.322612473753295319e+02
3.734016523446457825e+01 2.252636001064285551e+02
3.485185453728158933e+01 2.184399744987260874e+02
3.252424644255608399e+01 2.117838479241629557e+02
3.034737547136252545e+01 2.052895059175948518e+02
2.831184616345204574e+01 1.989517297275457111e+02
2.640882087564824232e+01 1.927656303825969815e+02
2.462998874286866524e+01 1.867266297085269571e+02
2.296753619497815535e+01 1.808304424238128263e+02
2.141411898469328534e+01 1.750730590619133977e+02
1.996283573513936105e+01 1.694507330724318024e+02
1.860720641695928990e+01 1.639601346512698967e+02
1.734114889092493783e+01 1.585983867473132989e+02
1.615895037468552076e+01 1.533627917619536163e+02
1.505524595291607781e+01 1.482507993234109449e+02
1.402499868183101484e+01 1.432599963128112677e+02
1.306348073341388982e+01 1.383880972749942373e+02
1.216625553239173563e+01 1.336329351981009381e+02
1.132916050211406400e+01 1.289924826130728377e+02
1.054828935092197817e+01 1.244650046323044990e+02
9.819978804327574196e+00 1.200489057845986594e+02
9.140795210326611908e+00 1.157426348410684085e+02
8.507520856549657395e+00 1.115446795986966606e+02
7.917141045825609957e+00 1.074535621774511895e+02
7.366831895097348593e+00 1.034678345483569331e+02
6.853948811805314456e+00 9.958607597427099734e+01
6.376014996745872132e+00 9.580700970800609184e+01
5.930711013802707932e+00 9.212955623548933204e+01
5.515866303294890471e+00 8.855261999207080237e+01
5.129450117876335646e+00 8.507506823532941098e+01
4.769562874585846046e+00 8.169573144310199098e+01
4.434428014432229226e+00 7.841340383900660527e+01
4.122384341780028549e+00 7.522684404182831486e+01
3.831878793790365556e+00 7.213480644854598722e+01
3.561459519007172503e+00 6.913623947454020424e+01
3.309769646827520617e+00 6.623012117194883785e+01
3.075541383459283296e+00 6.341533981352436911e+01
2.857590368752527699e+00 6.069069914607231908e+01
2.654810374230013093e+00 5.805492433495593474e+01
2.466168323402873952e+00 5.550666783950778438e+01
2.290699615042261605e+00 5.304451589150456670e+01
