1.965509819276483540e+04 1.948587637847364022e+04
1.993858060128794750e+04 1.976218245322305302e+04
2.021736751774748700e+04 2.003359084633580278e+04
2.049087753158024498e+04 2.029952259164190036e+04
2.075849236820796796e+04 2.055936512785372906e+04
2.101957868215737108e+04 2.081249210641066384e+04
2.127348915288738135e+04 2.105826426905304106e+04
2.151953970025891613e+04 2.129600710262388384e+04
2.175702496142296513e+04 2.152502615008092107e+04
2.198523251649873782e+04 2.174462107932312210e+04
2.220342585610803144e+04 2.195406950808519468e+04
2.241083715848763313e+04 2.215262024317232499e+04
2.260669560980944152e+04 2.233952052368585646e+04
2.279022537089909383e+04 2.251401420542071719e+04
2.296062010860408554e+04 2.267531755615144357e+04
2.311707031754489435e+04 2.282264553438376242e+04
2.325877668873158837e+04 2.295522470570814403e+04
2.338492962246044772e+04 2.307227400102423417e+04
2.349471336403540772e+04 2.317300881720121470e+04
2.358733433034531481e+04 2.325666799824591726e+04
2.366201847265524702e+04 2.332251162609765743e+04
2.371799785480295395e+04 2.336980878814661992e+04
2.375453709566236284e+04 2.339786235601458247e+04
2.377094357052709529e+04 2.340601873837962194e+04
2.376656872730515533e+04 2.339367030052326299e+04
2.374081495134615034e+04 2.336026151197609579e+04
2.369314390416270544e+04 2.330529608060686951e+04
2.362309592566509309e+04 2.322835653530206037e+04
2.353030984735156017e+04 2.312912421555906622e+04
2.341450147648793063e+04 2.300735650915490623e+04
2.327547613032162553e+04 2.286289893851364832e+04
2.311320828435585645e+04 2.269576449297220097e+04
2.292779267280940985e+04 2.250608423770576701e+04
2.271940821401094581e+04 2.229407084500816927e+04
2.248842373977369789e+04 2.206012335421486932e+04
2.223543355807207263e+04 2.180486203882230984e+04
2.196111255445975621e+04 2.152898402001206705e+04
2.166626864564227071e+04 2.123331513202056522e+04
2.135207548050208425e+04 2.091904066386012710e+04
2.101983046328169439e+04 2.058746460156725516e+04
2.067086707566073892e+04 2.023992251751671574e+04
2.030680275776140843e+04 1.987802868001068782e+04
1.992949162351572522e+04 1.950362866562053750e+04
1.954075608305145579e+04 1.911853185358026531e+04
1.914259204960463831e+04 1.872471645049786093e+04
1.873757989514286601e+04 1.832473949087683650e+04
1.832827708028625784e+04 1.792113094844888838e+04
1.791706547846341346e+04 1.751624315481280428e+04
1.750601552704520509e+04 1.711212722508994193e+04
1.709695254990945250e+04 1.671059420197767759e+04
1.669156059085653396e+04 1.631331096630124739e+04
1.629201889934915744e+04 1.592243712944674007e+04
1.590154140855229525e+04 1.554116516344530828e+04
1.552317347677967336e+04 1.517251873760717172e+04
1.515951738405474498e+04 1.481908551335241100e+04
1.481195308486599424e+04 1.448227167391735929e+04
1.448130930729079228e+04 1.416294797765393196e+04
1.416827007508218048e+04 1.386184137303964417e+04
1.387244555676931122e+04 1.357863193499916088e+04
1.359252934569544959e+04 1.331210541908699088e+04
1.332724009708309677e+04 1.306106941941331934e+04
1.307471014766413464e+04 1.282375172789006865e+04
1.283254924154348191e+04 1.259786032743863325e+04
1.259843012893003470e+04 1.238115509058461430e+04
1.236951218300630353e+04 1.217086328487048559e+04
1.214279644726008519e+04 1.196403280935373914e+04
1.191510858316333542e+04 1.175750005441406029e+04
1.168259849676331578e+04 1.154736300928119817e+04
1.144151184550555081e+04 1.132976973650672880e+04
1.118773799688557665e+04 1.110041486531244300e+04
1.091731650092589916e+04 1.085507377311397613e+04
1.062710130199507148e+04 1.059026880829626134e+04
1.031480314701922180e+04 1.030332580505770238e+04
9.979989565410978685e+03 9.993448381833679377e+03
9.624136641099341432e+03 9.661797152256614936e+03
9.250664565318507812e+03 9.311587850986745252e+03
8.864720919015227992e+03 8.947894885272226020e+03
8.472652950631803833e+03 8.577131069718858271e+03
8.081371782503137183e+03 8.206388714708928092e+03
7.698021225999934359e+03 7.843093291930484156e+03
7.329482222290070240e+03 7.494469780423611155e+03
6.982515983117710675e+03 7.167685261924038059e+03
6.662822057455586219e+03 6.868869686830301362e+03
6.375183920687351929e+03 6.603245866153660245e+03
6.122282838947314303e+03 6.373914187013083392e+03
5.904031041067296428e+03 6.181101281147425652e+03
5.717166426303167100e+03 6.021703620373228659e+03
5.555429227237366831e+03 5.889375583039236517e+03
5.410065878286213774e+03 5.774940466007733448e+03
5.271319927464835018e+03 5.667881620645996918e+03
5.129257889872578744e+03 5.557143884769156102e+03
4.975253376219928214e+03 5.432771755874579867e+03
4.802905123095265481e+03 5.287018490396135348e+03
4.609340174790718265e+03 5.115994401274562733e+03
4.395936433876779120e+03 4.920710849930540462e+03
4.167960202602604113e+03 4.706811689264736742e+03
3.933751840082247782e+03 4.483707930668216250e+03
3.703504312033339374e+03 4.263117043931432818e+03
3.487998762932041700e+03 4.057508283117916562e+03
3.296710949517466815e+03 3.877886045904903767e+03
3.135244607203479518e+03 3.730868759699696511e+03
3.003215053055293993e+03 3.616281926321159062e+03
2.894376714088787139e+03 3.527241232036437850e+03
2.799186554366446217e+03 3.452926281660718814e+03
2.707313528590327223e+03 3.381302872577926337e+03
2.608887659347405588e+03 3.300514041990325040e+03
2.496582471657695351e+03 3.201469157193420415e+03
2.369151662608945117e+03 3.082375975239397121e+03
2.232539263457445031e+03 2.950321589829259210e+03
2.096484181835886830e+03 2.817134816075970321e+03
1.970424450188719447e+03 2.694260945862538847e+03
1.861265259007287113e+03 2.590007376616961210e+03
1.771183032082843965e+03 2.506997329634818925e+03
1.696254924935497911e+03 2.440612235316231818e+03
1.628544728615484473e+03 2.381420718506722551e+03
1.559388361002151669e+03 2.319005571510806931e+03
1.483110527256138994e+03 2.246486995399583520e+03
1.400156649558012532e+03 2.164469012552540789e+03
1.316215820462452257e+03 2.079968504074381144e+03
1.237906049309984155e+03 2.001025986099481088e+03
1.169766126304460613e+03 1.933029438877056464e+03
1.111921552646732607e+03 1.876049650346397812e+03
1.059862982691643083e+03 1.824727071932793706e+03
1.008175265295127815e+03 1.772718668633300922e+03
9.539911479727627466e+02 1.716766372988743115e+03
8.984421876223885874e+02 1.658348980793106875e+03
8.454837604462197760e+02 1.602148180055794683e+03
7.980418921380747861e+02 1.551492608596477794e+03
7.559333853129069212e+02 1.506096954549647535e+03
7.166238320508919060e+02 1.463092913388677744e+03
6.775467638215664010e+02 1.419697977796500709e+03
6.384603608585035772e+02 1.375763000074415913e+03
6.011102278231969649e+02 1.333247620849894474e+03
5.669083916308526341e+02 1.293637672727149038e+03
5.355653260369667805e+02 1.256584744831763828e+03
5.056732141611811926e+02 1.220647551192804485e+03
4.765057974900030899e+02 1.185151137851985823e+03
4.485434435150848458e+02 1.150617155790647757e+03
4.225117306325915365e+02 1.117740904814285386e+03
3.982682272665260825e+02 1.086365259432470793e+03
3.751973414200655839e+02 1.055930404068172493e+03
3.530836942916812973e+02 1.026268457744166199e+03
3.322035331446952000e+02 9.976247993954322055e+02
3.126549110440644768e+02 9.700678326322978364e+02
2.941890851901623591e+02 9.433888038794069644e+02
2.766426054292728622e+02 9.174629070528089869e+02
2.600790089979735740e+02 8.923336541569484552e+02
2.445017657360753276e+02 8.679904411954297530e+02
2.298129519620827637e+02 8.443586734354944383e+02
2.159453896282077494e+02 8.213843912877640605e+02
2.028589989460485299e+02 7.990279481819745797e+02
1.905161255035570491e+02 7.772530360488808583e+02
1.788803101432291101e+02 7.560259476603806661e+02
1.679163123152819708e+02 7.353154264478546338e+02
1.575901255884334944e+02 7.150925278951948485e+02
1.478689453417652544e+02 6.953303781584440912e+02
1.387202818171959109e+02 6.760014721429022302e+02
1.301122128406521483e+02 6.570778416295829629e+02
1.220144412739435182e+02 6.385338540296949077e+02
1.143982651009111038e+02 6.203462239867752714e+02
1.072364996290268664e+02 6.024938959133572780e+02
1.005034031283384479e+02 5.849579343617365339e+02
9.417460586200584771e+01 5.677214217580941522e+02
8.822711125820215727e+01 5.507699115622893942e+02
8.263932727920989407e+01 5.340922266226973534e+02
7.739080786210493557e+01 5.176789349202166477e+02
7.246216561900946829e+01 5.015219852351272039e+02
6.783502496630549672e+01 4.856146340462110516e+02
6.349197672393547975e+01 4.699513736846114398e+02
5.941653418694231448e+01 4.545278613602160931e+02
5.559308564083223558e+01 4.393413358054449986e+02
5.200681868355822957e+01 4.243940972232916806e+02
4.864371230664377066e+01 4.096908103868206581e+02
4.549052170671547657e+01 3.952361450052483178e+02
4.253473936857505322e+01 3.810347250859022665e+02
3.976455763781754627e+01 3.670910977656465093e+02
3.716883293107433417e+01 3.534097028774862679e+02
3.473705153435033566e+01 3.399949032839251117e+02
3.245929705574273783e+01 3.268533964945312960e+02
3.032621923529194419e+01 3.139945736792457751e+02
2.832900399066183539e+01 3.014269250195208087e+02
2.645934503002429850e+01 2.891578040558168823e+02
2.470941680580247990e+01 2.771934615593030458e+02
2.307184874555672849e+01 2.655390821929111667e+02
2.153970071166652644e+01 2.541988236162974601e+02
2.010643862939545912e+01 2.431762500083494274e+02
1.876590990914866452e+01 2.324753563756379720e+02
1.751232606112338885e+01 2.220992491928564334e+02
1.634024344441712628e+01 2.120498259511751939e+02
1.524454397300750408e+01 2.023278517731256443e+02
1.422041680847553735e+01 1.929330363317414196e+02
1.326334099577275971e+01 1.838641105427157072e+02
1.236906890151026772e+01 1.751189109322503725e+02
1.153360958117314716e+01 1.666945450216604456e+02
1.075321472254861632e+01 1.585874100779075491e+02
1.002436551184691105e+01 1.507931895131457054e+02
9.343759314864145793e+00 1.433069239281715284e+02
8.708297061878388590e+00 1.361230810747240696e+02
8.115071318797060229e+00 1.292356230359806943e+02
7.561355006984320504e+00 1.226380698268095699e+02
