1.753682372572549139e+04 1.744803410557245661e+04
1.772432332826829952e+04 1.763208366128586567e+04
1.790521690361025685e+04 1.780944482932107348e+04
1.807899486945083481e+04 1.797961012571156607e+04
1.824512234376036940e+04 1.814204815144019449e+04
1.840306153206462477e+04 1.829622513122684541e+04
1.855226897403446856e+04 1.844160213323156495e+04
1.869217723022808059e+04 1.857761683690273640e+04
1.882221531565853365e+04 1.870370393654582585e+04
1.894181652607028809e+04 1.881930298247081009e+04
1.905039401661350348e+04 1.892383444169690119e+04
1.914734505794797587e+04 1.901670395193732838e+04
1.923207852161374467e+04 1.909732938434505195e+04
1.930400815811101347e+04 1.916513435177388601e+04
1.936253350097667862e+04 1.921952964109598543e+04
1.940706962499885776e+04 1.925994234923625118e+04
1.943705448888428145e+04 1.928582313420282662e+04
1.945192377427110478e+04 1.929662196622270130e+04
1.945112492562475018e+04 1.929180181781112333e+04
1.943414204942117794e+04 1.927086283712951263e+04
1.940048967970768354e+04 1.923333672240152373e+04
1.934970424403438301e+04 1.917877893393287013e+04
1.928136923821409800e+04 1.910679245185808031e+04
1.919512198082029499e+04 1.901703445318992090e+04
1.909065255845427600e+04 1.890921685575243464e+04
1.896771102820884698e+04 1.878311233214776075e+04
1.882611448394453328e+04 1.863856025253100961e+04
1.866576739001293026e+04 1.847548823037568945e+04
1.848667387564849196e+04 1.829392496903918072e+04
1.828891476259404953e+04 1.809397494009060028e+04
1.807266243325358300e+04 1.787583333219105771e+04
1.783825283339835005e+04 1.763986011414961467e+04
1.758612483463745230e+04 1.738651710008674127e+04
1.731679135126466645e+04 1.711633783915120875e+04
1.703095077334172674e+04 1.683004051456010711e+04
1.672949389638674984e+04 1.652853468547957527e+04
1.641336364008201417e+04 1.621277872130599280e+04
1.608361196296451999e+04 1.588383687006394393e+04
1.574159333554612022e+04 1.554307368011470317e+04
1.538872707457627257e+04 1.519191480238234180e+04
1.502643400595139246e+04 1.483178319004635159e+04
1.465642012510948553e+04 1.446438157549539574e+04
1.428058783292537373e+04 1.409160403484239396e+04
1.390074851221928475e+04 1.371525000680447738e+04
1.351875155610903130e+04 1.333715200865270890e+04
1.313671850473862287e+04 1.295940725019683487e+04
1.275666203543605661e+04 1.258400161944908359e+04
1.238045294337601808e+04 1.221277682844717856e+04
1.201025585008382404e+04 1.184785341881436216e+04
1.164829026741673079e+04 1.149139997409573152e+04
1.129651288182637654e+04 1.114532605202657760e+04
1.095647648799761737e+04 1.081114096083653931e+04
1.062921678298899315e+04 1.048984008157465541e+04
1.031557628869829205e+04 1.018223025539394257e+04
1.001637252503168020e+04 9.889092373473775297e+03
9.733117243237802541e+03 9.611864510651801538e+03
9.467487607934717744e+03 9.352142040176442606e+03
9.220870113655959358e+03 9.111243946831216817e+03
8.992593721183491652e+03 8.888488029178144643e+03
8.780148061125779350e+03 8.681400404406969756e+03
8.581165768966338874e+03 8.487648116943113564e+03
8.393549277897067441e+03 8.305169353877501635e+03
8.215441986063227887e+03 8.132144721365936675e+03
8.045054267142800200e+03 7.966821541787289789e+03
7.879936870547431681e+03 7.806820886895047806e+03
7.717380610754597001e+03 7.649516058373641499e+03
7.554552947328304981e+03 7.492167740385782963e+03
7.388011083054097071e+03 7.331467828743292557e+03
7.214442221566057015e+03 7.164230743132185125e+03
7.030396353246077524e+03 6.987163573149906370e+03
6.832664909244701448e+03 6.797204498153902023e+03
6.619148192444042252e+03 6.592371258593307175e+03
6.388826576346829825e+03 6.371724601120163243e+03
6.142174523848877470e+03 6.135756702205347210e+03
5.881205814781489607e+03 5.886439853867467718e+03
5.609298241051447803e+03 5.627037833393203982e+03
5.331014933571250367e+03 5.361944786868880328e+03
5.051444368112123811e+03 5.096031272151233679e+03
4.775819339361801212e+03 4.834293543040847908e+03
4.509491770790492410e+03 4.581813147904708785e+03
4.257558194967720738e+03 4.343408425964931666e+03
4.025069331300366230e+03 4.123802029197732736e+03
3.815996190476838365e+03 3.926709728962473946e+03
3.633194982813743081e+03 3.754722060676698675e+03
3.477654168845444019e+03 3.608694264167678739e+03
3.347846428835061488e+03 3.487077415670807568e+03
3.240120509048356325e+03 3.386354660390608387e+03
3.148857682839625795e+03 3.301164737594503549e+03
3.067200922174250991e+03 3.225020726455913518e+03
2.987909504933408698e+03 3.151087878049445862e+03
2.903910443906599994e+03 3.072715247698287385e+03
2.809354735781471391e+03 2.984418786887419628e+03
2.700333457939364962e+03 2.882546036741755415e+03
2.575833635385105481e+03 2.766188549097206305e+03
2.437871727332144928e+03 2.637293482721666351e+03
2.291015725337409549e+03 2.500197122722756831e+03
2.141787099383014265e+03 2.361048344301738780e+03
1.998033406627229397e+03 2.227184982340160786e+03
1.867679214743663351e+03 2.105936205617807900e+03
1.756600188436806093e+03 2.002665733817086220e+03
1.666789958672645298e+03 1.919109270997578733e+03
1.595993476254309371e+03 1.853080825503176357e+03
1.539079666694468415e+03 1.799781920462439757e+03
1.489549846705443997e+03 1.753197714916442465e+03
1.440062017302560207e+03 1.706570245398062070e+03
1.383599761788589149e+03 1.653469109484184855e+03
1.316353605339347496e+03 1.590441348355542004e+03
1.239655733323092363e+03 1.518777145027028837e+03
1.158623489669009359e+03 1.443225711831394165e+03
1.079708916376836669e+03 1.369698870686054988e+03
1.009008817648125387e+03 1.303700505235308356e+03
9.504251025627539775e+02 1.248672213305299692e+03
9.039292126041068514e+02 1.204490643476734931e+03
8.658568091896382839e+02 1.167798223400843654e+03
8.305936217257200269e+02 1.133545887321404507e+03
7.926193271325466867e+02 1.096821182893520017e+03
7.494809192498913717e+02 1.055489430294476733e+03
7.028690695622942712e+02 1.011112591717895612e+03
6.566404607922547711e+02 9.671352888445514964e+02
6.149283476298580808e+02 9.271706834092470899e+02
5.800288695346457644e+02 8.931604904574915054e+02
5.508042597507258051e+02 8.640499699436448964e+02
5.240424170811738804e+02 8.370317549330633256e+02
4.966429654284666526e+02 8.094496644019380938e+02
4.674433556238503229e+02 7.803477024944456844e+02
4.379654626269267510e+02 7.510536379142045007e+02
4.106319415414791365e+02 7.236109186620087712e+02
3.866957885142563214e+02 6.990328336962528510e+02
3.655872429888211741e+02 6.768060094988528590e+02
3.455316748090538681e+02 6.554526240552073659e+02
3.253134636583420161e+02 6.339914802600551411e+02
3.052495934685766770e+02 6.126980988295521229e+02
2.864346835513515543e+02 5.924512183661228164e+02
2.694640204916799462e+02 5.737030369898470781e+02
2.538725290073230099e+02 5.560672616739088880e+02
2.388831459732804774e+02 5.389349507502724919e+02
2.242589496716775557e+02 5.221301725111276255e+02
2.104260049371069670e+02 5.059764542998292995e+02
1.976638462177458564e+02 4.906720706953984745e+02
1.857777510416166820e+02 4.760613660937393661e+02
1.744364092000077164e+02 4.618991938150435885e+02
1.636242784307418674e+02 4.481737502366904096e+02
1.534988426001303594e+02 4.349910288314942477e+02
1.440466203125601226e+02 4.223336976027335368e+02
1.351220359207193837e+02 4.100972276167133828e+02
1.266737748925122418e+02 3.982441549517125736e+02
1.187433030821382260e+02 3.867970638046406293e+02
1.113084479806527156e+02 3.757359928182338535e+02
1.043167876991184357e+02 3.650241896229370013e+02
9.773676377005801896e+01 3.546377267112165441e+02
9.154751940442800162e+01 3.445595580817716836e+02
8.572891093592369316e+01 3.347737416120335183e+02
8.026151519548135127e+01 3.252653691325315322e+02
7.512663663087289478e+01 3.160205041140853268e+02
7.030631009111324659e+01 3.070261238570394653e+02
6.578328085928467317e+01 2.982700578308324566e+02
6.154052461738346835e+01 2.897407279002961786e+02
5.756134608278282627e+01 2.814271083909189883e+02
5.382997856397125247e+01 2.733189334124407992e+02
5.033156401446081674e+01 2.654066666792368210e+02
4.705210247931309908e+01 2.576814605908929252e+02
4.397840426809605674e+01 2.501351179090705159e+02
4.109804471076056842e+01 2.427600557828835122e+02
3.839935116337726129e+01 2.355494269644136409e+02
3.587143613150622201e+01 2.284975153402685919e+02
3.350404555665708983e+01 2.215991786004589414e+02
3.128749555706423990e+01 2.148496610505645492e+02
2.921264435072325938e+01 2.082445717910991902e+02
2.727086527651268710e+01 2.017798638267206570e+02
2.545402089317529359e+01 1.954518140232958103e+02
2.375443704522718846e+01 1.892570191682816301e+02
2.216486116556065866e+01 1.831926414367268592e+02
2.067844778446766441e+01 1.772563162030169224e+02
1.928875568946030228e+01 1.714458697053005380e+02
1.798972625251924029e+01 1.657592965224440889e+02
1.677566217980578500e+01 1.601947468992912604e+02
1.564120733326765489e+01 1.547505144469029688e+02
1.458132757833485194e+01 1.494250242711426324e+02
1.359129340090554727e+01 1.442169538603749572e+02
1.266666395090325103e+01 1.391254672332495659e+02
1.180326824600154367e+01 1.341498256151308510e+02
1.099718929876259033e+01 1.292892965046501104e+02
1.024474958441593309e+01 1.245431482936600673e+02
9.542497268898076257e+00 1.199106451478909889e+02
8.887193162710575578e+00 1.153910421538944888e+02
8.275798232508007501e+00 1.109836107198850073e+02
7.705460394223608844e+00 1.066879867095529448e+02
7.173504471692264239e+00 1.025039849298806303e+02
6.677423058863472427e+00 9.843129694702149379e+01
6.214866529980272780e+00 9.446948831870787444e+01
5.783633579620836684e+00 9.061800251412346086e+01
5.381662294304406124e+00 8.687616501417952009e+01
5.007021728007295280e+00 8.324318807577658674e+01
4.657903825640421935e+00 7.971832746264753666e+01
4.332615802430334284e+00 7.630106288965929195e+01
4.029573413527855585e+00 7.299073860580077167e+01
3.747294331434559034e+00 6.978651571346136961e+01
3.484391857102886014e+00 6.668738450828290354e+01
3.239568998529936739e+00 6.369217669139957394e+01
3.011612896919700244e+00 6.079957741118769121e+01
