2.634507142138930431e+04 2.612397576336499696e+04
2.666719119812111603e+04 2.643738391557684372e+04
2.698098795942669312e+04 2.674227352461594637e+04
2.728567761794897888e+04 2.703786731113832138e+04
2.758042707030817473e+04 2.732334362538078494e+04
2.786437833581136510e+04 2.759785862315738632e+04
2.813666546367486444e+04 2.786056181838264456e+04
2.839638856444821795e+04 2.811057075435964725e+04
2.864260598554655007e+04 2.834696345781923810e+04
2.887437300193441115e+04 2.856881637362531546e+04
2.909073758081755295e+04 2.877520053954760078e+04
2.929070410800171521e+04 2.896514715222067389e+04
2.947327184944307373e+04 2.913768445994334979e+04
2.963745265725648642e+04 2.929185480998035564e+04
2.978223760843819400e+04 2.942668293063460806e+04
2.990660077168951102e+04 2.954117971383693657e+04
3.000954319777577984e+04 2.963438438236236834e+04
3.009008655985207224e+04 2.970535869158215064e+04
3.014724362618381201e+04 2.975315926400873650e+04
3.018006344421881295e+04 2.977688043523977103e+04
3.018764751263888320e+04 2.977566971670967905e+04
3.016913362086515554e+04 2.974871342468067814e+04
3.012370853949735465e+04 2.969524860662783976e+04
3.005063420267289985e+04 2.961458722239209601e+04
2.994925721106679703e+04 2.950612610625143134e+04
2.981901863994772066e+04 2.936935776070717475e+04
2.965945685169848366e+04 2.920387081345750994e+04
2.947021924330957336e+04 2.900936108668517045e+04
2.925112566223916292e+04 2.878569571896137495e+04
2.900214545909638764e+04 2.853288912730219454e+04
2.872336356168723796e+04 2.825106783382082358e+04
2.841506395989845259e+04 2.794055369853836964e+04
2.807780466556315878e+04 2.760193851694403565e+04
2.771227019861944427e+04 2.723593565995116660e+04
2.731929167825875629e+04 2.684339972968061920e+04
2.690010117956525210e+04 2.642558014730642390e+04
2.645614156088731033e+04 2.598393080574085980e+04
2.598892243941309061e+04 2.551996610957112716e+04
2.550027819852440007e+04 2.503551871298802143e+04
2.499246394959003010e+04 2.453283518287821789e+04
2.446774463024704528e+04 2.401416547085001002e+04
2.392847352197949658e+04 2.348184180487246340e+04
2.337761232917608868e+04 2.293879909777302964e+04
2.281820805641733750e+04 2.238805207343130314e+04
2.225315175043930867e+04 2.183245481857031700e+04
2.168553974890184327e+04 2.127506614274258754e+04
2.111867131140042329e+04 2.071914809812531894e+04
2.055559315926209820e+04 2.016770754299441978e+04
1.999921428367786575e+04 1.962361363876189716e+04
1.945269923885509343e+04 1.908999739211707856e+04
1.891900900306059702e+04 1.856978800637599488e+04
1.840080392127088999e+04 1.806561563351565565e+04
1.790101747753391101e+04 1.758039058493578705e+04
1.742273386246672817e+04 1.711718231035479766e+04
1.696867579158451554e+04 1.667870591151362532e+04
1.654035063576331231e+04 1.626648691013277130e+04
1.613739170544542321e+04 1.588021487231131141e+04
1.575924049916231888e+04 1.551939248810239042e+04
1.540479402730394759e+04 1.518299058532633535e+04
1.507191152583549956e+04 1.486896231975537194e+04
1.475845809940280014e+04 1.457526431742775094e+04
1.446162605419092142e+04 1.429918265991509179e+04
1.417792939859620856e+04 1.403732186864832875e+04
1.390387462215997402e+04 1.378626106031633208e+04
1.363506778515987389e+04 1.354164943667121224e+04
1.336701874358446730e+04 1.329900553968460372e+04
1.309463363135755935e+04 1.305318343421257123e+04
1.281235580199842661e+04 1.279850359543796367e+04
1.251481118369174146e+04 1.252939440467123313e+04
1.219669506612858459e+04 1.224026057114743344e+04
1.185378421019115376e+04 1.192653123179479553e+04
1.148352451107336856e+04 1.158526970235966837e+04
1.108522110684763538e+04 1.121540714096011652e+04
1.066089839820227098e+04 1.081867419496133334e+04
1.021466676373815426e+04 1.039898100737160166e+04
9.752907357579859308e+03 9.962654482277710486e+03
9.283361111797701597e+03 9.517504880736536506e+03
8.814581521554227947e+03 9.072267000386475047e+03
8.355948668626702784e+03 8.636587542862358532e+03
7.916213719919813229e+03 8.219538968785127508e+03
7.504258971941935670e+03 7.830325437627918291e+03
7.127679269628973088e+03 7.476905933884710976e+03
6.792371033694840662e+03 7.165466757330395922e+03
6.501605835552993994e+03 6.899580816522308851e+03
6.254957363978554895e+03 6.679015520462208769e+03
6.048236707059300898e+03 6.499702099506424929e+03
5.873824638874960328e+03 6.353974125773511332e+03
5.721063366356579536e+03 6.230896587062313301e+03
5.577977763562222208e+03 6.117929908186843022e+03
5.432046890571033146e+03 6.001663516334462656e+03
5.271897939899470657e+03 5.869590983005495218e+03
5.088877845298496140e+03 5.711886389194905860e+03
4.878498365781785651e+03 5.523129830275262975e+03
4.641684227670565633e+03 5.303898419052407007e+03
4.384589615423472424e+03 5.060700268120725013e+03
4.117651289629307939e+03 4.804946646684330517e+03
3.854208726037747965e+03 4.551344367447750301e+03
3.608576298639381548e+03 4.315641794611160549e+03
3.393116070556669456e+03 4.111342756142950748e+03
3.214732349275479464e+03 3.945957204583027305e+03
3.072928250967422628e+03 3.819025741498266143e+03
2.960667538262470771e+03 3.723080701650234005e+03
2.866773897079078324e+03 3.646128525161292600e+03
2.777831683820844773e+03 3.573525692847450500e+03
2.680131434923052439e+03 3.489993675257817358e+03
2.563703613481452521e+03 3.384191878840935260e+03
2.426875482666099288e+03 3.254099708263275716e+03
2.276732615618502223e+03 3.107722840216899840e+03
2.125268723144985870e+03 2.958645334695865586e+03
1.985261515816304836e+03 2.821156802843545847e+03
1.866629636113183096e+03 2.706120377286514668e+03
1.772579943006648364e+03 2.616899987320397486e+03
1.698284204628960197e+03 2.548137902777063118e+03
1.633374995234343487e+03 2.488504197621581625e+03
1.566047528708181744e+03 2.425072440598984031e+03
1.488196396243133677e+03 2.348982935010610618e+03
1.400160429773851547e+03 2.260773413754844114e+03
1.309085858449898751e+03 2.168491535945368469e+03
1.224343728446821160e+03 2.082405597120955008e+03
1.152916430628431044e+03 2.009888602998237275e+03
1.095114459744608666e+03 1.951061687372394317e+03
1.044893138514402608e+03 1.899412777974044047e+03
9.945109326557453642e+02 1.846812177024862876e+03
9.393629715306917660e+02 1.788584374467641283e+03
8.810025840439122931e+02 1.726564136849704710e+03
8.251652118029975327e+02 1.666773915141805446e+03
7.764142505079475995e+02 1.613767897697271337e+03
7.349201107761224421e+02 1.567548387585048204e+03
6.968254362115710592e+02 1.524216919078097817e+03
6.580658724908049635e+02 1.479867187597936208e+03
6.181287349596648255e+02 1.434152651340106559e+03
5.797466365684404082e+02 1.389752680116406054e+03
5.454066591055310482e+02 1.348929316057921142e+03
5.147968844213337434e+02 1.311294432105284613e+03
4.856203125789343176e+02 1.274765996814188838e+03
4.565283648666783733e+02 1.238225928736346532e+03
4.284086968601658327e+02 1.202493214849291917e+03
4.025990988532302026e+02 1.168664243356420911e+03
3.789921924241759257e+02 1.136593737441796520e+03
3.564687628101582391e+02 1.105382371240436214e+03
3.346349425069995505e+02 1.074754072508234003e+03
3.140672775278990798e+02 1.045142719224960047e+03
2.950499592086619032e+02 1.016722202579937175e+03
2.771450624288762583e+02 9.891662209590821249e+02
2.600381554649467262e+02 9.622651261627875101e+02
2.439203735429636026e+02 9.361355803566539180e+02
2.288781330857813714e+02 9.108091143024925032e+02
2.147252605137003911e+02 8.861652518337157289e+02
2.013651968964758510e+02 8.621336153264054474e+02
1.887686459024282328e+02 8.386832523620272468e+02
1.769062241377079943e+02 8.157858614251330209e+02
1.657478086653855200e+02 7.934151187049020564e+02
1.552627325809589536e+02 7.715464794936174258e+02
1.454164619271660683e+02 7.501539392830011366e+02
1.361711176091933453e+02 7.292095831297577888e+02
1.274907807286002992e+02 7.086876401384665769e+02
1.193416892914366514e+02 6.885646334523327141e+02
1.116921044883780496e+02 6.688192646280266445e+02
1.045121856906331743e+02 6.494323051844086194e+02
9.777387357840690640e+01 6.303864943948635755e+02
9.145097714181282811e+01 6.116670616978907447e+02
8.551946712072279411e+01 5.932630442054854711e+02
7.995670934781621497e+01 5.751652865065665310e+02
7.474124228659279368e+01 5.573658667402082756e+02
6.985272757257727960e+01 5.398580281741134286e+02
6.527190170299105887e+01 5.226361120811729961e+02
6.098052893393668938e+01 5.056954916425262923e+02
5.696134521341581092e+01 4.890327755031798915e+02
5.319791935442369635e+01 4.726483564135664324e+02
4.967468202475802030e+01 4.565448050280529628e+02
4.637695769234749577e+01 4.407248327341302456e+02
4.329091825999991983e+01 4.251912272808053785e+02
4.040353774913975826e+01 4.099468194727502919e+02
3.770254914665725465e+01 3.949944505050680164e+02
3.517640344903353622e+01 3.803369685722926761e+02
3.281423848410596378e+01 3.659791576850033152e+02
3.060584398891681701e+01 3.519285872444457937e+02
2.854161191587063229e+01 3.381922124769527613e+02
2.661250233746973137e+01 3.247760588455179800e+02
2.481001236494012119e+01 3.116852446976618580e+02
2.312614657586725642e+01 2.989240060361806286e+02
2.155338889202241859e+01 2.864957232173316584e+02
2.008467433338184094e+01 2.744033350125216089e+02
1.871335878424994092e+01 2.626506858295507527e+02
1.743320154826192336e+01 2.512409916639705045e+02
1.623834449914114941e+01 2.401763049385909028e+02
1.512328996374281331e+01 2.294575825787259760e+02
1.408287978257553519e+01 2.190847547351305877e+02
1.311227549296402017e+01 2.090567935997910354e+02
1.220693954375193613e+01 1.993717975116626633e+02
1.136261702283693786e+01 1.900272898648893829e+02
1.057531919417678878e+01 1.810201863337295549e+02
9.841308200410260554e+00 1.723466355912266010e+02
9.157082070004063823e+00 1.640020843972481543e+02
8.519360546306243620e+00 1.559813474317416251e+02
7.925071713136651042e+00 1.482786747393604116e+02
7.371339374661206811e+00 1.408878164408856151e+02
6.855470854951175141e+00 1.338020591717441334e+02
6.374945543252706237e+00 1.270142621760146113e+02
5.927405017000491938e+00 1.205169711967727295e+02
