1.510752581690861371e+04 1.501530471093522101e+04
1.530567468729135726e+04 1.520958232489600960e+04
1.549921700211453390e+04 1.539914113791119962e+04
1.568767626517728240e+04 1.558350630172702222e+04
1.587056821491245319e+04 1.576219570923221909e+04
1.604739513693135450e+04 1.593471428285439106e+04
1.621763402626248171e+04 1.610054212458836810e+04
1.638075438979441424e+04 1.625915241274163964e+04
1.653622080423229272e+04 1.641001403373125504e+04
1.668347127663158608e+04 1.655257031118925443e+04
1.682192923558815164e+04 1.668625089872505123e+04
1.695102024775546670e+04 1.681048831505181079e+04
1.707016155451156374e+04 1.692470770818586971e+04
1.717875367425141303e+04 1.702831866708854795e+04
1.727620414170550066e+04 1.712073864354246689e+04
1.736192860075477074e+04 1.720139410866450635e+04
1.743533039582287529e+04 1.726970069242061072e+04
1.749582064347070263e+04 1.732508288604454356e+04
1.754283213574940601e+04 1.736698769976165568e+04
1.757580944779108904e+04 1.739487526798910403e+04
1.759420963718801067e+04 1.740821964939352620e+04
1.759752229577120306e+04 1.740652821953277089e+04
1.758527362682531748e+04 1.738934588738298044e+04
1.755702733838926724e+04 1.735625665099892649e+04
1.751239189194576829e+04 1.730689001351699335e+04
1.745102662158134262e+04 1.724092679539898745e+04
1.737266257066413891e+04 1.715812064168789584e+04
1.727710255779671206e+04 1.705829776212385696e+04
1.716420955116808909e+04 1.694134444830686698e+04
1.703393554534648501e+04 1.680723612034682446e+04
1.688636543148293276e+04 1.665608152224912556e+04
1.672165824284317932e+04 1.648806290499648458e+04
1.654004967083222800e+04 1.630343824057138409e+04
1.634196560147831769e+04 1.610265488571800961e+04
1.612795869716699963e+04 1.588628560008393833e+04
1.589863403071677749e+04 1.565495372292186948e+04
1.565475978646443582e+04 1.540944348897352211e+04
1.539733895891031898e+04 1.515077121686136161e+04
1.512741223623881342e+04 1.487998827755803177e+04
1.484608578034987659e+04 1.459820845612270750e+04
1.455479121900114296e+04 1.430686576984850399e+04
1.425504705947580260e+04 1.400747725359810283e+04
1.394832937254356511e+04 1.370151460131444765e+04
1.363628220058654188e+04 1.339061261603913226e+04
1.332072555544723764e+04 1.307657692538262563e+04
1.300337991893408980e+04 1.276111119579712249e+04
1.268598154760168109e+04 1.244593021792362742e+04
1.237064482610234336e+04 1.213311496529346005e+04
1.205941952172223864e+04 1.182467879018679741e+04
1.175414216584731366e+04 1.152242241438142264e+04
1.145616894230635444e+04 1.122767398803020114e+04
1.116647870440294719e+04 1.094139053453185988e+04
1.088593274895333161e+04 1.066441206274893557e+04
1.061569263878679885e+04 1.039786662638783673e+04
1.035778325366482022e+04 1.014371553139707612e+04
1.011416712166832986e+04 9.903857517858114079e+03
9.886221361618738229e+03 9.679621399565903630e+03
9.672855044871052087e+03 9.469935408392138925e+03
9.472189951130467307e+03 9.272963433750426702e+03
9.282484982194306212e+03 9.087005417354295787e+03
9.102078823881663993e+03 8.910447108954931537e+03
8.929410555981681682e+03 8.741774889938402339e+03
8.762790573804260930e+03 8.579353218717798882e+03
8.599898925916222652e+03 8.420943405523683396e+03
8.438409131194630390e+03 8.264300374565171296e+03
8.275639830068830634e+03 8.106841885758649369e+03
8.108619586489629000e+03 7.945708340280878474e+03
7.934404469203610461e+03 7.778065308586616084e+03
7.749770840275098635e+03 7.600813770543704777e+03
7.551844066530610689e+03 7.411183577899145348e+03
7.338489617009467111e+03 7.207126367967509395e+03
7.108313725861393323e+03 6.987298052318100417e+03
6.861698216693311224e+03 6.752075060480269713e+03
6.600145583364659615e+03 6.502906929194900840e+03
6.326902214091837777e+03 6.242929282348448396e+03
6.046026359000977209e+03 5.976054115491174343e+03
5.762540565292981228e+03 5.707117524664603479e+03
5.481585343538513371e+03 5.441061751372720209e+03
5.208426857895671674e+03 5.182940675267878760e+03
4.948219063354163154e+03 4.937674702580869052e+03
4.705806478964381313e+03 4.709882896357799837e+03
4.485212263412550783e+03 4.503376156488916422e+03
4.289662540472439105e+03 4.321192438146777022e+03
4.120222991563191499e+03 4.164304033630578488e+03
3.976214187741231854e+03 4.032014138843941510e+03
3.854061304279993237e+03 3.920878233060978800e+03
3.748602350658904470e+03 3.825934129924491572e+03
3.652904688235348658e+03 3.740532743094569014e+03
3.559679746925083691e+03 3.657664176996845981e+03
3.461787917856137483e+03 3.570430912387218086e+03
3.353225323774998742e+03 3.472998689879537778e+03
3.230040660746115009e+03 3.361489095690902104e+03
3.090979915210728450e+03 3.234624059013573515e+03
2.938023705781448825e+03 3.094280578167216390e+03
2.775878124182024749e+03 2.944995732434063029e+03
2.611216236574892719e+03 2.793219454821617092e+03
2.451854420640634544e+03 2.646493792826224762e+03
2.305767438339283672e+03 2.512470829020805013e+03
2.179300070460530151e+03 2.397185313618180317e+03
2.075063821801144059e+03 2.303079748224150080e+03
1.991100551166751302e+03 2.228241836984052952e+03
1.921920206892594933e+03 2.167406355156571408e+03
1.860382210773916313e+03 2.113734408436590911e+03
1.798880027984895378e+03 2.059913546336127183e+03
1.730314335278656472e+03 1.999079428216746692e+03
1.650450855612884197e+03 1.927115780800988887e+03
1.560298757932087483e+03 1.844995849824950938e+03
1.465433292650992144e+03 1.758129949751042659e+03
1.373011617701281239e+03 1.673432628292051959e+03
1.289550386428277534e+03 1.597136388389445756e+03
1.219298571425523733e+03 1.533241200608231338e+03
1.162420245185845715e+03 1.481840343106624914e+03
1.114821519644774980e+03 1.439008318515974224e+03
1.070302685291859689e+03 1.398843070869715575e+03
1.022924547279753369e+03 1.355700633520731571e+03
9.697976537294235868e+02 1.306857140768910313e+03
9.127464173665497356e+02 1.254093959767506476e+03
8.563476592009405977e+02 1.201784467126927439e+03
8.051469831278275251e+02 1.154205380204921312e+03
7.616911750788178779e+02 1.113690091335999114e+03
7.248185264668919672e+02 1.079099904890166044e+03
6.907318352549600604e+02 1.046881839708684538e+03
6.559031989611675044e+02 1.013778738562088165e+03
6.190542528148971542e+02 9.786510449086297285e+02
5.819042642012567512e+02 9.431240942967840510e+02
5.473708893719799562e+02 9.098706791091035484e+02
5.169072655532854697e+02 8.801750682501752863e+02
4.897763166682610176e+02 8.533348985396019089e+02
4.638953021192328947e+02 8.274766996756204662e+02
4.378198171707474557e+02 8.013389368284168768e+02
4.119496116807462158e+02 7.753037109908715365e+02
3.876526229881291101e+02 7.505720949193232627e+02
3.656164707720801630e+02 7.277177794422451598e+02
3.452732260380201978e+02 7.062339488031557266e+02
3.256464797552944788e+02 6.852942274342964311e+02
3.064809491078482324e+02 6.646992908503382296e+02
2.883145613293191332e+02 6.448990559434033685e+02
2.715004489099814009e+02 6.261705248603470864e+02
2.557788690477072180e+02 6.082931483666479835e+02
2.407351397989914119e+02 5.909381015543762032e+02
2.263608831841267488e+02 5.741023906458276542e+02
2.128663575731980586e+02 5.579432069220005133e+02
2.002316577059317524e+02 5.424372637640265111e+02
1.882653924480329124e+02 5.274391102760932881e+02
1.769081785990084938e+02 5.129044338138838839e+02
1.662209492644303737e+02 4.988718941268944604e+02
1.561740847779508954e+02 4.853150728531057325e+02
1.466997933368422196e+02 4.721849867020824831e+02
1.377608905531270693e+02 4.594517688769534516e+02
1.293317136869872854e+02 4.470935393735883849e+02
1.213873962999604714e+02 4.350898412386450218e+02
1.139038637107073697e+02 4.234215373061160790e+02
1.068578505524864255e+02 4.120707310588746282e+02
1.002269127138255413e+02 4.010206934365384086e+02
9.398931095297419347e+01 3.902556541364644431e+02
8.812327088619909432e+01 3.797598310571029288e+02
8.260770433809734925e+01 3.695180658039049035e+02
7.742265500356677421e+01 3.595162953584012939e+02
7.254924369682214547e+01 3.497414947062426904e+02
6.796961361555950987e+01 3.401816208606247187e+02
6.366687820147924981e+01 3.308255608111913375e+02
5.962507382394926481e+01 3.216630904439740561e+02
5.582919827102267618e+01 3.126851142042039555e+02
5.226516428789884117e+01 3.038836731767561901e+02
4.891962938583258591e+01 2.952515118649689612e+02
4.577995365627585755e+01 2.867820157123434228e+02
4.283416783365429126e+01 2.784691784384532980e+02
4.007094242207141122e+01 2.703075708179868002e+02
3.747955788139859834e+01 2.622923107233947349e+02
3.504986751695540192e+01 2.544191649419578027e+02
3.277224918726504654e+01 2.466848793507840014e+02
3.063761022610185591e+01 2.390867074544119077e+02
2.863736931374704042e+01 2.316222504246879907e+02
2.676343011253710813e+01 2.242894352493578651e+02
2.500815608834129478e+01 2.170864932827729774e+02
2.336434647709994650e+01 2.100119391538393074e+02
2.182521342629282657e+01 2.030646033532490549e+02
2.038436098756060133e+01 1.962442941139132699e+02
1.903576374836315210e+01 1.895514718137895045e+02
1.777374620024403029e+01 1.829866336077996039e+02
1.659296388366578512e+01 1.765502880573487801e+02
1.548838545657563870e+01 1.702429445319915544e+02
1.445527563163554419e+01 1.640651029188753967e+02
1.348917893993826844e+01 1.580172465230244825e+02
1.258590309552576691e+01 1.521002989419654625e+02
1.174150346800649913e+01 1.463160328508440671e+02
1.095227187427437165e+01 1.406660756439125066e+02
1.021472356906179790e+01 1.351517777153142958e+02
9.525584551918464982e+00 1.297742187066438930e+02
8.881779537920195366e+00 1.245342143028038606e+02
8.280420561592105599e+00 1.194323235362773232e+02
7.718796074825553966e+00 1.144689527544090737e+02
7.194360173546298753e+00 1.096448781671562216e+02
6.704723539619249273e+00 1.049607715723690831e+02
6.247644601395801800e+00 1.004169260326446107e+02
5.821020841393674594e+00 9.601327655390920768e+01
5.422880581144807977e+00 9.174942182324021189e+01
5.051375220447341441e+00 8.762464595034764159e+01
4.704771899051846340e+00 8.363794411029954290e+01
4.381446316818874642e+00 7.978816166513378505e+01
