2.514729874325434139e+04 2.491872202024141370e+04
2.547259266970753015e+04 2.523489263818770996e+04
2.579071815902614617e+04 2.554368429361808739e+04
2.610092686722011422e+04 2.584435716546399635e+04
2.640242605582515171e+04 2.613613165232601023e+04
2.669440864037780921e+04 2.641821544950065436e+04
2.697605179205108288e+04 2.668980206262115098e+04
2.724648758126662142e+04 2.695004245686119248e+04
2.750482844476509854e+04 2.719806985675510077e+04
2.775018258621254063e+04 2.743301478315997520e+04
2.798162815679013875e+04 2.765398085423117300e+04
2.819820980305542980e+04 2.786004173165342218e+04
2.839897535448084454e+04 2.805027593031854485e+04
2.858297127680723497e+04 2.822376273292885526e+04
2.874921265607934401e+04 2.837955418399393602e+04
2.889672028980824689e+04 2.851671015620288745e+04
2.902453570267691248e+04 2.863431265301605526e+04
2.913169773211512802e+04 2.873144437437621673e+04
2.921725101456780612e+04 2.880719683421686568e+04
2.928027779446466593e+04 2.886070003287267900e+04
2.931989742108119026e+04 2.889112254427685184e+04
2.933525757946991507e+04 2.889766429306242935e+04
2.932555916375832749e+04 2.887957889629467172e+04
2.929006794293541316e+04 2.883618461612292958e+04
2.922813150863300325e+04 2.876688255002871301e+04
2.913918158897467947e+04 2.867115790949963775e+04
2.902273273114142285e+04 2.854857710925436550e+04
2.887841974700963692e+04 2.839882513255293088e+04
2.870603884411887702e+04 2.822174659273790166e+04
2.850549060572379676e+04 2.801728747548483443e+04
2.827679328820686715e+04 2.778550782514411185e+04
2.802021932250834652e+04 2.752671732757944119e+04
2.773621221219375002e+04 2.724139195620952523e+04
2.742531221689668746e+04 2.693009952674791930e+04
2.708831267516463049e+04 2.659365487313796257e+04
2.672634036330225354e+04 2.623319933920682524e+04
2.634060766108019016e+04 2.584995395818939869e+04
2.593245719147503041e+04 2.544526400469048895e+04
2.550369551484717158e+04 2.502093189328192238e+04
2.505628323144303431e+04 2.457890778705206321e+04
2.459217973078527575e+04 2.412113492760146983e+04
2.411370918917313611e+04 2.364991729414381916e+04
2.362357983192318352e+04 2.316793922859338272e+04
2.312440937923314414e+04 2.267778971393242318e+04
2.261881401117932546e+04 2.218205449833470993e+04
2.210976956679499563e+04 2.168368554312059496e+04
2.160017773932300770e+04 2.118555944416667626e+04
2.109273919335223763e+04 2.069034952719970897e+04
2.059021100226074850e+04 2.020079777868577366e+04
2.009534500192727501e+04 1.971965116066884366e+04
1.961064458286701847e+04 1.924940676260591499e+04
1.913861014192999210e+04 1.879256801483169693e+04
1.868218266966519877e+04 1.835210774695079090e+04
1.824412501875717862e+04 1.793082668896811083e+04
1.782667200933329150e+04 1.753100573308372259e+04
1.743010587407729690e+04 1.715301206829191506e+04
1.705391479408639498e+04 1.679643235345468202e+04
1.669745838085051582e+04 1.646072420817737657e+04
1.635905140288182520e+04 1.614431124011516476e+04
1.603664576409504843e+04 1.584525295252394608e+04
1.572804096757074331e+04 1.556144477503003691e+04
1.543011460282603366e+04 1.528983723133905733e+04
1.513969439459464047e+04 1.502730913137994685e+04
1.485315911799180321e+04 1.477023843548290279e+04
1.456641813703309708e+04 1.451447157691488610e+04
1.427532312565283610e+04 1.425573491991447008e+04
1.397501136707572368e+04 1.398891591946626977e+04
1.366080532500481604e+04 1.370901077959201211e+04
1.332810576597859472e+04 1.341096363249987371e+04
1.297286773743432786e+04 1.309019652844882512e+04
1.259262077632192450e+04 1.274367750855388476e+04
1.218626143114814477e+04 1.236974663812754079e+04
1.175531822719358388e+04 1.196951451880304921e+04
1.130308799397773328e+04 1.154599024615464623e+04
1.083539486727303301e+04 1.110496587554274811e+04
1.035918834753266856e+04 1.065353555847150346e+04
9.882626080435391486e+03 1.020022320556131490e+04
9.414212619788482698e+03 9.754039956977530892e+03
8.962417096989291167e+03 9.324083041158744891e+03
8.535154445486126860e+03 8.918944262527218598e+03
8.139788381433611903e+03 8.546728898907022085e+03
7.781904327091971027e+03 8.213715795758469540e+03
7.465299273164912847e+03 7.924354976459565478e+03
7.190044433180227315e+03 7.679146204316184594e+03
6.953311647509281102e+03 7.475482207266016303e+03
6.748000267760552561e+03 7.306048270664608026e+03
6.564573289855105031e+03 7.160674425903026531e+03
6.391581580110081632e+03 7.026771596378524919e+03
6.217200633281296177e+03 6.890907802208796966e+03
6.030728100565568639e+03 6.740488502945148866e+03
5.823806624845367878e+03 6.565232617316490177e+03
5.592072474186460568e+03 6.359298025898109699e+03
5.336080524370385319e+03 6.122628028305352927e+03
5.061288080169465502e+03 5.861140523886798292e+03
4.777250105881280433e+03 5.585882690554454712e+03
4.496155426475540480e+03 5.311248813960246480e+03
4.231125555723471734e+03 5.052841123197319575e+03
3.993943846608993681e+03 4.824712864220759002e+03
3.792109613028554122e+03 4.635916916518275684e+03
3.626354435998464851e+03 4.487630097646917420e+03
3.490392166948095110e+03 4.372810534327204550e+03
3.373245126501065897e+03 4.278748241855892957e+03
3.262146286264885021e+03 4.190266387115542784e+03
3.144573791155408799e+03 4.092034540821787687e+03
3.010880092553609757e+03 3.971880452652529129e+03
2.858314652011750240e+03 3.826077474964642988e+03
2.692854164177887924e+03 3.661920778595939282e+03
2.526064409443799377e+03 3.493824945600355022e+03
2.370155529826147358e+03 3.336965814436548499e+03
2.234563564077758656e+03 3.202941156115441572e+03
2.123002087543922698e+03 3.096274796441362469e+03
2.031569044412868379e+03 3.012260839804369425e+03
1.950549198511961549e+03 2.939124704549838953e+03
1.868748875439603808e+03 2.863175609479594641e+03
1.778115028885987385e+03 2.774498305871821231e+03
1.678090882364624349e+03 2.672515312456876927e+03
1.575181230544799064e+03 2.565452009893168906e+03
1.478376815204702552e+03 2.464443437059471307e+03
1.394339167453221080e+03 2.377519255558190707e+03
1.324074869950462926e+03 2.305745078456568990e+03
1.262192373620448961e+03 2.242587687898315380e+03
1.201190509803935356e+03 2.179133787379732439e+03
1.136482140475305187e+03 2.110083854927574066e+03
1.068982617542838852e+03 2.036756265887789596e+03
1.003946025070855057e+03 1.965463601575089797e+03
9.459670098265056595e+02 1.901483290307469588e+03
8.954207898303859565e+02 1.845101883962492366e+03
8.489114774500056910e+02 1.792415751737794380e+03
8.024912694855491964e+02 1.739097721857462830e+03
7.553473315616173522e+02 1.684424699903482406e+03
7.098972327274077543e+02 1.631138081106842492e+03
6.685632012068978156e+02 1.581790411146138467e+03
6.312417102793406229e+02 1.536179950592833620e+03
5.958268315141817766e+02 1.492129154884595664e+03
5.609479719148592949e+02 1.448339678833795688e+03
5.272417056943405669e+02 1.405515131056517475e+03
4.960009703960698744e+02 1.364885509905960362e+03
4.671995817470211705e+02 1.326373634552598332e+03
4.398272391333754285e+02 1.289054389069940044e+03
4.134225533509028878e+02 1.252556753204881488e+03
3.884625123423008972e+02 1.217299363089459803e+03
3.652381811223305021e+02 1.183493665953272284e+03
3.433674952469266941e+02 1.150814755146950347e+03
3.225261241330039752e+02 1.119017007274377420e+03
3.028462275777361583e+02 1.088191861600193306e+03
2.844133114385070940e+02 1.058376525118160998e+03
2.670315055974682537e+02 1.029421197434682199e+03
2.506330251964073170e+02 1.001269628710139727e+03
2.351773455239942052e+02 9.738797341369906917e+02
2.206174314608793452e+02 9.472042978177966006e+02
2.069078611644201260e+02 9.211995358945164298e+02
1.940048833236031953e+02 8.958249487534503714e+02
1.818664070309838223e+02 8.710431102515044586e+02
1.704512927515411604e+02 8.468177442416276790e+02
1.597191020046414849e+02 8.231126241815197773e+02
1.496313632251322758e+02 7.998943888220517238e+02
1.401516072081801951e+02 7.771326836922760322e+02
1.312452739833513533e+02 7.548000086704788600e+02
1.228796232897344680e+02 7.328715760984805456e+02
1.150236485608038777e+02 7.113251779516112947e+02
1.076480007999651605e+02 6.901411778516026061e+02
1.007250048476126523e+02 6.693042058350894195e+02
9.422853461251618512e+01 6.488024454363619498e+02
8.813384437149824180e+01 6.286258019598001283e+02
8.241750304826945239e+01 6.087657598693667751e+02
7.705733366953742802e+01 5.892152956733327756e+02
7.203235490293010912e+01 5.699687919987769646e+02
6.732272466065342087e+01 5.510219524687149715e+02
6.290968080063086632e+01 5.323726205096979811e+02
5.877546421706249902e+01 5.140254843591966392e+02
5.490329545646138598e+01 4.959876595558898771e+02
5.127733971350008346e+01 4.782660257019586538e+02
4.788265861128299150e+01 4.608671890888294911e+02
4.470516403879205569e+01 4.437974541711701590e+02
4.173157402442650010e+01 4.270627963609480275e+02
3.894937057989488949e+01 4.106688374478962373e+02
3.634675780664643696e+01 3.946224389249951514e+02
3.391262098274032866e+01 3.789344522502237851e+02
3.163649489889658994e+01 3.636151415641191420e+02
2.950852969876989462e+01 3.486732581293426847e+02
2.751945735803570514e+01 3.341160940245700885e+02
2.566055978986653230e+01 3.199495391935652151e+02
2.392363851269297115e+01 3.061781413229735449e+02
2.230098578033411627e+01 2.928051855323783457e+02
2.078535554039400779e+01 2.798335546995737673e+02
1.936993731252098172e+01 2.672659482734385961e+02
1.804833413069462722e+01 2.551037225109817257e+02
1.681453914824807327e+01 2.433468888481824308e+02
1.566291326006704487e+01 2.319942106340441796e+02
1.458816390126535545e+01 2.210432990547369343e+02
1.358532496847038296e+01 2.104907076842676759e+02
1.264973768876167526e+01 2.003320255232824252e+02
1.177703125646499593e+01 1.905619715579269950e+02
1.096310674994362699e+01 1.811744800128797692e+02
1.020412224496694442e+01 1.721627813583478712e+02
9.496477517811161562e+00 1.635194837003113548e+02
8.836799574409072378e+00 1.552366507086163665e+02
8.221928989758019668e+00 1.473058758260130219e+02
7.648907016421821581e+00 1.397183526247409588e+02
7.114963251139108991e+00 1.324649117415119406e+02
