1.723359735183252997e+04 1.709105043192535959e+04
1.748492431060934177e+04 1.733628265027542147e+04
1.773207189947994630e+04 1.757716128458803723e+04
1.797451710539178748e+04 1.781316454806370166e+04
1.821170399328381245e+04 1.804374035866864506e+04
1.844305453956413476e+04 1.826831636611873910e+04
1.866798066481219576e+04 1.848631105400132583e+04
1.888587318044781568e+04 1.869712288524920950e+04
1.909609368376597195e+04 1.890012237953008662e+04
1.929799555988293650e+04 1.909467288961131635e+04
1.949092405140405026e+04 1.928013083149104932e+04
1.967419540081083687e+04 1.945582579353194524e+04
1.984711474492834168e+04 1.962107784216083019e+04
2.000898900085540663e+04 1.977521000290250595e+04
2.015911420723134142e+04 1.991753629193608504e+04
2.029677267074913470e+04 2.004735913588699259e+04
2.042125590683738847e+04 2.016399142273549296e+04
2.053186561224801699e+04 2.026675763136221576e+04
2.062790113528232905e+04 2.035498231469408711e+04
2.070867724576651744e+04 2.042800691726570585e+04
2.077353433625107937e+04 2.048519951875945480e+04
2.082183983337335303e+04 2.052595697018379360e+04
2.085299233801262017e+04 2.054970896758808522e+04
2.086642899798575309e+04 2.055592440725847700e+04
2.086163675760423575e+04 2.054412266674840066e+04
2.083817490790098236e+04 2.051389661452925429e+04
2.079565988100475079e+04 2.046489647657928435e+04
2.073376657624089785e+04 2.039683074316347484e+04
2.065228560257154459e+04 2.030952334644715665e+04
2.055111580888748358e+04 2.020290582716566860e+04
2.043021974699183193e+04 2.007697236290103319e+04
2.028967201758923693e+04 1.993182764703458452e+04
2.012974716564723349e+04 1.976777403197963940e+04
1.995080321579796873e+04 1.958519522948470694e+04
1.975327322022091903e+04 1.938454764170165072e+04
1.953785102705279132e+04 1.916654457005766744e+04
1.930540764085519186e+04 1.893207268492340881e+04
1.905684964871557167e+04 1.868205121398537813e+04
1.879323573093243249e+04 1.841754782001905187e+04
1.851591042781549913e+04 1.813991143091197591e+04
1.822624566267539922e+04 1.785051474848345970e+04
1.792564901835218188e+04 1.755076257716757755e+04
1.761595938771985675e+04 1.724248569237707852e+04
1.729918037664653093e+04 1.692767507276917968e+04
1.697722409117890857e+04 1.660822706405913777e+04
1.665187609378530396e+04 1.628591369383851088e+04
1.632477447992026464e+04 1.596236525879987857e+04
1.599745198795466604e+04 1.563910461336682965e+04
1.567146718791343665e+04 1.531767787688154021e+04
1.534908197115689472e+04 1.500033193987470804e+04
1.503270038202702926e+04 1.468945369193661281e+04
1.472452120909155929e+04 1.438722398822915966e+04
1.442622706724019190e+04 1.409532459096068123e+04
1.413891672968186322e+04 1.381487575611314423e+04
1.386355885825780206e+04 1.354686770025316400e+04
1.360062872443218293e+04 1.329180765157243150e+04
1.334931843545138690e+04 1.304895230508666100e+04
1.310863500152082270e+04 1.281737595664732544e+04
1.287740427846151761e+04 1.259597288803450283e+04
1.265375965604565317e+04 1.238295606530809346e+04
1.243580011545718844e+04 1.217649975654238915e+04
1.222144284617540143e+04 1.197458818207381046e+04
1.200824097062390501e+04 1.177483116470272762e+04
1.179380058262822058e+04 1.157487623601411360e+04
1.157529640924979140e+04 1.137190839387958840e+04
1.134980873699787116e+04 1.116299010040173198e+04
1.111434139997374041e+04 1.094506490019038574e+04
1.086572464380317433e+04 1.071484848115980822e+04
1.060122985344833978e+04 1.046945851007607052e+04
1.031879098947724924e+04 1.020662220664491724e+04
1.001723329059634489e+04 9.924938337659694298e+03
9.697277385843955926e+03 9.624907876015660804e+03
9.360810910033262189e+03 9.308221540702541461e+03
9.011792338753768490e+03 8.978717558723414186e+03
8.655036355556094350e+03 8.641150266542601457e+03
8.296466020386824312e+03 8.301475441493177641e+03
7.942100223902498328e+03 7.965804794588911136e+03
7.597915175809880566e+03 7.640269587320372921e+03
7.269607990320121644e+03 7.330768464702232450e+03
6.962230885457628574e+03 7.042594462525201379e+03
6.679950719015786490e+03 6.780178987957514437e+03
6.425891725127279642e+03 6.546937783801125988e+03
6.200771563436237557e+03 6.343838585741250427e+03
6.003389705404267261e+03 6.169884182756819428e+03
5.829173695199888243e+03 6.020535589943096056e+03
5.671647661863265967e+03 5.889163497244160681e+03
5.522502171792098125e+03 5.767037116361553672e+03
5.373196024681365088e+03 5.644940909499395275e+03
5.215925848059562668e+03 5.514206709904295167e+03
5.044648248492271705e+03 5.367848557939506463e+03
4.856123575714647814e+03 5.201826178963174243e+03
4.650404540033472585e+03 5.015717884826792215e+03
4.431102107331065781e+03 4.813156090146006136e+03
4.204865203698073856e+03 4.601332837363099316e+03
3.980038084728568265e+03 4.389498009602325510e+03
3.765514329321153127e+03 4.187643325213270145e+03
3.569566482222307968e+03 4.005153488741081674e+03
3.398299465019311356e+03 3.849056050283486456e+03
3.253525017460282015e+03 3.721633053914476932e+03
3.131575581255754514e+03 3.619030136166312332e+03
3.024519811313406990e+03 3.532474766858767453e+03
2.922979299006809015e+03 3.451312299458184953e+03
2.818377520379271118e+03 3.365514578330128643e+03
2.704084370179503367e+03 3.267071704070692704e+03
2.577195270580740726e+03 3.152257903169715064e+03
2.440662350741327828e+03 3.024360532437169695e+03
2.302466287639749225e+03 2.892793217287557127e+03
2.171554680134091086e+03 2.768208608956177159e+03
2.054541308544956337e+03 2.658502772495382942e+03
1.954418278472187012e+03 2.567296653395949761e+03
1.869429488021819907e+03 2.492623745120511558e+03
1.793330795808857829e+03 2.427170227651163714e+03
1.718437601872911500e+03 2.361788584101338529e+03
1.638968444324937764e+03 2.289492039261571790e+03
1.553537906928446318e+03 2.208579032181046387e+03
1.465863528641119274e+03 2.123578114720709436e+03
1.382241858855644068e+03 2.042142930340400426e+03
1.307190253353127446e+03 1.969722991486844194e+03
1.241907801670051640e+03 1.907750786407538271e+03
1.183577696190400502e+03 1.852871005612650606e+03
1.127182284213408821e+03 1.799123623625848040e+03
1.069388957241071694e+03 1.742586877820418977e+03
1.010270966724554455e+03 1.683437826042248844e+03
9.527554621440357323e+02 1.625233723496694893e+03
9.000467316685791275e+02 1.571774635407409733e+03
8.527370503031719409e+02 1.523729288365912680e+03
8.089351711729717636e+02 1.478889416296606214e+03
7.662115248218483430e+02 1.434488726736988156e+03
7.236722566070505991e+02 1.389583513383357740e+03
6.825113047114429037e+02 1.345603528769604736e+03
6.442611518403525679e+02 1.304289926596712576e+03
6.090472907167455787e+02 1.265765862459097207e+03
5.757745730207075212e+02 1.228833507200448139e+03
5.434980764969410529e+02 1.192512834544075531e+03
5.123983926696670324e+02 1.157046625550067574e+03
4.831542982688687857e+02 1.123165678967997110e+03
4.558619969908727967e+02 1.090963290496491709e+03
4.300014080420233427e+02 1.059918835654862050e+03
4.052348204154170617e+02 1.029721974253852522e+03
3.817208407681011977e+02 1.000545135562467635e+03
3.596243271729828166e+02 9.725449109221242452e+02
3.387734908644815732e+02 9.455613284018370450e+02
3.189633174695480875e+02 9.194173677081397500e+02
3.002025027560927697e+02 8.941258338396804675e+02
2.825252974162375494e+02 8.697123173549294961e+02
2.658313756506091750e+02 8.460906659062022754e+02
2.500364689911077676e+02 8.231918124100805016e+02
2.351228392860556085e+02 8.009983331327791802e+02
2.210509314110655339e+02 7.794735942896751340e+02
2.077758110771766837e+02 7.585766899621635275e+02
1.952548194801823058e+02 7.382695141852592542e+02
1.834474633527742355e+02 7.185165875535637952e+02
1.723153098031958450e+02 6.992848977300469642e+02
1.618219202255610014e+02 6.805436071361974655e+02
1.519332199329085995e+02 6.622618306670294714e+02
1.426171573186127262e+02 6.444092522336643469e+02
1.338431717108932162e+02 6.269578869645439454e+02
1.255821291088263365e+02 6.098820046745282752e+02
1.178062712635537110e+02 5.931580106891815376e+02
1.104891653508995688e+02 5.767643359163724881e+02
1.036056543406731265e+02 5.606813350545398862e+02
9.713179077386340055e+01 5.448911094355314617e+02
9.104470805355894925e+01 5.293770063776962616e+02
8.532266376434216681e+01 5.141239078527295305e+02
7.994503576207384299e+01 4.991183606911142192e+02
7.489227194637616947e+01 4.843484987990870536e+02
7.014584166286891787e+01 4.698039683098094201e+02
6.568818881433844581e+01 4.554758554454962791e+02
6.150268665833628035e+01 4.413566179107706375e+02
5.757359500001199848e+01 4.274412342985784221e+02
5.388601930771022808e+01 4.137291034112075181e+02
5.042586829170525675e+01 4.002207718476712444e+02
4.717981485608638081e+01 3.869172448745673591e+02
4.413525898825206184e+01 3.738199441227261559e+02
4.128029213232406391e+01 3.609306651832579291e+02
3.860366301070005335e+01 3.482515351410260678e+02
3.609474471976209031e+01 3.357850337938899656e+02
3.374349794793381108e+01 3.235365399263334325e+02
3.154044084348356947e+01 3.115147234833258949e+02
2.947662847961673194e+01 2.997277432122986625e+02
2.754362544991406736e+01 2.881829731140936133e+02
2.573347912430909545e+01 2.768870113161710265e+02
2.403869414164239160e+01 2.658456912766935147e+02
2.245220809376521842e+01 2.550640951861709596e+02
2.096736818135011049e+01 2.445467142899395867e+02
1.957790732576030024e+01 2.342990289591958231e+02
1.827792444946854644e+01 2.243266288128141639e+02
1.706186601641884693e+01 2.146339551777906820e+02
1.592450691718221378e+01 2.052243356250682211e+02
1.486093228019201362e+01 1.961000445540268515e+02
1.386652019880121856e+01 1.872623648969615147e+02
1.293692533472743733e+01 1.787116504653685070e+02
1.206806302104355488e+01 1.704474433147198056e+02
1.125609329186238661e+01 1.624687427947897334e+02
1.049740846465315158e+01 1.547738288370900079e+02
9.788620423642939272e+00 1.473602284183348559e+02
9.126547959276315680e+00 1.402247820883429199e+02
8.508204785068599563e+00 1.333637088455474213e+02
7.930788199722705656e+00 1.267726690332980013e+02
7.391668361941722942e+00 1.204468248952178300e+02
