2.094003656921204310e+04 2.085528317221574980e+04
2.110658884767574636e+04 2.101863718126915774e+04
2.126179139433665841e+04 2.117057128324461519e+04
2.140494557856049505e+04 2.131039018154624500e+04
2.153535815767499662e+04 2.143740457667626106e+04
2.165233969791531126e+04 2.155092953871566351e+04
2.175516812134717475e+04 2.165024813399653431e+04
2.184312123280459127e+04 2.173464395364147276e+04
2.191549743023508927e+04 2.180342183061007745e+04
2.197159002912385768e+04 2.185588257166605035e+04
2.201068423885975426e+04 2.189132006161015306e+04
2.203209730463741289e+04 2.190906095181248747e+04
2.203517367665798156e+04 2.190846003099493828e+04
2.201925032917295175e+04 2.188886633303828421e+04
2.198370031313393338e+04 2.184966593440989163e+04
2.192795085660773839e+04 2.179029980522298138e+04
2.185146241471783287e+04 2.171024397754422171e+04
2.175373723324003367e+04 2.160901793827641450e+04
2.163434998811857440e+04 2.148621410005216603e+04
2.149294954466177660e+04 2.134150020005313127e+04
2.132925475628970162e+04 2.117461654723829270e+04
2.114307166010834044e+04 2.098539109365781405e+04
2.093430323596820745e+04 2.077374878802357853e+04
2.070297899699288246e+04 2.053974343114829753e+04
2.044924795621151497e+04 2.028354940444769090e+04
2.017336230954860730e+04 2.000544328312752623e+04
1.987572641962763737e+04 1.970585410377334847e+04
1.955695000303918641e+04 1.938541795629539411e+04
1.921775077426910866e+04 1.904487714403359496e+04
1.885896331250530056e+04 1.868508868284840355e+04
1.848171653700464594e+04 1.830720403543983412e+04
1.808730464183065124e+04 1.791253788481271840e+04
1.767707414489674920e+04 1.750245342641495517e+04
1.725261211724296663e+04 1.707855113878732300e+04
1.681583036453948080e+04 1.664275297912654787e+04
1.636863737018285065e+04 1.619697303511848986e+04
1.591298971766662544e+04 1.574316829532132579e+04
1.545129912475453784e+04 1.528374278274394965e+04
1.498602134873201067e+04 1.482113924851843149e+04
1.451945685461756693e+04 1.435764144904487875e+04
1.405411820905141940e+04 1.389573573076699358e+04
1.359273236671224186e+04 1.343811353901332404e+04
1.313776256585564443e+04 1.298720189589344773e+04
1.269156563103943154e+04 1.254531557568995595e+04
1.225690646139677119e+04 1.211515453663799235e+04
1.183634371505896524e+04 1.169921204333748574e+04
1.143204927733007935e+04 1.129960078780054209e+04
1.104569055823666349e+04 1.091792618211820263e+04
1.067851289694017760e+04 1.055537130891113520e+04
1.033152604055481606e+04 1.021289185682401330e+04
1.000580852070047695e+04 9.891501449429528293e+03
9.702994570051119808e+03 9.592726106242454989e+03
9.424606956653371526e+03 9.317985257616386662e+03
9.171547962363898478e+03 9.068100464284176269e+03
8.941671832430027280e+03 8.840925516784087449e+03
8.731793293216662278e+03 8.633304249663287919e+03
8.539042962010033079e+03 8.442393353987186856e+03
8.360914604275822057e+03 8.265716000994621936e+03
8.195160477250179611e+03 8.101053593578079017e+03
8.039351785239126912e+03 7.946022073773809097e+03
7.889934861624270525e+03 7.797175997882221054e+03
7.743282478372190781e+03 7.651007552804360785e+03
7.595141851628600307e+03 7.503442772017489915e+03
7.440627066071480840e+03 7.349834994263233057e+03
7.275045061084062581e+03 7.185743752237242916e+03
7.093620711728017341e+03 7.006708574386528198e+03
6.892299710871290699e+03 6.808964520912022635e+03
6.668929027175600822e+03 6.590600219054759691e+03
6.422700759246897178e+03 6.350977478301925657e+03
6.155085971096943467e+03 6.091625182803902135e+03
5.869023735961974126e+03 5.815437681033541594e+03
5.569459417141217273e+03 5.527178242120900904e+03
5.262189635179142897e+03 5.232376418184247086e+03
4.953792927205990964e+03 4.937252297560842635e+03
4.650904877466854487e+03 4.648043219592054811e+03
4.360554692992987839e+03 4.371318046302000766e+03
4.089649431432255369e+03 4.113467394329973104e+03
3.844700503341257900e+03 3.880484288258209745e+03
3.630368469934773202e+03 3.676598911946011413e+03
3.449742602862635977e+03 3.504521462029411850e+03
3.302674685569621488e+03 3.363955561191442030e+03
3.186539708484952826e+03 3.252272802213146406e+03
3.095777739819341150e+03 3.164171425409544554e+03
3.023271914460501193e+03 3.092934536604744153e+03
2.960294646917613136e+03 3.030449090226848966e+03
2.897768724884108451e+03 2.968357770661164523e+03
2.826762109201926251e+03 2.898526989334855898e+03
2.740042815946163955e+03 2.814464620337310407e+03
2.633163126680469759e+03 2.712262932110799738e+03
2.505284247520770805e+03 2.591314158116939780e+03
2.359351796918244872e+03 2.454433555071138926e+03
2.201722841941038951e+03 2.307472135079090549e+03
2.041650745628090817e+03 2.158824743354815382e+03
1.890112215538306828e+03 2.018364136097272421e+03
1.757182005493345741e+03 1.895052066781496023e+03
1.648756745055325382e+03 1.794034294911707093e+03
1.565555686084084982e+03 1.715793033825852717e+03
1.504238164878929638e+03 1.657185832849856070e+03
1.458759737728733171e+03 1.612706292081619722e+03
1.420592565532671870e+03 1.574722074837375203e+03
1.379452775102467058e+03 1.534152276283521132e+03
1.326821523005201470e+03 1.483572754200510872e+03
1.259701931676920822e+03 1.420469791101649434e+03
1.180763713253807964e+03 1.347293363139814346e+03
1.096518675245416716e+03 1.269800816642808741e+03
1.015473373135446082e+03 1.195402467774227262e+03
9.455509474268403665e+02 1.130908570085075326e+03
8.907170871161195009e+02 1.079635020990042676e+03
8.499897391746424091e+02 1.040612348452741344e+03
8.182584525741161769e+02 1.009363821887678341e+03
7.878410763005214221e+02 9.792921647991670397e+02
7.523034318565690910e+02 9.449503930636287805e+02
7.098293367411345116e+02 9.048659002568052756e+02
6.628339099141945781e+02 8.611443876083361602e+02
6.165716855041869167e+02 8.182328049363652553e+02
5.764755399830463602e+02 7.806492821501781236e+02
5.444813692801203615e+02 7.499354964391246767e+02
5.185876989491381437e+02 7.243592013246006900e+02
4.946210549531736547e+02 7.004384769703061693e+02
4.687245603528089646e+02 6.750125505036143068e+02
4.402085293451938810e+02 6.475535698420194421e+02
4.114275693986381270e+02 6.200040746068082171e+02
3.853029220671771213e+02 5.947201908421337748e+02
3.632118150347276924e+02 5.727722000609409179e+02
3.439980424966393002e+02 5.531958368002293582e+02
3.253437059531578939e+02 5.341329555408003671e+02
3.060464633454121213e+02 5.146428931183331770e+02
2.867842605688739468e+02 4.952711205018807163e+02
2.690023801466537066e+02 4.771407279861664961e+02
2.532456960367877059e+02 4.606528697873153533e+02
2.388007890536902664e+02 4.452396561686400673e+02
2.246734150653877577e+02 4.301374978974791929e+02
2.108031894594995208e+02 4.153040683151066332e+02
1.977628667624111642e+02 4.011671529375147429e+02
1.858568750419528897e+02 3.879422575274500105e+02
1.747529794224620616e+02 3.753735102834002078e+02
1.640782392889414893e+02 3.631843731030559752e+02
1.538939811940864217e+02 3.514175357275309466e+02
1.444044884708435177e+02 3.402139853949670396e+02
1.355623391969886598e+02 3.295327938077863337e+02
1.271826713296633216e+02 3.192395542984256167e+02
1.192465649166437913e+02 3.093180954127117275e+02
1.118082257685468051e+02 2.998008657313625349e+02
1.048445367713343188e+02 2.906678962946973002e+02
9.828879320878236570e+01 2.818713517048619224e+02
9.211592921370605325e+01 2.733900942265186131e+02
8.630738884311021764e+01 2.652079526480268896e+02
8.084509807148721450e+01 2.573097296905638700e+02
7.571149989525576984e+01 2.496811393980042340e+02
7.088958264517223995e+01 2.423087490966834423e+02
6.636290207424018206e+01 2.351799255579379064e+02
6.211550264854891878e+01 2.282827049843194231e+02
5.813114610230879720e+01 2.216050485074332244e+02
5.439395743906842284e+01 2.151352331346653557e+02
5.088899956312312156e+01 2.088622950313373678e+02
4.760222444338064918e+01 2.027759872961192684e+02
4.452042025813022263e+01 1.968667353431982576e+02
4.163116172519288227e+01 1.911255955900090555e+02
3.892276368176080581e+01 1.855442179209781557e+02
3.638430435806427710e+01 1.801150132902318717e+02
3.400564772677031300e+01 1.748313596577917508e+02
3.177723983677087105e+01 1.696871162165394651e+02
2.969005569336659178e+01 1.646765267050432442e+02
2.773557337651683241e+01 1.597941976768052257e+02
2.590574915572988957e+01 1.550350780806004423e+02
2.419299358504035879e+01 1.503944400452842842e+02
2.259014608286766190e+01 1.458678759198934074e+02
2.109042805695974110e+01 1.414514421245804954e+02
1.968743979782886555e+01 1.371415581660030512e+02
1.837516072046725668e+01 1.329348659870230733e+02
1.714792854112684495e+01 1.288282153398361629e+02
1.600041916107908690e+01 1.248186520220237981e+02
1.492762759301612085e+01 1.209034066630218547e+02
1.392484988496466691e+01 1.170798841227613281e+02
1.298766766988734567e+01 1.133457165266372471e+02
1.211193407096541641e+01 1.096988487292240535e+02
1.129375365945588783e+01 1.061373681390982995e+02
1.052946731398183111e+01 1.026594667207669005e+02
9.815638709585616795e+00 9.926343422128621796e+01
9.149041516916893713e+00 9.594765166073209173e+01
8.526647278865720381e+00 9.271058507452084996e+01
7.945613788849345660e+00 8.955078595800885921e+01
7.403272445037045735e+00 8.646696944685888297e+01
6.897119083259664940e+00 8.345797164121511003e+01
6.424805902982518191e+00 8.052267042662104757e+01
5.984132174983617602e+00 7.765997988724414824e+01
5.573035430981693850e+00 7.486884672937642904e+01
5.189583150872305595e+00 7.214824686493265915e+01
4.831964921666916268e+00 6.949718217234001827e+01
4.498485004441833190e+00 6.691472190290514277e+01
4.187555299293799216e+00 6.440008330123717428e+01
3.897688899075030911e+00 6.195249939948901385e+01
3.627493919146131951e+00 5.957118885515636464e+01
3.375667659651844232e+00 5.725535549886529196e+01
3.140991108586449254e+00 5.500418797870753451e+01
2.922323767084348045e+00 5.281685949970071192e+01
2.718598767079266398e+00 5.069253497727101632e+01
2.528818100908381439e+00 4.863048843259381471e+01
2.352048407094751603e+00 4.663006082336993785e+01
2.187417110950541588e+00 4.469054327661800130e+01
