2.516058749886382793e+04 2.501203949782968630e+04
2.540830572486558594e+04 2.525408863921140437e+04
2.564507343632683478e+04 2.548506526259207021e+04
2.587010720937247606e+04 2.570418961375454091e+04
2.608259995145618086e+04 2.591066027366725757e+04
2.628171407857249869e+04 2.610364791905374295e+04
2.646661444090406803e+04 2.628232668975817433e+04
2.663646181037623319e+04 2.644586764789322115e+04
2.679037054795959921e+04 2.659339677933186249e+04
2.692745252468243052e+04 2.672403869834356738e+04
2.704683647525843480e+04 2.683693594230675808e+04
2.714763515827904484e+04 2.693121703905502363e+04
2.722895137469983820e+04 2.700600252395522330e+04
2.728991917946237299e+04 2.706044527588035271e+04
2.732969158483985666e+04 2.709371869928271553e+04
2.734740524894591726e+04 2.710498256635217331e+04
2.734223531293631822e+04 2.709343643167331174e+04
2.731341022849003275e+04 2.705833420573594049e+04
2.726018007928640509e+04 2.699895429639081340e+04
2.718183752168629871e+04 2.691461974477969488e+04
2.707775226226366431e+04 2.680473117667512270e+04
2.694736773114997413e+04 2.666876470755380797e+04
2.679019621829800599e+04 2.650626844093235559e+04
2.660584570870782045e+04 2.631688634926535451e+04
2.639403184539207359e+04 2.610037007960534174e+04
2.615460180191702239e+04 2.585660585450633880e+04
2.588752730250547029e+04 2.558560490982915508e+04
2.559290025693568896e+04 2.528749699730227439e+04
2.527099561457937307e+04 2.496259552665769297e+04
2.492229696843045167e+04 2.461142374150305477e+04
2.454741234890982378e+04 2.423462622617414308e+04
2.414711215030476160e+04 2.383300702710450059e+04
2.372250317932690450e+04 2.340770672299481521e+04
2.327485298911510836e+04 2.296002278589258640e+04
2.280552144994957780e+04 2.249133945471872357e+04
2.231621178536854131e+04 2.200338071539098019e+04
2.180893632489018273e+04 2.149817534642914325e+04
2.128572335567665141e+04 2.097776113927822007e+04
2.074877129354798672e+04 2.044433850522929424e+04
2.020081861103339543e+04 1.990063920614372546e+04
1.964460618712954238e+04 1.934939023175992770e+04
1.908277583525773662e+04 1.879321283160952589e+04
1.851834435881087484e+04 1.823509240586782835e+04
1.795446663303650712e+04 1.767814432739597032e+04
1.739402957614843035e+04 1.712521269413950358e+04
1.684005688605404430e+04 1.657926428137513358e+04
1.629614531747547335e+04 1.604381337822614478e+04
1.576557470666222071e+04 1.552205884197041814e+04
1.525114952412807179e+04 1.501673023663810454e+04
1.475490852596317018e+04 1.452979641371903017e+04
1.427840046071743745e+04 1.406274286867998853e+04
1.382292991050253659e+04 1.361681797528359857e+04
1.339054082624141301e+04 1.319396878840462523e+04
1.298441195329627408e+04 1.279721941291964504e+04
1.260739834252480614e+04 1.242928843014753875e+04
1.226093343302612811e+04 1.209151994764106894e+04
1.194261182897658909e+04 1.178152001323828154e+04
1.164946054790629023e+04 1.149634552519272074e+04
1.137875084420906023e+04 1.123329831617158015e+04
1.112786527249791652e+04 1.098980179443224552e+04
1.089437646011204379e+04 1.076346833599955244e+04
1.067539236401440030e+04 1.055147281679539265e+04
1.046699524376696718e+04 1.035001578166930994e+04
1.026530691557930004e+04 1.015533759181425739e+04
1.006552611790063747e+04 9.962818687078426592e+03
9.862489057336848418e+03 9.767500166898264069e+03
9.650811385696311845e+03 9.564227242699322233e+03
9.424571816202920672e+03 9.347356615315926319e+03
9.178561067208629538e+03 9.111924250775622568e+03
8.908759355597141621e+03 8.854142145468636954e+03
8.612477538221404757e+03 8.571479011769017234e+03
8.289603593562467722e+03 8.263899745765955231e+03
7.941784901211648503e+03 7.933025906164708431e+03
7.573589372828673731e+03 7.583283102010551374e+03
7.190888318683915713e+03 7.220311016686934636e+03
6.801081558929576204e+03 6.851194699511167528e+03
6.412029554837137766e+03 6.483425590458245097e+03
6.031972617338881719e+03 6.124836749170349322e+03
5.669617604287367612e+03 5.783615008184623548e+03
5.332995783379500608e+03 5.467321258695553297e+03
5.029230730495784883e+03 5.182546016942563256e+03
4.764032333305141947e+03 4.934555667639078820e+03
4.539699776927353014e+03 4.725345242808914008e+03
4.356038960163383308e+03 4.554576929908631428e+03
4.208522771675897275e+03 4.417866860412427741e+03
4.090358403567181540e+03 4.308734100735047832e+03
3.992032103855657169e+03 4.218200645598674782e+03
3.902815787216614808e+03 4.136187682893042620e+03
3.811524959603076695e+03 4.052206426602450392e+03
3.707636782234239945e+03 3.956405919533352517e+03
3.583092705881347683e+03 3.841255780966779639e+03
3.433471374051181556e+03 3.702642586759287497e+03
3.259074368905446136e+03 3.540915606942589875e+03
3.064806299275287074e+03 3.360763535089079141e+03
2.859596765199667516e+03 3.170624275054019108e+03
2.655442072859658310e+03 2.981737874048098092e+03
2.465619998848591877e+03 2.806423855945109608e+03
2.301401420159500049e+03 2.654982031308209571e+03
2.168628831833766071e+03 2.532607165076524780e+03
2.066841134312461691e+03 2.438687799441679999e+03
1.990700389447991256e+03 2.368187779919022432e+03
1.931542243538527600e+03 2.313099680570131568e+03
1.877937884094312494e+03 2.262945037162354765e+03
1.817368967428931001e+03 2.206281997137260078e+03
1.740716710301415787e+03 2.134811173091733508e+03
1.646208880376192610e+03 2.047001645140958317e+03
1.538985954145777669e+03 1.947673425099403175e+03
1.428432216337874252e+03 1.845469372893006948e+03
1.325377714037732176e+03 1.750203787206646439e+03
1.238831625404654687e+03 1.669868440294011180e+03
1.172033469148940185e+03 1.607177973375800093e+03
1.121912065482868911e+03 1.559237003420817928e+03
1.080595529934250635e+03 1.518970886258119435e+03
1.038122991792395396e+03 1.477547803081112306e+03
9.875385232083452820e+02 1.428875032606099467e+03
9.282729010457544518e+02 1.372559216771480806e+03
8.650295287889318843e+02 1.312841525874713625e+03
8.052531757160534198e+02 1.256251190740461652e+03
7.551098327590738108e+02 1.208042535680237506e+03
7.154969782790914223e+02 1.168849570606128736e+03
6.824603344220992085e+02 1.135193512370831058e+03
6.500809088284634072e+02 1.102024216538108476e+03
6.141727324825335472e+02 1.065856173807781033e+03
5.752792368561206331e+02 1.027231512102621082e+03
5.373332520787357680e+02 9.894739747617200010e+02
5.040064732239842442e+02 9.555786398393389618e+02
4.760978257695467164e+02 9.261139601403348252e+02
4.511341324556028667e+02 8.990163283450690415e+02
4.260146434078639004e+02 8.717985978363848290e+02
3.999002913507749213e+02 8.438374014484453483e+02
3.744009225520802033e+02 8.164301815528624502e+02
3.514533919258992682e+02 7.910627588398226635e+02
3.311918036937317424e+02 7.677904480548443189e+02
3.122077814458795046e+02 7.455190903902408763e+02
2.933389598719281253e+02 7.233890122660836823e+02
2.749583625880260911e+02 7.016918921544913701e+02
2.579735758093286222e+02 6.810790520101786569e+02
2.425203964722393835e+02 6.616221034313909968e+02
2.279240615567462100e+02 6.428322821983717859e+02
2.138008593468313165e+02 6.244469674977584646e+02
2.004318143923084676e+02 6.066565871389323092e+02
1.880618349801609099e+02 5.896117613039442631e+02
1.764867254446900517e+02 5.731672216676882954e+02
1.654629141574252742e+02 5.571637826564725628e+02
1.550672881791113866e+02 5.416454117847096086e+02
1.453239338519841795e+02 5.266195903283955886e+02
1.361721181504120182e+02 5.120423655563554348e+02
1.275752220097702008e+02 4.978869179036156538e+02
1.195000346883824847e+02 4.841291009183780716e+02
1.119153751970908246e+02 4.707464287730963406e+02
1.047919616379206218e+02 4.577179760913624591e+02
9.810228951357018445e+01 4.450242855332731438e+02
9.182051872922245650e+01 4.326472828954015313e+02
8.592265583113359639e+01 4.205705881616987654e+02
8.038685057133315581e+01 4.087800741677008318e+02
7.519248532283583586e+01 3.972627950056795498e+02
7.031997414699409887e+01 3.860067305394996993e+02
6.575072334597935253e+01 3.750007364923478121e+02
6.146709246490527789e+01 3.642344974857533657e+02
5.745235584688393260e+01 3.536984827463209058e+02
5.369065296433308987e+01 3.433839382888262435e+02
5.016682252558952371e+01 3.332832379298990304e+02
4.686645356149551844e+01 3.233896564208776567e+02
4.377596024131268138e+01 3.136970167029652430e+02
4.088253997575073129e+01 3.041996533554967641e+02
3.817413131114695801e+01 2.948923836979345197e+02
3.563937387457344386e+01 2.857704799474990978e+02
3.326757030606301413e+01 2.768296429555369400e+02
3.104865827827375924e+01 2.680662231671180962e+02
2.897318516011934975e+01 2.594775238155918942e+02
2.703225378068845686e+01 2.510611830846127361e+02
2.521748895606193130e+01 2.428150518840360235e+02
2.352100917895754506e+01 2.347371765748628150e+02
2.193539966856251411e+01 2.268257821290578420e+02
2.045368672833681600e+01 2.190792557147212847e+02
1.906931290112244071e+01 2.114961851344735067e+02
1.777610950120891786e+01 2.040758787944259609e+02
1.656827788591379402e+01 1.968180343038936257e+02
1.544037193368045635e+01 1.897223157042030550e+02
1.438727791328684624e+01 1.827883407644903286e+02
1.340419535803078688e+01 1.760156751481349318e+02
1.248661895283371770e+01 1.694038269573152604e+02
1.163032138432971685e+01 1.629522430862029410e+02
1.083133649442382129e+01 1.566606313798347685e+02
1.008594339443610721e+01 1.505292999717586326e+02
9.390653444666478222e+00 1.445584154193319080e+02
8.742196666348625911e+00 1.387478976885359145e+02
8.137508691605107813e+00 1.330974290811631988e+02
7.573718442520481098e+00 1.276064634490301586e+02
7.048136502295711203e+00 1.222742356575480756e+02
6.558244089063352433e+00 1.170998190626449968e+02
6.101682271378633615e+00 1.120825385158960898e+02
5.676242580763035228e+00 1.072216956709878701e+02
5.279858129266608913e+00 1.025162909555233313e+02
4.910594908309663609e+00 9.796504072298039034e+01
4.566643590232567718e+00 9.356639768419164227e+01
4.246311809250530089e+00 8.931857104513386503e+01
3.948016894346631833e+00 8.521954678324566146e+01
3.670278828081856126e+00 8.126718121097086112e+01
3.411713681071980364e+00 7.745927902428778111e+01
