1.990430030806080322e+04 1.983223854918485085e+04
2.004426958033372284e+04 1.996954358668715577e+04
2.017312966162980956e+04 2.009568519708335589e+04
2.029027934173137692e+04 2.021006386600808764e+04
2.039512225632699119e+04 2.031208549697670969e+04
2.048704155573884418e+04 2.040113688501037905e+04
2.056542533671276396e+04 2.047661056517733959e+04
2.062968011597851000e+04 2.053791799229657045e+04
2.067920349330841782e+04 2.058446234207447924e+04
2.071338526837935933e+04 2.061563966476894348e+04
2.073164365742966402e+04 2.063087498141693504e+04
2.073341881052932513e+04 2.062961601900079768e+04
2.071814675668994460e+04 2.061130772147815514e+04
2.068529712014472534e+04 2.057542935307705557e+04
2.063438438162194143e+04 2.052150564036237847e+04
2.056494008016639418e+04 2.044907989806505066e+04
2.047652733654162876e+04 2.035772824264271912e+04
2.036877076357870828e+04 2.024708871652105881e+04
2.024135361252499206e+04 2.011685911880578351e+04
2.009401212785691314e+04 1.996679224905929004e+04
1.992655625259478256e+04 1.979671496099853903e+04
1.973887727782723232e+04 1.960653573700154084e+04
1.953095854496628453e+04 1.939625735149828688e+04
1.930287411737374714e+04 1.916597406705397225e+04
1.905478788041880762e+04 1.891586937569318980e+04
1.878699349102375709e+04 1.864625747783480620e+04
1.849993326686486762e+04 1.835760274208073679e+04
1.819414077993757746e+04 1.805045946840175384e+04
1.787026380624781450e+04 1.772549499737200676e+04
1.752918232423743757e+04 1.738360993536811657e+04
1.717189096295125273e+04 1.702581793479764019e+04
1.679944921056734165e+04 1.665319468120278907e+04
1.641315736064127850e+04 1.626705509741275819e+04
1.601453717732365294e+04 1.586893361275109964e+04
1.560511848231144540e+04 1.546036898977711644e+04
1.518654054278524563e+04 1.504300538924599459e+04
1.476080906566164049e+04 1.461884871806287265e+04
1.432992511553171425e+04 1.418989625328826332e+04
1.389581624331924286e+04 1.375806782800725341e+04
1.346071810860873302e+04 1.332558308506518188e+04
1.302698605821526689e+04 1.289477539695067753e+04
1.259676428297328312e+04 1.246776534347472261e+04
1.217221782730240193e+04 1.204668713502645187e+04
1.175578471811864620e+04 1.163393471522073924e+04
1.134966101940648514e+04 1.123166086462685053e+04
1.095577534851931705e+04 1.084175185451059588e+04
1.057605468156424831e+04 1.046607805040276071e+04
1.021225686782316370e+04 1.010633868041871392e+04
9.865849061741793776e+03 9.763949478056794760e+03
9.538102564026956316e+03 9.440122619350295281e+03
9.230149522595516828e+03 9.135917852203941948e+03
8.942923544398301601e+03 8.852204897074519977e+03
8.676996352173031482e+03 8.589501245285253390e+03
8.431853191098767638e+03 8.347248600923971026e+03
8.206702028521662214e+03 8.124617486933707369e+03
8.000721228864568729e+03 7.920755414959480731e+03
7.811789686008812168e+03 7.733554955223670731e+03
7.636988831486255549e+03 7.560139590277958632e+03
7.473631261323985200e+03 7.397861327649506165e+03
7.319189997597368347e+03 7.244243970809571692e+03
7.171290394596091573e+03 7.096970997291311505e+03
7.027520103054410356e+03 6.953697293666673431e+03
6.884232055345606568e+03 6.810921401584470914e+03
6.737501236796237208e+03 6.664887677802554208e+03
6.583308765750468410e+03 6.511779626615173584e+03
6.417262388436838592e+03 6.347470181482226508e+03
6.235586122437953236e+03 6.168427917711996088e+03
6.035898236687517056e+03 5.972498454585516811e+03
5.816853522457235158e+03 5.758511228349709199e+03
5.579398237029404299e+03 5.527480045485342998e+03
5.326027622353839433e+03 5.281875334212762027e+03
5.060740144850727120e+03 5.025560868469692650e+03
4.788502027362447734e+03 4.763289781883738215e+03
4.514492528739037880e+03 4.499978765802067755e+03
4.243857163444556136e+03 4.240485514835748290e+03
3.982408837699904780e+03 3.990248054738005521e+03
3.735861403451251590e+03 3.754595367240323867e+03
3.509949079000968595e+03 3.538824771217669877e+03
3.309250560928577670e+03 3.347130050598604157e+03
3.136998143744158369e+03 3.182387920574085911e+03
2.994154251119635319e+03 3.045380271762584471e+03
2.878764841001402601e+03 2.934123839301520547e+03
2.786958886777203588e+03 2.844884527270397484e+03
2.712670776354939335e+03 2.771916960762639519e+03
2.648892626845526593e+03 2.708666122324852040e+03
2.588051062209220618e+03 2.648116568482869752e+03
2.522657979168327074e+03 2.583420233847176860e+03
2.446346689551936379e+03 2.508819106052867483e+03
2.354794463379444551e+03 2.420479541802089898e+03
2.246699081436606320e+03 2.317347005490273204e+03
2.123536720710368627e+03 2.200879304676652282e+03
1.989369516169665758e+03 2.074853670734055413e+03
1.850726540984496296e+03 1.945231713485236469e+03
1.716092823109512210e+03 1.819667750962361652e+03
1.594230027415990207e+03 1.706011143722685119e+03
1.491576629212807120e+03 1.609952575143489412e+03
1.409903059700484619e+03 1.532951497922369526e+03
1.347098694198521798e+03 1.472991177606887049e+03
1.298979578612844534e+03 1.426221371322025789e+03
1.259690354963498521e+03 1.387354512028720364e+03
1.221513183252757472e+03 1.349524798301473993e+03
1.176792598966341529e+03 1.306009626093142060e+03
1.121478987176742066e+03 1.253327035089222818e+03
1.056545979744604210e+03 1.192421622273682033e+03
9.861182354032844160e+02 1.126968463214979238e+03
9.159948974854456765e+02 1.062050872382992338e+03
8.524990944371336354e+02 1.003143492213184231e+03
7.998567119831029686e+02 9.538432493962643548e+02
7.585683401858374282e+02 9.144941048557157046e+02
7.259855022244017846e+02 8.827336547579091075e+02
6.970117671484308630e+02 8.541424167954477298e+02
6.661631990061520128e+02 8.240352150107454463e+02
6.309298056035473792e+02 7.903121916585722602e+02
5.921385728803246593e+02 7.537196562865337910e+02
5.526557094753983392e+02 7.167064296530317051e+02
5.164332801399106074e+02 6.825915077886430709e+02
4.858997610580174751e+02 6.533700307590072498e+02
4.605160342103218909e+02 6.285409815201344372e+02
4.379455689734427324e+02 6.061270162104652854e+02
4.153548280853064512e+02 5.837759556654744983e+02
3.913376219932907816e+02 5.603450548482411477e+02
3.668433698148724034e+02 5.366297378795383111e+02
3.436882025981389575e+02 5.141121589815426205e+02
3.231478705019658832e+02 4.938087012245345591e+02
3.051038400469497560e+02 4.755974682397064157e+02
2.882702857560180973e+02 4.584289082920168994e+02
2.715495858171008194e+02 4.414247716208732299e+02
2.549567552249243363e+02 4.246017274998780522e+02
2.391943845387586123e+02 4.085132905766415092e+02
2.248279569209272779e+02 3.935923263017456293e+02
2.116652477222105802e+02 3.796756770938493446e+02
1.991644072054878052e+02 3.663361475829011624e+02
1.870506683213819770e+02 3.533606723694602465e+02
1.755290241570577905e+02 3.409035579294640002e+02
1.648193100517236758e+02 3.291251053202275898e+02
1.548565307590879456e+02 3.179688118016859448e+02
1.454177038222147473e+02 3.072632654586056447e+02
1.364377672122762419e+02 2.969572798798197368e+02
1.279949151543343078e+02 2.871042824758117717e+02
1.200984661100463171e+02 2.777060180044049389e+02
1.126659786095609661e+02 2.686987486439033432e+02
1.056451111683075084e+02 2.600418216868567924e+02
9.904136659906708928e+01 2.517354478906676718e+02
9.284661651296705998e+01 2.437704108952540025e+02
8.701876459882169002e+01 2.361141817001118568e+02
8.153441530464836262e+01 2.287477475311666240e+02
7.638112064845029181e+01 2.216595002496650011e+02
7.154221142017726720e+01 2.148355275692210569e+02
6.699902405795296545e+01 2.082608341622467947e+02
6.273396799357907128e+01 2.019213953043640970e+02
5.873048510049427051e+01 1.958041056942015530e+02
5.497298885868521978e+01 1.898967167483928620e+02
5.144680718095304428e+01 1.841877788795073059e+02
4.813812926117816460e+01 1.786665890267715042e+02
4.503405888857849249e+01 1.733232713556403439e+02
4.212264825762137122e+01 1.681488615266006548e+02
3.939261560178522359e+01 1.631349927739887846e+02
3.683328252812706438e+01 1.582738214852180079e+02
3.443454642487458273e+01 1.535579949741243695e+02
3.218685375265268078e+01 1.489806215365150024e+02
3.008117422317171830e+01 1.445352425982500222e+02
2.810897156873849312e+01 1.402158190863247853e+02
2.626213825637504939e+01 1.360168322111766770e+02
2.453300296986101259e+01 1.319331924203094673e+02
2.291434129150734833e+01 1.279601236690429715e+02
2.139935176525353455e+01 1.240931439347833987e+02
1.998163261585930428e+01 1.203280484121108458e+02
1.865515964467579835e+01 1.166608937169498290e+02
1.741426525282822979e+01 1.130879831174222119e+02
1.625362058927432329e+01 1.096059217472648299e+02
1.516821937506768414e+01 1.062117113119251570e+02
1.415335420748541395e+01 1.029025599829692226e+02
1.320459882370584559e+01 9.967583775653289990e+01
1.231779233032688659e+01 9.652906729392235263e+01
1.148902424146826640e+01 9.345991520786078866e+01
1.071462028957705392e+01 9.046618376394826555e+01
9.991128921743676727e+00 8.754580855897248171e+01
9.315307833883178290e+00 8.469693147568582958e+01
8.684112302049479482e+00 8.191786299386404835e+01
8.094684446732310690e+00 7.920700124292400801e+01
7.544342370927147101e+00 7.656282454815044503e+01
7.030569867167287157e+00 7.398388632909696128e+01
6.551006685560262888e+00 7.146881021119901334e+01
6.103439335265245624e+00 6.901628534221278244e+01
5.685792030561286126e+00 6.662508271476178834e+01
5.296117745941923971e+00 6.429409834372016519e+01
4.932591726023234813e+00 6.202228327050550405e+01
4.593504412742839271e+00 5.980862304671233431e+01
4.277254467537930260e+00 5.765213488448849688e+01
3.982342194057653106e+00 5.555186493820643534e+01
3.707363340047706401e+00 5.350688571475227207e+01
3.451003252387384368e+00 5.151629633352553128e+01
3.212031261906578283e+00 4.957927785899023831e+01
2.989295546331591780e+00 4.769507983512581717e+01
2.781718390881640524e+00 4.586295352478992271e+01
2.588291595274588186e+00 4.408214834119445413e+01
2.408072147034842292e+00 4.235191124725490397e+01
2.240178152147324298e+00 4.067148623021756748e+01
2.083785008641734215e+00 3.904011385023815706e+01
1.938121771409551553e+00 3.745705528636317183e+01
