2.441856876425276641e+04 2.426297754055460246e+04
2.467253554636842091e+04 2.451100084872853768e+04
2.491681254543119212e+04 2.474920928502997413e+04
2.515065524905994607e+04 2.497686257325690167e+04
2.537331129966194567e+04 2.519321366384785506e+04
2.558399475907198212e+04 2.539748505991383718e+04
2.578190781006807083e+04 2.558888921484608727e+04
2.596625572841253961e+04 2.576664261239165353e+04
2.613621624664640694e+04 2.592993547746811964e+04
2.629093325642986019e+04 2.607792561385743102e+04
2.642956073204947097e+04 2.620978194214235555e+04
2.655125855114367732e+04 2.632468062630072745e+04
2.665516144021060245e+04 2.642177512352035774e+04
2.674041723735295818e+04 2.650023339711296649e+04
2.680620143814190669e+04 2.655925212276397360e+04
2.685168158675735322e+04 2.659802235485266283e+04
2.687602857439967920e+04 2.661574060270616974e+04
2.687845820687884407e+04 2.661164915579814260e+04
2.685822337539328510e+04 2.658502893823278646e+04
2.681459436327830190e+04 2.653518114288811194e+04
2.674689944006475707e+04 2.646146578254489577e+04
2.665453647722964160e+04 2.636331298581122974e+04
2.653696340277799754e+04 2.624021555619603896e+04
2.639371203589199649e+04 2.609174147949887265e+04
2.622440459368025768e+04 2.591754868692046875e+04
2.602877186906107818e+04 2.571740459889276462e+04
2.580666807215159133e+04 2.549120194472794174e+04
2.555805461312548869e+04 2.523893937859216385e+04
2.528301682952087867e+04 2.496073809429651737e+04
2.498184750782003903e+04 2.465692792411692426e+04
2.465498522954523287e+04 2.432798288484242585e+04
2.430297957999552455e+04 2.397448462578411636e+04
2.392662256315647028e+04 2.359725564046839281e+04
2.352696770697332613e+04 2.319737821413815254e+04
2.310515913793107029e+04 2.277602037328107326e+04
2.266250130492790049e+04 2.233450583761558664e+04
2.220070714313053395e+04 2.187456374785791559e+04
2.172160081030087895e+04 2.139802888938803881e+04
2.122703680545821044e+04 2.090676004694731819e+04
2.071928190833084227e+04 2.040302137792001668e+04
2.020089137827588274e+04 1.988935865369373278e+04
1.967432520461651802e+04 1.936821634340701712e+04
1.914213451372867712e+04 1.884212336956227955e+04
1.860726794652502213e+04 1.831399814646072991e+04
1.807254203813180720e+04 1.778662251935893437e+04
1.754061888101764998e+04 1.726261908398607920e+04
1.701470668661954551e+04 1.674513715131097706e+04
1.649812072776355853e+04 1.623742450812609968e+04
1.599379738070005988e+04 1.574235354445080884e+04
1.550408096704587660e+04 1.526221138130790678e+04
1.503060486946593483e+04 1.479858297246193069e+04
1.457472400700005892e+04 1.435278000178687398e+04
1.413784897608642132e+04 1.392616444578714072e+04
1.372280632082129523e+04 1.352145709297468056e+04
1.333265900445848820e+04 1.314160789422114431e+04
1.296992678341499231e+04 1.278904649778370913e+04
1.263415239915096390e+04 1.246329909736838817e+04
1.232262354779387533e+04 1.216168973511349941e+04
1.203279140449782244e+04 1.188170529605753654e+04
1.176218132538647114e+04 1.162091441206247691e+04
1.150839592392346458e+04 1.137696803037472819e+04
1.126908428697551608e+04 1.114756438140860155e+04
1.104093319737039019e+04 1.092947769584025991e+04
1.082033210567875358e+04 1.071919320330894334e+04
1.060342543747719901e+04 1.051296128450689503e+04
1.038554675011623476e+04 1.030625623191719387e+04
1.016211422162873350e+04 1.009462374110550445e+04
9.927903291546155742e+03 9.872998210606097928e+03
9.677823225612082751e+03 9.636427345223759403e+03
9.407686270653757674e+03 9.380840649973863037e+03
9.114270942741366525e+03 9.103094679500389248e+03
8.796291512974237776e+03 8.801924943806965530e+03
8.454388814209567499e+03 8.477937661297850354e+03
8.091550837250879340e+03 8.134016130694544700e+03
7.712744625401523990e+03 7.774971663440297561e+03
7.324434486910907253e+03 7.407060624792086855e+03
6.933801132425383912e+03 7.037234777373574616e+03
6.548604455053567108e+03 6.672993569266360282e+03
6.176589346410863982e+03 6.321797698219349513e+03
5.825713211863267134e+03 5.991267207939106811e+03
5.502798773087104564e+03 5.687936379037299957e+03
5.214019366794358575e+03 5.417625849227168146e+03
4.963197715265551778e+03 5.183940546799621188e+03
4.751440150496191563e+03 4.987822569248573927e+03
4.576472846775880498e+03 4.827033846246690700e+03
4.432964291039356794e+03 4.696401227595828459e+03
4.312701474204111946e+03 4.588042354003276159e+03
4.206026357216080214e+03 4.492676917920168307e+03
4.102258043253484175e+03 4.400040675055035535e+03
3.991172746015065059e+03 4.300270463797714910e+03
3.864010476212634330e+03 4.184869640287927723e+03
3.715059849537575701e+03 4.048271792465811814e+03
3.542830912158928641e+03 3.889009658217735250e+03
3.350191715169383770e+03 3.709863603519743265e+03
3.144001088221037662e+03 3.517517906299159222e+03
2.934272740712801806e+03 3.321702055735462636e+03
2.732958278285485449e+03 3.133928961863300628e+03
2.551702314753511018e+03 2.965298768250499506e+03
2.398836500369050100e+03 2.823642575191270225e+03
2.276916160872595356e+03 2.711238239704346597e+03
2.182540035278792857e+03 2.624739261355073268e+03
2.108293778769158507e+03 2.557063594370694318e+03
2.044384307392303526e+03 2.498915543229819832e+03
1.979438702921669801e+03 2.439497083240600205e+03
1.902954999461604302e+03 2.368820243810724605e+03
1.809717095693136116e+03 2.281947540560812286e+03
1.702034648495725833e+03 2.181163358207311376e+03
1.587642131535789304e+03 2.073927090287992542e+03
1.476460810434606628e+03 1.969683515363750530e+03
1.378085409385423191e+03 1.877401283085314390e+03
1.298187607357967863e+03 1.802234936305275824e+03
1.236357534142708118e+03 1.743643406362831001e+03
1.186752761316098031e+03 1.696115071949740013e+03
1.140461435791895610e+03 1.651380312099761795e+03
1.089014864844729800e+03 1.601643621223326136e+03
1.029036414421923155e+03 1.543877318051874454e+03
9.633244025914965505e+02 1.480774943701697566e+03
8.981626491086084343e+02 1.418162408062603163e+03
8.402914260173241701e+02 1.362127077385528537e+03
7.930276877459032221e+02 1.315531872368223276e+03
7.542727256130889373e+02 1.276377904290138986e+03
7.187560581430229831e+02 1.239929020011434204e+03
6.814353248216242491e+02 1.201754644792995123e+03
6.407243114072587105e+02 1.160545990705753411e+03
5.993885531885753153e+02 1.118796161089654106e+03
5.614438834717473128e+02 1.079979012365349945e+03
5.289226987029952625e+02 1.045759594437582109e+03
5.006510471099944652e+02 1.015064075796456223e+03
4.735409436464912574e+02 9.852797509141091723e+02
4.456586427719446419e+02 9.548383178328837175e+02
4.177305815840441596e+02 9.243853863719466517e+02
3.917340552050301881e+02 8.955289114061404234e+02
3.686526414595211349e+02 8.690118482307303793e+02
3.475638487260367242e+02 8.440650868001173421e+02
3.270645838134773271e+02 8.195951950464046831e+02
3.068622698186325692e+02 7.953998902098666122e+02
2.877966790971697151e+02 7.721171057064905199e+02
2.703819251155952657e+02 7.501047245754897403e+02
2.542018962613076098e+02 7.290375485133687334e+02
2.386535558012018612e+02 7.084832393827907708e+02
2.237755641295599105e+02 6.884729903138237432e+02
2.099034707970115790e+02 6.692277758490851056e+02
1.970013234112662701e+02 6.507083531574844528e+02
1.847832945754012712e+02 6.327207220755451544e+02
1.731896503723958176e+02 6.152242066186528291e+02
1.623351344258873894e+02 5.982819356958738126e+02
1.521522366481634094e+02 5.818460403071335350e+02
1.425717481945377756e+02 5.658676575738536485e+02
1.335612368856828027e+02 5.503214746525162582e+02
1.250903167480772709e+02 5.351843326727032490e+02
1.171298895166635248e+02 5.204346571087028224e+02
1.096521207352542433e+02 5.060523666454747627e+02
1.026304131375552515e+02 4.920187886204810752e+02
9.603936898965623925e+01 4.783165801327710369e+02
8.985443749315015793e+01 4.649296435488749921e+02
8.405188754353036984e+01 4.518430561169296880e+02
7.860925347441524025e+01 4.390430216424148853e+02
7.350530503556380779e+01 4.265168114851429664e+02
6.871998537877402669e+01 4.142527080046293690e+02
6.423435175052232182e+01 4.022399512086422533e+02
6.003051880077430980e+01 3.904686882647503126e+02
5.609161529760829978e+01 3.789301219414505795e+02
5.240176466420360413e+01 3.676171074702123178e+02
4.894599007008702785e+01 3.565233800576365297e+02
4.571015428683161019e+01 3.456432536437040426e+02
4.268091731976129211e+01 3.349715876457672152e+02
3.984569582309611491e+01 3.245037547626956780e+02
3.719262424961691238e+01 3.142356097165672395e+02
3.471051715728739850e+01 3.041634913302311247e+02
3.238882426781597701e+01 2.942847987294925929e+02
3.021760049191311737e+01 2.845978164277659630e+02
2.818748390681501448e+01 2.751010532906889807e+02
2.628966444727771901e+01 2.657931983710101917e+02
2.451585371755900766e+01 2.566731018048558894e+02
2.285825627953765959e+01 2.477397561373286692e+02
2.130954235746001402e+01 2.389922783181835086e+02
1.986282148972563988e+01 2.304302581449270804e+02
1.851161725311968809e+01 2.220543932934294560e+02
1.724984513894557381e+01 2.138654402907637291e+02
1.607179055492653319e+01 2.058639856289214549e+02
1.497208770743471895e+01 1.980504435322771712e+02
1.394569958523078412e+01 1.904250542455773996e+02
1.298789899502117251e+01 1.829878828453024369e+02
1.209425043740993289e+01 1.757388946786105919e+02
1.126059149753037048e+01 1.686787381463242355e+02
1.048301795212563725e+01 1.618082820982052681e+02
9.757869857182072337e+00 1.551279962823134326e+02
9.081717047033876611e+00 1.486379588638946814e+02
8.451345414987383009e+00 1.423378751929506905e+02
7.863743959215629076e+00 1.362270968389866823e+02
7.316092553185709946e+00 1.303046423416936932e+02
6.805750111439167860e+00 1.245694420668705789e+02
6.330243512148087781e+00 1.190205397703519310e+02
5.887257990414378028e+00 1.136566373529974072e+02
5.474627508096386208e+00 1.084760611042087817e+02
5.090325597805629876e+00 1.034767914295861573e+02
4.732456739814484337e+00 9.865649198649630591e+01
4.399248243175139628e+00 9.401253812174462610e+01
4.089042541662945673e+00 8.954205752798763740e+01
3.800289646925339770e+00 8.524203498479222674e+01
