2.361408094954760236e+04 2.346697489978315571e+04
2.386495923396749640e+04 2.371216289554710602e+04
2.410672621515323772e+04 2.394810834393827827e+04
2.433867278677450304e+04 2.417410684304941969e+04
2.456006171534138775e+04 2.438942776238392253e+04
2.477015358200886476e+04 2.459333911364509549e+04
2.496819383014956475e+04 2.478509468521057715e+04
2.515339788628197130e+04 2.496391929327724938e+04
2.532498244761476963e+04 2.512903995082170513e+04
2.548216612809451544e+04 2.527968664451823497e+04
2.562412803866970353e+04 2.541505188784268466e+04
2.575003809716301839e+04 2.553432050722096756e+04
2.585908395723476133e+04 2.563669608867143688e+04
2.595044835030726244e+04 2.572137904246748803e+04
2.602329984751817028e+04 2.578755774701638438e+04
2.607683522203089160e+04 2.583444986614907612e+04
2.611027744128736595e+04 2.586130056109118232e+04
2.612283612422335136e+04 2.586734447182109943e+04
2.611375040603494199e+04 2.585184723112628126e+04
2.608231193578468083e+04 2.581412778542775050e+04
2.602784320733583081e+04 2.575353827540164639e+04
2.594970167842804221e+04 2.566946815721341409e+04
2.584731589524527226e+04 2.556137835544896006e+04
2.572018856523867726e+04 2.542880491376457940e+04
2.556789023385464679e+04 2.527135474919611806e+04
2.539007884151474718e+04 2.508872242057391486e+04
2.518651090358239526e+04 2.488070047728421559e+04
2.495706950331213375e+04 2.464721000101783284e+04
2.470176254094369506e+04 2.438829771247490862e+04
2.442070712718091818e+04 2.410411757535662764e+04
2.411417343675311713e+04 2.379497581865791653e+04
2.378264818602419109e+04 2.346139634539058534e+04
2.342674049682641271e+04 2.310402248250808043e+04
2.304718440587133591e+04 2.272361881053181787e+04
2.264501821546782958e+04 2.232125324072758667e+04
2.222147729582805550e+04 2.189818750548260869e+04
2.177786840205046974e+04 2.145574907832766985e+04
2.131574424377978357e+04 2.099550685939627510e+04
2.083702601817508912e+04 2.051939429236163414e+04
2.034366613196203252e+04 2.002936947276829596e+04
1.983768129295623658e+04 1.952744784222494854e+04
1.932158688867705860e+04 1.901613537808733236e+04
1.879800682956706441e+04 1.849803952536360521e+04
1.826943464573610618e+04 1.797563138628858360e+04
1.773858055629219234e+04 1.745159016140726817e+04
1.720842700468100156e+04 1.692885869160553557e+04
1.668172523536803419e+04 1.641014546720553699e+04
1.616114817880709234e+04 1.589807363413546409e+04
1.564992527586412689e+04 1.539579936410116534e+04
1.515113730476198907e+04 1.490632771297757972e+04
1.466745615654116045e+04 1.443226079442025366e+04
1.420089259069237960e+04 1.397554576980728234e+04
1.375288169722106068e+04 1.353756074312522287e+04
1.332461222660556814e+04 1.311944484153779740e+04
1.291750891893365406e+04 1.272255879957323850e+04
1.253415243938362437e+04 1.234936188631122423e+04
1.217703574891468634e+04 1.200223285830964596e+04
1.184790326669809292e+04 1.168283300563995363e+04
1.154496845601935092e+04 1.138938889859808660e+04
1.126504798550606029e+04 1.111876822300288586e+04
1.100524302757950682e+04 1.086811946758733757e+04
1.076289724720417325e+04 1.063484054306146936e+04
1.053557140004592475e+04 1.041654631356484242e+04
1.032070747575713540e+04 1.021074089525637464e+04
1.011467900938281309e+04 1.001390846834139120e+04
9.913790386389140622e+03 9.822463734929284328e+03
9.713784722790687738e+03 9.632290658504980456e+03
9.509746072534688210e+03 9.438645295123942560e+03
9.296854622900698814e+03 9.236869777208068626e+03
9.069825394694560600e+03 9.021875929441335757e+03
8.823913045947962019e+03 8.789075857130277655e+03
8.555808328727296612e+03 8.535287862550696445e+03
8.263432918030059227e+03 8.258498686686096335e+03
7.947120654960023785e+03 7.959039316226458141e+03
7.608928100664224075e+03 7.638891493741330123e+03
7.253400443908173656e+03 7.302445979853582685e+03
6.886371934060688545e+03 6.955329884444383424e+03
6.514885484767118214e+03 6.604324141306918136e+03
6.146200420132469844e+03 6.256407159642247279e+03
5.787967085156663416e+03 5.918915613170572215e+03
5.447817916957179477e+03 5.599111930515276072e+03
5.133172296999625360e+03 5.304034092410493031e+03
4.850057981160377494e+03 5.039357322700507211e+03
4.603312152861385584e+03 4.809567950277613818e+03
4.394603354350157133e+03 4.616158462771348240e+03
4.222938665015006336e+03 4.458062763106193415e+03
4.083601233478138965e+03 4.330738488400435017e+03
3.969694622770298338e+03 4.227572834060762943e+03
3.871949577711683105e+03 4.139749017804065261e+03
3.780377622965716455e+03 4.057752645383156050e+03
3.684720646498991755e+03 3.971797174901544622e+03
3.575875222291196678e+03 3.873173035720879852e+03
3.447212039393199575e+03 3.755509799055049825e+03
3.295748026239944011e+03 3.615927324003425838e+03
3.122927592140970773e+03 3.455830438271815183e+03
2.934128852872844618e+03 3.280418341830669306e+03
2.738062425075956980e+03 3.098079357773691299e+03
2.545869542855062264e+03 2.919475679226000011e+03
2.369464637268968545e+03 2.755873869696518341e+03
2.218290460093049205e+03 2.616065551900183891e+03
2.096530072849551289e+03 2.503826907335924261e+03
2.002556108206989620e+03 2.417485205064009733e+03
1.930473272415226802e+03 2.351430910794393185e+03
1.871763378770212739e+03 2.297662720085987075e+03
1.815852679224626854e+03 2.246277188167045097e+03
1.751799920762010743e+03 2.187019731178541861e+03
1.672524819877738310e+03 2.113268090310016760e+03
1.577976382727858891e+03 2.025048565672847644e+03
1.474071403997950256e+03 1.928019490351300874e+03
1.369635460480420079e+03 1.830509186281389702e+03
1.274201274679621065e+03 1.741353694391882527e+03
1.194896549256108983e+03 1.667002964183097447e+03
1.133334357104182800e+03 1.608765842707528236e+03
1.085615329708931085e+03 1.562955640041324841e+03
1.044095023030418361e+03 1.522560081716927925e+03
1.000101486266963548e+03 1.479706817633344599e+03
9.485322166894434304e+02 1.429833493054346491e+03
8.901864444660110394e+02 1.373774454619855078e+03
8.299644268127971145e+02 1.316041410655507889e+03
7.743960683616071492e+02 1.262481177921815515e+03
7.280971543926814320e+02 1.217088380384488119e+03
6.907635033724164941e+02 1.179465515831076345e+03
6.582812354050868180e+02 1.145940951856022593e+03
6.255886396314512012e+02 1.112116890494831523e+03
5.898043331903686521e+02 1.075571101714121369e+03
5.522558611954243588e+02 1.037525910505771890e+03
5.165511780733324940e+02 1.001077294344079746e+03
4.853883230981160182e+02 9.684445647986917720e+02
4.587687618521932791e+02 9.395479156048916138e+02
4.342310872135353179e+02 9.123170618776636047e+02
4.093985154858946771e+02 8.848322329420043388e+02
3.840932862240639452e+02 8.569963767040489984e+02
3.598912140601569831e+02 8.300847034525951358e+02
3.381740074821844928e+02 8.051534640115750108e+02
3.186667511180357337e+02 7.819460516778982537e+02
3.001177829901380960e+02 7.594919580787059203e+02
2.817990848113170728e+02 7.372593941487183429e+02
2.642171684065054365e+02 7.156345375378856488e+02
2.480249411817199245e+02 6.950777495608336949e+02
2.331385926327971561e+02 6.755057419163387067e+02
2.189838529824181990e+02 6.565084835320949423e+02
2.053747864156423191e+02 6.379620143996820616e+02
1.925762029458301470e+02 6.200401784307999833e+02
1.806958578272627562e+02 6.028004271348369230e+02
1.695223025081869821e+02 5.860978594350340245e+02
1.589069526003052317e+02 5.698368650984007218e+02
1.489186665286294442e+02 5.540539666419626883e+02
1.395851041269153541e+02 5.387567685252948877e+02
1.307991135618634928e+02 5.238771117360112157e+02
1.225338520347147266e+02 5.093947268896751552e+02
1.147640238939946045e+02 4.952904318272763362e+02
1.074626574218371218e+02 4.815445234716160030e+02
1.006039992753989338e+02 4.681386713751383581e+02
9.416348175702937340e+01 4.550558402100265880e+02
8.811768883407280839e+01 4.422802176469358528e+02
8.244432117571579965e+01 4.297971471089977058e+02
7.712213778555758381e+01 4.175930837148635533e+02
7.213063346719242475e+01 4.056557854903401221e+02
6.745017242746179420e+01 3.939741575682060102e+02
6.306221686824770956e+01 3.825379817929433557e+02
5.894927594601433185e+01 3.713378647545197850e+02
5.509485050306506793e+01 3.603651937777093508e+02
5.148338046594903261e+01 3.496120950241989362e+02
4.810019492941186314e+01 3.390713949847728372e+02
4.493149209524265331e+01 3.287369098281652100e+02
4.196431753257917308e+01 3.186037607630675552e+02
3.918645579604837081e+01 3.086676244087292389e+02
3.658638353938099641e+01 2.989245963599216793e+02
3.415323407214773255e+01 2.893711644606050299e+02
3.187676344326304090e+01 2.800041827817747730e+02
2.974731800760237732e+01 2.708208462476434875e+02
2.775580143962406154e+01 2.618187681014575219e+02
2.589363339409993969e+01 2.529965980949543507e+02
2.415273310653796202e+01 2.443534767414867019e+02
2.252549953823821127e+01 2.358886335792698787e+02
2.100478484434827564e+01 2.276013708167464813e+02
1.958386912990115647e+01 2.194910494324540764e+02
1.825643647920593082e+01 2.115570756933796588e+02
1.701655218633909783e+01 2.037989028759072028e+02
1.585864047028273305e+01 1.962166204517693870e+02
1.477746400425002271e+01 1.888110422561873634e+02
1.376810558366215353e+01 1.815828199019146609e+02
1.282594974516346120e+01 1.745323800078143108e+02
1.194666528458021126e+01 1.676599273460961683e+02
1.112618870948377925e+01 1.609654484709396343e+02
1.036070858220928237e+01 1.544487158116583316e+02
9.646650419445423452e+00 1.481094893859142587e+02
8.980661890923594015e+00 1.419481076737079945e+02
8.359600772802188828e+00 1.359647527082463512e+02
7.780522752809742038e+00 1.301592214027768648e+02
7.240669548606987860e+00 1.245309467221902082e+02
6.737457694989276824e+00 1.190790189610098935e+02
6.268467965606268066e+00 1.138022070263848065e+02
5.831435366148328470e+00 1.086989958532180083e+02
5.424239287044376745e+00 1.037678523776998532e+02
5.044894876331507128e+00 9.900714512231263598e+01
4.691545129395452207e+00 9.441492506007352858e+01
4.362452994493611236e+00 8.998894620926981247e+01
4.055993927984273384e+00 8.572669300831155681e+01
3.770648888272910337e+00 8.162540688460696003e+01
