2.749602026848796231e+04 2.735034950543295417e+04
2.769537210805111317e+04 2.754432506814713997e+04
2.787980318387352600e+04 2.772326873160808827e+04
2.804848750360071426e+04 2.788636040493116889e+04
2.820061204835151511e+04 2.803279382860079932e+04
2.833536522305346443e+04 2.816176498397749310e+04
2.845192016270156819e+04 2.827245538130890418e+04
2.854946996341405611e+04 2.836406741878459070e+04
2.862723011439264519e+04 2.843582695111357680e+04
2.868439112419887897e+04 2.848693671716603421e+04
2.872015247515738156e+04 2.851660991107595328e+04
2.873375652800587704e+04 2.852410367101387965e+04
2.872446739590687139e+04 2.850869863813517441e+04
2.869156082807417624e+04 2.846968925589877108e+04
2.863436925538490323e+04 2.840642776828873320e+04
2.855228253413616039e+04 2.831832520686538192e+04
2.844471335055648160e+04 2.820481855250744775e+04
2.831113631810639708e+04 2.806540829037484218e+04
2.815111091626288908e+04 2.789968053506453725e+04
2.796427879472677887e+04 2.770730624355868713e+04
2.775036848675735382e+04 2.748804595475631140e+04
2.750921011583372820e+04 2.724176199132113470e+04
2.724074815738027974e+04 2.696843201138081349e+04
2.694506566849229785e+04 2.666817603084807706e+04
2.662236489816635731e+04 2.634123328377114376e+04
2.627296887273275934e+04 2.598796271578797678e+04
2.589740933540759215e+04 2.560893420253065415e+04
2.549640194475963654e+04 2.520490223039518605e+04
2.507076995191526294e+04 2.477672601907843637e+04
2.462152865535802630e+04 2.432545528364126585e+04
2.415001030961234574e+04 2.385245715436640967e+04
2.365765151365713245e+04 2.335919900088721624e+04
2.314598470136159085e+04 2.284723914293024791e+04
2.261693786916457611e+04 2.231852814773166392e+04
2.207263676260038483e+04 2.177520931936365014e+04
2.151518874232967210e+04 2.121940115254756165e+04
2.094695131419454628e+04 2.065346434464559206e+04
2.037070024835997174e+04 2.008016867157546949e+04
1.978911675159302104e+04 1.950218298900199079e+04
1.920482501764744666e+04 1.892211184949317976e+04
1.862090729584557630e+04 1.834300199142099882e+04
1.804042492036117255e+04 1.776787177451569369e+04
1.746615702141405200e+04 1.719945493249694482e+04
1.690103894476359710e+04 1.664062410804695173e+04
1.634821079731497593e+04 1.609443850340343124e+04
1.581044563116074278e+04 1.556359398774903821e+04
1.529017817596800523e+04 1.505044786166478661e+04
1.478966391356007625e+04 1.455716026666477228e+04
1.431085479823995411e+04 1.408559165965616558e+04
1.385539256215840032e+04 1.363730125578244042e+04
1.342480894356387762e+04 1.321371496389468120e+04
1.302052309173365029e+04 1.281613041083105054e+04
1.264372279626837735e+04 1.244562845314909464e+04
1.229465411353270611e+04 1.210237982854672737e+04
1.197135764246174040e+04 1.178441061782005272e+04
1.167167120750577124e+04 1.148955499736073762e+04
1.139344146703869046e+04 1.121566544978044658e+04
1.113338714078016528e+04 1.095953098623002188e+04
1.088794363054859241e+04 1.071767891991613760e+04
1.065379176823312810e+04 1.048688021171102992e+04
1.042752828464172126e+04 1.026385773760623852e+04
1.020586480877097893e+04 1.004545846142651681e+04
9.985233810680303577e+03 9.828280769273646001e+03
9.760400948062124371e+03 9.607391972544448436e+03
9.526160920658681789e+03 9.377895105049336053e+03
9.277385942628025077e+03 9.135020508455269010e+03
9.009105577658980110e+03 8.874194113106887016e+03
8.717736302133684148e+03 8.592150057614648176e+03
8.402333599922580106e+03 8.288161784039511986e+03
8.063439103829399755e+03 7.962867547327600732e+03
7.704952216212208441e+03 7.620059005348624851e+03
7.332090249449318435e+03 7.264725507164775081e+03
6.951493608623668479e+03 6.903138111042138917e+03
6.570065936305730247e+03 6.541776307466771868e+03
6.194801790926011563e+03 6.187147579533667340e+03
5.832355973670054482e+03 5.845413086796910648e+03
5.490120898813902386e+03 5.523340185028351698e+03
5.174919413249966055e+03 5.227150826605785369e+03
4.893129354846676506e+03 4.962575980305076882e+03
4.648557592706596552e+03 4.732945094948395308e+03
4.442620392912081115e+03 4.539333381073106466e+03
4.273043758530779087e+03 4.379473169296804372e+03
4.134095797410902378e+03 4.247899843249579135e+03
4.017812684231598723e+03 4.137191876768476504e+03
3.914644224483751259e+03 4.038535750624776028e+03
3.814625839095062474e+03 3.942843522926639707e+03
3.708292131650755891e+03 3.841541860783179345e+03
3.587692726979627878e+03 3.727517835877487414e+03
3.447922001279182496e+03 3.596452239814542736e+03
3.287699827873462709e+03 3.447317472648649073e+03
3.109731341812054325e+03 3.282682663640124247e+03
2.919589086414515350e+03 3.107653803808211705e+03
2.725261951275015690e+03 2.929455386661476041e+03
2.537185076753098201e+03 2.757420210770551876e+03
2.366407723115677072e+03 2.601298175345732488e+03
2.221056155350270274e+03 2.468171981446910195e+03
2.103588336066390639e+03 2.360027807025317998e+03
2.010523690465403433e+03 2.273606613633767665e+03
1.935740128979168730e+03 2.203379167072827840e+03
1.871644079250361983e+03 2.142591320504154282e+03
1.808959645854267364e+03 2.083096211988523919e+03
1.738301307614956386e+03 2.016735922830053141e+03
1.654616189809535172e+03 1.939194685139843386e+03
1.559643494247843819e+03 1.852087399535573013e+03
1.459227303932398627e+03 1.760560796444357720e+03
1.360524844694753710e+03 1.670823780440545079e+03
1.270934209838696461e+03 1.589194752689761799e+03
1.195436430555956122e+03 1.519833515169757675e+03
1.134245399432479871e+03 1.462794009935701979e+03
1.083731478529469769e+03 1.414887878973701618e+03
1.037748836127220102e+03 1.370862268476879308e+03
9.896635951905963111e+02 1.325133171679942734e+03
9.365644377190332079e+02 1.275306318694979836e+03
8.800335474655202006e+02 1.222764457486778383e+03
8.236187673575940380e+02 1.170495250065810751e+03
7.717193180332599241e+02 1.122124387728242255e+03
7.271105946180749697e+02 1.079873104001989304e+03
6.888444971684190250e+02 1.042891210838269444e+03
6.539975625379373696e+02 1.008751778957236866e+03
6.194478926377590824e+02 9.749210633220234286e+02
5.836653239836526836e+02 9.401911096937026286e+02
5.479013380821422743e+02 9.055883082241580269e+02
5.142763139699079602e+02 8.727953541368721062e+02
4.840064700046222015e+02 8.427413286529423431e+02
4.568308058712491402e+02 8.151830663897114846e+02
4.312774145718077534e+02 7.889537207250027677e+02
4.061808331363398565e+02 7.631542434238270971e+02
3.816540882494076072e+02 7.378782240732977016e+02
3.584533939496765242e+02 7.136959747650968211e+02
3.371099927936832614e+02 6.909891069431386086e+02
3.173194431226338565e+02 6.695116571156545433e+02
2.985353594075936599e+02 6.488506129101809847e+02
2.804756289924017665e+02 6.287978528681124999e+02
2.633767367478385495e+02 6.095195750398517021e+02
2.474100927050469920e+02 5.911275640823348567e+02
2.324720196266755750e+02 5.735373374735812604e+02
2.183316603290607247e+02 5.565809066975579071e+02
2.049295544496711159e+02 5.402123617278746224e+02
1.923267000171182417e+02 5.244662827735926385e+02
1.805025475694548618e+02 5.093209608185907200e+02
1.693664109817478334e+02 4.947100307472883856e+02
1.588605774583501784e+02 4.805906379105030624e+02
1.489781087191746280e+02 4.669524644824529105e+02
1.396948761807542780e+02 4.537743436413881000e+02
1.309576513887758438e+02 4.410183402092865776e+02
1.227392262225967556e+02 4.286628205836178154e+02
1.150161852973478318e+02 4.166890235928752304e+02
1.077598870276366796e+02 4.050752484596040404e+02
1.009433683571183025e+02 3.938019482544920606e+02
9.454118140381442004e+01 3.828509736521996274e+02
8.852927247499178520e+01 3.722053652493999039e+02
8.288491062116429475e+01 3.618492821432330402e+02
7.758661955030110846e+01 3.517679357744586355e+02
7.261411276200416864e+01 3.419475285676981571e+02
6.794824144798317889e+01 3.323752394809359885e+02
6.357103718073256715e+01 3.230396426244226404e+02
5.946558577200102036e+01 3.139304246172851549e+02
5.561588887853017837e+01 3.050379656929532644e+02
5.200681891059382878e+01 2.963532950548130316e+02
4.862407724043828239e+01 2.878680556789886964e+02
4.545415398202241875e+01 2.795744711474740711e+02
4.248428930204681819e+01 2.714653144624892889e+02
3.970241898810864001e+01 2.635340310738733365e+02
3.709711310889692726e+01 2.557749759555239848e+02
3.465759297671064587e+01 2.481829774621554918e+02
3.237370598911750363e+01 2.407532289417474374e+02
3.023589158694386825e+01 2.334812683821715495e+02
2.823514889770123304e+01 2.263629588927406076e+02
2.636300599259305599e+01 2.193944699538467376e+02
2.461149106668998243e+01 2.125722749075704598e+02
2.297311043206429559e+01 2.058933794418243224e+02
2.144081929854545265e+01 1.993552252359905310e+02
2.000799100027598243e+01 1.929554372809600977e+02
1.866839359617276628e+01 1.866918038652749487e+02
1.741616783338239927e+01 1.805622645777064861e+02
1.624580623017681091e+01 1.745648986787733463e+02
1.515213322960439335e+01 1.686979138294163647e+02
1.413028540142000367e+01 1.629597234075659458e+02
1.317569140398537542e+01 1.573491570824715780e+02
1.228405863627029326e+01 1.518651580518709068e+02
1.145135798591463328e+01 1.465066928058384690e+02
1.067380845864127714e+01 1.412727452875427048e+02
9.947862644285997646e+00 1.361623113129848264e+02
9.270192978306937448e+00 1.311743932534574526e+02
8.637678722317733815e+00 1.263080071164535951e+02
8.047392862112722867e+00 1.215624633553105411e+02
7.496590776384757682e+00 1.169373230929316350e+02
6.982700335376858192e+00 1.124320582439389256e+02
6.503311554012486617e+00 1.080460372653711687e+02
6.056166786014664183e+00 1.037785276481615995e+02
5.639151479846113091e+00 9.962869858675580303e+01
5.250285466577438775e+00 9.559562381770021489e+01
4.887714709281811842e+00 9.167836298359533487e+01
4.549703434495598664e+00 8.787623859242650326e+01
4.234627037225398460e+00 8.418851994903994296e+01
3.940965283054157275e+00 8.061430803754558383e+01
3.667295843428457935e+00 7.715254595512573133e+01
3.412288213092196099e+00 7.380202930395192595e+01
3.174697988450358555e+00 7.056141648041527503e+01
2.953361482390643555e+00 6.742924150802402039e+01
