1.745196188228941537e+04 1.731310680220388167e+04
1.770469627767243946e+04 1.755995376764797402e+04
1.795366301112238943e+04 1.780286667185234546e+04
1.819835678299288702e+04 1.804134132128447891e+04
1.843824980316609799e+04 1.827485252658083118e+04
1.867277639616098168e+04 1.850284014233331254e+04
1.890135582393901859e+04 1.872473013509964221e+04
1.912339497132584802e+04 1.893993702147232034e+04
1.933826773681391205e+04 1.914784369333188806e+04
1.954532690944316710e+04 1.934781315582861862e+04
1.974391883157813936e+04 1.953920298714264572e+04
1.993336829075962305e+04 1.972135093712930393e+04
2.011296697543208211e+04 1.989356397119458779e+04
2.028200283337785731e+04 2.005514657923636696e+04
2.043976083347078747e+04 2.020540162577453884e+04
2.058549832918510583e+04 2.034360690025533040e+04
2.071846748150295389e+04 2.046903671337895867e+04
2.083793080195707444e+04 2.058097688652270881e+04
2.094314514706771661e+04 2.067870972571624225e+04
2.103335994216953259e+04 2.076151250131931010e+04
2.110784535989554570e+04 2.082868429406181167e+04
2.116589334942141795e+04 2.087954720474777787e+04
2.120680474639637032e+04 2.091343465094353814e+04
2.122991056068015314e+04 2.092971129224796459e+04
2.123458328539548529e+04 2.092778374708939009e+04
2.122024312196409301e+04 2.090710761324341365e+04
2.118636294410915798e+04 2.086719211661875306e+04
2.113247222159821831e+04 2.080760284731405045e+04
2.105817447692212954e+04 2.072797918641414435e+04
2.096317744557406695e+04 2.062806470908335177e+04
2.084726533154506978e+04 2.050767843200079733e+04
2.071030228241901204e+04 2.036671782526082097e+04
2.055231704825047200e+04 2.020524306759586398e+04
2.037347282146180078e+04 2.002344651199188229e+04
2.017400862477017290e+04 1.982159381891289740e+04
1.995432084255439986e+04 1.960010478304358912e+04
1.971505285390284917e+04 1.935964209757266508e+04
1.945693052571485168e+04 1.910094739220218253e+04
1.918077137312430568e+04 1.882485017796971078e+04
1.888773345444586448e+04 1.853251515015376208e+04
1.857913907544035828e+04 1.822526649974397878e+04
1.825632342383995274e+04 1.790443733975579016e+04
1.792082666543860614e+04 1.757156160127673138e+04
1.757447807640826795e+04 1.722845794571824081e+04
1.721907722430480499e+04 1.687691149759509790e+04
1.685646793199032254e+04 1.651874810312087720e+04
1.648901249660734175e+04 1.615630839327355352e+04
1.611913149494342542e+04 1.579198813408750175e+04
1.574907475674164743e+04 1.542801028434321597e+04
1.538084820087086882e+04 1.506636071178974635e+04
1.501621351713124932e+04 1.470878867026130320e+04
1.465677555264829789e+04 1.435688505481415450e+04
1.430427605974292783e+04 1.401237666954266933e+04
1.396135813340460118e+04 1.367789256923872927e+04
1.363065441798284701e+04 1.335605249610720057e+04
1.331441419651807519e+04 1.304909821216756063e+04
1.301352284253533799e+04 1.275794049521127999e+04
1.272813430468570914e+04 1.248277562025769657e+04
1.245828883533184853e+04 1.222368779179034391e+04
1.220325401318892727e+04 1.198000759465740339e+04
1.196191175347050739e+04 1.175068846380408286e+04
1.173303764064283314e+04 1.153457678079471225e+04
1.151462891281417797e+04 1.132974808117958855e+04
1.130455250381775659e+04 1.113414296142904641e+04
1.110034898621893262e+04 1.094536314496244813e+04
1.089907101786719068e+04 1.076050480812233400e+04
1.069772621219070425e+04 1.057659478689373464e+04
1.049269835449824677e+04 1.038998852276505568e+04
1.028038139264450729e+04 1.019701250128946776e+04
1.005696254630365547e+04 9.993717327824830136e+03
9.818788148760502736e+03 9.776256690030981190e+03
9.562916846185857139e+03 9.541442059536997476e+03
9.287178224950799631e+03 9.286815967189919320e+03
8.991048301008346243e+03 9.011574660432874225e+03
8.675365130858181146e+03 8.716297855593782515e+03
8.342995963720426516e+03 8.403682150375650963e+03
7.998029635826603226e+03 8.077722296966162503e+03
7.645973574688408917e+03 7.743949587542129848e+03
7.293013247449430310e+03 7.408660443123919322e+03
6.945810083999645940e+03 7.078718357155822559e+03
6.610854338322256808e+03 6.760859260280651142e+03
6.294621488004089770e+03 6.461863543233930613e+03
6.002713052603760843e+03 6.187647821612846201e+03
5.739813191105034093e+03 5.943227667224825382e+03
5.508426540833427680e+03 5.731398830835038098e+03
5.309066206809170581e+03 5.552931056906453705e+03
5.138939591864686008e+03 5.405160880376166460e+03
4.992926527974811506e+03 5.282955965659972208e+03
4.863504513702238910e+03 5.178551883428984183e+03
4.741798548883060903e+03 5.082556334950583732e+03
4.618642430907592825e+03 4.985011996756739791e+03
4.485479992223770751e+03 4.876338486222494794e+03
4.335703460481150614e+03 4.748849664020669479e+03
4.165775738899789758e+03 4.598128153320686579e+03
3.975980567528509710e+03 4.424023501103945819e+03
3.770619766730616448e+03 4.231026603548930325e+03
3.557345581883195791e+03 4.027577559968637615e+03
3.346008935037717492e+03 3.824727129177775169e+03
3.147237291184284913e+03 3.634458706378888110e+03
2.970452943194287855e+03 3.467414547623082399e+03
2.821473112658468381e+03 3.330223485244944641e+03
2.700691612303880447e+03 3.223512020753697925e+03
2.603114428017007413e+03 3.141924065488954056e+03
2.520128563536032743e+03 3.075969635790276243e+03
2.441445555980983499e+03 3.014033372321296156e+03
2.356713095921076274e+03 2.944100974397087157e+03
2.258107182667370125e+03 2.856822457616612610e+03
2.143699791118495796e+03 2.749688171005947879e+03
2.018527628864655071e+03 2.628509385367260620e+03
1.891964393784006461e+03 2.504322330425817199e+03
1.774074333597120585e+03 2.388942097399900831e+03
1.672732890580653248e+03 2.291515794647928033e+03
1.590861316523363030e+03 2.215409502399179473e+03
1.525030315857106643e+03 2.156705078352184501e+03
1.467099114075600255e+03 2.106047802738201881e+03
1.407670722791582193e+03 2.052516225339054927e+03
1.340143122872140111e+03 1.988361596314631697e+03
1.264292629996789856e+03 1.913368283833340683e+03
1.185832256813959020e+03 1.834352839744270341e+03
1.112328552901373769e+03 1.760203359153662859e+03
1.049545716993801307e+03 1.697528067508289723e+03
9.980963871130803682e+02 1.646928636303313624e+03
9.531728567058729595e+02 1.602865619714066952e+03
9.083208249344634169e+02 1.558002868845408102e+03
8.596328466633253811e+02 1.507986994467366458e+03
8.081684275363875258e+02 1.454173603774831008e+03
7.586804037711040110e+02 1.402012383646064791e+03
7.151612484486788617e+02 1.355909419881935719e+03
6.778535922814019159e+02 1.316025878720600303e+03
6.435743172147958830e+02 1.278842920970680325e+03
6.087966039376873368e+02 1.240606508050368348e+03
5.729600225380889924e+02 1.200840955520279294e+03
5.383987276542385416e+02 1.162095037050515202e+03
5.073352031643282771e+02 1.126652731822482565e+03
4.795759584878327360e+02 1.094243002726201212e+03
4.531005058615298253e+02 1.062819596219492269e+03
4.266854396840293475e+02 1.031234643115058361e+03
4.010693391319261423e+02 1.000267212235764077e+03
3.774997655652914545e+02 9.710956962958031227e+02
3.559084464471011415e+02 9.436143526270616348e+02
3.352849419819552850e+02 9.169018763326980661e+02
3.152435459326359251e+02 8.906497998033272552e+02
2.963188195583654760e+02 8.653315260973242857e+02
2.787981674529798397e+02 8.411659728854776858e+02
2.622795602730388396e+02 8.178128322465803421e+02
2.464616699698910054e+02 7.950432213073273715e+02
2.315274658285721046e+02 7.729962729868024098e+02
2.175657951302387687e+02 7.517209793892766356e+02
2.044150623097218045e+02 7.310958807566602218e+02
1.919789362210880768e+02 7.110488778644800050e+02
1.802302136345107044e+02 6.915503556967202030e+02
1.691456855571957476e+02 6.725755774832859970e+02
1.587009561526950847e+02 6.541012862318171983e+02
1.488705920169247179e+02 6.361054161878402056e+02
1.396243648484771711e+02 6.185621157075772771e+02
1.309285962537338719e+02 6.014420848267516249e+02
1.227513348221611125e+02 5.847180967745212001e+02
1.150624853529260605e+02 5.683651437827257951e+02
1.078336976881854099e+02 5.523603166136063010e+02
1.010382625530241540e+02 5.366826933825815331e+02
9.465101393529569407e+01 5.213132365575318090e+02
8.864830487050308250e+01 5.062347739962510218e+02
8.300839830562254917e+01 4.914324880114078269e+02
7.771096039852857018e+01 4.768934265453640933e+02
7.273666521960068110e+01 4.626060512019666362e+02
6.806715309699758620e+01 4.485601632120004751e+02
6.368499250602052797e+01 4.347468354553511176e+02
5.957364261637140146e+01 4.211583467699490484e+02
5.571741656554647193e+01 4.077881180945756796e+02
5.210141527115587223e+01 3.946313680901718044e+02
4.871142022787407200e+01 3.816869462982989489e+02
4.553397191925963483e+01 3.689548455494755217e+02
4.255636255027176418e+01 3.564354363799063776e+02
3.976659769882435569e+01 3.441294291544695625e+02
3.715335966389356059e+01 3.320378363691168602e+02
3.470597245355341443e+01 3.201619351687731410e+02
3.241436841184535922e+01 3.085032500376148619e+02
3.026906120149749313e+01 2.970653415875835321e+02
2.826111752106305630e+01 2.858548767996844617e+02
2.638211850042000250e+01 2.748782052776886644e+02
2.462413155540412646e+01 2.641409839290047330e+02
2.297968457808104148e+01 2.536481873343059306e+02
2.144174132572135605e+01 2.434041199833111477e+02
2.000367796556579947e+01 2.334124302610361781e+02
1.865926053112926652e+01 2.236762011339970968e+02
1.740262028717646814e+01 2.141992620040625184e+02
1.622823503447682469e+01 2.049857809001719318e+02
1.513091346032408779e+01 1.960389413130917262e+02
1.410577668760281256e+01 1.873609484876278657e+02
1.314824063874082682e+01 1.789530855001593750e+02
1.225399930749748201e+01 1.708157700045635750e+02
1.141900889832883692e+01 1.629486112441632599e+02
1.063947260300944464e+01 1.553505051587136734e+02
9.911825306674195701e+00 1.480199101539072046e+02
9.232721210906285947e+00 1.409546996026673469e+02
8.599021678022726434e+00 1.341520893968654207e+02
8.007783069911406315e+00 1.276086980101376440e+02
7.456245248086133870e+00 1.213206053928009851e+02
6.941820705332593100e+00 1.152834098998280155e+02
6.462084297675685818e+00 1.094922830517778038e+02
