2.577129989975424905e+04 2.557950014441132953e+04
2.605556879239998671e+04 2.585639502721746612e+04
2.633019852743800948e+04 2.612349315290146478e+04
2.659438768452594013e+04 2.638000177591900865e+04
2.684731648806405065e+04 2.662511185377573929e+04
2.708816086908243960e+04 2.685801112906921480e+04
2.731606496604640779e+04 2.707785704325221377e+04
2.753013418394848122e+04 2.728376997130439486e+04
2.772947498333017575e+04 2.747487255782142529e+04
2.791319161717050883e+04 2.765028676192302737e+04
2.808035465316228874e+04 2.780910366882247399e+04
2.823003598208795302e+04 2.795041739270993276e+04
2.836132461837440133e+04 2.807334043249707975e+04
2.847329454780061496e+04 2.817697275806557809e+04
2.856500870851590662e+04 2.826040580659369880e+04
2.863556149570997877e+04 2.832276363207559552e+04
2.868407475132183390e+04 2.836319934016269690e+04
2.870967420446485266e+04 2.838087299678021736e+04
2.871152749551125089e+04 2.837498783424601061e+04
2.868885854064815794e+04 2.834480407400154945e+04
2.864093656235679737e+04 2.828962956166099320e+04
2.856708648571139929e+04 2.820882955576239328e+04
2.846671007424956406e+04 2.810184610834014529e+04
2.833929967515209501e+04 2.796821235149139102e+04
2.818445602456477354e+04 2.780757145203265827e+04
2.800187793290863192e+04 2.761966395258493503e+04
2.779137092148552256e+04 2.740433583116519003e+04
2.755291960028824178e+04 2.716161223023854836e+04
2.728666079940582131e+04 2.689166935755352097e+04
2.699283896525269301e+04 2.659478827922490382e+04
2.667189315894674291e+04 2.627144223818479077e+04
2.632454709341111447e+04 2.592238693143188721e+04
2.595164041073875705e+04 2.554848996573021577e+04
2.555413867843597473e+04 2.515074048208781460e+04
2.513339084480707243e+04 2.473050701392522024e+04
2.469094842042475648e+04 2.428935570245287818e+04
2.422840597914464161e+04 2.382889019724904574e+04
2.374766161829074190e+04 2.335101166153092345e+04
2.325105386811253993e+04 2.285805518389177087e+04
2.274090939639755379e+04 2.235233811435478128e+04
2.221957402040452871e+04 2.183619140415567745e+04
2.168983518868214014e+04 2.131238202360718060e+04
2.115452911643435073e+04 2.078372062162975635e+04
2.061632946446857386e+04 2.025285085739451461e+04
2.007828492588843073e+04 1.972278226441097286e+04
1.954390403463448092e+04 1.919697479610776281e+04
1.901641652753821108e+04 1.867860851746417393e+04
1.849863155038482364e+04 1.817044640429003994e+04
1.799260895802652158e+04 1.767451699136115712e+04
1.750004469357061316e+04 1.719248931589891436e+04
1.702248301248300049e+04 1.672588045798609528e+04
1.656255701059597050e+04 1.627727163263934926e+04
1.612386687082605022e+04 1.585019162220663384e+04
1.570964577075040324e+04 1.544781297698699927e+04
1.532140024979226655e+04 1.507161983954553216e+04
1.495742526218563398e+04 1.471994909636326520e+04
1.461573676645251726e+04 1.439086499012265267e+04
1.429431372074257524e+04 1.408239929422200112e+04
1.399084246197937318e+04 1.379230338035091700e+04
1.370310309249523198e+04 1.351841960018594546e+04
1.342827715260443802e+04 1.325800393496225843e+04
1.316280590592674707e+04 1.300758361215682635e+04
1.290316699129671179e+04 1.276371135976811820e+04
1.264504976123435881e+04 1.252215586665249793e+04
1.238404824372554322e+04 1.227857250448220111e+04
1.211535431586944651e+04 1.202819749326884994e+04
1.183377404369960823e+04 1.176585580628457501e+04
1.153458494860053361e+04 1.148680344251725910e+04
1.121358236303502235e+04 1.118677768885602381e+04
1.086783441367956948e+04 1.086274097803013319e+04
1.049660089381971738e+04 1.051382258536503468e+04
1.010091800985636110e+04 1.014090035111012003e+04
9.684558263419841751e+03 9.747599539450600787e+03
9.252867272798357590e+03 9.339120834176035714e+03
8.812971251391078113e+03 8.922476129201369986e+03
8.372687248949761852e+03 8.505385714291380282e+03
7.940160473036736221e+03 8.095925406691232638e+03
7.523887024307045067e+03 7.702501618393856916e+03
7.131570492233637196e+03 7.332776479125420337e+03
6.770506322692643153e+03 6.993950886796573286e+03
6.446575346325535065e+03 6.691877865551630748e+03
6.163146503374183339e+03 6.429881592641612770e+03
5.920942642849057847e+03 6.208724641313291613e+03
5.716653079018792596e+03 6.025171598616546362e+03
5.543862283555431532e+03 5.872931570415770693e+03
5.393349422356183823e+03 5.742888981899973260e+03
5.254120585835205020e+03 5.624095440412203061e+03
5.114873408011910215e+03 5.505166970219225732e+03
4.964936145785095505e+03 5.375212174278653038e+03
4.795929312531609867e+03 5.225540927629504040e+03
4.603081376027487750e+03 5.051066145137199783e+03
4.386186100952703782e+03 4.851373235343507076e+03
4.149932499592545355e+03 4.631146763637644653e+03
3.902969357598837632e+03 4.399209198840479075e+03
3.656718315368174899e+03 4.167252707925940740e+03
3.423869648928785409e+03 3.948229069393995360e+03
3.216169998266927905e+03 3.754044260259419843e+03
3.041293610914106466e+03 3.592398713726502592e+03
2.900308215787746121e+03 3.464322932738732106e+03
2.787837749273106510e+03 3.364406931254062783e+03
2.694366724786686518e+03 3.283092683758968178e+03
2.608362682695478725e+03 3.208730213833272046e+03
2.517668942618820893e+03 3.128915044265564575e+03
2.412304102207405776e+03 3.033359099009498550e+03
2.288810381235153727e+03 2.918464800323997679e+03
2.151963305537626638e+03 2.789181006146621257e+03
2.011775688845130617e+03 2.655871172971997566e+03
1.879436951646814350e+03 2.530002537543954531e+03
1.764359843741299528e+03 2.421061003606463601e+03
1.670932793201470986e+03 2.333342384989114180e+03
1.596484785308004575e+03 2.264056312015733965e+03
1.532921070528279870e+03 2.205043802297833281e+03
1.469909389259799582e+03 2.145937127016986778e+03
1.399344582461946402e+03 2.078629028041321362e+03
1.319704030904245883e+03 2.001693029076109497e+03
1.236091332717878913e+03 1.920381054187551626e+03
1.156273659607194304e+03 1.842498411071183909e+03
1.086901753874633869e+03 1.774553494279218967e+03
1.029801449818888841e+03 1.718192988179915801e+03
9.808710349343158441e+02 1.669317155558874447e+03
9.336190173695159729e+02 1.621616287512512145e+03
8.833207314426003904e+02 1.570601434516119298e+03
8.299404438081234048e+02 1.516365367660626816e+03
7.777142649548914051e+02 1.463030650025412569e+03
7.309059129759336884e+02 1.414590673927853004e+03
6.905510250085465032e+02 1.371909692654934815e+03
6.541723541680058815e+02 1.332627132819337021e+03
6.182134025312142285e+02 1.293504348862023562e+03
5.814388276590104851e+02 1.253500218520618546e+03
5.455602149217914985e+02 1.214205360508024114e+03
5.127843090155021173e+02 1.177548844470220274e+03
4.834559402666994856e+02 1.143766936679982109e+03
4.559751875188355825e+02 1.111458403424421476e+03
4.289730887125249978e+02 1.079493778750372940e+03
4.027035332871785158e+02 1.048118358268311340e+03
3.782563880996585226e+02 1.018212818340315607e+03
3.558380244922760198e+02 9.899065841245361526e+02
3.346947421104169962e+02 9.625934954556635148e+02
3.143093979067290888e+02 9.358879869192338674e+02
2.949721773913701668e+02 9.100108130028336291e+02
2.769956874406241241e+02 8.851724572387053058e+02
2.601502931166881467e+02 8.611928142293444353e+02
2.441283702066320700e+02 8.378560045640364251e+02
2.289811009428730415e+02 8.151923864057644096e+02
2.148044601503898150e+02 7.932512138478984980e+02
2.014905361071237451e+02 7.719534312803659759e+02
1.889468024735189999e+02 7.512357114795222515e+02
1.771294525934845296e+02 7.310616971814152976e+02
1.660034856637817029e+02 7.114013748011682310e+02
1.555348379093449864e+02 6.922268104092430576e+02
1.456904401430509779e+02 6.735120324632229085e+02
1.364382637984234350e+02 6.552329231117744257e+02
1.277473563939341261e+02 6.373671172480181895e+02
1.195877364060321639e+02 6.198938187846628125e+02
1.119291429778454869e+02 6.027927928765110437e+02
1.047419718526586934e+02 5.860447745669342794e+02
9.799829312800213188e+01 5.696320890582311449e+02
9.167177505803752524e+01 5.535385818761687915e+02
8.573759517670643504e+01 5.377495421157567534e+02
8.017235627119396213e+01 5.222516299319014479e+02
7.495400694265798336e+01 5.070328077372603843e+02
7.006181661546794714e+01 4.920825757224167205e+02
6.547648070210455273e+01 4.773930652428051644e+02
6.117982460095699082e+01 4.629577674799294869e+02
5.715466195623159962e+01 4.487709662001398101e+02
5.338474792973560312e+01 4.348276918356289684e+02
4.985473416110479405e+01 4.211236767304312707e+02
4.655012536595754824e+01 4.076553111968187864e+02
4.345723748786436147e+01 3.944196029238840993e+02
4.056313812147828202e+01 3.814149370937650474e+02
3.785558866301704484e+01 3.686420020137547908e+02
3.532305600908543397e+01 3.561018837163742319e+02
3.295468205837033793e+01 3.437957350940826586e+02
3.074024707025020220e+01 3.317247534460826728e+02
2.867013480121199720e+01 3.198901585251238089e+02
2.673529934819183396e+01 3.082931711339903131e+02
2.492723367227035425e+01 2.969350390973063440e+02
2.323794093447548548e+01 2.858184801440082197e+02
2.165990586916916882e+01 2.749476900776962225e+02
2.018606599710349414e+01 2.643263913096448050e+02
1.880978601437604070e+01 2.539577253788524160e+02
1.752483359687470355e+01 2.438442669600929378e+02
1.632535645050465689e+01 2.339880390355768327e+02
1.520586055237368761e+01 2.243905291335968570e+02
1.416118929818044592e+01 2.150528125115461364e+02
1.318650185825914356e+01 2.059765780203958059e+02
1.227725633685418494e+01 1.971635003704849964e+02
1.142919390965402471e+01 1.886144901884386798e+02
1.063832211246978865e+01 1.803297270784576369e+02
9.900899023985084924e+00 1.723087047432338181e+02
9.213418323634806839e+00 1.645502761006533206e+02
8.572595180988459518e+00 1.570526981546398133e+02
7.975352791743936187e+00 1.498137356051503843e+02
7.418809335259559212e+00 1.428309117904557581e+02
6.900266758354212548e+00 1.361013039154162811e+02
6.417199791807768783e+00 1.296214942115628901e+02
5.967245363741160880e+00 1.233876177110682448e+02
5.548192624771040471e+00 1.173954084930689845e+02
5.157973552418032348e+00 1.116402442389808556e+02
4.794654102469500856e+00 1.061171889536775836e+02
