2.119231428681610851e+04 2.100592879811449166e+04
2.147442815160239115e+04 2.128044485162717683e+04
2.175069211191531213e+04 2.154891969424066701e+04
2.202048170830628806e+04 2.181073627153996131e+04
2.228316159565567432e+04 2.206526768799741330e+04
2.253807746651266643e+04 2.231186932003301990e+04
2.278453981422716970e+04 2.254986301326251487e+04
2.302184777468812172e+04 2.277856048197940254e+04
2.324929318047640481e+04 2.299726742284723514e+04
2.346613917575878077e+04 2.320526346858338366e+04
2.367163275679793151e+04 2.340181419470355104e+04
2.386502190448762485e+04 2.358618744385014361e+04
2.404554270113984967e+04 2.375764130373852822e+04
2.421240923697149628e+04 2.391541474331212157e+04
2.436484223683719028e+04 2.405875480274583606e+04
2.450207148815532491e+04 2.418691911382386752e+04
2.462331787258956683e+04 2.429915955454012146e+04
2.472781287262267870e+04 2.439474047627444816e+04
2.481481220308817501e+04 2.447295150086328067e+04
2.488358890596068522e+04 2.453310182838267792e+04
2.493343541629594256e+04 2.457452244800519111e+04
2.496368127717013704e+04 2.459658210542752931e+04
2.497370085104255486e+04 2.459869517735960835e+04
2.496292435712291262e+04 2.458033386617584983e+04
2.493083607721330554e+04 2.454102472389129980e+04
2.487697896681805651e+04 2.448035258662268461e+04
2.480099275080870939e+04 2.439799934397144534e+04
2.470261054992514619e+04 2.429373999605376230e+04
2.458163371180292961e+04 2.416741631790294559e+04
2.443797638388029009e+04 2.401898122991424680e+04
2.427173172154705389e+04 2.384856481985102437e+04
2.408307999005131569e+04 2.365638171881987000e+04
2.387229028942525838e+04 2.344273242795870101e+04
2.363987116911307021e+04 2.320815325542125356e+04
2.338648487867443328e+04 2.295333033115238140e+04
2.311285233191766019e+04 2.267900454127171179e+04
2.281991075586163061e+04 2.238612857273864211e+04
2.250890926992772438e+04 2.207596188718749181e+04
2.218114112837262655e+04 2.174980347733354211e+04
2.183796426245531620e+04 2.140901272952769432e+04
2.148104909783799303e+04 2.105525815761010017e+04
2.111214753501819723e+04 2.069028555347650399e+04
2.073298163586998271e+04 2.031580655271857904e+04
2.034565633140825594e+04 1.993391331436865585e+04
1.995266820755030130e+04 1.954708752684389765e+04
1.955639985711180270e+04 1.915769324100106314e+04
1.915896260754137984e+04 1.876782527112354001e+04
1.876187824304484820e+04 1.837900455192931258e+04
1.836646426888248243e+04 1.799254824826966433e+04
1.797403143014268790e+04 1.760976368815203750e+04
1.758705753133879261e+04 1.723312816626577842e+04
1.720876664391622398e+04 1.686586802947497199e+04
1.684212408602769574e+04 1.651095117366622799e+04
1.648913694981427761e+04 1.617040628906239726e+04
1.614999767944058476e+04 1.584448817358303677e+04
1.582463042706003216e+04 1.553318588768541122e+04
1.551275871527976778e+04 1.523628824910688672e+04
1.521302743251797619e+04 1.495252039467699069e+04
1.492378641734497069e+04 1.468031182739795804e+04
1.464337306014053866e+04 1.441807097968386552e+04
1.436950953133835537e+04 1.416357906665035807e+04
1.409981029508987012e+04 1.391449523338348808e+04
1.383189197575343860e+04 1.366845773527455640e+04
1.356305139907977718e+04 1.342274460310409086e+04
1.329068163846087191e+04 1.317470262852205815e+04
1.301182310425445576e+04 1.292126475899260367e+04
1.272327856738401351e+04 1.265906416176509447e+04
1.242205044829698454e+04 1.238488149608635104e+04
1.210518483415281480e+04 1.209545699780284122e+04
1.177031685847092376e+04 1.178808558806886504e+04
1.141645738624718615e+04 1.146142436211815584e+04
1.104362241455183903e+04 1.111514590471725387e+04
1.065425675336719905e+04 1.075146571469344963e+04
1.025204314771140344e+04 1.037392319435691024e+04
9.842514387937619176e+03 9.988077795372781111e+03
9.431753447958726611e+03 9.600144134026180836e+03
9.026362940403018001e+03 9.216983070958493045e+03
8.632582508413664982e+03 8.845155813736446362e+03
8.256226061440414924e+03 8.490858250925490211e+03
7.902440790837298664e+03 8.159651410450960611e+03
7.575657045645661128e+03 7.856414944042600837e+03
7.278780254542201874e+03 7.584476947662368730e+03
7.013295938637184918e+03 7.345713818185399759e+03
6.777625950804017521e+03 7.138751884439647256e+03
6.567849006368566734e+03 6.959671059444277489e+03
6.376849145551810579e+03 6.800973708385102327e+03
6.196215048025883334e+03 6.653549259866494140e+03
6.016782004640054765e+03 6.507173358927809204e+03
5.830467204718172979e+03 6.352533567848135135e+03
5.630964942506277112e+03 6.182055657424666606e+03
5.414909867605396357e+03 5.991359767927325265e+03
5.182328093391342918e+03 5.779937700408402634e+03
4.936742476705366244e+03 5.551423094173162099e+03
4.684843192410588927e+03 5.313315991191300782e+03
4.434943973685356468e+03 5.075185668942938719e+03
4.195765789801014762e+03 4.847222911571986515e+03
3.975397260100253334e+03 4.638983646760160809e+03
3.780117106868288374e+03 4.457989476395632664e+03
3.612329259152303166e+03 4.307319453055997656e+03
3.468957333879717225e+03 4.183681017891091869e+03
3.342164135576314948e+03 4.078093014927426793e+03
3.222307195562462311e+03 3.979202527597351036e+03
3.100853234235619311e+03 3.876688769893767130e+03
2.971490137428192611e+03 3.762678960557512255e+03
2.831054070456784757e+03 3.633049740413854124e+03
2.681578342897184939e+03 3.490125784662853221e+03
2.530434980208693560e+03 3.342945638600249822e+03
2.386530464575691894e+03 3.202520751724166530e+03
2.256346551994894980e+03 3.076882679502668907e+03
2.142783837409383978e+03 2.969662790695454532e+03
2.044632173784147653e+03 2.879474710955422324e+03
1.956375829783482232e+03 2.799645491344621860e+03
1.870761606506161115e+03 2.721291359256288160e+03
1.782336448905924499e+03 2.637672836232395639e+03
1.689075527747243314e+03 2.546307290961019589e+03
1.594022564474832052e+03 2.451060098666673184e+03
1.502909756446695610e+03 2.359121012396995411e+03
1.420003731754587307e+03 2.275784150643192334e+03
1.346496064437359564e+03 2.202502765967979940e+03
1.280319788030104291e+03 2.136747725368808915e+03
1.217081635636619694e+03 2.073197909032951429e+03
1.153551097590094287e+03 2.008008024896899315e+03
1.089531054552016485e+03 1.941058918093140392e+03
1.027236680677680624e+03 1.875127056448157646e+03
9.694716635438318235e+02 1.813597839552495770e+03
9.169928737012179454e+02 1.757344703101088044e+03
8.682888330895957552e+02 1.704582479869038707e+03
8.213540278758345039e+02 1.653021948944593987e+03
7.752481417555766257e+02 1.601668755680322874e+03
7.307426498846150480e+02 1.551481319096064453e+03
6.890765448376728273e+02 1.503875864944621298e+03
6.504438611211746775e+02 1.459054361109992215e+03
6.140328513318697787e+02 1.416135055134811637e+03
5.790350968147345156e+02 1.374291354060169851e+03
5.454830831659530759e+02 1.333604157786312044e+03
5.138204058368619371e+02 1.294550151953495742e+03
4.841716373895596348e+02 1.257249848274746682e+03
4.561458510064691154e+02 1.221319848048300855e+03
4.294530495114200903e+02 1.186498516178704904e+03
4.041408933214213448e+02 1.152843857055578383e+03
3.803114315962883438e+02 1.120446715874341180e+03
3.578422412124197649e+02 1.089193384417673769e+03
3.365627351689241209e+02 1.058938055082334813e+03
3.164406706752975538e+02 1.029652649557156565e+03
2.974755738575044006e+02 1.001328530068971872e+03
2.795879420577848009e+02 9.738948418740866373e+02
2.626966683726180918e+02 9.472827397395462867e+02
2.467642775548073644e+02 9.214567330265414284e+02
2.317463437974295175e+02 8.963734029989833516e+02
2.175938263881881483e+02 8.719850596308277773e+02
2.042600482059278590e+02 8.482474081788589046e+02
1.917006471013748694e+02 8.251194055642224612e+02
1.798734734819660730e+02 8.025630678808593075e+02
1.687384916941538791e+02 7.805432938445252375e+02
1.582577031302648436e+02 7.590275715046379901e+02
1.483952995606104253e+02 7.379839606554281772e+02
1.391174418814217120e+02 7.173816302708244166e+02
1.303919414134734325e+02 6.971924140747041747e+02
1.221881891103219715e+02 6.773907193391178225e+02
1.144770928000181982e+02 6.579533983639107646e+02
1.072310157853374193e+02 6.388596286163453897e+02
1.004237168692946085e+02 6.200908002768940150e+02
9.403028098458682393e+01 6.016306909809223953e+02
8.802700694186614783e+01 5.834668945606523494e+02
8.239141143935388811e+01 5.655893963903959047e+02
7.710220571469089634e+01 5.479896583504738601e+02
7.213923966135975263e+01 5.306605382004463536e+02
6.748344791686741928e+01 5.135962128647022382e+02
6.311679799146659064e+01 4.967921026120689021e+02
5.902224039785917853e+01 4.802447962628056644e+02
5.518365935440661474e+01 4.639536965544145346e+02
5.158582431647864297e+01 4.479243977811660784e+02
4.821435032159687495e+01 4.321635077932999707e+02
4.505565647817721242e+01 4.166774009169749888e+02
4.209692521119566777e+01 4.014721917752588070e+02
3.932606326297218402e+01 3.865537102155378193e+02
3.673166439649201465e+01 3.719274774480709311e+02
3.430297368765204880e+01 3.575987172068792006e+02
3.202984949805240689e+01 3.435746086842821683e+02
2.990272985375531434e+01 3.298652482504895715e+02
2.791260861618144418e+01 3.164797230142410172e+02
2.605100617539901009e+01 3.034257698514580852e+02
2.430994087064023645e+01 2.907098241105121019e+02
2.268190179843943000e+01 2.783370713132575816e+02
2.115982295302603688e+01 2.663115013703540512e+02
1.973705854437676877e+01 2.546360169280674484e+02
1.840735805623554810e+01 2.433133394543015982e+02
1.716484483882534562e+01 2.323457550146924291e+02
1.600399670322996215e+01 2.217343140917150492e+02
1.491962586368430799e+01 2.114788883215885278e+02
1.390685986795454809e+01 2.015782563348321617e+02
1.296112352649089772e+01 1.920301887986150291e+02
1.207812179458948876e+01 1.828315321648453562e+02
1.125382336404731198e+01 1.739782898300168767e+02
1.048444416861894446e+01 1.654656969062517931e+02
9.766434049232595171e+00 1.572883023148179689e+02
9.096463710902494171e+00 1.494400465200355086e+02
8.471411652444457374e+00 1.419143330557424179e+02
7.888351815891684993e+00 1.347040968656593236e+02
7.344541923134485728e+00 1.278018693230159215e+02
