2.773473813674917983e+04 2.753864565776450036e+04
2.801727414858417251e+04 2.781347847754265240e+04
2.828691152803157456e+04 2.807523201390236864e+04
2.854269913822637682e+04 2.832296245129714589e+04
2.878368080150400056e+04 2.855572242360836754e+04
2.900889847749889668e+04 2.877256393033184941e+04
2.921734825629398620e+04 2.897249441276202924e+04
2.940800912560209326e+04 2.915450559114093994e+04
2.957987457438531055e+04 2.931760510409487688e+04
2.973193018135822058e+04 2.946079464898679726e+04
2.986314043595129260e+04 2.958305721068846469e+04
2.997249572015508966e+04 2.968340330466750675e+04
3.005901280243711153e+04 2.976087160739816318e+04
3.012169379346296773e+04 2.981448898364601337e+04
3.015956915436653071e+04 2.984331269710211564e+04
3.017172426476256805e+04 2.984645651347721287e+04
3.015728086488736881e+04 2.982307325566190411e+04
3.011540038996803924e+04 2.977235826251959952e+04
3.004532073574121387e+04 2.969358470576791660e+04
2.994636346933963068e+04 2.958611117625972111e+04
2.981793532896428587e+04 2.944938474120746105e+04
2.965954152964820605e+04 2.928295221435368512e+04
2.947079696822803089e+04 2.908647066527931747e+04
2.925146987615465696e+04 2.885975281103089583e+04
2.900147876043530414e+04 2.860276311127539157e+04
2.872086467158189043e+04 2.831558790456828501e+04
2.840984933967551115e+04 2.799849408870063780e+04
2.806892408137947859e+04 2.765201900756419855e+04
2.769872265054757736e+04 2.727684051282867222e+04
2.730002199127543281e+04 2.687377702171489000e+04
2.687396973831552896e+04 2.644401569491113332e+04
2.642195283621599447e+04 2.598897961950895478e+04
2.594543908118491890e+04 2.551016811896713625e+04
2.544619508489804866e+04 2.500937389695347520e+04
2.492643965402981485e+04 2.448883530129795690e+04
2.438842952084944409e+04 2.395082242555987250e+04
2.383450001333151522e+04 2.339767692101750072e+04
2.326758139479982492e+04 2.283232288011294077e+04
2.269073488649637511e+04 2.225780664553317911e+04
2.210687683571664456e+04 2.167702380438324690e+04
2.151919279740282946e+04 2.109312723438306057e+04
2.093119010652726865e+04 2.050957858845764349e+04
2.034611894640418905e+04 1.992957854313766438e+04
1.976714495023993732e+04 1.935623468991563641e+04
1.919801568874764780e+04 1.879320891195144941e+04
1.864230592551742302e+04 1.824398524133464161e+04
1.810315163769231367e+04 1.771161281168499409e+04
1.758291444209427209e+04 1.719837616602920752e+04
1.708330212631099494e+04 1.670591550678487692e+04
1.660576659348591420e+04 1.623561996916875796e+04
1.615199955853462234e+04 1.578910103843183424e+04
1.572476697347117442e+04 1.536898712232725666e+04
1.532673539888655068e+04 1.497780826555101885e+04
1.495968795812972348e+04 1.461724268434061560e+04
1.462103390207205666e+04 1.428474217452274388e+04
1.430659104299753744e+04 1.397622483678315984e+04
1.401254917484435828e+04 1.368797577824819746e+04
1.373558939914361508e+04 1.341677556046871723e+04
1.347272869606178392e+04 1.315973882525467525e+04
1.322077502369304966e+04 1.291378738615182192e+04
1.297519376214771000e+04 1.267457539051437561e+04
1.273137407501929010e+04 1.243768754061761138e+04
1.248398126063933705e+04 1.219803576263859577e+04
1.222694151415045599e+04 1.194984169072835175e+04
1.195440009644869133e+04 1.168753895638287031e+04
1.166027523810861749e+04 1.140537214189844963e+04
1.133935873029196773e+04 1.109840667035103797e+04
1.098878922623183644e+04 1.076397435105834120e+04
1.060740798879874092e+04 1.040101284832635793e+04
1.019725163274167062e+04 1.001151972554817439e+04
9.762380977070384688e+03 9.599403160909640064e+03
9.309710343882341476e+03 9.171283451540901297e+03
8.847355093384085194e+03 8.734903951427802895e+03
8.384478959296913672e+03 8.298973571685941351e+03
7.930209486269417539e+03 7.872141734298582378e+03
7.493941386281318046e+03 7.463276102997941052e+03
7.084797352989000501e+03 7.080917241707680660e+03
6.711391560433557970e+03 6.733096823157429753e+03
6.380108693561162909e+03 6.425709547616223063e+03
6.095329150672644573e+03 6.162712553075150026e+03
5.856962038120633224e+03 5.943890463924566575e+03
5.661386349424316904e+03 5.765698238697451416e+03
5.500447886577139798e+03 5.620405560969911676e+03
5.363668898336648454e+03 5.498107105755640987e+03
5.238393740521348263e+03 5.386892249028408514e+03
5.111817854506630283e+03 5.274688833657392024e+03
4.971834648004527480e+03 5.150047706944786114e+03
4.808999247550701511e+03 5.004003956952074986e+03
4.618091291328459192e+03 4.831564347866412390e+03
4.399067789267282024e+03 4.632645227544616318e+03
4.157280037692428778e+03 4.412320157395835849e+03
3.902347034876524049e+03 4.179715476767301880e+03
3.647157035729421750e+03 3.947013598973006538e+03
3.406385642657626249e+03 3.728000761461197271e+03
3.193753483906634756e+03 3.535423270115137257e+03
3.017611686102946351e+03 3.376900559424063431e+03
2.878468098164196363e+03 3.252744423458506844e+03
2.770107040867516844e+03 3.157069868464084266e+03
2.682381199889130130e+03 3.080407027511092565e+03
2.602850294993290390e+03 3.011179403360119068e+03
2.517708060629380270e+03 2.936508549607725854e+03
2.415548951569428027e+03 2.845721593609409865e+03
2.292911389664320723e+03 2.735589789322920296e+03
2.155323248628422334e+03 2.611348023105646007e+03
2.013449263905697080e+03 2.483026283113956197e+03
1.879150166804581886e+03 2.361660119443723943e+03
1.762881728266401069e+03 2.256814956087121118e+03
1.669448767689897295e+03 2.172744096529682338e+03
1.596024941371490968e+03 2.106719435556590724e+03
1.534234980174968769e+03 2.051021560141040027e+03
1.473129398761184802e+03 1.995641916641332728e+03
1.403950185622894196e+03 1.932618147251078881e+03
1.325250117726590815e+03 1.860712724234797406e+03
1.242078078012980541e+03 1.784619968706643022e+03
1.162190971147220807e+03 1.711401648946986370e+03
1.092701335517005418e+03 1.647385998639571426e+03
1.035559159779365700e+03 1.594184222663593346e+03
9.867366290489406992e+02 1.548122576211871547e+03
9.399079165544771968e+02 1.503584184908922452e+03
8.901888783352745804e+02 1.456314136675894815e+03
8.373899716306503933e+02 1.406231748695789975e+03
7.855895116349997807e+02 1.356943733008407435e+03
7.388322927801386868e+02 1.311916701840155156e+03
6.982928510394558543e+02 1.272076288206537811e+03
6.617545414313990477e+02 1.235480550091243686e+03
6.258689571779286780e+02 1.199311544564096721e+03
5.893864257966563400e+02 1.162572201333201292e+03
5.537690800160411300e+02 1.126507283518400527e+03
5.209873669604588713e+02 1.092713684880666960e+03
4.914436608074940978e+02 1.061470687407357218e+03
4.637975694592147420e+02 1.031681644076261136e+03
4.368046832082795277e+02 1.002375751204043468e+03
4.106178846916635052e+02 9.736904468479177694e+02
3.861118749744409797e+02 9.462904658301611107e+02
3.635039016679790507e+02 9.203151636344023245e+02
3.422000095311395853e+02 8.953089964403677641e+02
3.217482968551139493e+02 8.709445170475720488e+02
3.023348676405949504e+02 8.473550683778533994e+02
2.841991327866785468e+02 8.246965347604641465e+02
2.671774191780871774e+02 8.028434607467180513e+02
2.510209207370855324e+02 7.816234030273897133e+02
2.357404518398548703e+02 7.610389084188975630e+02
2.213962324850899392e+02 7.411190686336352655e+02
2.079038684922807363e+02 7.218022545253519411e+02
1.951817254401014736e+02 7.030320589270755818e+02
1.831910023337714790e+02 6.847783635191707390e+02
1.718949092245231327e+02 6.670120556115267618e+02
1.612579994652779476e+02 6.497059435793522653e+02
1.512461692840335274e+02 6.328346461766259381e+02
1.418266516227321006e+02 6.163744902420052085e+02
1.329680048501170120e+02 6.003034160312520271e+02
1.246400434443362570e+02 5.846008620315277540e+02
1.168130812726847552e+02 5.692472853142913891e+02
1.094583056684662665e+02 5.542242232553852546e+02
1.025484622607817329e+02 5.395145828156496464e+02
9.605779413677070977e+01 5.251025807287229554e+02
8.996196402610513587e+01 5.109736778931134040e+02
8.423798027766061125e+01 4.971145178284199915e+02
7.886412654584530912e+01 4.835128691888599519e+02
7.381995469413764965e+01 4.701578802340420680e+02
6.908630074223181339e+01 4.570405138428386067e+02
6.464505677741902900e+01 4.441527128792116059e+02
6.047909052015648257e+01 4.314872043383190316e+02
5.657219897026654820e+01 4.190374596696580625e+02
5.290906378241756158e+01 4.067976563827762106e+02
4.947520834316750893e+01 3.947626407617814266e+02
4.625695334012351623e+01 3.829279634731050237e+02
4.324134674392552569e+01 3.712905711180861204e+02
4.041614837933039439e+01 3.598483680621782810e+02
3.776981773145190147e+01 3.485996281685891063e+02
3.529147721886204891e+01 3.375429590631732140e+02
3.297087681019800698e+01 3.266772758615521184e+02
3.079836033440171406e+01 3.160017752062130398e+02
2.876483342499046358e+01 3.055159132021151436e+02
2.686173432832001851e+01 2.952200247123084296e+02
2.508100590103459737e+01 2.851159191736430785e+02
2.341506504056375348e+01 2.752054844363382813e+02
2.185677624045094447e+01 2.654904799438447185e+02
2.039942686890066170e+01 2.559725275434446701e+02
1.903670368647238220e+01 2.466531028561044252e+02
1.776267055005174100e+01 2.375335272324446407e+02
1.657174682946921607e+01 2.286151194288273132e+02
1.545868446971030075e+01 2.199003253591436362e+02
1.441855162647743249e+01 2.113918375141330728e+02
1.344671649586671691e+01 2.030918579983572272e+02
1.253883001043301348e+01 1.950021082435365258e+02
1.169080944960918167e+01 1.871238453970931346e+02
1.089882293558819981e+01 1.794578794291212773e+02
1.015927476709688548e+01 1.720045957858460497e+02
9.468791231274762410e+00 1.647643473102928340e+02
8.824207394825336337e+00 1.577376525097020590e+02
8.222555341714311794e+00 1.509245468665792487e+02
7.661052508651770232e+00 1.443245463646350117e+02
7.137090613161357844e+00 1.379366808931766002e+02
6.648225205183368125e+00 1.317595274801788037e+02
6.192165809881512217e+00 1.257912431982923209e+02
5.766766536380715458e+00 1.200296229087154245e+02
5.370016855785908483e+00 1.144722593475728019e+02
5.000033852814595114e+00 1.091164475802391536e+02
4.655054683514723735e+00 1.039591463657834964e+02
