1.561208958953316142e+04 1.548742790147249616e+04
1.584956839025749650e+04 1.571946539607033810e+04
1.608379839115942559e+04 1.594808754655558550e+04
1.631432193623949024e+04 1.617283670982623880e+04
1.654065022171912642e+04 1.639322645631209525e+04
1.676227776950694897e+04 1.660875488144766132e+04
1.697868828459685392e+04 1.681891000493178581e+04
1.718933948204161061e+04 1.702315477926337189e+04
1.739366484690955258e+04 1.722092889687376737e+04
1.759108995555237198e+04 1.741166501725261696e+04
1.778102605550117369e+04 1.759478267189932376e+04
1.796285442103327659e+04 1.776967326835980930e+04
1.813594861656743524e+04 1.793572169341310291e+04
1.829967933101403469e+04 1.809231107558457370e+04
1.845339528429331767e+04 1.823880447517572247e+04
1.859643387615989195e+04 1.837455527492109832e+04
1.872813823724987378e+04 1.849892372461232662e+04
1.884784799350955655e+04 1.861126823624589815e+04
1.895489024580902333e+04 1.871093690229217464e+04
1.904860443643612962e+04 1.879729138864476772e+04
1.912834612194471265e+04 1.886971069838076073e+04
1.919347453931976634e+04 1.892757970430468049e+04
1.924336746308525107e+04 1.897030325289402026e+04
1.927743327677883281e+04 1.899731764864320940e+04
1.929511448156621918e+04 1.900809471121695242e+04
1.929589173848338396e+04 1.900214588922253461e+04
1.927928915566776413e+04 1.897902653686353369e+04
1.924488478328332712e+04 1.893834634175527026e+04
1.919233542652380493e+04 1.887979451200672702e+04
1.912136049641428326e+04 1.880312281501762118e+04
1.903174118831667147e+04 1.870814431800098828e+04
1.892337993806156737e+04 1.859479262834926703e+04
1.879629474669967385e+04 1.846311587194672029e+04
1.865056869681493117e+04 1.831322589432866880e+04
1.848639977736016226e+04 1.814534755858263452e+04
1.830419045910483692e+04 1.795990745490008703e+04
1.810442423025811149e+04 1.775741077623612364e+04
1.788765882728196448e+04 1.753843435174369733e+04
1.765472062484377966e+04 1.730381928982375757e+04
1.740660101799476979e+04 1.705456768258342709e+04
1.714431651039695862e+04 1.679170358097322605e+04
1.686903981994425703e+04 1.651640340290136737e+04
1.658220174214276631e+04 1.623009700571446592e+04
1.628523630556168791e+04 1.593421394624647473e+04
1.597962430336812940e+04 1.563022683752106059e+04
1.566731863262366460e+04 1.532007400821281590e+04
1.535038172241020402e+04 1.500579883159745077e+04
1.503075445870070507e+04 1.468932054886479455e+04
1.471014116727801593e+04 1.437232687160059322e+04
1.438999045619503158e+04 1.405625654102067165e+04
1.407163793852819254e+04 1.374243332180192920e+04
1.375658650311474958e+04 1.343234438406328809e+04
1.344732071093923332e+04 1.312844963992454905e+04
1.314638736023926867e+04 1.283326841536600114e+04
1.285605849965181551e+04 1.254904694420219676e+04
1.257769029258616138e+04 1.227714296215468312e+04
1.231191444537501957e+04 1.201821174529850396e+04
1.205927097224643512e+04 1.177281660448712137e+04
1.181971383382869863e+04 1.154095019342519663e+04
1.159220606040192251e+04 1.132164209689087875e+04
1.137567042348526411e+04 1.111388123600867402e+04
1.116875205212854235e+04 1.091638343254699794e+04
1.096951477858882754e+04 1.072729387870567007e+04
1.077605933286453728e+04 1.054478888871258459e+04
1.058621699548174001e+04 1.036676805781269468e+04
1.039755343869257194e+04 1.019085538250474747e+04
1.020764116901538182e+04 1.001466458892443916e+04
1.001349757993013009e+04 9.835222035061891802e+03
9.812131246019811442e+03 9.649517392849718817e+03
9.600409151454414314e+03 9.454349048780453813e+03
9.375160257944144178e+03 9.246426308674850588e+03
9.133815454142953968e+03 9.023018009198151049e+03
8.874585903643142956e+03 8.782126410682190908e+03
8.596848484904845463e+03 8.522908613469768170e+03
8.301863815324173629e+03 8.246420980094684637e+03
7.992136237102693485e+03 7.954998505603019112e+03
7.671933615501893655e+03 7.652815419940475294e+03
7.346272894275874933e+03 7.344856811397105048e+03
7.020891599158990175e+03 7.036906093211972802e+03
6.701564924283121400e+03 6.734837958980795520e+03
6.393875827875424875e+03 6.444382843896391023e+03
6.103258996152339023e+03 6.171160200098282985e+03
5.834396531767933993e+03 5.920072216566650241e+03
5.591063197247796779e+03 5.695125242842314947e+03
5.375744796214311464e+03 5.499060098199635831e+03
5.188312526015056392e+03 5.331953915121529462e+03
5.026561850279339524e+03 5.191755831927893269e+03
4.885257675154029130e+03 5.073231081534127043e+03
4.757476076650806135e+03 4.969269927765286411e+03
4.635114348951808097e+03 4.871348988160020781e+03
4.510092037088795223e+03 4.770728374284993151e+03
4.375360808642725715e+03 4.659542232565815539e+03
4.225707814355627306e+03 4.531713282185954085e+03
4.058875449877994470e+03 4.384310138617855955e+03
3.875928861367130594e+03 4.218089211842805526e+03
3.681176312707048055e+03 4.037523531568527687e+03
3.481486967605958398e+03 3.850100025999128320e+03
3.285109927012120806e+03 3.664969740279004327e+03
3.100673274785278409e+03 3.491783305743263554e+03
2.935853768080219652e+03 3.339182675146610563e+03
2.795457587054420856e+03 3.212666913145880699e+03
2.679440152456255873e+03 3.112395101147252262e+03
2.582715848662034659e+03 3.032917380507747112e+03
2.497288689447533216e+03 2.965412640595185167e+03
2.414616289188266364e+03 2.900215125120625089e+03
2.326809314173225175e+03 2.828133650122904328e+03
2.227993962210065547e+03 2.742103412219781148e+03
2.116942267955048465e+03 2.640442844399518890e+03
1.998362130913498049e+03 2.528547235283312602e+03
1.880370899669433811e+03 2.415937716433967580e+03
1.770766821674337734e+03 2.311782155979637992e+03
1.675078681030112193e+03 2.222563650451973444e+03
1.595110682817993847e+03 2.150428949255196130e+03
1.527771617744177547e+03 2.091856041003305108e+03
1.466515471344925345e+03 2.039264651454782552e+03
1.404370872231472049e+03 1.984473467061808378e+03
1.336640587969886610e+03 1.921904032059908332e+03
1.263550786715165486e+03 1.851836073719235401e+03
1.189792003808819345e+03 1.779888324364641448e+03
1.120833191993154060e+03 1.712560691783219454e+03
1.060260790753246965e+03 1.654050371167913681e+03
1.008253434551831674e+03 1.604536749621333456e+03
9.611875471517192864e+02 1.559796764997122409e+03
9.145993732429437841e+02 1.514669959351839907e+03
8.661874026347265954e+02 1.466551532342364908e+03
8.168269305932909674e+02 1.416552734295497885e+03
7.696929176114221036e+02 1.368391145426840694e+03
7.272032980019197339e+02 1.324816826228297032e+03
6.891819267408640144e+02 1.285591001082276989e+03
6.535940639153476468e+02 1.248423441449282109e+03
6.183780016305565823e+02 1.211068233272610314e+03
5.833099014839179972e+02 1.173358762375005199e+03
5.497823253785030602e+02 1.136866681818244842e+03
5.189336042326295910e+02 1.102813397537347782e+03
4.905226138988999764e+02 1.070919673364503979e+03
4.634294058768205105e+02 1.040022660644221332e+03
4.370688631282777123e+02 1.009562452292089915e+03
4.118048480736296710e+02 9.799450899479205646e+02
3.882157789547612197e+02 9.517481830768471127e+02
3.661796341910995807e+02 9.248423931645246512e+02
3.452109708973182478e+02 8.987724121094859129e+02
3.251320313063424123e+02 8.733933354819070018e+02
3.061516599946166366e+02 8.489037287156064622e+02
2.883420559361655364e+02 8.253620406385527986e+02
2.715046298723178779e+02 8.025958896937211193e+02
2.555076664815759102e+02 7.805005174273760531e+02
2.403923678147917826e+02 7.591093811057047560e+02
2.261597026747205916e+02 7.384170477182536843e+02
2.127149670929794922e+02 7.183480574188820356e+02
2.000025212125685528e+02 6.988584184192686735e+02
1.880088103598986891e+02 6.799338107700457385e+02
1.766969699598849104e+02 6.615405221047450368e+02
1.660304989080416931e+02 6.436459700487766895e+02
1.559747196776888529e+02 6.262198896406991935e+02
1.464966942930400080e+02 6.092341955593853982e+02
1.375651438146608712e+02 5.926628554982562491e+02
1.291503712073416636e+02 5.764817735770170657e+02
1.212242263639770670e+02 5.606684565763579258e+02
1.137602939461031326e+02 5.452003154041137805e+02
1.067335883292988257e+02 5.300557269022448281e+02
1.001203222345876469e+02 5.152149311147518347e+02
9.389785973843872569e+01 5.006599432242277885e+02
8.804467143230824888e+01 4.863744648659746872e+02
8.254029049344727298e+01 4.723438012271950015e+02
7.736526971846932099e+01 4.585547831304289730e+02
7.250112010956831909e+01 4.449959040338500245e+02
6.793022934698771564e+01 4.316577424210269669e+02
6.363588906881922469e+01 4.185322357384334282e+02
5.960226997880650401e+01 4.056124431598508409e+02
5.581438091951809355e+01 3.928924874133289791e+02
5.225802946824691020e+01 3.803674977690068317e+02
4.891978402692033256e+01 3.680335538643177529e+02
4.578693735835337009e+01 3.558876598363568178e+02
4.284747050158195236e+01 3.439296057930422990e+02
4.009001887218924054e+01 3.321627476443954379e+02
3.750384190542511931e+01 3.205907535936856334e+02
3.507879220465063241e+01 3.092172701915088737e+02
3.280528581174974789e+01 2.980458976373290625e+02
3.067427374613189173e+01 2.870801656070995591e+02
2.867721477437022060e+01 2.763235096954049936e+02
2.680604911497355047e+01 2.657794283684916081e+02
2.505317020727645883e+01 2.554538911468404478e+02
2.341140289232152938e+01 2.453542398431033575e+02
2.187398387657784227e+01 2.354869490086226165e+02
2.043453991476381049e+01 2.258575927953019686e+02
1.908706694228185796e+01 2.164708731981575340e+02
1.782591020438538720e+01 2.073306504269001209e+02
1.664574534316824739e+01 1.984399751266881822e+02
1.554155997689154134e+01 1.898013125153309204e+02
1.450863478744318158e+01 1.814174217779625451e+02
1.354252940930386906e+01 1.732905062993647789e+02
1.263906786641723023e+01 1.654218300907947707e+02
1.179432376065978794e+01 1.578117778637982553e+02
1.100460622016359835e+01 1.504599158406204538e+02
1.026644657475625166e+01 1.433650522817085573e+02
9.576585724589550708e+00 1.365252974176103464e+02
8.931961782804307859e+00 1.299381470876678861e+02
8.329698302624587214e+00 1.236005711251099655e+02
7.767094572706001898e+00 1.175090065585880410e+02
7.241615574101538222e+00 1.116594026458688518e+02
