2.509247543963817225e+04 2.501197768123263450e+04
2.522052333767224263e+04 2.513745630385115146e+04
2.533336179132566394e+04 2.524770855465257773e+04
2.543025291181702778e+04 2.534200144742169869e+04
2.551047795901395148e+04 2.541962155643864389e+04
2.557329985722403944e+04 2.547983871927766813e+04
2.561797103764627536e+04 2.552191378458791951e+04
2.564377595872657184e+04 2.554514003419854998e+04
2.565001835776091320e+04 2.554883064212184399e+04
2.563598721792014840e+04 2.553228518942412484e+04
2.560100903194799685e+04 2.549484121479780879e+04
2.554446020849579872e+04 2.543588652424269458e+04
2.546572464781607050e+04 2.535481805536458342e+04
2.536421656526034349e+04 2.525106417250105733e+04
2.523942173072942023e+04 2.512412483964770581e+04
2.509088558641878626e+04 2.497356059405234191e+04
2.491819651936083392e+04 2.479897690609710844e+04
2.472102855964351329e+04 2.460006481479347349e+04
2.449915113802577616e+04 2.437661057430828805e+04
2.425242200853058966e+04 2.412849099093439872e+04
2.398079936477498632e+04 2.385568382489592113e+04
2.368435370392092591e+04 2.355827795398765011e+04
2.336329362502059303e+04 2.323650105604854616e+04
2.301798202603345999e+04 2.289073686461884790e+04
2.264890176753760170e+04 2.252148720478075484e+04
2.225667385823126097e+04 2.212939034150469524e+04
2.184216407558190986e+04 2.171533107443983681e+04
2.140638950095248947e+04 2.128034387096465070e+04
2.095046671095597776e+04 2.082555911950340305e+04
2.047577172420745774e+04 2.035236566083147773e+04
1.998395794859987654e+04 1.986242896606822251e+04
1.947672952461009118e+04 1.935746074331707132e+04
1.895591509148584737e+04 1.883929308773793309e+04
1.842377566591443247e+04 1.831018846109017250e+04
1.788263280975999078e+04 1.777246565504227328e+04
1.733474867612585513e+04 1.722837917974690208e+04
1.678274367010417336e+04 1.668053581294170363e+04
1.622949474531098713e+04 1.613179374055079097e+04
1.567766657948662760e+04 1.558479591855335093e+04
1.512990036412417612e+04 1.504215662135746243e+04
1.458923574159415148e+04 1.450687838773620388e+04
1.405848345553117360e+04 1.398173438766782419e+04
1.354013450472322620e+04 1.346917880330265689e+04
1.303693701202717421e+04 1.297190617763079536e+04
1.255164274554310759e+04 1.249260807125610154e+04
1.208655804044909019e+04 1.203354009686561585e+04
1.164352762294233071e+04 1.159649739356562895e+04
1.122392386694039487e+04 1.118279346477543550e+04
1.082880982356163622e+04 1.079344201253038773e+04
1.045904912791811694e+04 1.042926446302738077e+04
1.011571345418964120e+04 1.009126190421831961e+04
9.799880446804480016e+03 9.780435713354971085e+03
9.512380313446688888e+03 9.497555949884195797e+03
9.251842399372422733e+03 9.241237260991309086e+03
9.014605116873857696e+03 9.007844017108376647e+03
8.797244545799290790e+03 8.793974633822555916e+03
8.596748921811089531e+03 8.596641322178946211e+03
8.410478397019909607e+03 8.413231730331253857e+03
8.235919123311972726e+03 8.241258915174783397e+03
8.069478219278467805e+03 8.077199776063522222e+03
7.906989516050741258e+03 7.916980164606359722e+03
7.744137429642637471e+03 7.756391033503098697e+03
7.575566107105907577e+03 7.590246729297288766e+03
7.396119227473192041e+03 7.413558089972736525e+03
7.200905634526799076e+03 7.221632460921962775e+03
6.985591703982709987e+03 7.010327615731985134e+03
6.747617230270145228e+03 6.777237366259780174e+03
6.486274970486971142e+03 6.521762721075907393e+03
6.202992986858027507e+03 6.245357441588696929e+03
5.901557774110790888e+03 5.951753927624145035e+03
5.586803625714415830e+03 5.645671690210153429e+03
5.264468728927140546e+03 5.332688018308632309e+03
4.941198789753457277e+03 5.019217722177203541e+03
4.624082002485884004e+03 4.712085334684231384e+03
4.320450483817631721e+03 4.418314642571855074e+03
4.037227984135409770e+03 4.144517902704154949e+03
3.781253507063118377e+03 3.897153207828589530e+03
3.557513302423663845e+03 3.680945906591518906e+03
3.368723775455679061e+03 3.498359288695932264e+03
3.215244540558121116e+03 3.349641154832162556e+03
3.093845248076015650e+03 3.231586651445062216e+03
2.999319854779431807e+03 3.139134364027796892e+03
2.924210343988141176e+03 3.065105923114965208e+03
2.859877468239282734e+03 3.001249666904876449e+03
2.797104475228215961e+03 2.938809597047329589e+03
2.726815353517060885e+03 2.869224978024718439e+03
2.641591085134728473e+03 2.785548278453635703e+03
2.536633305981184549e+03 2.683335689817021830e+03
2.410901570136124974e+03 2.561711954022990085e+03
2.266947438112689724e+03 2.423175674477690336e+03
2.110759910695567214e+03 2.273428289218923965e+03
1.951423323516989512e+03 2.121041534739875715e+03
1.800054503362543301e+03 1.976419295397428414e+03
1.666705653306659087e+03 1.848896775876479069e+03
1.557449084005547775e+03 1.744050456643989719e+03
1.473264367853706517e+03 1.662675526734698224e+03
1.411144819038928517e+03 1.601861571556356012e+03
1.365539519143742382e+03 1.556367529504956565e+03
1.328274499113587808e+03 1.518572422912287948e+03
1.289252068687360406e+03 1.479142992648359495e+03
1.239782165572006306e+03 1.430112503380273665e+03
1.176555848146041853e+03 1.368513561095654268e+03
1.101699538303415466e+03 1.296382391680045657e+03
1.021022959072139429e+03 1.219106852615460639e+03
9.426435992717314321e+02 1.144128206695689414e+03
8.743826019542929089e+02 1.078542878542634071e+03
8.204088893080597700e+02 1.026064416256462209e+03
7.802606050410470289e+02 9.861835340831420353e+02
7.494685578915075439e+02 9.547864454227030819e+02
7.208051593860240018e+02 9.253244054865522230e+02
6.879665022763100524e+02 8.921430637647799813e+02
6.487804621541412189e+02 8.533400835678359044e+02
6.050256516112210647e+02 8.105587817466495153e+02
5.614124057739422824e+02 7.680282811617106518e+02
5.231652079634982329e+02 7.303768938153724548e+02
4.924442911713583158e+02 6.994670880781786764e+02
4.677743400756598362e+02 6.739435853157577867e+02
4.454540445891619811e+02 6.505214981954677569e+02
4.217510343715612180e+02 6.259341951796130843e+02
3.956800905312628629e+02 5.993475814436113751e+02
3.691281776947203639e+02 5.724262964323850156e+02
3.447568889014978595e+02 5.474746159603222395e+02
3.240503200337699923e+02 5.257470829726098600e+02
3.061990534841279441e+02 5.065196805921057148e+02
2.891479717479094234e+02 4.880234412674887494e+02
2.716470658784682541e+02 4.692013360747903334e+02
2.541090336335560096e+02 4.504137215361157018e+02
2.377971791160443331e+02 4.327239981867377310e+02
2.233175782912243221e+02 4.166261980195669707e+02
2.101558732363913293e+02 4.016777354905497646e+02
1.974042037741004094e+02 3.871226907939625903e+02
1.849020890305452269e+02 3.728317965561332699e+02
1.731030070345532863e+02 3.591756330670291391e+02
1.623242123758770674e+02 3.464050002622782358e+02
1.523297008650520752e+02 3.343218366250056306e+02
1.427737277142196319e+02 3.226462126593505104e+02
1.336602605309928435e+02 3.113805062967309141e+02
1.251622910709478447e+02 3.006580778467569530e+02
1.172667019309664340e+02 2.904637721480340815e+02
1.098152027561303470e+02 2.806713715481337204e+02
1.027695674878425791e+02 2.712495320092415341e+02
9.616989362584369871e+01 2.622257953275365026e+02
9.000266841129550244e+01 2.535869056164296182e+02
8.421553670451689300e+01 2.452920026591759779e+02
7.877809267118611558e+01 2.373153543401451202e+02
7.367220703338556120e+01 2.296406728261411843e+02
6.888041108517812461e+01 2.222526869878967659e+02
6.438585468728831529e+01 2.151370356183684294e+02
6.017231746110421398e+01 2.082802086074421766e+02
5.622421531360361513e+01 2.016694923497140053e+02
5.252659968778203137e+01 1.952929159887204094e+02
4.906480344261047577e+01 1.891388410889584293e+02
4.582423615464108480e+01 1.831956367401508885e+02
4.279111386788405014e+01 1.774523379404874390e+02
3.995249677689682954e+01 1.718986844015667259e+02
3.729623787293923698e+01 1.665250747018221489e+02
3.481093473051090115e+01 1.613225238524987333e+02
3.248588423909673395e+01 1.562826239847777003e+02
3.031105116601704808e+01 1.513975409226776208e+02
2.827711869471595207e+01 1.466602669656506350e+02
2.637537543425415620e+01 1.420644075492575951e+02
2.459761398095793794e+01 1.376039523266026094e+02
2.293610388889922902e+01 1.332732500782414604e+02
2.138356662993089330e+01 1.290669875329526235e+02
1.993315165315807747e+01 1.249801695156308341e+02
1.857841348311354679e+01 1.210081004983093891e+02
1.731328003149540251e+01 1.171464284730141685e+02
1.613202156580650737e+01 1.133912064082254574e+02
1.502925619930232415e+01 1.097387325921299350e+02
1.399993365171845916e+01 1.061855133510201483e+02
1.303931584727182269e+01 1.027282511261172004e+02
1.214295857224253616e+01 9.936383318958847610e+01
1.130669413971368975e+01 9.608932095559336517e+01
1.052661523617086559e+01 9.290194878626533637e+01
9.799062046229817469e+00 8.979922316427014550e+01
9.120605928158958875e+00 8.677886231313654264e+01
8.488033319054375525e+00 8.383869553593677892e+01
7.898332888357413317e+00 8.097665470414860067e+01
7.348683453447818259e+00 7.819076813699095396e+01
6.836442567639899437e+00 7.547915476568890369e+01
6.359135746687972102e+00 7.284001857880116404e+01
5.914445711502870573e+00 7.027166904792571245e+01
5.500201818485327188e+00 6.777256505565605949e+01
5.114372890324882626e+00 6.534123554504365927e+01
4.755058987462692066e+00 6.297625888016704465e+01
4.420483262680103387e+00 6.067625956223153594e+01
4.108984295663507424e+00 5.843990510497225443e+01
3.819008881181289006e+00 5.626590306423015875e+01
3.549105241928255161e+00 5.415300083827082744e+01
3.297916584812456975e+00 5.210002897662837285e+01
3.064175135290227558e+00 5.010588493453422387e+01
2.846696572028498906e+00 4.816948335473873755e+01
2.644374728037906852e+00 4.628975310874466942e+01
2.456176610996499754e+00 4.446563616897268645e+01
2.281137727031539164e+00 4.269608656813944947e+01
2.118357690520225489e+00 4.098006944365029369e+01
1.966996048931878072e+00 3.931658025787077548e+01
1.826268280769667518e+00 3.770469884394676541e+01
1.695442380819755845e+00 3.614351679287851482e+01
1.573835506969870179e+00 3.463211588477408043e+01
