2.151742791039528674e+04 2.139434674609249487e+04
2.175275019683986466e+04 2.162473307362346168e+04
2.197915038621724307e+04 2.184607108587484618e+04
2.219592125282829511e+04 2.205765530940279132e+04
2.240231952039434327e+04 2.225874637118378450e+04
2.259758916779822903e+04 2.244859341906781628e+04
2.278097392783611576e+04 2.262644615940847507e+04
2.295168643466408321e+04 2.279152407550636781e+04
2.310890763457126013e+04 2.294301590426856637e+04
2.325182571820126759e+04 2.308011857338897971e+04
2.337962878122365873e+04 2.320203009474164355e+04
2.349147572946429864e+04 2.330792104264389127e+04
2.358653612872010854e+04 2.339697387998551858e+04
2.366400179965662028e+04 2.346839446290292835e+04
2.372304957810119959e+04 2.352137563636626146e+04
2.376285850659746575e+04 2.355511422308415058e+04
2.378264793072003522e+04 2.356884847225441263e+04
2.378166554034043656e+04 2.356184672037332348e+04
2.375916963391986792e+04 2.353339049004311528e+04
2.371447248738987400e+04 2.348281646796173663e+04
2.364694983350417169e+04 2.340952592657773857e+04
2.355602572381414211e+04 2.331297133642407789e+04
2.344119199385347019e+04 2.319267458549527510e+04
2.330202698039249299e+04 2.304824450015875118e+04
2.313820872114764279e+04 2.287939148435323659e+04
2.294952404114897217e+04 2.268593716509451770e+04
2.273586352696601898e+04 2.246780669017709079e+04
2.249724042664526132e+04 2.222504779260463329e+04
2.223385662825035615e+04 2.195789914734401464e+04
2.194604820695910894e+04 2.166673300019774979e+04
2.163426608727074927e+04 2.135203441983836092e+04
2.129920295945419275e+04 2.101453002715450930e+04
2.094178523051745651e+04 2.065517927186549059e+04
2.056303241855232045e+04 2.027503102018597565e+04
2.016414246332953917e+04 1.987530906890416736e+04
1.974669529071409488e+04 1.945761655658381278e+04
1.931236777211714070e+04 1.902364864928408497e+04
1.886288824435322749e+04 1.857514633729431443e+04
1.840041723806646769e+04 1.811427517937260200e+04
1.792735660673955499e+04 1.764343480656535758e+04
1.744602241669587602e+04 1.716493336744182670e+04
1.695887326041064807e+04 1.668121360871622164e+04
1.646874537505327680e+04 1.619508544453584545e+04
1.597832811725537067e+04 1.570920723125030781e+04
1.549019768347147146e+04 1.522611793090834544e+04
1.500753702137171058e+04 1.474893769960149439e+04
1.453356772873598493e+04 1.428081583835630954e+04
1.407112631834623789e+04 1.382451978055910695e+04
1.362248907376513489e+04 1.338226135827439430e+04
1.318934195158642433e+04 1.295566755673667831e+04
1.277309660032512511e+04 1.254609610879738466e+04
1.237529440698516191e+04 1.215502280919142686e+04
1.199892653455790060e+04 1.178530039541030965e+04
1.164707274479561056e+04 1.143986313604275529e+04
1.132220035138561434e+04 1.112105591070183073e+04
1.102383238368856291e+04 1.082836043776324732e+04
1.074971209784734492e+04 1.055952935799237821e+04
1.049774518320133939e+04 1.031247897630998705e+04
1.026579985734447655e+04 1.008509848198909094e+04
1.005177048955416467e+04 9.875309259438850859e+03
9.853532264913048493e+03 9.681020812505881622e+03
9.667922653975738285e+03 9.499160864197969204e+03
9.491549069042701376e+03 9.326442828020777597e+03
9.320624359919482231e+03 9.159219851252795706e+03
9.150531190980078463e+03 8.993076853910202772e+03
8.976647009486701791e+03 8.823602591153436151e+03
8.793504592038432747e+03 8.645619800125219626e+03
8.595741636877459314e+03 8.454058680137313786e+03
8.378643806317071721e+03 8.244502936475482784e+03
8.138291086616008215e+03 8.013300512356877334e+03
7.872600130455931321e+03 7.758563610166769649e+03
7.581214895686367527e+03 7.480044691379075630e+03
7.266250305895124256e+03 7.179837312197668325e+03
6.931731196476998775e+03 6.861830151865586231e+03
6.583478934807021687e+03 6.531589215292910012e+03
6.228195095771746310e+03 6.195484606528834775e+03
5.873473392496786801e+03 5.860698513550374628e+03
5.527226996245409282e+03 5.534662604854772326e+03
5.197752466500627634e+03 5.225123964812471058e+03
4.892496922522655950e+03 4.938995169493566209e+03
4.618537779217930620e+03 4.682765140865511057e+03
4.380620444415103520e+03 4.460736542067111259e+03
4.181226764189786081e+03 4.275038134726588396e+03
4.019259462805029216e+03 4.124493268365545191e+03
3.890900930844193226e+03 4.005386808638105322e+03
3.789053545973610198e+03 3.911021985820265854e+03
3.704948567426032241e+03 3.833183043946763519e+03
3.628217167369287836e+03 3.762230122610822946e+03
3.548158112391907707e+03 3.688254102285761746e+03
3.454854427420095817e+03 3.602095115179979985e+03
3.340620698485750836e+03 3.496678213035052977e+03
3.201640045245223064e+03 3.368534398168686948e+03
3.038500163270832218e+03 3.218283358425414008e+03
2.856246003178886895e+03 3.050674295005961994e+03
2.663907498795222182e+03 2.874122614228477687e+03
2.473570035436113812e+03 2.699780198299299627e+03
2.298112011190626163e+03 2.539399216703298862e+03
2.147898260199170181e+03 2.402314303153008495e+03
2.027997951701836200e+03 2.292954948987809075e+03
1.937545911299670024e+03 2.210350620569336570e+03
1.871129741769561633e+03 2.149467770941756953e+03
1.820032532319693246e+03 2.102359237209065668e+03
1.772697824335677979e+03 2.058570782809395951e+03
1.716882551021140671e+03 2.007062193866963071e+03
1.644320627169541012e+03 1.940414538426014133e+03
1.554051481698367297e+03 1.857846434560570970e+03
1.451638221864747948e+03 1.764482343194372561e+03
1.346659195786581677e+03 1.669006895850179035e+03
1.250187044884520901e+03 1.581301508765270910e+03
1.170587383362417313e+03 1.508678135428895757e+03
1.110443302349382293e+03 1.453245774271389791e+03
1.066089355110464567e+03 1.411637894602307824e+03
1.029169586597275156e+03 1.376452314129815022e+03
9.897063008344759965e+02 1.338946357756361294e+03
9.413515235896592230e+02 1.293621569200987324e+03
8.841653594990216334e+02 1.240628618321510885e+03
8.234185163557441456e+02 1.184644705981312200e+03
7.669393239394821649e+02 1.132450100690419958e+03
7.205651913427453792e+02 1.088961659839401591e+03
6.845472131618384992e+02 1.054265672072479674e+03
6.544310163432801346e+02 1.024502062064855409e+03
6.240237916237352920e+02 9.944354510972565322e+02
5.894652088507843928e+02 9.608768447409343025e+02
5.519205226415309653e+02 9.248772798011082159e+02
5.156903886875006719e+02 8.900385560006009200e+02
4.844649614171902385e+02 8.593513555062455680e+02
4.586365950904893225e+02 8.330538392361695514e+02
4.352912895310649901e+02 8.087404409741343443e+02
4.112763429182955406e+02 7.838920159793595985e+02
3.860738941038210896e+02 7.581406281617423701e+02
3.616330607997226707e+02 7.330471481147369559e+02
3.399478987936583394e+02 7.101405720780508091e+02
3.208921292546445443e+02 6.892773425866433854e+02
3.028256219073556395e+02 6.691875392083568386e+02
2.846546445917800838e+02 6.490615189079053380e+02
2.669712348642309507e+02 6.293552503937282836e+02
2.507742110005584379e+02 6.107904262570777973e+02
2.360721201358724954e+02 5.933480104450314911e+02
2.220721740527604311e+02 5.764525576454591373e+02
2.084491400082399366e+02 5.598809535957665275e+02
1.955915372923839470e+02 5.439004816451445095e+02
1.837343294626246859e+02 5.286574559309391361e+02
1.725995750936606896e+02 5.139563332606126096e+02
1.619504479808239807e+02 4.996405957114896523e+02
1.519176801861699460e+02 4.857901166970304985e+02
1.425092745887170622e+02 4.724031978278361521e+02
1.336635927717195500e+02 4.594349277243520646e+02
1.253463243247031045e+02 4.468597613822026915e+02
1.175260594952458035e+02 4.346544404881493051e+02
1.101733293111163619e+02 4.227972881367033438e+02
1.032604767976631024e+02 4.112681105367712462e+02
9.676153740514946833e+01 4.000481066210504082e+02
9.065215218311755052e+01 3.891198087650610660e+02
8.491008476649743386e+01 3.784676469018436364e+02
7.951499503801771596e+01 3.680778665202832372e+02
7.444755059866588454e+01 3.579376955029352416e+02
6.968935032210362124e+01 3.480352501874760378e+02
6.522289207192808647e+01 3.383594870171068578e+02
6.103154042055803785e+01 3.289001573045868554e+02
5.709949449458196824e+01 3.196477648152494453e+02
5.341170335061561047e+01 3.105936090981276720e+02
4.995370226848478978e+01 3.017299806580608674e+02
4.671178276393764150e+01 2.930498425955755124e+02
4.367301083806263051e+01 2.845467105487747403e+02
4.082518622296311150e+01 2.762146233773003132e+02
3.815680356882242563e+01 2.680481151690843831e+02
3.565701549337784115e+01 2.600421884361645084e+02
3.331559859550556979e+01 2.521923096487863916e+02
3.112293961440544976e+01 2.444947558762111726e+02
2.906999473736844308e+01 2.369464917142509250e+02
2.714823844638479144e+01 2.295447726030806450e+02
2.534963559695756885e+01 2.222871133949498414e+02
2.366661551168588318e+01 2.151712708990024225e+02
2.209204726929616669e+01 2.081952268638790429e+02
2.061921614575268080e+01 2.013571714517859448e+02
1.924179874700011439e+01 1.946556595259646940e+02
1.795383764014125205e+01 1.880899201190077861e+02
1.674972857709461138e+01 1.816593477250783337e+02
1.562420236611297497e+01 1.753633803873920556e+02
1.457230605983022542e+01 1.692014904601672640e+02
1.358938510885092121e+01 1.631731756661511668e+02
1.267106643795057508e+01 1.572779504605136083e+02
1.181324232469435032e+01 1.515153809499877582e+02
1.101205430315915912e+01 1.458855917428381304e+02
1.026387935843220234e+01 1.403890002548225766e+02
9.565317079978710169e+00 1.350258722299059002e+02
8.913176701913963385e+00 1.297963143982609324e+02
8.304464829078394672e+00 1.247002771196771960e+02
7.736373832757625024e+00 1.197375573450862163e+02
7.206270882108094966e+00 1.149078025834448056e+02
6.711687269047017068e+00 1.102107371635829338e+02
6.250308306582880391e+00 1.056464290310776164e+02
5.819964884147267981e+00 1.012147603279760375e+02
5.418624825609160034e+00 9.691535294610818596e+01
5.044384613175428633e+00 9.274758310389944427e+01
4.695461583616825862e+00 8.871059595503855633e+01
4.370186571928529773e+00 8.480332016761263958e+01
4.066996947123961093e+00 8.102450389735886915e+01
3.784429828449093147e+00 7.737290808253416685e+01
3.521116149741073009e+00 7.384719126509219222e+01
