1.972983680418268705e+04 1.958041663814452113e+04
1.999238626457963619e+04 1.983680640059675716e+04
2.024947592748112220e+04 2.008757350438783396e+04
2.050051593203907760e+04 2.033213028062266676e+04
2.074487809183292120e+04 2.056985348861843158e+04
2.098190798158714460e+04 2.080009568412659792e+04
2.121094212862148925e+04 2.102220129891471151e+04
2.143129411513456944e+04 2.123549296102883090e+04
2.164224160367083095e+04 2.143925875887327493e+04
2.184305482350102466e+04 2.163278042737150827e+04
2.203299724804248763e+04 2.181533417190290493e+04
2.221129637133541473e+04 2.198616254097300771e+04
2.237716678103887170e+04 2.214449686099369865e+04
2.252982854026007408e+04 2.228957511054143106e+04
2.266848732393072714e+04 2.242062285402687485e+04
2.279232782311028859e+04 2.253684701040671280e+04
2.290054865658446579e+04 2.263746967130276244e+04
2.299236210656972980e+04 2.272172801333741882e+04
2.306696926590123257e+04 2.278885071721588247e+04
2.312358971464073693e+04 2.283808646478412629e+04
2.316147750163603268e+04 2.286871933735362109e+04
2.317990983673890878e+04 2.288005854239398468e+04
2.317819152323789604e+04 2.287144278535694684e+04
2.315567810356860718e+04 2.284226201622269218e+04
2.311178346696734297e+04 2.279196520498668542e+04
2.304598812664414072e+04 2.272006953301257454e+04
2.295784177918635760e+04 2.262616145735985629e+04
2.284697027206607163e+04 2.250990310474671423e+04
2.271311858244401810e+04 2.237107582611776888e+04
2.255614587087150721e+04 2.220957468315630467e+04
2.237599699939265338e+04 2.202537890192836858e+04
2.217275143148953066e+04 2.181860060520573825e+04
2.194669971777976389e+04 2.158956115455019608e+04
2.169823652710657188e+04 2.133868339704109167e+04
2.142785931322145916e+04 2.106648994134501845e+04
2.113635227299087273e+04 2.077378642417618539e+04
2.082468820591468830e+04 2.046156309567091375e+04
2.049389796953812402e+04 2.013086429933723412e+04
2.014523188339452099e+04 1.978294916821987499e+04
1.978029795406512858e+04 1.941942900580706919e+04
1.940073991287727040e+04 1.904194621990200903e+04
1.900825175491837581e+04 1.865218888717628215e+04
1.860496007311185167e+04 1.825227165892990888e+04
1.819311486100396360e+04 1.784442756145257590e+04
1.777486737428777633e+04 1.743078699997892181e+04
1.735255705258247690e+04 1.701366455088172734e+04
1.692880448077122128e+04 1.659565197948705827e+04
1.650606547092384790e+04 1.617917369899081496e+04
1.608664013137699840e+04 1.576649745222729871e+04
1.567286426485142874e+04 1.535992959971641903e+04
1.526692479882644875e+04 1.496162810718943547e+04
1.487080421845551609e+04 1.457354623573046774e+04
1.448682163859721186e+04 1.419797028120877076e+04
1.411763089089104506e+04 1.383751887178800098e+04
1.376561926898142337e+04 1.349454791749248761e+04
1.343233751311784363e+04 1.317059506166970823e+04
1.311778392681247897e+04 1.286568118115213474e+04
1.282172859566420448e+04 1.257960442654746839e+04
1.254358244389181891e+04 1.231181401349885346e+04
1.228189194935456362e+04 1.206091760472316128e+04
1.203516082076406383e+04 1.182548090115889863e+04
1.180141817013535183e+04 1.160360424674449132e+04
1.157805615653581663e+04 1.139276135714765405e+04
1.136247411581429333e+04 1.119042600767262047e+04
1.115140541152121114e+04 1.099340442433799035e+04
1.094144071030319537e+04 1.079834686005487129e+04
1.072876463824032726e+04 1.060147610728965083e+04
1.050909541432896367e+04 1.039852005232180272e+04
1.027825904371258548e+04 1.018527580922911875e+04
1.003201135171496207e+04 9.957421675532297741e+03
9.766784438377828337e+03 9.711267588169008377e+03
9.480171901461442758e+03 9.444244356484283344e+03
9.171060651504283669e+03 9.155050206439869726e+03
8.840482134873303949e+03 8.844534427184255037e+03
8.491056303162849872e+03 8.515150618153782489e+03
8.127385194111369856e+03 8.171385650728473593e+03
7.755225333360238437e+03 7.818927202204534296e+03
7.381197639767568944e+03 7.464381801342221479e+03
7.012651763670899527e+03 7.115121754295161736e+03
6.656609343273318700e+03 6.778231659788975776e+03
6.320229283857341215e+03 6.460930973440791604e+03
6.009867684352872857e+03 6.169677885946746756e+03
5.730711817462701219e+03 5.909736668713951985e+03
5.486144719309349966e+03 5.684610587615107761e+03
5.276694693816689323e+03 5.494930870326931654e+03
5.100042089087040949e+03 5.338498485209265709e+03
4.950867633134056632e+03 5.210071078838697758e+03
4.821256153000665108e+03 5.101731958418291470e+03
4.701919076799744289e+03 5.004047640160800256e+03
4.582804163357983271e+03 4.906633242351312219e+03
4.454473923402731089e+03 4.799536059047430172e+03
4.309267404254760550e+03 4.674473519472857333e+03
4.142543746838440711e+03 4.526218825742524132e+03
3.953868108708942600e+03 4.353992839055723380e+03
3.747089590779644368e+03 4.161649024206106333e+03
3.529770258726193333e+03 3.957108477879182828e+03
3.312146423168237106e+03 3.751224731633477859e+03
3.105728458795144888e+03 3.556213629724284147e+03
2.921200845646630114e+03 3.383362700914374273e+03
2.765618741765887989e+03 3.240099040176586641e+03
2.640322656119277326e+03 3.127875661472845422e+03
2.540904377600766111e+03 3.042169319719335817e+03
2.458950677875029669e+03 2.974249742260802122e+03
2.383876167615686882e+03 2.912979724560520026e+03
2.304406506060026913e+03 2.846276732600113064e+03
2.211259425282972643e+03 2.763998297892243954e+03
2.101023534370459402e+03 2.662297008908600674e+03
1.977785574121473701e+03 2.545563307591297871e+03
1.850718184507284832e+03 2.423799279646897503e+03
1.730437118165373704e+03 2.308512821579975935e+03
1.625992972654727282e+03 2.209376941665087998e+03
1.541722297698484226e+03 2.130931655333272374e+03
1.475298302904369166e+03 2.070656510367707597e+03
1.419042790602336254e+03 2.020403181779010083e+03
1.363109745549085574e+03 1.969690662530553482e+03
1.299676717691387694e+03 1.910156483986683725e+03
1.226983672211502835e+03 1.839975933811262394e+03
1.149899472072760545e+03 1.764483781861747502e+03
1.076141898274934874e+03 1.691975134805750031e+03
1.012399914235681877e+03 1.629458175722320448e+03
9.605729606424893063e+02 1.578795453961943167e+03
9.166706245002275182e+02 1.535745546534794585e+03
8.741415647639780673e+02 1.493505611501316253e+03
8.281325883833033004e+02 1.447124999608092594e+03
7.785857897912419503e+02 1.396678505344159475e+03
7.298468176364845021e+02 1.346716883693952013e+03
6.864187689549447668e+02 1.301779952658998127e+03
6.494684639930796948e+02 1.262930977298731023e+03
6.163838879070634675e+02 1.227507609356828425e+03
5.833744493625846417e+02 1.191808487863080700e+03
5.491085800979176383e+02 1.154633401527838942e+03
5.154592638294878952e+02 1.117863005369267739e+03
4.849004600746520737e+02 1.083829846751288869e+03
4.578358087670647478e+02 1.052840316818469546e+03
4.324837213382079426e+02 1.023224961628640472e+03
4.072934823361486565e+02 9.936186176217711363e+02
3.825934032408283656e+02 9.643654536602247163e+02
3.596729397323888975e+02 9.365899120121680426e+02
3.387971939117626334e+02 9.104788715001603805e+02
3.190759186680289758e+02 8.852717785071284879e+02
2.999090914837287869e+02 8.604987644139847589e+02
2.816798988359203122e+02 8.364778820849634258e+02
2.647970614832120191e+02 8.135088900248659911e+02
2.489868272351595238e+02 7.913672060509720723e+02
2.338754654107892179e+02 7.697804517873338455e+02
2.195558522231604854e+02 7.488153541369463255e+02
2.061767543288373190e+02 7.285602742950097763e+02
1.936100489581293971e+02 7.089219081102510245e+02
1.817369855667233196e+02 6.898170203772824607e+02
1.705267836741964231e+02 6.712156656261742000e+02
1.599553762342756613e+02 6.530941853844552725e+02
1.499978892114575331e+02 6.354304027585873200e+02
1.406289142765571683e+02 6.182035405727542638e+02
1.318217022274145620e+02 6.013931017338896936e+02
1.235448658005653471e+02 5.849749789458761597e+02
1.157671843693888292e+02 5.689254214029623427e+02
1.084592776437164758e+02 5.532225794732653412e+02
1.015934944279602661e+02 5.378464043364774625e+02
9.514380805503397198e+01 5.227785545236559983e+02
8.908571844912138715e+01 5.080023089112905836e+02
8.339616086525069250e+01 4.935024863591447115e+02
7.805362795287643962e+01 4.792657998739242657e+02
7.303833019091332801e+01 4.652813826596287186e+02
6.833157035603809959e+01 4.515396805959881590e+02
6.391560573924881794e+01 4.380322077094950259e+02
5.977360873562070509e+01 4.247514911316832240e+02
5.588962829502842311e+01 4.116910177559827275e+02
5.224855228485090919e+01 3.988451822963416475e+02
4.883606952990815842e+01 3.862092621551378215e+02
4.563857838521883536e+01 3.737805320015423263e+02
4.264314823736192750e+01 3.615585062315540199e+02
3.983757422423656891e+01 3.495431585823727119e+02
3.721034618454319798e+01 3.377347522828702040e+02
3.475061223729733229e+01 3.261338085159388243e+02
3.244814404625520865e+01 3.147410751494938950e+02
3.029330370726753685e+01 3.035574957712098580e+02
2.827701260145682483e+01 2.925843243244289056e+02
2.639072688055178872e+01 2.818251727441788717e+02
2.462640576358754174e+01 2.712851426540925672e+02
2.297647895445483357e+01 2.609688564940879019e+02
2.143382104346190786e+01 2.508804071371776274e+02
1.999172728824594714e+01 2.410233642998484811e+02
1.864389056806881939e+01 2.314007822956194502e+02
1.738437946545921520e+01 2.220152090685359951e+02
1.620761694558822796e+01 2.128689150923959517e+02
1.510835783009574662e+01 2.039652007369768683e+02
1.408167282700873102e+01 1.953072633324521234e+02
1.312293228661283706e+01 1.868974531050577639e+02
1.222778906228381501e+01 1.787373137115509962e+02
1.139216226388590236e+01 1.708276271911025788e+02
1.061222187058591260e+01 1.631684594201925620e+02
9.884374163178799577e+00 1.557592057782999291e+02
9.205247532117272868e+00 1.485987333983896406e+02
8.571678513727279736e+00 1.416856629277005766e+02
7.980700953112578766e+00 1.350180773454078746e+02
7.429534667843122442e+00 1.285934786928299900e+02
6.915574341955196935e+00 1.224088399176369109e+02
6.436379041187106687e+00 1.164606553270517111e+02
5.989662317820467763e+00 1.107449894572243494e+02
5.573282873888418365e+00 1.052575241066163869e+02
