1.723220612410314061e+04 1.713618932991571637e+04
1.743706196300389638e+04 1.733713646936580335e+04
1.763592126184979134e+04 1.753198079438519198e+04
1.782825493831641506e+04 1.772019465438139741e+04
1.801350856553169433e+04 1.790122634141913659e+04
1.819112276748662043e+04 1.807451976427614136e+04
1.836052682491422820e+04 1.823950803316364909e+04
1.852112401487474563e+04 1.839559879760014883e+04
1.867231367037967721e+04 1.854219638461491559e+04
1.881349472873225386e+04 1.867870542123149062e+04
1.894403683397623172e+04 1.880450239874875115e+04
1.906329508664586683e+04 1.891895030030465205e+04
1.917063352182880408e+04 1.902142181656642788e+04
1.926541276752155318e+04 1.911128729367436245e+04
1.934697746904591258e+04 1.918790246805746574e+04
1.941468730330865219e+04 1.925063900166137319e+04
1.946791915037729996e+04 1.929888671062351568e+04
1.950603770109069592e+04 1.933202500753915956e+04
1.952842105230222296e+04 1.934944796080721426e+04
1.953448164600932068e+04 1.935058479076903313e+04
1.952365409343650026e+04 1.933488843872233338e+04
1.949539295930923254e+04 1.930183363268777612e+04
1.944920000847509436e+04 1.925094299713423243e+04
1.938462827535373799e+04 1.918179131216938913e+04
1.930127680607774892e+04 1.909400160360048903e+04
1.919880433683218507e+04 1.898725737787970138e+04
1.907693844053859357e+04 1.886131110859707769e+04
1.893549563249800485e+04 1.871600571787716399e+04
1.877438474344888527e+04 1.855127768305458449e+04
1.859359380137608241e+04 1.836714207647788135e+04
1.839321608076764096e+04 1.816371905854775832e+04
1.817350674577766767e+04 1.794129192644811701e+04
1.793481697062840612e+04 1.770023881419905956e+04
1.767758693849190240e+04 1.744102502087106768e+04
1.740247306559124263e+04 1.716433159649758818e+04
1.711029759983703116e+04 1.687100388633457624e+04
1.680194186854418876e+04 1.656194316011583578e+04
1.647845184443317703e+04 1.623821240276383105e+04
1.614116834383804598e+04 1.590116668474934704e+04
1.579147709088462216e+04 1.555220195885670000e+04
1.543080611392300489e+04 1.519275203943809174e+04
1.506094810944634992e+04 1.482460904374172787e+04
1.468382721435432904e+04 1.444969115720719856e+04
1.430128438403269683e+04 1.406982932303689267e+04
1.391529897137161606e+04 1.368698651511496246e+04
1.352809730363368362e+04 1.330336511716686800e+04
1.314176366440015772e+04 1.292102263848656003e+04
1.275831072548887096e+04 1.254194009900821766e+04
1.238018364952910088e+04 1.216851250581383465e+04
1.200978319967039715e+04 1.180308579436639411e+04
1.164922235520115282e+04 1.144772102364532293e+04
1.130012723652296881e+04 1.110399727512728350e+04
1.096365084633674451e+04 1.077302588592475513e+04
1.064076310763368565e+04 1.045573895140141394e+04
1.033257588231861155e+04 1.015320067338610534e+04
1.004117153537928607e+04 9.867398102465202101e+03
9.768640526748797129e+03 9.600325035652358565e+03
9.516577995296313020e+03 9.353498451631350690e+03
9.283977172494187471e+03 9.125907831831720614e+03
9.068529045136840068e+03 8.915278679839680990e+03
8.868110583978208524e+03 8.719520860265793090e+03
8.680743162080596449e+03 8.536694491762231337e+03
8.504587149144745126e+03 8.365000524867427885e+03
8.337758454816379526e+03 8.202601270483064582e+03
8.177579263914356488e+03 8.046907018986348703e+03
8.021265246167969053e+03 7.895228166392030289e+03
7.865680109731192715e+03 7.744549290947596091e+03
7.707130437513141260e+03 7.591335280090801461e+03
7.541993610224325494e+03 7.432120870251598717e+03
7.366236766918227659e+03 7.263072389179175843e+03
7.176137968529055797e+03 7.080649658417029968e+03
6.968955602534791979e+03 6.882272692441613799e+03
6.742842163720279132e+03 6.666212113146473712e+03
6.497723614289817306e+03 6.432443444409374024e+03
6.234923082409689414e+03 6.182270356433362394e+03
5.957672388228715135e+03 5.918814087386754181e+03
5.670363145359959162e+03 5.646291041737570595e+03
5.378388904400474530e+03 5.369852560761182758e+03
5.087393522173620113e+03 5.094872109052663291e+03
4.803355254502189382e+03 4.827017698979861962e+03
4.532208904622458249e+03 4.571877293342254234e+03
4.279836848689659746e+03 4.334959723941610719e+03
4.051120147895208447e+03 4.120807994839869934e+03
3.850128754262827897e+03 3.933149330262630883e+03
3.678654609786836318e+03 3.773577015568544539e+03
3.536359703333352172e+03 3.641653155323107512e+03
3.420004358870034594e+03 3.534252880161668145e+03
3.324435549989284027e+03 3.446459595022968642e+03
3.242498897135888001e+03 3.371526778667112467e+03
3.166363902376522219e+03 3.302084505576380707e+03
3.087877373037474172e+03 3.230476091765618548e+03
2.999688791689856771e+03 3.149804490333143804e+03
2.896235822793647912e+03 3.054848676873984004e+03
2.774746941879187943e+03 2.943015950780638377e+03
2.635963218354019773e+03 2.815035862328352323e+03
2.483806509049129090e+03 2.674632303246261472e+03
2.324885123867203674e+03 2.528043669984597727e+03
2.167791894808919096e+03 2.383332599083652440e+03
2.021973704964766284e+03 2.249274132640573043e+03
1.895409158788836066e+03 2.133186347650296284e+03
1.792226778916417061e+03 2.038770595695714064e+03
1.711772671829852698e+03 1.965304667145516305e+03
1.649572475343836913e+03 1.908582241132283116e+03
1.598907695244488650e+03 1.862380618055087325e+03
1.551527922264739800e+03 1.819097021954585898e+03
1.498636353364699744e+03 1.770635865288009427e+03
1.433902601316221535e+03 1.711185517492450572e+03
1.356483359653913567e+03 1.640018339056282684e+03
1.270740966944019874e+03 1.561219006740741179e+03
1.183722493447647821e+03 1.481307207634582483e+03
1.103199964661038621e+03 1.407371725819781659e+03
1.035223176888106309e+03 1.344827176843488814e+03
9.817835202064582063e+02 1.295356401505707936e+03
9.401545118530367517e+02 1.256410813864480360e+03
9.043947730448187485e+02 1.222610710834477459e+03
8.674126049585671581e+02 1.187596615562911666e+03
8.244603518795196351e+02 1.147155870194806994e+03
7.756626299177340798e+02 1.101468250262858419e+03
7.248284006258995760e+02 1.053989650509633066e+03
6.772183102621271473e+02 1.009388001420251157e+03
6.369682275508730527e+02 9.712398825222759342e+02
6.043594480915389795e+02 9.397025467193435588e+02
5.762102760707648486e+02 9.119541374474341637e+02
5.483322395345636551e+02 8.843649470354934010e+02
5.180276664960236985e+02 8.546505806091500972e+02
4.859908134340299171e+02 8.234602489613736225e+02
4.551696292350697490e+02 7.933241931099548765e+02
4.279787575166720330e+02 7.662489938283238189e+02
4.046914085574119895e+02 7.424080023603632981e+02
3.834216859228395151e+02 7.202037560037774711e+02
3.620660839542126723e+02 6.979131961739636836e+02
3.402420783052494926e+02 6.752543471909243635e+02
3.191914229632844808e+02 6.532462386052675356e+02
3.001563699339008622e+02 6.328640418903004274e+02
2.830768653749308896e+02 6.140294332031695603e+02
2.669243953923089521e+02 5.959257499297904133e+02
2.509886914236519146e+02 5.780138801519902927e+02
2.356096717986084457e+02 5.605617458422303798e+02
2.213741004684439702e+02 5.440017976355023848e+02
2.082893977166887112e+02 5.283225684706030734e+02
1.958791607265760319e+02 5.131693562233974717e+02
1.839299994181154432e+02 4.983911475821984141e+02
1.726479333637239222e+02 4.841312767678631417e+02
1.621593937113598258e+02 4.704679850977271371e+02
1.523015857754989213e+02 4.572830635452317551e+02
1.429265723923306837e+02 4.444755410510844058e+02
1.340858777761911256e+02 4.320756610315271473e+02
1.258138355116892200e+02 4.200983648000632229e+02
1.180333356155106799e+02 4.084918972250194997e+02
1.106996012970030421e+02 3.972237847852272239e+02
1.037916424307187100e+02 3.862765537246696113e+02
9.728895015088374976e+01 3.756338453194766771e+02
9.117154355791520004e+01 3.652803497864825886e+02
8.542000838328074508e+01 3.552017449447632771e+02
8.001552823921669244e+01 3.453846392206664859e+02
7.493981818205689649e+01 3.358164586531450482e+02
7.017424929512897336e+01 3.264847738407968905e+02
6.570050537144679481e+01 3.173775819540022667e+02
6.150131215760513470e+01 3.084837393202248563e+02
5.756039058220526528e+01 2.997929219966842993e+02
5.386240037946639347e+01 2.912955812457433922e+02
5.039288689507261410e+01 2.829829018496888580e+02
4.713823129553829006e+01 2.748467644579700959e+02
4.408567850330114624e+01 2.668799963327717251e+02
4.122335335172100912e+01 2.590766327308866721e+02
3.854004397246180957e+01 2.514312735244027692e+02
3.602514647917089263e+01 2.439389672635269335e+02
3.366863620443095328e+01 2.365951866246030306e+02
3.146103996718460039e+01 2.293958048251654702e+02
2.939340936045553931e+01 2.223370729077855685e+02
2.745729126295589140e+01 2.154156428272181358e+02
2.564467680441838837e+01 2.086288793213164183e+02
2.394800171204891726e+01 2.019745998951702859e+02
2.236014104898366384e+01 1.954508409998085199e+02
2.087438560085955430e+01 1.890558405056756612e+02
1.948441926226827547e+01 1.827880223645549052e+02
1.818429753403874116e+01 1.766459816267211522e+02
1.696842710748807903e+01 1.706284735533317871e+02
1.583154816955362421e+01 1.647347016762021497e+02
1.476871659255559877e+01 1.589644707335573628e+02
1.377528315386641466e+01 1.533176355244464446e+02
1.284687677647915294e+01 1.477940365022049605e+02
1.197938895061591147e+01 1.423934933890943739e+02
1.116895894779523779e+01 1.371157990893133842e+02
1.041195979298963437e+01 1.319607139120305703e+02
9.704984574714103474e+00 1.269280600097927731e+02
9.044831917062987614e+00 1.220182426953962818e+02
8.428496158819157813e+00 1.172317568474576888e+02
7.853157079842180366e+00 1.125688976378513217e+02
7.316169037914192153e+00 1.080297656233356065e+02
6.815050695789965474e+00 1.036142730031071153e+02
6.347475312632448130e+00 9.932215015263244595e+01
5.911261566697978864e+00 9.515295880921486571e+01
5.504364683402779512e+00 9.110637080829019396e+01
5.124868251959639132e+00 8.718221960238524559e+01
4.770976832385821709e+00 8.338010124420416957e+01
4.441008673782690153e+00 7.969935985411414947e+01
4.133388823192937878e+00 7.613910430834835097e+01
3.846642628764476157e+00 7.269822479093474499e+01
3.579389616401658980e+00 6.937540914166233108e+01
