2.212060010482264261e+04 2.198377605180171304e+04
2.234120562629620690e+04 2.219915080505276273e+04
2.255249400821374729e+04 2.240509725393553890e+04
2.275380878758540348e+04 2.260096223088763145e+04
2.294449298425536108e+04 2.278609270539835779e+04
2.312387035181836109e+04 2.295981836786414715e+04
2.329124311803733872e+04 2.312144970967901099e+04
2.344591841019587810e+04 2.327030302066443255e+04
2.358720363905982231e+04 2.340569575739865104e+04
2.371438060701872746e+04 2.352692088226720807e+04
2.382673600200923829e+04 2.363327718412119793e+04
2.392357331431667990e+04 2.372408116329780387e+04
2.400419089927208188e+04 2.379864586692110242e+04
2.406788799525394643e+04 2.385628684983717176e+04
2.411399232266847685e+04 2.389634904134870521e+04
2.414185429797985489e+04 2.391820131590170786e+04
2.415082852236131657e+04 2.392121883616072591e+04
2.414030567027646612e+04 2.390481383651646320e+04
2.410972266467626832e+04 2.386844557593266290e+04
2.405855495695268473e+04 2.381161386248795679e+04
2.398632545842995023e+04 2.373386742644095284e+04
2.389261848139166977e+04 2.363481673636597407e+04
2.377709074375736236e+04 2.351414568892636817e+04
2.363948364974112701e+04 2.337162480227906781e+04
2.347961445787157572e+04 2.320710044432194263e+04
2.329738407011864911e+04 2.302050237691658913e+04
2.309283010722922336e+04 2.281189850933236448e+04
2.286610048883558193e+04 2.258146707719407641e+04
2.261742539083876909e+04 2.232946718417280863e+04
2.234719154207871179e+04 2.205631395579350647e+04
2.205599221233577191e+04 2.176262891528763794e+04
2.174450374839780125e+04 2.144911431747103779e+04
2.141350658308032507e+04 2.111657395697909669e+04
2.106407835558151055e+04 2.076610720647707421e+04
2.069743076485315760e+04 2.039894445970948800e+04
2.031481036868035153e+04 2.001634714577378327e+04
1.991770852048186498e+04 1.961981746127350561e+04
1.950790348369222193e+04 1.921114012335916777e+04
1.908715743934606144e+04 1.879207938560608090e+04
1.865728576983964740e+04 1.836444775395217221e+04
1.822050238832179093e+04 1.793044873446253405e+04
1.777903991273581414e+04 1.749229969296948184e+04
1.733500956561842759e+04 1.705209302308239785e+04
1.689070648297978551e+04 1.661209736159817840e+04
1.644857030943365316e+04 1.617471897672590967e+04
1.601084133516593829e+04 1.574216343350208808e+04
1.557966105844331287e+04 1.531653342547881584e+04
1.515733926112488552e+04 1.490008806168675619e+04
1.474601744547889757e+04 1.449491785971685931e+04
1.434757462914993630e+04 1.410285400319123255e+04
1.396340766038992115e+04 1.372524916833643329e+04
1.359453881861418631e+04 1.336308541650887673e+04
1.324184418954818466e+04 1.301720266308172722e+04
1.290609384057847456e+04 1.268833343078526195e+04
1.258799493368109324e+04 1.237713801244530623e+04
1.228816412879359996e+04 1.208419003217439058e+04
1.200670385745351814e+04 1.180956779015624852e+04
1.174098317436436446e+04 1.155070070094274161e+04
1.148754158744435699e+04 1.130421389846971215e+04
1.124325610768557090e+04 1.106706166726675474e+04
1.100565492988304868e+04 1.083684420563402637e+04
1.077262074048146678e+04 1.061150884196521474e+04
1.054186341186901518e+04 1.038883765141584990e+04
1.031018061763420701e+04 1.016574205822693330e+04
1.007440737987862121e+04 9.939164021469548970e+03
9.831031137831912929e+03 9.705721799724218727e+03
9.576292503667677011e+03 9.461800170355429145e+03
9.306978076665727713e+03 9.204304667517633789e+03
9.020608846591716429e+03 8.930869221896333329e+03
8.715666131913643767e+03 8.640034146311851146e+03
8.393137078805890269e+03 8.332772209753711650e+03
8.055221347706037704e+03 8.011209986083384138e+03
7.706104045483699338e+03 7.679385701318998144e+03
7.350783738510252078e+03 7.342111722283431845e+03
6.995295281703748515e+03 7.005178328883150243e+03
6.645659543158162705e+03 6.674356308619263473e+03
6.307722209659626969e+03 6.355215151582970975e+03
5.986850326294906154e+03 6.052858523807091842e+03
5.688238140133628804e+03 5.772198607989136690e+03
5.416204617413965025e+03 5.517281968499587492e+03
5.174165599174092677e+03 5.291282464805855852e+03
4.963042550807108455e+03 5.095008672687926264e+03
4.781538398333715122e+03 4.927133204471499994e+03
4.625204317467440887e+03 4.783370910725057911e+03
4.487454112078055914e+03 4.657397001435093443e+03
4.360135061434865747e+03 4.541429645303433972e+03
4.234917160795362179e+03 4.427504679521753133e+03
4.104067451485994752e+03 4.308232869099784693e+03
3.961537658960058707e+03 4.177822381552154184e+03
3.803559492398635939e+03 4.032649289737721119e+03
3.629780417738971664e+03 3.872375162097735029e+03
3.443045936763137888e+03 3.699720014871623789e+03
3.248827440978200684e+03 3.519925450879928121e+03
3.054268346003748775e+03 3.339819652312273320e+03
2.867421122139576710e+03 3.167050979503951112e+03
2.696347145422826088e+03 3.009221245801474197e+03
2.547505202778196235e+03 2.872366931276882497e+03
2.423317753722692487e+03 2.758673688179717374e+03
2.320808998754562253e+03 2.665259690344364572e+03
2.233393562418996680e+03 2.585882399667553727e+03
2.153496870110382133e+03 2.513392574132456048e+03
2.073736648285092087e+03 2.440832772354700410e+03
1.987371141028662350e+03 2.361855268127592353e+03
1.890474525975255801e+03 2.272783412316080103e+03
1.784600536775771843e+03 2.175126417620052052e+03
1.675935243780140127e+03 2.074747786816847565e+03
1.571422980911089780e+03 1.978175598276034862e+03
1.476781558444055008e+03 1.890713775396126493e+03
1.395594404125906749e+03 1.815619366720904964e+03
1.327527148692681976e+03 1.752500062838251552e+03
1.268393986029640246e+03 1.697432926792612307e+03
1.212476421599852074e+03 1.645126328277171751e+03
1.154551150038175820e+03 1.590786526781022985e+03
1.092247749381298945e+03 1.532281213079765848e+03
1.027651073915958477e+03 1.471577391292532639e+03
9.649128145357709627e+02 1.412493935992600427e+03
9.075772006265340224e+02 1.358230759063487312e+03
8.575173969679084394e+02 1.310421307366571682e+03
8.135162614997650508e+02 1.267914753921676947e+03
7.722643644936872533e+02 1.227728797836543663e+03
7.310849979182708012e+02 1.187494992221602843e+03
6.891363452451323610e+02 1.146505576174226235e+03
6.478393091260247729e+02 1.106041641393191185e+03
6.094136646081750541e+02 1.068038584819175867e+03
5.747013694256181680e+02 1.033192863131180957e+03
5.429933577308490840e+02 1.000861060522074354e+03
5.127897066888791642e+02 9.697529217511366824e+02
4.831291255511374061e+02 9.390680819093482796e+02
4.543442461631678384e+02 9.091009384012147621e+02
4.273195758139601139e+02 8.805828825880021213e+02
4.023751059809502522e+02 8.537575161893323639e+02
3.790778050335147782e+02 8.282559118784058683e+02
3.568190552884977933e+02 8.035857843834966161e+02
3.354608783785007518e+02 7.796413254303921576e+02
3.152956256211843424e+02 7.566483928593929704e+02
2.964571811377792869e+02 7.346989445562439869e+02
2.787541270465524690e+02 7.136367969596105922e+02
2.619520070044534350e+02 6.932817571967804042e+02
2.460321070745139309e+02 6.736166649424269508e+02
2.310645058710059914e+02 6.546851519989288590e+02
2.169995914626947240e+02 6.364434598780763963e+02
2.037239662961365241e+02 6.188061873820823848e+02
1.911906920546767310e+02 6.017359220919352083e+02
1.793991314470798102e+02 5.852256128771690555e+02
1.683056010944825402e+02 5.692398581157352737e+02
1.578636676924168114e+02 5.537427287947828063e+02
1.480249172751111360e+02 5.386981592134062566e+02
1.387714486964461003e+02 5.240890280897926914e+02
1.300723143390383711e+02 5.098915328886261591e+02
1.218955172092762069e+02 4.960818414332625252e+02
1.142108578521617233e+02 4.826377632863029135e+02
1.069898345641172313e+02 4.695386525319198654e+02
1.002055491826842797e+02 4.567653181028213680e+02
9.383261813385726668e+01 4.442999409330877256e+02
8.784712441451988241e+01 4.321260627236222263e+02
8.222685498806032456e+01 4.202291261212038762e+02
7.695097852216743206e+01 4.085960538841649736e+02
7.199973378794062739e+01 3.972147476237972228e+02
6.735438126499190048e+01 3.860740304308940836e+02
6.299715939752815785e+01 3.751635987622288440e+02
5.891124198949275126e+01 3.644739770520793058e+02
5.508069634463706166e+01 3.539964772419897940e+02
5.149039764267308783e+01 3.437234311483315423e+02
4.812596572201115208e+01 3.336483557128632924e+02
4.497382038027289042e+01 3.237654004710453819e+02
4.202115068355389127e+01 3.140692534684491193e+02
3.925587484881945954e+01 3.045551113909036189e+02
3.666660197058659065e+01 2.952186506644949304e+02
3.424259552468852519e+01 2.860559994201619247e+02
3.197373990617931128e+01 2.770638167974100838e+02
2.985051411456691639e+01 2.682398560844708300e+02
2.786395283095455611e+01 2.595824269036451142e+02
2.600561257997004461e+01 2.510900488806674389e+02
2.426754364800791919e+01 2.427614323130461571e+02
2.264226335258528877e+01 2.345954603072682119e+02
2.112273059770123851e+01 2.265911712762207912e+02
1.970232159632201530e+01 2.187477562698427960e+02
1.837480427133150584e+01 2.110651041549679405e+02
1.713431643554267936e+01 2.035438696127318678e+02
1.597534888454191737e+01 1.961846586752844530e+02
1.489272567565429917e+01 1.889879661237699793e+02
1.388158515870222942e+01 1.819541711176774470e+02
1.293736199707997869e+01 1.750835332612560364e+02
1.205577013404344910e+01 1.683761891170229887e+02
1.123278633869717247e+01 1.618323594944284025e+02
1.046463397563199571e+01 1.554530248097438516e+02
9.747769917016150032e+00 1.492391083736542896e+02
9.078871257078128920e+00 1.431911937281179519e+02
8.454822299840778044e+00 1.373095380931347052e+02
7.872702264593276489e+00 1.315940862165728902e+02
7.329773673329476935e+00 1.260444845381431662e+02
6.823471355785485137e+00 1.206601143466742769e+02
6.351391559158745537e+00 1.154404551201358800e+02
5.911282412239495798e+00 1.103849974510784619e+02
5.501035312967337276e+00 1.054928828945165549e+02
5.118676214775683242e+00 1.007629143794435578e+02
4.762357392438079096e+00 9.619358115500016027e+01
4.430349684945671385e+00 9.178308335389812100e+01
4.121035189714750580e+00 8.752935610178300863e+01
3.832900266596825478e+00 8.343013210479685426e+01
