1.576500830315134044e+04 1.566281192341800306e+04
1.598625222761676196e+04 1.587964194505769410e+04
1.620310629427702770e+04 1.609194857415693150e+04
1.641505930115746378e+04 1.629922019163042023e+04
1.662158790460593445e+04 1.650093363949620107e+04
1.682213970778320072e+04 1.669653843120993770e+04
1.701614445612961208e+04 1.688546742950270345e+04
1.720302502125405590e+04 1.706714730608117679e+04
1.738218109763548273e+04 1.724098227482170478e+04
1.755297851681125030e+04 1.740634346563110375e+04
1.771477799075838993e+04 1.756259770827798275e+04
1.786693560938639712e+04 1.770910813815061556e+04
1.800878008570752718e+04 1.784521190074941842e+04
1.813963316105502599e+04 1.797024031802639365e+04
1.825882359238412027e+04 1.808353272095226566e+04
1.836566758394856151e+04 1.818441728754735595e+04
1.845946400331693076e+04 1.827220644121329315e+04
1.853952698725959999e+04 1.834622898815319058e+04
1.860518605887825834e+04 1.840583036081781393e+04
1.865576574433722999e+04 1.845035292024342925e+04
1.869061123250119635e+04 1.847916102283343571e+04
1.870910216673300238e+04 1.849165453064147732e+04
1.871064447118416865e+04 1.848726130027492763e+04
1.869467422443585747e+04 1.846544105988250158e+04
1.866067680729423591e+04 1.842570369292440955e+04
1.860819439642880388e+04 1.836761688881381269e+04
1.853683568954152361e+04 1.829081663698056218e+04
1.844627568776378757e+04 1.819500589582579778e+04
1.833626078345443602e+04 1.807995924520942208e+04
1.820665159078038414e+04 1.794556633827050246e+04
1.805742034815489751e+04 1.779182888955186718e+04
1.788861782136576221e+04 1.761882655227409850e+04
1.770041493617548622e+04 1.742675849375602047e+04
1.749318663619473955e+04 1.721602731857666367e+04
1.726740476879446214e+04 1.698713100920206489e+04
1.702362547749190344e+04 1.674064992088752479e+04
1.676265766158083352e+04 1.647741466367628891e+04
1.648549431558339347e+04 1.619843702326961102e+04
1.619317034570665237e+04 1.590476773207747829e+04
1.588689492553309174e+04 1.559762759530295807e+04
1.556823613818841295e+04 1.527859018010448563e+04
1.523879145846689607e+04 1.494925441851291544e+04
1.490015840595169175e+04 1.461121542901368593e+04
1.455424285708505522e+04 1.426636965994716775e+04
1.420306493217042953e+04 1.391672229132777102e+04
1.384853257803630004e+04 1.356416317016247194e+04
1.349274463274464506e+04 1.321076398948730639e+04
1.313824893784068263e+04 1.285903086724551395e+04
1.278743624421959976e+04 1.251131041459307380e+04
1.244243276636267001e+04 1.216968546197485011e+04
1.210489115556793695e+04 1.183577323041714953e+04
1.177616476745704858e+04 1.151089548206907602e+04
1.145745848479275082e+04 1.119622559980021651e+04
1.115056168346963204e+04 1.089349830332258352e+04
1.085820109134251652e+04 1.060535078115817305e+04
1.058289595988679685e+04 1.033421559916423030e+04
1.032628190002666088e+04 1.008166509577075885e+04
1.008758816747354285e+04 9.846933183512208416e+03
9.865590753945933102e+03 9.628815325751946148e+03
9.659066635010292885e+03 9.426111908454653530e+03
9.466507181237722762e+03 9.237354573647067809e+03
9.286427657264917798e+03 9.061101244222272726e+03
9.117026423805062223e+03 8.895609229487392440e+03
8.955785607635596534e+03 8.738452565036386659e+03
8.800193590632958148e+03 8.587213258728519577e+03
8.647160276946677186e+03 8.438924604031088165e+03
8.493334392891911193e+03 8.290371318922087085e+03
8.335122555306656068e+03 8.138106358026630005e+03
8.168398873660446952e+03 7.978172268820266254e+03
7.989268426423819619e+03 7.806827649991860198e+03
7.794052480436505903e+03 7.620540080983630105e+03
7.579776860932408454e+03 7.416442802380731337e+03
7.345016974118670078e+03 7.193164903906325890e+03
7.089564325086643294e+03 6.950493463455553865e+03
6.815366237297020234e+03 6.690301729414362853e+03
6.525620079264462220e+03 6.415657817744742715e+03
6.225195542684521570e+03 6.131248600490737772e+03
5.919643629754260473e+03 5.842410021593217607e+03
5.615112393837861418e+03 5.555053235427232721e+03
5.318202410768853042e+03 5.275497513753094609e+03
5.035238424329475492e+03 5.009800968548534001e+03
4.772371803595703568e+03 4.763807930150094762e+03
4.535040916113882304e+03 4.542687675171117007e+03
4.326970636703739729e+03 4.349932006345765330e+03
4.150174727489017641e+03 4.187418498574635123e+03
4.003503433304318605e+03 4.054004550677264888e+03
3.883568396236059016e+03 3.946439326431947848e+03
3.784274791374319648e+03 3.858901708403894190e+03
3.697877643218092089e+03 3.783994136890577465e+03
3.615710219025602328e+03 3.713400673073816506e+03
3.528891325383258391e+03 3.638541705324704253e+03
3.429596237097098765e+03 3.551783630459140113e+03
3.312104251067655696e+03 3.447467102973158944e+03
3.173985701330208940e+03 3.323106867711778705e+03
3.016723107978457847e+03 3.180055698470616335e+03
2.845392541579646149e+03 3.023213165355798992e+03
2.668038006186237453e+03 2.860404298748779183e+03
2.494687779882732229e+03 2.701375761289284128e+03
2.335791340660905462e+03 2.556216040029509713e+03
2.199636694667995016e+03 2.432845322074973410e+03
2.089914216107204084e+03 2.334732190559956052e+03
2.005036137127512347e+03 2.260308525661157091e+03
1.939312410986090526e+03 2.204119769432223165e+03
1.884471608958862362e+03 2.158244399669069026e+03
1.830588151544879793e+03 2.113108262452931285e+03
1.767831198872341702e+03 2.059127034713278590e+03
1.690095857525996735e+03 1.990276975931806192e+03
1.597817136559290475e+03 1.906944829925340173e+03
1.497100270458719024e+03 1.815120887467229522e+03
1.396835244352077098e+03 1.723505020227980594e+03
1.306156490442711402e+03 1.640930086981706381e+03
1.231490497847369170e+03 1.573500596129455516e+03
1.173851893150914066e+03 1.522096080367926561e+03
1.128836249967404910e+03 1.482458083966482945e+03
1.088403021814374142e+03 1.446886709379164358e+03
1.044203515019724819e+03 1.407372312349356662e+03
9.916735793979268010e+02 1.359542811422567411e+03
9.323181997439999122e+02 1.304905028115769710e+03
8.717712165986595210e+02 1.248926187139997637e+03
8.167837220820384800e+02 1.198036779535429559e+03
7.716114367588291998e+02 1.156180210467027337e+03
7.353167566786875113e+02 1.122385905738677138e+03
7.030785297775031495e+02 1.092100783542769705e+03
6.695614946676653290e+02 1.060353338923771162e+03
6.322712835214416600e+02 1.024877357582239711e+03
5.932378531892169349e+02 9.876314582331182237e+02
5.566496161224322350e+02 9.524981064135986344e+02
5.252239066225599800e+02 9.219081658128438903e+02
4.984254607089773685e+02 8.953090778869922133e+02
4.732094979496285418e+02 8.699415232557505533e+02
4.470858532629792990e+02 8.436162077705812408e+02
4.202970673290612353e+02 8.166025157914040165e+02
3.949341611096524502e+02 7.907532370144472225e+02
3.724486379074223805e+02 7.672930651414687873e+02
3.522040624755338172e+02 7.456380603384214965e+02
3.325992895447405431e+02 7.244322334718356160e+02
3.129961571410452166e+02 7.031714390894768485e+02
2.942333778480895603e+02 6.825636843664017306e+02
2.770913356481933079e+02 6.632258688091338854e+02
2.612881434065159851e+02 6.449112836465020564e+02
2.460720638920378462e+02 6.270306208487808135e+02
2.313484734590441860e+02 6.095229213662853454e+02
2.175426896016269325e+02 5.927078580316124317e+02
2.047361873007718600e+02 5.766324274022589407e+02
1.926015945617336627e+02 5.610539072410475683e+02
1.810031160572769124e+02 5.458784560094029530e+02
1.700918970589010257e+02 5.312070823291844590e+02
1.598901195940761397e+02 5.170460161998116746e+02
1.502657622469419607e+02 5.033065758564350745e+02
1.411667281077266694e+02 4.899498615189569364e+02
1.325726657905326249e+02 4.769569847506336941e+02
1.244630360656442036e+02 4.643102159776536837e+02
1.168172516510804826e+02 4.519929186326876902e+02
1.096148014793398175e+02 4.399894878314732409e+02
1.028353601825861574e+02 4.282852932072941030e+02
9.645881311761696963e+01 4.168665554440651135e+02
9.046369706869091942e+01 4.057185885779423415e+02
8.482768914076309841e+01 3.948258670430656707e+02
7.952969080578195360e+01 3.841739455749070657e+02
7.454985019474574415e+01 3.737494957874288843e+02
6.986948603494521137e+01 3.635402479464863177e+02
6.547101646326632363e+01 3.535349367461993779e+02
6.133789238597701399e+01 3.437232506406973016e+02
5.745456929523761147e+01 3.340958518134883093e+02
5.380673533423892962e+01 3.246449305074381186e+02
5.038102591234147809e+01 3.153637968143612511e+02
4.716476082230283851e+01 3.062464192259708966e+02
4.414591283228221386e+01 2.972873861806346554e+02
4.131307980379130385e+01 2.884818741804625120e+02
3.865545753608807189e+01 2.798256169368557948e+02
3.616281335864040614e+01 2.713148753921487355e+02
3.382544670182995361e+01 2.629465606118989740e+02
3.163411775975196250e+01 2.547187635670792929e+02
2.958008482300682829e+01 2.466301237694358122e+02
2.765510112223692829e+01 2.386795599967012436e+02
2.585138885668472497e+01 2.308662487071599685e+02
2.416161443523115082e+01 2.231896027510444469e+02
2.257886488931959690e+01 2.156492502998600287e+02
2.109662541793228030e+01 2.082450154203531554e+02
1.970876028909917110e+01 2.009774415492454125e+02
1.840949499189338923e+01 1.938484740543921703e+02
1.719339095338006373e+01 1.868601245601805374e+02
1.605532647039299476e+01 1.800142372302782690e+02
1.499047953547043299e+01 1.733124842879653045e+02
1.399431149807198693e+01 1.667563620850476411e+02
1.306255152744571824e+01 1.603471877322348007e+02
1.219118180238029048e+01 1.540861137811818651e+02
1.137642186615408058e+01 1.479748201646810060e+02
1.061471531061297213e+01 1.420156098190226999e+02
9.902719578749991314e+00 1.362103999549153173e+02
9.237293980360755441e+00 1.305606657550225123e+02
8.615488163325485615e+00 1.250674589466513709e+02
8.034531194138168075e+00 1.197314269646137888e+02
7.491821219068304671e+00 1.145528325819216917e+02
6.984915636306584297e+00 1.095315999621855525e+02
6.511521331936810597e+00 1.046676585408802680e+02
6.069486242932332409e+00 9.996079744209013995e+01
5.656791533311966269e+00 9.541039954866081985e+01
5.271543736482165343e+00 9.101546449601188726e+01
4.911967322529050328e+00 8.677463818180422095e+01
