2.151910051848473813e+04 2.131792346467903189e+04
2.184819868645748647e+04 2.163830222870360740e+04
2.217252197038630402e+04 2.195365324580113156e+04
2.249138913003342168e+04 2.226329748541458684e+04
2.280406894707442189e+04 2.256651006140798563e+04
2.310980093007204778e+04 2.286253922258756938e+04
2.340780852516241794e+04 2.315061849517325027e+04
2.369727785620158102e+04 2.342994590662905102e+04
2.397735291439553112e+04 2.369967938296776265e+04
2.424716483113542199e+04 2.395896557344858957e+04
2.450582647460205771e+04 2.420693487734647715e+04
2.475240138045857384e+04 2.444267190322724491e+04
2.498593743177859869e+04 2.466524788700657155e+04
2.520548054594044879e+04 2.487373395020340467e+04
2.541004698563754937e+04 2.506717481972122187e+04
2.559862910905655735e+04 2.524459453052086974e+04
2.577022927728829018e+04 2.540502899496331156e+04
2.592385232760753570e+04 2.554751906847611463e+04
2.605848135569026272e+04 2.567108781502727652e+04
2.617311768681105968e+04 2.577477860491105457e+04
2.626679355038820358e+04 2.585766733350088543e+04
2.633855630623044271e+04 2.591884811954364704e+04
2.638748237837738270e+04 2.595744651341316785e+04
2.641270048466830485e+04 2.597264127153221489e+04
2.641339987496038157e+04 2.596367291920958814e+04
2.638883841650656541e+04 2.592985231824629955e+04
2.633834803086967077e+04 2.587056448798317433e+04
2.626134722953711025e+04 2.578528059618367479e+04
2.615739289547797671e+04 2.567360958980317082e+04
2.602616030319662968e+04 2.553527756338506515e+04
2.586742297432918349e+04 2.537010699853851111e+04
2.568113242050117697e+04 2.517809532597539874e+04
2.546746898066745052e+04 2.495946471528506663e+04
2.522672553636587691e+04 2.471454642783865347e+04
2.495933910793050381e+04 2.444381164100694514e+04
2.466610397777732578e+04 2.414808149729329671e+04
2.434799414246831657e+04 2.382835107478810460e+04
2.400606608845566370e+04 2.348569305627405629e+04
2.364171638086689200e+04 2.312151251645105003e+04
2.325671660383719427e+04 2.273758091456193142e+04
2.285287104011079646e+04 2.233569688311454229e+04
2.243211464639856058e+04 2.191778392898530001e+04
2.199691552477122968e+04 2.148629072136867762e+04
2.154981178465198900e+04 2.104373006964652814e+04
2.109326630084752105e+04 2.059253503536852804e+04
2.063014017416679417e+04 2.013553451216314352e+04
2.016358870443484921e+04 1.967584895806220447e+04
1.969656463462243846e+04 1.921639259721310009e+04
1.923185566351830857e+04 1.875991725665310150e+04
1.877220045316042888e+04 1.830913978850973945e+04
1.832012824646076479e+04 1.786656769747411818e+04
1.787800527961514672e+04 1.743454451752434397e+04
1.744891099890845362e+04 1.701614113198767882e+04
1.703625459749286529e+04 1.661476741052729267e+04
1.664309579852518800e+04 1.623348478116166370e+04
1.627119321812591807e+04 1.587409051158532930e+04
1.592065153224049391e+04 1.553677959931303121e+04
1.559141784689922497e+04 1.522159134256528159e+04
1.528279488668808881e+04 1.492794087523504641e+04
1.499315714704768834e+04 1.465434498564321984e+04
1.472086102877484882e+04 1.439930027400183462e+04
1.446344399424002768e+04 1.416049115984242235e+04
1.421782525284388794e+04 1.393498375918615420e+04
1.398082618604138952e+04 1.371972662290673907e+04
1.374837552784363106e+04 1.351073387191390248e+04
1.351631924906193854e+04 1.330390023863416900e+04
1.327976512094450482e+04 1.309428689733660394e+04
1.303341501560467805e+04 1.287645837145480073e+04
1.277193628885538965e+04 1.264482551963635160e+04
1.248990779334668332e+04 1.239356296087274495e+04
1.218282373146703867e+04 1.211766856280120737e+04
1.184744903926365259e+04 1.181331203563271993e+04
1.148238893901530173e+04 1.147851075600304466e+04
1.108868541360651943e+04 1.111378313059651737e+04
1.066967449579565255e+04 1.072209606942293976e+04
1.023094815703142376e+04 1.030887253741532004e+04
9.779836698107154007e+03 9.881504982262014892e+03
9.324684180686783293e+03 9.448595622735516372e+03
8.874904991098570463e+03 9.020041970350432166e+03
8.439466867949344305e+03 8.605381143182486994e+03
8.027729589741111340e+03 8.214691426331497496e+03
7.647875739782900382e+03 7.856911729278072926e+03
7.306861530486069569e+03 7.539774862306344403e+03
7.008987315498371572e+03 7.268305580705741704e+03
6.755362922224027898e+03 7.044217329841379069e+03
6.542880248779943940e+03 6.864766525097822523e+03
6.365029957938476400e+03 6.723510416808017908e+03
6.211586134893341296e+03 6.609779980541836267e+03
6.070549746315252378e+03 6.510582018000517564e+03
5.928934673934760212e+03 6.411299876978135217e+03
5.774340228517357900e+03 6.297337714682179467e+03
5.596735806519114703e+03 6.156266456608171211e+03
5.390014047931225832e+03 5.979866514048591853e+03
5.153464251218643767e+03 5.766235859536344833e+03
4.892149358792049497e+03 5.520603480996990584e+03
4.616066826870055593e+03 5.254490839206517194e+03
4.338814315418589104e+03 4.984080694018598479e+03
4.075678220263168441e+03 4.727769182781795280e+03
3.840852907274188055e+03 4.502701080822678705e+03
3.643780297170705126e+03 4.320404885409742747e+03
3.486291596632348046e+03 4.183493182882761175e+03
3.362560747738677492e+03 4.085584759920363012e+03
3.261402180651433355e+03 4.013777580137329551e+03
3.168647060320626224e+03 3.951095104704353162e+03
3.069121623880335392e+03 3.878577074568876014e+03
2.950363490994722724e+03 3.779953723094659381e+03
2.807907659650803453e+03 3.648857857985231021e+03
2.647395128633351305e+03 3.492130891916979635e+03
2.481316600556174762e+03 3.325770227882300333e+03
2.324145593027107680e+03 3.168368288308071897e+03
2.188239362213764707e+03 3.035642002027420403e+03
2.079432638855360437e+03 2.934963228621154030e+03
1.994445872374561304e+03 2.862341928958590870e+03
1.922717751346290697e+03 2.804640082100452219e+03
1.850691938630303184e+03 2.744655356388305336e+03
1.767711986062433425e+03 2.668577539520437313e+03
1.671499137317018949e+03 2.573418113232342421e+03
1.568980112849097850e+03 2.468302575676822016e+03
1.470933734156487162e+03 2.367258100147649202e+03
1.386657571431884890e+03 2.282085032226671046e+03
1.318639068786259031e+03 2.215758323715206188e+03
1.261192246446776153e+03 2.161052115860765753e+03
1.205117462892904769e+03 2.106447475044459679e+03
1.143685642640882179e+03 2.043626230729391182e+03
1.077013376582835008e+03 1.972987098419756194e+03
1.011362799587338941e+03 1.902527578792180748e+03
9.530925076886700253e+02 1.840031421732811623e+03
9.037612177705200338e+02 1.787203943923246698e+03
8.595454477700051257e+02 1.739356388043429206e+03
8.150513443723227738e+02 1.690167784893285216e+03
7.685024768940891136e+02 1.637771966983886614e+03
7.227018022606387149e+02 1.585597552419610338e+03
6.812172209340965310e+02 1.537690328475773185e+03
6.445518177333580070e+02 1.494481500926381614e+03
6.100789528068037271e+02 1.453054330723048679e+03
5.755955370624442367e+02 1.411150305435520295e+03
5.416748586516653177e+02 1.369503573980081001e+03
5.102230360739459911e+02 1.330080651252196731e+03
4.815886423592307892e+02 1.293157686373179104e+03
4.544400500929651798e+02 1.257426387467888844e+03
4.279364501661140139e+02 1.222157003759401505e+03
4.026908008069224252e+02 1.187948671200231956e+03
3.793063215891262985e+02 1.155304605489065580e+03
3.573586287456314494e+02 1.123837359174351604e+03
3.363072358718645773e+02 1.093120772798615462e+03
3.163216204559092830e+02 1.063297375587907482e+03
2.976285655737685261e+02 1.034513381505139932e+03
2.800344377865615115e+02 1.006619099993089094e+03
2.633727378026229644e+02 9.794902761595827769e+02
2.476062427058072615e+02 9.530831205196608380e+02
2.327056215200813938e+02 9.273622674321487693e+02
2.186400859437608801e+02 9.022946157301653329e+02
2.053777779559048327e+02 8.778492021059405488e+02
1.928852635565192486e+02 8.539957635922538657e+02
1.811222477967607460e+02 8.306954512278463199e+02
1.700470176948807648e+02 8.079074079341115748e+02
1.596202442137521018e+02 7.855942465632066387e+02
1.498048639034935832e+02 7.637219060407145435e+02
1.405659432243680556e+02 7.422594834590337314e+02
1.318705514762021380e+02 7.211790795732255219e+02
1.236876417558367081e+02 7.004556558010231129e+02
1.159881623172889675e+02 6.800674336036430532e+02
1.087454945574730800e+02 6.599972048366071249e+02
1.019345253506620423e+02 6.402304251495902463e+02
9.553135660978017540e+01 6.207545691467287270e+02
8.951325986846087801e+01 6.015590335147167025e+02
8.385863146514319055e+01 5.826350423436250594e+02
7.854694842554053480e+01 5.639755539179939205e+02
7.355872449842220817e+01 5.455751953539447641e+02
6.887539510247020758e+01 5.274333886252202319e+02
6.447923342933226820e+01 5.095567111667318727e+02
6.035346118245615799e+01 4.919525149934117962e+02
5.648221947372395135e+01 4.746280970256676710e+02
5.285052279803354480e+01 4.575906583141147621e+02
4.944421500673080061e+01 4.408472640049777169e+02
4.624992721431075182e+01 4.244048042089946193e+02
4.325503799344939893e+01 4.082701307247951945e+02
4.044764396592383093e+01 3.924538997494084924e+02
3.781652030824175625e+01 3.769698517147053849e+02
3.535107496062577326e+01 3.618303020772929131e+02
3.304131548038595412e+01 3.470459770738918905e+02
3.087781787559735847e+01 3.326260629287588131e+02
2.885169685378325610e+01 3.185782593246016177e+02
2.695457743636607262e+01 3.049088365607174751e+02
2.517856726395509526e+01 2.916228511021975009e+02
2.351622613875150591e+01 2.787254083837310077e+02
2.196054554296316041e+01 2.662208176594506313e+02
2.050492845985904111e+01 2.541118374360820269e+02
1.914316679278027422e+01 2.423997671920515131e+02
1.786941987886601169e+01 2.310845477831994117e+02
1.667819408345541987e+01 2.201648615612641322e+02
1.556432342853123174e+01 2.096382315428705851e+02
1.452295069341713329e+01 1.995011191258402903e+02
1.354950852924023863e+01 1.897490199121153580e+02
1.263970503451109373e+01 1.803765563699241170e+02
1.178950864893356076e+01 1.713775678067609363e+02
1.099513318156572339e+01 1.627451971879854113e+02
1.025302363925130500e+01 1.544719743993839813e+02
9.559842816968814105e+00 1.465498957268578692e+02
8.912458612219188225e+00 1.389704989258262628e+02
