2.647049613917520765e+04 2.635359521423886326e+04
2.667378966761568518e+04 2.655256480321397248e+04
2.686307148862040049e+04 2.673743530495014056e+04
2.703752385170232446e+04 2.690739195288862902e+04
2.719632022273241091e+04 2.706161235027906150e+04
2.733858614925382426e+04 2.719922854321221166e+04
2.746345220279703426e+04 2.731937869849636627e+04
2.757006691090721870e+04 2.742121975354761889e+04
2.765755721532269672e+04 2.750388816814190432e+04
2.772504650595776548e+04 2.756651791542208957e+04
2.777169299276451056e+04 2.760827866114293283e+04
2.779666339709605018e+04 2.762835005453350459e+04
2.779909297908851659e+04 2.762588263162271687e+04
2.777815877547495256e+04 2.760006981417611314e+04
2.773309126339792419e+04 2.755015952407225996e+04
2.766312496439515598e+04 2.747540652499390490e+04
2.756753397101782684e+04 2.737510701445943414e+04
2.744567387294780565e+04 2.724863937020415324e+04
2.729695781373894351e+04 2.709544178373619798e+04
2.712083753274285482e+04 2.691499460961945078e+04
2.691686462899054459e+04 2.670687856796843698e+04
2.668470004691179565e+04 2.647078434097679929e+04
2.642409540080247461e+04 2.620649770100537717e+04
2.613491757145131123e+04 2.591392096621701785e+04
2.581716812445654432e+04 2.559309008616954088e+04
2.547100454519343839e+04 2.524419925399661588e+04
2.509675039070908679e+04 2.486761208364288541e+04
2.469487508474215429e+04 2.446383566051377420e+04
2.426601826563446230e+04 2.403354544748221815e+04
2.381109251213015887e+04 2.357769345813062318e+04
2.333118463491802322e+04 2.309740342425010385e+04
2.282751319459797378e+04 2.259392544022394213e+04
2.230160627393359391e+04 2.206881807193838904e+04
2.175529655465410906e+04 2.152394297312325580e+04
2.119049060876480144e+04 2.096122811868169811e+04
2.060926729343811530e+04 2.038276680878125262e+04
2.001420742344999962e+04 1.979115014542323843e+04
1.940796156704806344e+04 1.918903105151636919e+04
1.879313327999051035e+04 1.857900651242831009e+04
1.817277058018293610e+04 1.796410682214036933e+04
1.755020490498454819e+04 1.734763576325290705e+04
1.692852658607885678e+04 1.673264964236002925e+04
1.631084063033634084e+04 1.612220867188318334e+04
1.570076801699769021e+04 1.551986944939684327e+04
1.510164739498195922e+04 1.492890390347392895e+04
1.451643385212864632e+04 1.435220017045943132e+04
1.394840244599268954e+04 1.379293754798662849e+04
1.340080964210185266e+04 1.325426541142069982e+04
1.287636021325002366e+04 1.273879584619574234e+04
1.237734468420950543e+04 1.224872320397391923e+04
1.190580251789673275e+04 1.178596675179117483e+04
1.146337049076207040e+04 1.135205991267667196e+04
1.105133751312433560e+04 1.094820287343403470e+04
1.067086546350178651e+04 1.057543004279665183e+04
1.032295431675787768e+04 1.023460744178687310e+04
1.000835502467507831e+04 9.926376454570729038e+03
9.725844584910220874e+03 9.649465531334572006e+03
9.472170347960285653e+03 9.400629035054158521e+03
9.244306812944594640e+03 9.176847298888194928e+03
9.039134149161040114e+03 8.975026036439234304e+03
8.853335424537050130e+03 8.791896759711140476e+03
8.683759955681747670e+03 8.624356897994110113e+03
8.526241814471253747e+03 8.468361351337503947e+03
8.376072826639430787e+03 8.319364912041108255e+03
8.228255197297685299e+03 8.172569666222722844e+03
8.076298635226557963e+03 8.021819123254082115e+03
7.913793383703580730e+03 7.861050775262088791e+03
7.734315487092853800e+03 7.684264396299449800e+03
7.531872328825284967e+03 7.485900125150023996e+03
7.302258701657925485e+03 7.262132273712565620e+03
7.043227938749047098e+03 7.011016299503050504e+03
6.755088063397055521e+03 6.733005747111229539e+03
6.441043160901390365e+03 6.431280478076895633e+03
6.105815342934629371e+03 6.110406775314645529e+03
5.755506419100654966e+03 5.776216743334995954e+03
5.397713747354510815e+03 5.435879357613797765e+03
5.040918544127856876e+03 5.097352696349054895e+03
4.694182375947890250e+03 4.769077212292165314e+03
4.366362350335522024e+03 4.459256312994122709e+03
4.066671483300534419e+03 4.176307198938796319e+03
3.802175465645288568e+03 3.926705049881795276e+03
3.577828345507005452e+03 3.714801583588483481e+03
3.395699450432642152e+03 3.542342597606165782e+03
3.253826828416055832e+03 3.407270212897817146e+03
3.147682667916576975e+03 3.305205975218779713e+03
3.069831558563985709e+03 3.229120210994521130e+03
3.010912619705262841e+03 3.170300951323548361e+03
2.960261791044709753e+03 3.118922601603599560e+03
2.906384410311889042e+03 3.064522182085866916e+03
2.838739391333920139e+03 2.997603687090712810e+03
2.748980910526027401e+03 2.910739866485586390e+03
2.632752451072651638e+03 2.800177145453005778e+03
2.490094860224035074e+03 2.666145229034400472e+03
2.325757382791858618e+03 2.513084858521312071e+03
2.149208111850361092e+03 2.349631248245783809e+03
1.973825080356514036e+03 2.187815088500801266e+03
1.813423229416239792e+03 2.039917038353589987e+03
1.678280434529814329e+03 1.914966076906508306e+03
1.572915175356251211e+03 1.816782340387441991e+03
1.496619682655377346e+03 1.744519016730591602e+03
1.445013466114070752e+03 1.694108225844658818e+03
1.409971795152796176e+03 1.658251761788840440e+03
1.379350128804342830e+03 1.626232352086852643e+03
1.340631403335985851e+03 1.587135627205236233e+03
1.285797562775289407e+03 1.534079872534009155e+03
1.213405081764056149e+03 1.465959230296258966e+03
1.127759368664658268e+03 1.386653337249407741e+03
1.037894554387042263e+03 1.304061496074081333e+03
9.548585747746886909e+02 1.227686822414657172e+03
8.869683495857574371e+02 1.164550446286729994e+03
8.371650433851896196e+02 1.116997217443791897e+03
8.028042733605730064e+02 1.082619428623365366e+03
7.761527633196748184e+02 1.054774837785296540e+03
7.479020225375843438e+02 1.025607372855169160e+03
7.120641697707649200e+02 9.901509573177715993e+02
6.676691919878520594e+02 9.476949788958805811e+02
6.188379071387092836e+02 9.017582634711309311e+02
5.728678348806297436e+02 8.584025515724272282e+02
5.351982565152968618e+02 8.220381424003724078e+02
5.066718045978645364e+02 7.932476364266997280e+02
4.839795172599280590e+02 7.692518477353407889e+02
4.616165696672005652e+02 7.455711006069603854e+02
4.359017812450120459e+02 7.192772432197999706e+02
4.073039584140472584e+02 6.908032832688811595e+02
3.790880011019895051e+02 6.627751338597859103e+02
3.546372168227392194e+02 6.378381760596791992e+02
3.347130043285546321e+02 6.165295795550977118e+02
3.172012658609821756e+02 5.971598456740426855e+02
2.994626558078676908e+02 5.776872655271919257e+02
2.807133185064232634e+02 5.575356248915531978e+02
2.622568235149286124e+02 5.377129582605838323e+02
2.457458214604654927e+02 5.194509417486777920e+02
2.313863169565134399e+02 5.028720040973622645e+02
2.179962406096850032e+02 4.870831066095302617e+02
2.046395902063269716e+02 4.714016529047190716e+02
1.915487721600526925e+02 4.560038540465112646e+02
1.794774275139728559e+02 4.414243016482455459e+02
1.685673942939043286e+02 4.277474891955155840e+02
1.582971247413091760e+02 4.145979934533739879e+02
1.483466273261997230e+02 4.017539865416925409e+02
1.389193406659878178e+02 3.893532047335060611e+02
1.302199362903004669e+02 3.775258675830021957e+02
1.221008946376049664e+02 3.661661258392744003e+02
1.143769270820570938e+02 3.551493201079144342e+02
1.070879866301188628e+02 3.444980747667723904e+02
1.002959241813382505e+02 3.342467323387023157e+02
9.392432414259405959e+01 3.243438331650750683e+02
8.793271603520229007e+01 3.147596897661663888e+02
8.230175628003938471e+01 3.054785937921620302e+02
7.701276009120445565e+01 2.964858172048712959e+02
7.204768130304380236e+01 2.877675275506110779e+02
6.738912651580186264e+01 2.793107334720050403e+02
6.302036417387481038e+01 2.711032340170580710e+02
5.892532389998979880e+01 2.631335689072379864e+02
5.508818306943890519e+01 2.553907642638182836e+02
5.149320215204896556e+01 2.478641658877237717e+02
4.812550721209851901e+01 2.405437701733972631e+02
4.497111929328275437e+01 2.334202239116387432e+02
4.201690119247501087e+01 2.264847863590130430e+02
3.925050739555997836e+01 2.197292937835007081e+02
3.666033698565347976e+01 2.131461262740872655e+02
3.423550106162203832e+01 2.067282272899501265e+02
3.196587226069749477e+01 2.004694938180994086e+02
2.984196743770910842e+01 1.943644742893220325e+02
2.785484594797969393e+01 1.884080582463903113e+02
2.599608096166330995e+01 1.825954542163184726e+02
2.425773273719729417e+01 1.769221716892630241e+02
2.263232306358529655e+01 1.713840039784091971e+02
2.111281081457408959e+01 1.659770120990533542e+02
1.969255896419556606e+01 1.606975967216687877e+02
1.836530141461198440e+01 1.555426024940307457e+02
1.712514740930842905e+01 1.505090914726721110e+02
1.596656425763236697e+01 1.455942939973231773e+02
1.488435669188585386e+01 1.407955980863243042e+02
1.387364733290541530e+01 1.361105392553017168e+02
1.292985821042587524e+01 1.315367907371982596e+02
1.204869347747531272e+01 1.270721634550027375e+02
1.122612550087497141e+01 1.227147317380938318e+02
1.045837776281050502e+01 1.184627723682534111e+02
9.741907567283217162e+00 1.143146315700093396e+02
9.073392249276325927e+00 1.102687156614805133e+02
8.449716206867115886e+00 1.063234855297486092e+02
7.867958644250482969e+00 1.024774513440467700e+02
7.325381990704724622e+00 9.872916750345150660e+01
6.819420397897554054e+00 9.507727782863042876e+01
6.347668119382627872e+00 9.152063797994155436e+01
5.907871856506051067e+00 8.805814167640264145e+01
5.497922014913219968e+00 8.468866987137865010e+01
5.115843904105774165e+00 8.141108956445373224e+01
4.759789448400103318e+00 7.822425276186879728e+01
4.428029381608931558e+00 7.512699558399000921e+01
4.118945897167336057e+00 7.211814289111100607e+01
3.831025680593890925e+00 6.919665629613608360e+01
3.562853413832513194e+00 6.636162440740713464e+01
3.313105723145937986e+00 6.361207431280800506e+01
3.080545421259226035e+00 6.094696489433888331e+01
2.864016090337034193e+00 5.836519084712791283e+01
2.662436990379243529e+00 5.586558669920674447e+01
2.474798274618899008e+00 5.344693082199804479e+01
2.300156462010350733e+00 5.110797954784512598e+01
