1.817674730864018784e+04 1.810503641990770484e+04
1.834552439033291012e+04 1.827097034349977548e+04
1.850545631623635927e+04 1.842798648659370156e+04
1.865594767051452072e+04 1.857548993856396919e+04
1.879640494511327051e+04 1.871288811382136555e+04
1.892621242671006985e+04 1.883956725680583986e+04
1.904473308221338812e+04 1.895489341318572042e+04
1.915133819535650036e+04 1.905824151331735993e+04
1.924540087143355777e+04 1.914898887205277788e+04
1.932627019544507493e+04 1.922648938386848749e+04
1.939330497339524663e+04 1.929010729749104576e+04
1.944588403439466856e+04 1.933922756614343962e+04
1.948337160229207075e+04 1.937322171991976938e+04
1.950512865390121806e+04 1.939145917377098158e+04
1.951054992187874450e+04 1.939334383911052646e+04
1.949905336112545410e+04 1.937830393340929731e+04
1.947005593328114264e+04 1.934576841693119422e+04
1.942301644707142259e+04 1.929520899142520284e+04
1.935744578995585834e+04 1.922615024735528641e+04
1.927288120195982992e+04 1.913814526598640441e+04
1.916890418548323942e+04 1.903079292735270792e+04
1.904516763507898577e+04 1.890376399505720838e+04
1.890139445938528661e+04 1.875680073026434548e+04
1.873737468393435483e+04 1.858971513233080987e+04
1.855298349644517657e+04 1.840240466170497893e+04
1.834819049525806258e+04 1.819486135761043261e+04
1.812308595852443977e+04 1.796720065154839904e+04
1.787786957345334667e+04 1.771964813693651740e+04
1.761283957660168744e+04 1.745252684345589296e+04
1.732844607316431575e+04 1.716631229712361528e+04
1.702532310057208815e+04 1.686166547322240513e+04
1.670420100206065035e+04 1.653934151488182033e+04
1.636592669031538207e+04 1.620020989508773710e+04
1.601162700832817973e+04 1.584542013985644553e+04
1.564256188529112296e+04 1.547625229231179947e+04
1.526003720202666227e+04 1.509402821594603120e+04
1.486560354421224292e+04 1.470031090706061332e+04
1.446108946912429928e+04 1.429693757637676208e+04
1.404830230854576803e+04 1.388571934780615265e+04
1.362910181086329976e+04 1.346851409499582223e+04
1.320577085887448993e+04 1.304759399087959355e+04
1.278059235036997597e+04 1.262522592078312118e+04
1.235569146532032210e+04 1.220351531232499110e+04
1.193341328992163835e+04 1.178477664908534280e+04
1.151627508182189922e+04 1.137148701836887449e+04
1.110652025215421600e+04 1.096584966890597025e+04
1.070628342414182771e+04 1.056995302522595193e+04
1.031804151606432060e+04 1.018620465951487495e+04
9.944043291223357301e+03 9.816785017918506128e+03
9.586170564837015263e+03 9.463514589669404813e+03
9.245913831961684991e+03 9.127816401643372956e+03
8.924432723029307454e+03 8.810780677197026307e+03
8.622653994542384680e+03 8.513274536011811506e+03
8.341474902366020615e+03 8.236127527261978685e+03
8.082073801452814223e+03 7.980412544330284618e+03
7.845520728732961288e+03 7.747099696004695033e+03
7.632373122541084740e+03 7.536668250613920463e+03
7.440570841670617483e+03 7.347058225741332535e+03
7.267194359216302473e+03 7.175378312410684885e+03
7.109622597886514086e+03 7.019032173043056900e+03
6.965554907839878069e+03 6.875747536672036404e+03
6.832923635381505846e+03 6.743484854538545733e+03
6.709467446961371934e+03 6.620028690556650872e+03
6.591798443448858052e+03 6.502108505006797714e+03
6.476439402184843857e+03 6.386378381488671948e+03
6.359287069063811941e+03 6.268933590922761141e+03
6.235611229293017459e+03 6.145310974472632552e+03
6.100913018477365767e+03 6.011292241413459124e+03
5.950793118377524479e+03 5.862815597120272287e+03
5.781561585149720486e+03 5.696500913411975489e+03
5.591295483844881346e+03 5.510682226768689361e+03
5.379377869442982956e+03 5.304917708111043794e+03
5.147626728728572743e+03 5.081055296943677604e+03
4.899248018650656377e+03 4.842218160361387163e+03
4.638638839590745192e+03 4.592617426192729909e+03
4.370810782137794376e+03 4.336997442327202407e+03
4.101941248730734515e+03 4.081145579068175266e+03
3.838337852538608331e+03 3.830934172061087338e+03
3.586590206759614830e+03 3.592459391039033108e+03
3.353133064259171078e+03 3.371608433826494093e+03
3.143980930184625777e+03 3.173854466192549353e+03
2.963222326684602649e+03 3.002856171173426901e+03
2.813347377075824170e+03 2.860741217825459898e+03
2.693832901032273639e+03 2.746867809957126610e+03
2.601986101921344016e+03 2.658567663167851606e+03
2.532594097946793227e+03 2.590908035870299045e+03
2.479150443756151617e+03 2.537799503370132697e+03
2.433697236353462358e+03 2.491919612557271194e+03
2.387920702713748597e+03 2.445705337607628735e+03
2.333644348765475570e+03 2.391811657835915867e+03
2.264319011427809983e+03 2.324451457101280539e+03
2.175994968481636079e+03 2.240223832507361749e+03
2.067981165909867741e+03 2.138665381605893344e+03
1.943017528785209606e+03 2.022371639225957779e+03
1.807190833614746452e+03 1.896872974464344225e+03
1.669449528298404857e+03 1.770171484068948075e+03
1.540153180617170392e+03 1.651450298646196643e+03
1.428258871984418192e+03 1.548555298790810184e+03
1.338504854733960201e+03 1.465536768075706959e+03
1.271167097419641777e+03 1.402482044089208557e+03
1.223331561410028598e+03 1.356671386811001412e+03
1.189570738078189606e+03 1.323220777504098123e+03
1.161779772115779906e+03 1.294984421315720965e+03
1.130333578621368815e+03 1.263601286221865621e+03
1.087792017847721127e+03 1.222704988908037421e+03
1.031946819857536411e+03 1.170503858924435917e+03
9.652982910457302523e+02 1.109260011442102950e+03
8.937904815944172014e+02 1.044145195192909341e+03
8.254449778370653803e+02 9.820275994871381045e+02
7.673580278718252430e+02 9.288953125374625870e+02
7.228111119428058373e+02 8.874268631044740232e+02
6.907874219526329398e+02 8.566437258259480814e+02
6.664154719775772264e+02 8.323550422377255700e+02
6.425907170525862284e+02 8.085729590796925095e+02
6.138418582467977558e+02 7.807584175212439277e+02
5.786962702525673876e+02 7.477515258620387613e+02
5.393488898652088892e+02 7.114339943733006066e+02
5.008238912656335629e+02 6.759739181443926554e+02
4.679358986482446312e+02 6.452921026161225200e+02
4.421616121054493647e+02 6.205254040331377610e+02
4.216570231186915407e+02 6.001086701457693380e+02
4.025472666055345030e+02 5.808772928526822170e+02
3.814428942801847029e+02 5.601156497359662580e+02
3.579485713066574704e+02 5.375421476375978500e+02
3.342016429572972243e+02 5.148828702422207471e+02
3.128384692024249603e+02 4.942154839625002865e+02
2.950162640430419856e+02 4.764139029115938229e+02
2.795860263242428800e+02 4.605443115498076168e+02
2.644778890051840676e+02 4.449872299452988500e+02
2.487122143667927503e+02 4.289970203244497498e+02
2.329358789279763755e+02 4.130817277262646599e+02
2.184646318361146484e+02 3.982377841191423613e+02
2.057189416182229706e+02 3.847630884296889917e+02
1.940353556322927204e+02 3.721436402025620964e+02
1.825459704146788340e+02 3.597311282836965347e+02
1.712400071825802286e+02 3.475212655776925317e+02
1.606380181359820938e+02 3.358920080430332291e+02
1.509908267071189698e+02 3.250145994814314463e+02
1.419861593433847418e+02 3.146559604991926449e+02
1.333090048234295182e+02 3.045896488451610935e+02
1.250320543066238770e+02 2.948653813790135700e+02
1.173317041784750216e+02 2.856008030099128518e+02
1.101589181413814060e+02 2.767558872260631802e+02
1.033528551910207369e+02 2.682177845027117655e+02
9.690931264417612567e+01 2.599804365282943195e+02
9.087462780481496338e+01 2.520712428745935370e+02
8.522020763890139960e+01 2.444673634173460357e+02
7.989876553762748301e+01 2.371356451509830094e+02
7.488854129612987265e+01 2.300585475978764123e+02
7.017421816809687130e+01 2.232230702544406142e+02
6.574092225764404418e+01 2.166170007183845030e+02
6.157424410090110456e+01 2.102288644997225902e+02
5.766025538449643051e+01 2.040478784859972166e+02
5.398552122910346185e+01 1.980639077660112548e+02
5.053708944624160182e+01 1.922674120540561660e+02
4.730200831153315022e+01 1.866490475933709092e+02
4.426743130557345296e+01 1.811996417117397016e+02
4.142124352310177926e+01 1.759105944161761386e+02
3.875205103423356690e+01 1.707738655623281545e+02
3.624913806865099986e+01 1.657819407975829620e+02
3.390242677265510451e+01 1.609277999424222116e+02
3.170243938080098545e+01 1.562048875977315561e+02
2.964028714556426891e+01 1.516071632115615841e+02
2.770772512245684993e+01 1.471293798804909443e+02
2.589700758423048654e+01 1.427667468073788086e+02
2.420081873722735821e+01 1.385147729456809600e+02
2.261225148769534243e+01 1.343692501455076354e+02
2.112478706873368495e+01 1.303262373318225968e+02
1.973227548864491254e+01 1.263820455681147905e+02
1.842891642897669513e+01 1.225332261154729281e+02
1.720922633106017940e+01 1.187766530504437981e+02
1.606802048735184130e+01 1.151095339013100727e+02
1.500042005020154612e+01 1.115292574874693514e+02
1.400183663621197816e+01 1.080333731893856566e+02
1.306795597027928579e+01 1.046195816689467364e+02
1.219472238367641914e+01 1.012857260003711986e+02
1.137832412627645162e+01 9.802978318378521294e+01
1.061518000514411497e+01 9.484987523964019829e+01
9.901928979258451946e+00 9.174436516881610260e+01
9.235414651503944583e+00 8.871175771072489624e+01
8.612671949372762370e+00 8.575063654342628183e+01
8.030916168350730189e+00 8.285965866798598256e+01
7.487532598812438600e+00 8.003754917766330834e+01
6.980066704253508725e+00 7.728309622793852895e+01
6.506214812643862366e+00 7.459514681964157035e+01
6.063814345900763847e+00 7.197265319130106320e+01
5.650835137001751107e+00 6.941469701996942376e+01
5.265373430145245948e+00 6.692039380639938884e+01
4.905644527688843404e+00 6.448888016004156043e+01
4.569975659295714365e+00 6.211931114038011970e+01
4.256799254683265588e+00 5.981085773089699842e+01
3.964646598848198700e+00 5.756270444486428772e+01
3.692141839135726133e+00 5.537406166132304719e+01
3.437996272662835029e+00 5.324427118993713748e+01
3.201003099704235577e+00 5.117272310172144500e+01
2.980032465697989519e+00 4.915878340664702506e+01
2.774026739657876384e+00 4.720179384605525286e+01
2.581996067999861033e+00 4.530107237207288051e+01
2.403014189153433122e+00 4.345591369603069154e+01
2.236214494170669642e+00 4.166559021990659062e+01
