1.530472747590276776e+04 1.519419042921764958e+04
1.551852169738188240e+04 1.540329851927925483e+04
1.572834018022920645e+04 1.560829795167147859e+04
1.593372418077901239e+04 1.580873053856176375e+04
1.613420451203463381e+04 1.600412825958837675e+04
1.632928560479001499e+04 1.619399869189363562e+04
1.651845385566291225e+04 1.637783285184021952e+04
1.670118925353726081e+04 1.655511605055220571e+04
1.687695649327115461e+04 1.672531910566626902e+04
1.704519582588871708e+04 1.688788931408115241e+04
1.720534271870188604e+04 1.704227000121664605e+04
1.735682935408517005e+04 1.718790211048676792e+04
1.749906646466532766e+04 1.732420671127246533e+04
1.763145715762316104e+04 1.745059848389440231e+04
1.775340994221335859e+04 1.756649841676217693e+04
1.786432947721456731e+04 1.767132497972879355e+04
1.796361150482935773e+04 1.776448934817812187e+04
1.805066359210008522e+04 1.784541549749570186e+04
1.812490756521163712e+04 1.791354268708440577e+04
1.818576897387547433e+04 1.796831567808993714e+04
1.823269049080920377e+04 1.800919752986438834e+04
1.826514186753357717e+04 1.803567914239708625e+04
1.828262389164427805e+04 1.804728368119212246e+04
1.828467218023170426e+04 1.804357046804594938e+04
1.827086055926046902e+04 1.802413754220288320e+04
1.824080992691734718e+04 1.798863049592417156e+04
1.819421292819500377e+04 1.793676760664373069e+04
1.813081877807554702e+04 1.786832394561707406e+04
1.805042957227370789e+04 1.778312728591250925e+04
1.795295125534350518e+04 1.768110910366069584e+04
1.783840016167987415e+04 1.756231087389965614e+04
1.770685045162640381e+04 1.742683103649790428e+04
1.755846475733182160e+04 1.727485538592445300e+04
1.739359305639860031e+04 1.710675549270805641e+04
1.721266815044361283e+04 1.692298405403976722e+04
1.701617772045499805e+04 1.672404679949943602e+04
1.680482311755320916e+04 1.651066021946167893e+04
1.657949341446662947e+04 1.628372535458401580e+04
1.634110281626559299e+04 1.604416588356111788e+04
1.609065595808068792e+04 1.579299313286655524e+04
1.582941035054021813e+04 1.553146769460413452e+04
1.555865530336257689e+04 1.526087896306937546e+04
1.527967796036734944e+04 1.498251124236292162e+04
1.499412041814643635e+04 1.469799783258181560e+04
1.470384863320501063e+04 1.440919066087336978e+04
1.441063418643029217e+04 1.411784480728990093e+04
1.411605973755409832e+04 1.382552801888998511e+04
1.382138926738409282e+04 1.353349707859828777e+04
1.352776629210272040e+04 1.324288775421590981e+04
1.323633280744484546e+04 1.295483135687623690e+04
1.294905042702432547e+04 1.267126543662563563e+04
1.266828377697234646e+04 1.239452232400551111e+04
1.239619677055149805e+04 1.212673381380825776e+04
1.213432015756144392e+04 1.186941187340685428e+04
1.188309740453694940e+04 1.162300865097855967e+04
1.164279860582846959e+04 1.138780569857376395e+04
1.141348226799559052e+04 1.116387743020903326e+04
1.119426587646550070e+04 1.095038254484095523e+04
1.098402388204351337e+04 1.074624254194999958e+04
1.078159279492720634e+04 1.055034091154263297e+04
1.058527937512777680e+04 1.036104445429227053e+04
1.039330077978587360e+04 1.017663026585252919e+04
1.020383650408784706e+04 9.995334204494909500e+03
1.001476209393929457e+04 9.815088660764573433e+03
9.824010263436879541e+03 9.633874229596705845e+03
9.629195919558764217e+03 9.449345380308148378e+03
9.427739560292811802e+03 9.258949612885657189e+03
9.217145896544107018e+03 9.060198992229717987e+03
8.994832561597519089e+03 8.850494874122317924e+03
8.758632141467271140e+03 8.627627635458195073e+03
8.507264220106106222e+03 8.390246314935457121e+03
8.240199637772964707e+03 8.137727893453842626e+03
7.958734860041238790e+03 7.871263601528926301e+03
7.665156234653420142e+03 7.593029431633523927e+03
7.363358516384537324e+03 7.306824180897271617e+03
7.057806113165393981e+03 7.017031267901376850e+03
6.753624398482639663e+03 6.728718745497331838e+03
6.455810005842228747e+03 6.446847207476432231e+03
6.169190870055545020e+03 6.176230363155721534e+03
5.898215040993763978e+03 5.921314308708623685e+03
5.646833979701127646e+03 5.686074133646316113e+03
5.417981952719538640e+03 5.473485436442625542e+03
5.213631564511809302e+03 5.285585156215049210e+03
5.033451335940432728e+03 5.122124536270827775e+03
4.875369925201283877e+03 4.981114486424783536e+03
4.734556154618391702e+03 4.857775498863182293e+03
4.604915529454922762e+03 4.745996365176602012e+03
4.479222730518948083e+03 4.638430939371233762e+03
4.350634434733485250e+03 4.528006583367575331e+03
4.213265334101388362e+03 4.408515314534708523e+03
4.063151926139164971e+03 4.275644877320775777e+03
3.898873475423466061e+03 4.127684933443965747e+03
3.721810726136558060e+03 3.965860803852444405e+03
3.536196918842567811e+03 3.794449578733449471e+03
3.348173833556601039e+03 3.619798725831261436e+03
3.164779409264214792e+03 3.449252782388440664e+03
2.993072063945282935e+03 3.290213125694478549e+03
2.839192795267414567e+03 3.149138738118721449e+03
2.706789345834185497e+03 3.029902877659636033e+03
2.595347608876283630e+03 2.932060392474292712e+03
2.500066754076937741e+03 2.850677186813555636e+03
2.413684439027876579e+03 2.778167782610139966e+03
2.328829747960754958e+03 2.706713591573657141e+03
2.239273367561386749e+03 2.629582309447385796e+03
2.140761861319678701e+03 2.542076911038546314e+03
2.032832195667618635e+03 2.443584028514291731e+03
1.919884539823287014e+03 2.338806670336825846e+03
1.809044482114001539e+03 2.235445536599447223e+03
1.706715565039785133e+03 2.140421230451367137e+03
1.616905652085660677e+03 2.058053663219873215e+03
1.540456008929853624e+03 1.989261431917495884e+03
1.474300712994507194e+03 1.930781970242350326e+03
1.412713997127017365e+03 1.876477290528207959e+03
1.350187195252986157e+03 1.820397751822000828e+03
1.283332479601262094e+03 1.758867445159077761e+03
1.212881257771703531e+03 1.692700957945242180e+03
1.143019280861150719e+03 1.626474894689349867e+03
1.078184305742102651e+03 1.565002899599591501e+03
1.020777020301047742e+03 1.510856420656596129e+03
9.704369573059545928e+02 1.463629084953695155e+03
9.239936355719995618e+02 1.419927447368931780e+03
8.778973065798983271e+02 1.375981460155637478e+03
8.307174052391394525e+02 1.330311563863354877e+03
7.834981399468721293e+02 1.284084245694550873e+03
7.387955181767337081e+02 1.240033768634410762e+03
6.982956180402876498e+02 1.199921068710846612e+03
6.615023675068127886e+02 1.163206588004801915e+03
6.266946774170205572e+02 1.128106074042451155e+03
5.924201482242490329e+02 1.093155138364007144e+03
5.587200487915198437e+02 1.058441125987375699e+03
5.267306366357743173e+02 1.025140575137367932e+03
4.971811897605572312e+02 9.939793185628324181e+02
4.697045976376293765e+02 9.645815527795408570e+02
4.434384727469683867e+02 9.361093138341545909e+02
4.180437842760998706e+02 9.082583710714811787e+02
3.938504180371076586e+02 8.813621303954345194e+02
3.712252359987689942e+02 8.557652677366525040e+02
3.499842628176911035e+02 8.312916682485052888e+02
3.297680144989490145e+02 8.076185070802075643e+02
3.104882527854019827e+02 7.846768436253250911e+02
2.922915101349029214e+02 7.625981015806906953e+02
2.751804000710515652e+02 7.413805340975507079e+02
2.589907584231453370e+02 7.208847265965965789e+02
2.436398956995842582e+02 7.010442473387331574e+02
2.291495857893140453e+02 6.818749021634271230e+02
2.154955509608455770e+02 6.633531613885051001e+02
2.025957018753730381e+02 6.454131468483191156e+02
1.904162119205401211e+02 6.280266911419334974e+02
1.789282303385745365e+02 6.111685743310457610e+02
1.680954852997821263e+02 5.948072343722102460e+02
1.578832177493121378e+02 5.789130344753929194e+02
1.482583372976527869e+02 5.634583497051353334e+02
1.391893535486193514e+02 5.484174443774319343e+02
1.306463095188213686e+02 5.337663593181536044e+02
1.226007199341751175e+02 5.194827882161777097e+02
1.150256076158335929e+02 5.055452520266981651e+02
1.078954402484659738e+02 4.919328921682256919e+02
1.011859278198056415e+02 4.786263760760428454e+02
9.487396441823744908e+01 4.656078802004642512e+02
8.893758115977861678e+01 4.528610104119221091e+02
8.335590018497056519e+01 4.403707281474891033e+02
7.810908976730290476e+01 4.281232816460155277e+02
7.317831790587281660e+01 4.161061434513873678e+02
6.854568122777263284e+01 4.043079701915137889e+02
6.419418284800980246e+01 3.927185358689957297e+02
6.010771635847613936e+01 3.813286617629387365e+02
5.627102539333986897e+01 3.701301648721666879e+02
5.266966415525677547e+01 3.591158088111594111e+02
4.928995938089631323e+01 3.482792564844074832e+02
4.611897372265689654e+01 3.376150242199255445e+02
4.314446947481903294e+01 3.271187230940052473e+02
4.035487043718017475e+01 3.167882748258978722e+02
3.773923453068880463e+01 3.066226278163745178e+02
3.528722464221026200e+01 2.966211111157281834e+02
3.298907836917382497e+01 2.867834035996973512e+02
3.083557904039652087e+01 2.771095039804901603e+02
2.881802797895529267e+01 2.675997009467733960e+02
2.692821796717252880e+01 2.582545446725565625e+02
2.515840588856107374e+01 2.490757055694526798e+02
2.350128584054161962e+01 2.400673058229279775e+02
2.194997162145267211e+01 2.312335607572443337e+02
2.049797540550281738e+01 2.225783201196626919e+02
1.913918638642719117e+01 2.141050667092723074e+02
1.786785044137037204e+01 2.058169160711111090e+02
1.667855077534209585e+01 1.977166172424116439e+02
1.556618948441390593e+01 1.898065752543447786e+02
1.452596903470264778e+01 1.820897913765774661e+02
1.355337555362503288e+01 1.745700608555168287e+02
1.264416462806952879e+01 1.672505500127121820e+02
1.179434631280413548e+01 1.601337149266542497e+02
1.100017078392176018e+01 1.532213352651365312e+02
1.025811473328766610e+01 1.465145490233139469e+02
9.564868470688185909e+00 1.400138879125413780e+02
8.917323632345100393e+00 1.337193363541278472e+02
8.312560748971234759e+00 1.276306634964118700e+02
7.747838812183921675e+00 1.217473101932029635e+02
7.220585682715470632e+00 1.160681583906443848e+02
6.728388220915041629e+00 1.105915691802043881e+02
6.268982937281815104e+00 1.053154267363141940e+02
5.840247156726320554e+00 1.002371812596043554e+02
