1.879472611468289324e+04 1.871662891990959179e+04
1.897488311911423807e+04 1.889367990205216120e+04
1.914596777510330139e+04 1.906157816628543151e+04
1.930735439979652438e+04 1.921969885896136475e+04
1.945838761570719362e+04 1.936738869512570818e+04
1.959840183329797219e+04 1.950398505803201260e+04
1.972673750239090441e+04 1.962883192654607410e+04
1.984271703273380263e+04 1.974125581743038128e+04
1.994563523351434924e+04 1.984055626952043895e+04
2.003479909484812379e+04 1.992604566737083587e+04
2.010952553665486630e+04 1.999704711678209424e+04
2.016910766349005280e+04 2.005286116236334419e+04
2.021285071897341913e+04 2.009280142095307747e+04
2.024009010667941402e+04 2.011621246972862355e+04
2.025016115404911761e+04 2.012244023995157113e+04
2.024240222960783285e+04 2.011083519291066114e+04
2.021619683414520478e+04 2.008079375296331273e+04
2.017096879597360385e+04 2.003175387908724952e+04
2.010615685720983674e+04 1.996317074510910970e+04
2.002125474771393783e+04 1.987455553994066941e+04
1.991582551730121122e+04 1.976548949482482567e+04
1.978948927973219907e+04 1.963561331326664731e+04
1.964193371054474846e+04 1.948463707424681706e+04
1.947293427247576619e+04 1.931235884539701146e+04
1.928236525976374833e+04 1.911867676031866722e+04
1.907021247860815856e+04 1.890360330913278449e+04
1.883656447620787731e+04 1.866725356678648677e+04
1.858162108007726420e+04 1.840985334228576176e+04
1.830576234467986069e+04 1.813181090613931156e+04
1.800951178762153722e+04 1.783367813546279649e+04
1.769349299487325334e+04 1.751610480777553312e+04
1.735852041104191812e+04 1.717993087011954412e+04
1.700566231921978033e+04 1.682625026855757096e+04
1.663607241123402491e+04 1.645623897070672683e+04
1.625101186112499090e+04 1.607117675423929177e+04
1.585209710980773525e+04 1.567269632807525704e+04
1.544107512729623340e+04 1.526255681953369458e+04
1.501968631205793827e+04 1.484250571141647561e+04
1.458995384795196514e+04 1.441456646273407023e+04
1.415422510820444586e+04 1.398107941335315627e+04
1.371474183392541818e+04 1.354427456407107638e+04
1.327372470966762376e+04 1.310635491658139836e+04
1.283377954640685130e+04 1.266989674016327626e+04
1.239742004691668990e+04 1.223737984331140433e+04
1.196692036859315158e+04 1.181104258399351784e+04
1.154487038548846795e+04 1.139341955080192020e+04
1.113406656246824423e+04 1.098723683493024510e+04
1.073692831974144974e+04 1.059484889314005886e+04
1.035544175350270962e+04 1.021818014782043974e+04
9.991072084734309101e+03 9.858631027405102941e+03
9.644979405204325303e+03 9.517303172008731053e+03
9.318169599247905353e+03 9.195147639547212748e+03
9.012412625222335919e+03 8.893829654817873234e+03
8.729857156236685114e+03 8.615367739006704142e+03
8.472324932807372534e+03 8.361470463733763609e+03
8.239757591445384605e+03 8.132019722935589016e+03
8.029593950228007088e+03 7.924461149868444409e+03
7.839332890680761921e+03 7.736303289078157832e+03
7.666702241027267519e+03 7.565284722724192761e+03
7.509608218840066002e+03 7.409325753140298730e+03
7.366091945601173393e+03 7.266481919142478546e+03
7.233421965223939878e+03 7.134082347482382829e+03
7.108257734235429780e+03 7.008885178340242419e+03
6.987155830161146696e+03 6.887565040727225096e+03
6.865636983839593995e+03 6.765850920255881647e+03
6.739155154387180119e+03 6.639425671292393417e+03
6.602789601331083759e+03 6.503668067093274658e+03
6.451536837981572717e+03 6.353914306065748860e+03
6.281353509697773006e+03 6.186444704938672658e+03
6.089407915789684921e+03 5.998725357158754377e+03
5.874367166739119966e+03 5.789639735742190169e+03
5.636925072459850526e+03 5.559995099117297286e+03
5.379447566906871543e+03 5.312142365704617077e+03
5.106288711486687134e+03 5.050280583495577957e+03
4.822821832565844488e+03 4.779515802468350557e+03
4.535206090109405523e+03 4.505651889393829151e+03
4.250205795246000889e+03 4.235010137471425878e+03
3.974724481580814427e+03 3.974004174490226433e+03
3.716254582009389651e+03 3.729515783029846261e+03
3.481142335503860977e+03 3.507372434584589882e+03
3.274879548650085326e+03 3.312499819652793121e+03
3.101009541505718971e+03 3.148046214316076657e+03
2.960134855119358690e+03 3.014367719793338438e+03
2.850543272482357679e+03 2.909708990143980373e+03
2.767686026397748719e+03 2.829700067121027132e+03
2.705107688731472081e+03 2.768276663099683446e+03
2.654892561646316153e+03 2.718092999140108532e+03
2.607979988647988193e+03 2.670861192409140131e+03
2.555315374839251490e+03 2.618391105185557080e+03
2.488705069345591710e+03 2.553362990746627929e+03
2.402474992151114293e+03 2.470807490314890856e+03
2.294311440367531304e+03 2.368811243790955359e+03
2.165682787953437582e+03 2.248849736456772916e+03
2.021868331924950553e+03 2.115780899029368811e+03
1.871745919118636948e+03 1.977611395473673610e+03
1.726448369174751861e+03 1.844259431500507617e+03
1.596663650830447068e+03 1.725158647687017492e+03
1.489673588311934509e+03 1.626639868022961991e+03
1.407801332286422621e+03 1.550586465276337549e+03
1.349153211625465701e+03 1.495149934357929851e+03
1.308788251019632298e+03 1.455830653345930159e+03
1.278703756975683518e+03 1.425514282693718997e+03
1.248414087681294632e+03 1.395022659858473844e+03
1.208199344834223211e+03 1.355958230723845645e+03
1.153128054090128671e+03 1.304158610685624353e+03
1.083940304718350717e+03 1.240392663863602820e+03
1.006105191615047488e+03 1.169478334993999169e+03
9.282356702332543819e+02 1.098857105800704403e+03
8.593450743611857661e+02 1.036205585310577817e+03
8.050791847960925907e+02 9.862312532542108556e+02
7.661040230534009652e+02 9.493624934212269864e+02
7.383514200425829586e+02 9.220395289968284942e+02
7.141722431900731181e+02 8.977590276843841366e+02
6.859730481559982991e+02 8.701606041527535353e+02
6.501113921262391386e+02 8.362649118796424546e+02
6.076506843627138323e+02 7.970397911122853429e+02
5.636252707224292635e+02 7.567125531016804416e+02
5.244169800135458672e+02 7.205367890243758211e+02
4.934822054505479514e+02 6.912784542337421954e+02
4.699530428498777610e+02 6.681415488055690730e+02
4.497637117686899160e+02 6.477673941427513000e+02
4.281328362924973021e+02 6.262872826189092166e+02
4.030662723589041434e+02 6.021355539725132076e+02
3.763165439621807877e+02 5.767571838717757373e+02
3.512888561224725095e+02 5.528686747939949555e+02
3.303818449357860345e+02 5.323304367606745018e+02
3.131258216168520221e+02 5.147238458879184009e+02
2.970043130058670044e+02 4.980585206127856281e+02
2.800222755774315715e+02 4.807947579750052114e+02
2.623349023257201225e+02 4.630732113502706966e+02
2.456092522469269284e+02 4.461736379206608376e+02
2.310031435643040254e+02 4.309543732850391962e+02
2.180752214806765892e+02 4.170573575129739652e+02
2.055391388106932595e+02 4.035130200092713153e+02
1.929322605342688917e+02 3.899848807978606828e+02
1.808441119887188506e+02 3.769085098439317676e+02
1.698921807061835807e+02 3.647225594541948226e+02
1.598773161120385282e+02 3.532698819962204198e+02
1.502482920032723541e+02 3.421524870480525351e+02
1.409219782031703971e+02 3.313122700828653251e+02
1.321986942380069650e+02 3.209550608134294407e+02
1.241517399149119711e+02 3.111232695739689689e+02
1.165496118179487866e+02 3.016536525759412370e+02
1.092926325445135660e+02 2.924774933377359503e+02
1.024864892319198617e+02 2.836598537565880633e+02
9.612060607447972416e+01 2.751913328276755806e+02
9.012785959441474404e+01 2.670234583118492537e+02
8.448829423974123642e+01 2.591396412090126091e+02
7.918340475257819833e+01 2.515247822755971754e+02
7.419543120841009909e+01 2.441647255883132175e+02
6.950735035819501206e+01 2.370461972866899600e+02
6.510286471599351898e+01 2.301567489319689628e+02
6.096638916387308882e+01 2.234847046970485280e+02
5.708286868740437825e+01 2.170189771210921492e+02
5.343758477608438540e+01 2.107488477284127271e+02
5.001656472008021836e+01 2.046642400814482698e+02
4.680661132580182482e+01 1.987557308131025025e+02
4.379526281041128755e+01 1.930145098166198636e+02
4.097075457919655861e+01 1.874323433155866780e+02
3.832198280957680225e+01 1.820015395637747417e+02
3.583847252751903767e+01 1.767149408647303801e+02
3.351037428071247604e+01 1.715661656866479063e+02
3.132841252245735930e+01 1.665494487190441646e+02
2.928383043846763201e+01 1.616593966060398486e+02
2.736836315917572549e+01 1.568909629469053186e+02
2.557421263058060390e+01 1.522394289337765656e+02
2.389402358079997768e+01 1.477003851067819653e+02
2.232086054427032806e+01 1.432697142221331887e+02
2.084818219040646881e+01 1.389436534600145023e+02
1.946981516349373820e+01 1.347189079112384889e+02
1.817994485979840391e+01 1.305924300704537586e+02
1.697309788044691814e+01 1.265613661703743560e+02
1.584412330263901048e+01 1.226230451354239221e+02
1.478817488427472071e+01 1.187749680251965714e+02
1.380069416229066981e+01 1.150147979326397234e+02
1.287739442931444422e+01 1.113403587190965567e+02
1.201424581229413313e+01 1.077497432620448734e+02
1.120746064817883614e+01 1.042412582635151637e+02
1.045347949071976146e+01 1.008133092180023311e+02
9.748958140222613977e+00 9.746439094979952245e+01
9.090755358987797408e+00 9.419308132433511105e+01
8.475921233008319788e+00 9.099803519032136023e+01
7.901686149843476059e+00 8.787797855322656915e+01
7.365449864517406908e+00 8.483174209860834480e+01
6.864770724266793245e+00 8.185833573548525521e+01
6.397357963441877793e+00 7.895682619025470217e+01
5.961063154390559227e+00 7.612630510683092666e+01
5.553871764061834249e+00 7.336588581120228980e+01
5.173895181510568264e+00 7.067470022699467336e+01
4.819363192233652171e+00 6.805189594159841704e+01
4.488616866821705464e+00 6.549664028949042915e+01
4.180101702745111503e+00 6.300823677893740893e+01
3.892361379127734278e+00 6.058608625723154972e+01
3.624031968053176289e+00 5.822956254353333350e+01
3.373836310497986712e+00 5.593800838769251982e+01
3.140578711476646134e+00 5.371073594511094029e+01
2.923139943215387948e+00 5.154702733810695747e+01
2.720472539678649770e+00 4.944613530121041123e+01
2.531596284972173816e+00 4.740733077106834514e+01
2.355593857472277897e+00 4.543002086550306018e+01
