2.320357597661702675e+04 2.304344372376692627e+04
2.345907437785415095e+04 2.329272081748820347e+04
2.370581757687810386e+04 2.353310525140201935e+04
2.394310235162068420e+04 2.376389779706173067e+04
2.417020898678199592e+04 2.398438443784940682e+04
2.438638542233164117e+04 2.419382201047236958e+04
2.459087439994448141e+04 2.439146343753812835e+04
2.478291589284335350e+04 2.457655987424312116e+04
2.496171269834670966e+04 2.474832669837812864e+04
2.512645245378472464e+04 2.490596537544633611e+04
2.527633213123987298e+04 2.504868775527919934e+04
2.541054079467145857e+04 2.517569952859655677e+04
2.552824984388707526e+04 2.528619093997644813e+04
2.562864838569606582e+04 2.537937110982135346e+04
2.571094307633252174e+04 2.545446800142841676e+04
2.577432695271924968e+04 2.551069846516103280e+04
2.581801260777028438e+04 2.554730039595049675e+04
2.584125159895804245e+04 2.556355158305670557e+04
2.584331804674734303e+04 2.555875446483211272e+04
2.582351202479522544e+04 2.553223954501145272e+04
2.578118884038052056e+04 2.548339317646243944e+04
2.571576424698873234e+04 2.541166312479836415e+04
2.562671551528350028e+04 2.531656096540245926e+04
2.551359201624112393e+04 2.519767078532061350e+04
2.537602400210956694e+04 2.505465738248604248e+04
2.521375410503930470e+04 2.488729922976000671e+04
2.502663377384184787e+04 2.469548407403154124e+04
2.481460611766974034e+04 2.447919009463864495e+04
2.457775191557402650e+04 2.423853245960474669e+04
2.431634701980435057e+04 2.397382146287136129e+04
2.403077359909314691e+04 2.368547153208530654e+04
2.372152888156905101e+04 2.337400954170030309e+04
2.338939416555659773e+04 2.304024474964018373e+04
2.303532377697166521e+04 2.268515644689136025e+04
2.266034271575484672e+04 2.230979056564866187e+04
2.226572280505342133e+04 2.191543600897780561e+04
2.185306142305745379e+04 2.150370315215144365e+04
2.142399305594447287e+04 2.107623454373750064e+04
2.098024666930929743e+04 2.063476194101253714e+04
2.052401854317993639e+04 2.018147777987865265e+04
2.005759365130198421e+04 1.971865759409500970e+04
1.958317837947634689e+04 1.924849352705291312e+04
1.910322666303858932e+04 1.877341926175358094e+04
1.862040831668179453e+04 1.829607866115917932e+04
1.813722021744267477e+04 1.781893926079199809e+04
1.765618424224227419e+04 1.734448740800169981e+04
1.718033781233760237e+04 1.687571136471731006e+04
1.671257499689163160e+04 1.641545390903759107e+04
1.625545403921692014e+04 1.596622427211647846e+04
1.581082186475823983e+04 1.552983215502190251e+04
1.538000541595793038e+04 1.510757587294419318e+04
1.496415595670504263e+04 1.470057990285941742e+04
1.456488487310903292e+04 1.431041330240470415e+04
1.418494675477199235e+04 1.393975466335899910e+04
1.382695507775449914e+04 1.359114707953069956e+04
1.349259618507497544e+04 1.326623231547023715e+04
1.318001120983098190e+04 1.296319041012314847e+04
1.288638474741243772e+04 1.267926717590219050e+04
1.260912555936961689e+04 1.241192917437856704e+04
1.234580947576861945e+04 1.215881503975740452e+04
1.209418418150225079e+04 1.191773238492031123e+04
1.185178344165762428e+04 1.168628046714409720e+04
1.161526800921530594e+04 1.146121015108383472e+04
1.138132432703277118e+04 1.123928989410273789e+04
1.114609269917043275e+04 1.101675372065962074e+04
1.090535085910083217e+04 1.078947280418354785e+04
1.065492574769865496e+04 1.055335194983066140e+04
1.039031987329233198e+04 1.030397030312775314e+04
1.010760412124367031e+04 1.003743669446450258e+04
9.803967817516040668e+03 9.750953113762043358e+03
9.477701867474492246e+03 9.442774249256583062e+03
9.129643723078150288e+03 9.113660835744687574e+03
8.762149309475822520e+03 8.765852164006984822e+03
8.379958337703390498e+03 8.403944436611618585e+03
7.988817317471212846e+03 8.033524700856341042e+03
7.595698255995657746e+03 7.661391346268736015e+03
7.207660812319531033e+03 7.294433327945451310e+03
6.831875742006857763e+03 6.939650895650270286e+03
6.475370156210218738e+03 6.603871068951718371e+03
6.144659657298005186e+03 6.293433930214822794e+03
5.845062742092920416e+03 6.013483361892534049e+03
5.580709577543992964e+03 5.768005968580189801e+03
5.352614602444720731e+03 5.557963379172890200e+03
5.159421804877253635e+03 5.382014808475597420e+03
4.995841289146735107e+03 5.235018199644322522e+03
4.854572573017894683e+03 5.109857516515606221e+03
4.726101625573575802e+03 4.997243396617558574e+03
4.600541477281668449e+03 4.887461222952862954e+03
4.468334562860402912e+03 4.771042026602663100e+03
4.321545215389714031e+03 4.640047846033739006e+03
4.155140880218233178e+03 4.489368401420418195e+03
3.967792505455628543e+03 4.317561606110649336e+03
3.762484831673811641e+03 4.127526991927938070e+03
3.545771667068445367e+03 3.925762927950769154e+03
3.326758920851549192e+03 3.721326130738922075e+03
3.116014972872655562e+03 3.524704094965109562e+03
2.924151618189386227e+03 3.346356193548006559e+03
2.759263601379479496e+03 3.194176282868259023e+03
2.624165780294584692e+03 3.070852530478538029e+03
2.515673182129382894e+03 2.973221935859529822e+03
2.426289856306269030e+03 2.893933571586861490e+03
2.346560543793746092e+03 2.823716521685830685e+03
2.266358559731021160e+03 2.752591427369266057e+03
2.176345457683140012e+03 2.671296972931809250e+03
2.071418561264920299e+03 2.574753576489235456e+03
1.953553035049589198e+03 2.464948136705704655e+03
1.830322548844777202e+03 2.349452926891315656e+03
1.711035698647556501e+03 2.237505140012696756e+03
1.604116608124739059e+03 2.137349127670192502e+03
1.514835207608244673e+03 2.054032851636930900e+03
1.442850998712189266e+03 1.987120158439263605e+03
1.382507048277179138e+03 1.931062669287308381e+03
1.325721072526923308e+03 1.878010197949802432e+03
1.264849925977116300e+03 1.820571662002308813e+03
1.196601528831708492e+03 1.755620895451302204e+03
1.123729177537901251e+03 1.685920137805099557e+03
1.052156611389950285e+03 1.617243018655777178e+03
9.876823888046767479e+02 1.555119744367582598e+03
9.333131030466744278e+02 1.502310602978021961e+03
8.871708926247241607e+02 1.456949247327162766e+03
8.443192920654647651e+02 1.414363313763913766e+03
8.003535899836549561e+02 1.370464327238158603e+03
7.538738970912555715e+02 1.324028464957487131e+03
7.073082209093439587e+02 1.277374453400624589e+03
6.643073103225157183e+02 1.233853444736242182e+03
6.265308165033927708e+02 1.194911501657478539e+03
5.928859516601833093e+02 1.159502247130734077e+03
5.606817144807718023e+02 1.125214187103907989e+03
5.282234059167967644e+02 1.090590059487419694e+03
4.961535809781518651e+02 1.056237790063164766e+03
4.661837058228447859e+02 1.023639343863056865e+03
4.390859795850741421e+02 9.934154489014507590e+02
4.140506695621402287e+02 9.648527239929512689e+02
3.898845913755159813e+02 9.369640729131837134e+02
3.663328452611088437e+02 9.095628589571701923e+02
3.440973774059834795e+02 8.832174114015590476e+02
3.235649220639106147e+02 8.582131471951582853e+02
3.043729333560444275e+02 8.342504203331960753e+02
2.860197040280818328e+02 8.109467918874507859e+02
2.685268483388491063e+02 7.883216932754972959e+02
2.521463948728800517e+02 7.665504004683448329e+02
2.368281412196768940e+02 7.455834102454849699e+02
2.223350136810506683e+02 7.252489106665833560e+02
2.086062213577231432e+02 7.055022151792946943e+02
1.957131316208163980e+02 6.863821864772446588e+02
1.836101811793127467e+02 6.678499493754439982e+02
1.722142198729221434e+02 6.498475756814083297e+02
1.614794883076873759e+02 6.323391315268834205e+02
1.513732042282273937e+02 6.152973385305020884e+02
1.418636579327880156e+02 5.986967747836666831e+02
1.329202167296865014e+02 5.825137559664807441e+02
1.245133424026640370e+02 5.667262365544722797e+02
1.166146014856262241e+02 5.513137182195565629e+02
1.091963451458374976e+02 5.362569409676991654e+02
1.022309343065380602e+02 5.215372058623502198e+02
9.569193242716555403e+01 5.071370396657813444e+02
8.955437309311990646e+01 4.930403419175898421e+02
8.379468248975950928e+01 4.792323134519587597e+02
7.839060573374565877e+01 4.656993893831273681e+02
7.332113688163435938e+01 4.524291760585313114e+02
6.856646197144804944e+01 4.394104451355103720e+02
6.410802056620832445e+01 4.266338160617653443e+02
5.992837384979738147e+01 4.140914167227251710e+02
5.601102994592519480e+01 4.017761731874901443e+02
5.234039605801543615e+01 3.896817501384099955e+02
4.890173548080776555e+01 3.778025103356236514e+02
4.568112619923243756e+01 3.661334752426020600e+02
4.266542099409137023e+01 3.546702883750860451e+02
3.984219342332794156e+01 3.434096512539714467e+02
3.719968601167897049e+01 3.323498422084118147e+02
3.472681386669714954e+01 3.214896014067199985e+02
3.241313475446016668e+01 3.108279307870112689e+02
3.024881463988127450e+01 3.003640690014130996e+02
2.822459486900821091e+01 2.900974667366584185e+02
2.633176093002388285e+01 2.800277624209178384e+02
2.456211298076383898e+01 2.701549445300391881e+02
2.290793921213263218e+01 2.604806153829233608e+02
2.136198742165947451e+01 2.510069706091638295e+02
1.991743843794942137e+01 2.417359686258305658e+02
1.856788199054761179e+01 2.326693215805156285e+02
1.730729380078638613e+01 2.238084928592504355e+02
1.613001383425217128e+01 2.151546953118260035e+02
1.503072562825270708e+01 2.067089052147332495e+02
1.400443489202295844e+01 1.984726325119051751e+02
1.304645072404814776e+01 1.904481371847566891e+02
1.215237106984279514e+01 1.826372108287439175e+02
1.131806612334807127e+01 1.750410959353902172e+02
1.053966237523113314e+01 1.676605106255092323e+02
9.813527528840513270e+00 1.604956739473368827e+02
9.136256241597147110e+00 1.535463315960300577e+02
8.504656487946563814e+00 1.468118997564849337e+02
7.915736291624870802e+00 1.402919069848948936e+02
7.366692441287340465e+00 1.339855306156464394e+02
6.854899376226969210e+00 1.278914405961859586e+02
6.377898432908029491e+00 1.220078377274348895e+02
5.933387703814436698e+00 1.163324913454457743e+02
5.519212476695305014e+00 1.108627762333812967e+02
5.133356207237573798e+00 1.055957116833090055e+02
4.773931722228809349e+00 1.005280553024940389e+02
4.439173348351199699e+00 9.565631943148342486e+01
