2.405956517475052533e+04 2.390323534114204085e+04
2.429994143757288111e+04 2.413763969016460032e+04
2.452993932689333087e+04 2.436153819145749003e+04
2.474882901199632761e+04 2.457420527964480061e+04
2.495584837285601679e+04 2.477488595523962067e+04
2.515022391107293879e+04 2.496281557833707484e+04
2.533118627603634741e+04 2.513723457539112860e+04
2.549794711752624062e+04 2.529736546766527681e+04
2.564969281812753979e+04 2.544240670198959924e+04
2.578562090156806880e+04 2.557156888039944897e+04
2.590493759377197421e+04 2.568407254940189523e+04
2.600682990249903014e+04 2.577912117314431816e+04
2.609049848900949291e+04 2.585593323053737186e+04
2.615517250635086020e+04 2.591375675350054735e+04
2.620008542902297995e+04 2.595184607484722801e+04
2.622448119238873551e+04 2.596946790986294218e+04
2.622764731650966860e+04 2.596593350693443790e+04
2.620891394287664662e+04 2.594059811186198203e+04
2.616764304822754275e+04 2.589285128218935643e+04
2.610325322045724170e+04 2.582214014119025887e+04
2.601523011049131310e+04 2.572797948071670908e+04
2.590313443605204520e+04 2.560996126477048165e+04
2.576660617050943256e+04 2.546775802802455291e+04
2.560536754160792043e+04 2.530112442704446948e+04
2.541925168621873672e+04 2.510992665547096840e+04
2.520823475323933235e+04 2.489417543722608752e+04
2.497239120007679230e+04 2.465397900708913221e+04
2.471190425958501510e+04 2.438955325932146297e+04
2.442717682529297599e+04 2.410133418260215694e+04
2.411876170144866410e+04 2.378990646937283236e+04
2.378729942780056808e+04 2.345593994875876888e+04
2.343365159404207225e+04 2.310032347678342921e+04
2.305896432125678621e+04 2.272422836420516614e+04
2.266445489542074574e+04 2.232889330468843764e+04
2.225145332151556431e+04 2.191566566216432329e+04
2.182169019879224652e+04 2.148628914034820627e+04
2.137701637463887164e+04 2.104262294326019764e+04
2.091927142484985961e+04 2.058651013683371275e+04
2.045061336985818707e+04 2.012010522013302034e+04
1.997351266919581030e+04 1.964586785211871756e+04
1.949033705825495053e+04 1.916615045770310462e+04
1.900345754732757268e+04 1.868330326408706242e+04
1.851559869080455246e+04 1.820002077146708689e+04
1.802939144867873983e+04 1.771889996406840510e+04
1.754727246465927965e+04 1.724234097131496310e+04
1.707193488377725589e+04 1.677298699099289297e+04
1.660618072178459261e+04 1.631358104898726378e+04
1.615251888099273856e+04 1.586657530564602894e+04
1.571299126914390217e+04 1.543396043087114413e+04
1.528893161147107276e+04 1.501702834194934803e+04
1.488142343137709031e+04 1.461682501515622971e+04
1.449147157651640737e+04 1.423431793218356142e+04
1.412066820306557747e+04 1.387103308622857367e+04
1.377082432557328684e+04 1.352870439176824038e+04
1.344348764398022286e+04 1.320881343984582054e+04
1.313780278462523165e+04 1.291050917121475686e+04
1.285017093809087964e+04 1.263027520080755676e+04
1.257711474425307279e+04 1.236471416145443618e+04
1.231563700185972993e+04 1.211090458958830823e+04
1.206323526647132348e+04 1.186641660064181087e+04
1.181754116826974678e+04 1.162895002189128354e+04
1.157540656537897121e+04 1.139545944822158526e+04
1.133325215375163680e+04 1.116248434584417191e+04
1.108745522577364318e+04 1.092652170484114868e+04
1.083364738450862387e+04 1.068336238016059542e+04
1.056766667440733181e+04 1.042898586543048259e+04
1.028553438158867903e+04 1.015956293680365343e+04
9.983710711135763631e+03 9.871680388716564266e+03
9.660373543012996379e+03 9.563584961787233624e+03
9.315514549553045072e+03 9.235279375278843872e+03
8.950964345806280107e+03 8.888530497227769956e+03
8.570726978237000367e+03 8.527211227479612717e+03
8.180172333307100416e+03 8.156494383240542447e+03
7.786073140384275575e+03 7.782906189397598610e+03
7.395394470222187920e+03 7.413133435995311629e+03
7.015019588502339502e+03 7.053774847229655279e+03
6.651689524051545959e+03 6.711263053316138212e+03
6.311614461344082883e+03 6.391510767259076601e+03
6.000604810286931752e+03 6.099984362121752383e+03
5.722993883641959656e+03 5.840777782475202002e+03
5.480841719471955003e+03 5.615747600722917014e+03
5.273885772128648568e+03 5.424575042154962830e+03
5.097902586403684836e+03 5.263156112117739212e+03
4.946386013070510671e+03 5.125236003687156881e+03
4.810354029871767125e+03 5.002206503585388418e+03
4.680155472864258627e+03 4.884825313142335290e+03
4.546317930905517642e+03 4.763996388193038001e+03
4.400675375131631881e+03 4.631861675407712937e+03
4.237596945586148649e+03 4.482977532153355241e+03
4.054736424584974884e+03 4.315048627429632688e+03
3.853968589076380795e+03 4.129868033883535645e+03
3.640671574425602103e+03 3.932608541958451042e+03
3.422772567163202439e+03 3.730896759349982403e+03
3.209753264436941663e+03 3.533828377503723914e+03
3.011757888024035765e+03 3.351059001589359468e+03
2.837560718696086496e+03 3.190860196346832709e+03
2.691837421982801516e+03 3.057572624340181846e+03
2.573384169326512620e+03 2.949959399629048221e+03
2.475812870848363673e+03 2.861911595695320102e+03
2.390375694940178619e+03 2.785125348384570771e+03
2.307919202875139945e+03 2.710919576457111816e+03
2.219481040610598939e+03 2.630784361253322459e+03
2.118525457191016358e+03 2.538517444640492613e+03
2.004533154335857262e+03 2.433662663966284981e+03
1.883369253095675958e+03 2.321847425517314150e+03
1.763556387598305037e+03 2.211182827504090710e+03
1.653090951789299652e+03 2.109192136035444037e+03
1.557811845948437394e+03 2.021276611183998739e+03
1.479169238625135677e+03 1.948686566408278395e+03
1.413505340006066717e+03 1.887934049233476117e+03
1.353990857998168849e+03 1.832631532592509075e+03
1.293397260147538418e+03 1.776069291639130597e+03
1.227061195138946459e+03 1.713963775162617367e+03
1.155735193851125587e+03 1.647084137589416969e+03
1.084200446452556434e+03 1.579901533324022694e+03
1.017628784363959085e+03 1.517167007621644416e+03
9.596220687839329457e+02 1.462105704087066670e+03
9.100785013427160948e+02 1.414542439998350574e+03
8.652467337883095979e+02 1.371041708325629088e+03
8.209905579070282329e+02 1.327887571215068192e+03
7.751328308119161647e+02 1.283177086053646235e+03
7.286305471109766358e+02 1.237815634695005883e+03
6.845237590880109337e+02 1.194506669239531902e+03
6.448490074503487222e+02 1.155001263892566612e+03
6.093892232179849771e+02 1.119059501358254920e+03
5.762578719857062879e+02 1.085027674048872086e+03
5.436111314563476071e+02 1.051340411330720144e+03
5.113178529837547330e+02 1.017915507295584689e+03
4.806028136767485535e+02 9.857914059359394514e+02
4.523720612492987243e+02 9.557005241910313771e+02
4.263873836941168634e+02 9.274191104796343552e+02
4.016861192888234200e+02 9.001560166489108497e+02
3.777918611909713604e+02 8.735370673489745741e+02
3.550131322619586172e+02 8.478107299900915450e+02
3.337751017888037381e+02 8.232973355615589526e+02
3.139600860678431218e+02 7.998903991418873147e+02
2.951732093890774422e+02 7.772842315316670465e+02
2.772742692659358568e+02 7.553737422277729365e+02
2.604086065594113961e+02 7.342595736094627910e+02
2.446091741184759201e+02 7.139546541879324195e+02
2.297158872260717430e+02 6.943380918546488374e+02
2.156225811067210429e+02 6.753317619064331438e+02
2.023480247680407160e+02 6.569417655709571591e+02
1.898752600782830768e+02 6.391485892233275763e+02
1.781298826102813280e+02 6.218974683251401530e+02
1.670658140059388472e+02 6.051527710508819382e+02
1.566555850694731475e+02 5.888912074211330037e+02
1.468630976939749075e+02 5.730846642145029364e+02
1.376540092510047373e+02 5.577068948841005067e+02
1.289957182057245575e+02 5.427334478637021675e+02
1.208572877669782741e+02 5.281415609921776877e+02
1.132093720505413188e+02 5.139100640984868278e+02
1.060241455154934300e+02 5.000192947299206594e+02
9.927526616064879761e+01 4.864512610720920520e+02
9.293781047815654972e+01 4.731896249399313774e+02
8.698815980591547259e+01 4.602192779709502588e+02
8.140393777077056825e+01 4.475262509878529613e+02
7.616395353413314240e+01 4.350976545841667189e+02
7.124814698879080765e+01 4.229216233418104594e+02
6.663753588929752425e+01 4.109872632977574654e+02
6.231415993666670516e+01 3.992847519718434341e+02
5.826101591775229593e+01 3.878058155150195603e+02
5.446203195389377782e+01 3.765431125561209456e+02
5.090202873868629041e+01 3.654899733224666534e+02
4.756667472998851309e+01 3.546403638495086739e+02
4.444244323888636927e+01 3.439888514783575602e+02
4.151657136236189416e+01 3.335305714595074846e+02
3.877702047016028075e+01 3.232612236681146101e+02
3.621243413465964522e+01 3.131776295585503362e+02
3.381210396208150826e+01 3.032775886471043236e+02
3.156594052421039720e+01 2.935592134830277473e+02
2.946444052351039034e+01 2.840208805076026124e+02
2.749865529579064471e+01 2.746612081446077696e+02
2.566016081576235663e+01 2.654790352744674351e+02
2.394102914740597043e+01 2.564734002200949590e+02
2.233380046969001143e+01 2.476438785387675239e+02
2.083145586400037885e+01 2.389912563464915252e+02
1.942739535156612973e+01 2.305164651395691635e+02
1.811541500208867106e+01 2.222203312424860826e+02
1.688968464620034027e+01 2.141035690122874655e+02
1.574472673128019728e+01 2.061667745240399370e+02
1.467539627015146664e+01 1.984104197547236197e+02
1.367686170159369929e+01 1.908349259356256482e+02
1.274458548736122054e+01 1.834415257280190588e+02
1.187430803562831017e+01 1.762317830484838055e+02
1.106203272591626785e+01 1.692068790851245694e+02
1.030401053287292967e+01 1.623676122729659141e+02
9.596725464509509251e+00 1.557144127567597138e+02
8.936880798080785837e+00 1.492473573270561928e+02
8.321386071895675585e+00 1.429661862671398751e+02
7.747344388989768404e+00 1.368705876537485153e+02
7.212040509010501310e+00 1.309604571205252057e+02
6.712930843310575213e+00 1.252353287623507043e+02
6.247633194827428404e+00 1.196943201395233842e+02
5.813916955598351421e+00 1.143361608152563065e+02
5.409693866323491029e+00 1.091592206047312459e+02
5.033009308236793267e+00 1.041615374149848918e+02
4.682034044338339029e+00 9.934086241520560634e+01
4.355056157925029758e+00 9.469480093832687828e+01
4.050474111599281279e+00 9.022073943094595450e+01
