1.609077931938631809e+04 1.596898075532391704e+04
1.632141224627687916e+04 1.619445615328397253e+04
1.654852199269338962e+04 1.641626214566130511e+04
1.677164117481629000e+04 1.663393216603044129e+04
1.699028743869555910e+04 1.684698554092788982e+04
1.720394427399837878e+04 1.705491000792480190e+04
1.741207698257169977e+04 1.725717651608786764e+04
1.761414144950623086e+04 1.745324737585705952e+04
1.780956973768054377e+04 1.764256212676642463e+04
1.799776913167869861e+04 1.782453666069675819e+04
1.817814061483757905e+04 1.799858146385102373e+04
1.835007354600516555e+04 1.816409660313753557e+04
1.851292523265588170e+04 1.832045217650658378e+04
1.866604578342716559e+04 1.846701234164726702e+04
1.880878609279873490e+04 1.860314309898405554e+04
1.894047905560967774e+04 1.872819440503681835e+04
1.906044697452489709e+04 1.884150739565469121e+04
1.916802197960374542e+04 1.894243405471397637e+04
1.926253968002392503e+04 1.903033134561132101e+04
1.934332719579093100e+04 1.910455003279355878e+04
1.940972846808953545e+04 1.916445878628090941e+04
1.946111070248180476e+04 1.920945045857304285e+04
1.949685552860370808e+04 1.923893430872026875e+04
1.951636986019797041e+04 1.925234615958474751e+04
1.951909825056955378e+04 1.924915990641345343e+04
1.950453129903093213e+04 1.922889638690274296e+04
1.947221283566144848e+04 1.919113083238225227e+04
1.942173818766477780e+04 1.913548991276856032e+04
1.935276494693078712e+04 1.906166230453368189e+04
1.926505351161133149e+04 1.896943964095037154e+04
1.915844221017943346e+04 1.885869083143028911e+04
1.903283559193104520e+04 1.872934979403081161e+04
1.888827382271775423e+04 1.858148466095655021e+04
1.872494573185783884e+04 1.841531048271028703e+04
1.854310916332600391e+04 1.823110919503566402e+04
1.834313227448168982e+04 1.802927053676306605e+04
1.812563016413221339e+04 1.781042790876394065e+04
1.789131447791827668e+04 1.757530813348433367e+04
1.764095397025325292e+04 1.732469198963636518e+04
1.737557915868083728e+04 1.705961790718190241e+04
1.709642711646100724e+04 1.678132664934244895e+04
1.680474294715907308e+04 1.649106347428708614e+04
1.650189950785401743e+04 1.619019770107074510e+04
1.618960403651226989e+04 1.588042883492338660e+04
1.586956534249854667e+04 1.556345441978303279e+04
1.554345836531309760e+04 1.524093510018358211e+04
1.521324879278019944e+04 1.491482016298573944e+04
1.488100111978207315e+04 1.458715541765686976e+04
1.454864258439400692e+04 1.425984719144689552e+04
1.421800674480705493e+04 1.393471017091223985e+04
1.389087018213206284e+04 1.361350743518512354e+04
1.356886662358297508e+04 1.329785845675059863e+04
1.325357860612711920e+04 1.298933093851701778e+04
1.294707791244759392e+04 1.268998368932415360e+04
1.265149351585149816e+04 1.240193422120630385e+04
1.236870057256911787e+04 1.212704915395679382e+04
1.209948289533212301e+04 1.186612870323106472e+04
1.184371994315328084e+04 1.161908946120685323e+04
1.160122836067859498e+04 1.138578570484608463e+04
1.137124270643584896e+04 1.116550315148816844e+04
1.115250211304406912e+04 1.095704270951183389e+04
1.094373281931114434e+04 1.075919009564952648e+04
1.074307126189278824e+04 1.057014675708112554e+04
1.054843707532734697e+04 1.038789457984001456e+04
1.035760440302345705e+04 1.021025982408716118e+04
1.016785100264718676e+04 1.003455866142583909e+04
9.976465000589685587e+03 9.858098720547221092e+03
9.780246489402939915e+03 9.677665416485384412e+03
9.575944462624551306e+03 9.489960234595384463e+03
9.360330214762727337e+03 9.291660749460825173e+03
9.130324913875154380e+03 9.079548222577905108e+03
8.883643010454530668e+03 8.851162293397264875e+03
8.618876557629022500e+03 8.604891152801168573e+03
8.336080314831735450e+03 8.340591277484309103e+03
8.036746504996345720e+03 8.059577431805572814e+03
7.723995365115240020e+03 7.764848268078330875e+03
7.402080340779465587e+03 7.460593240156964384e+03
7.076295171652386671e+03 7.152116754280416899e+03
6.752317107088000739e+03 6.845160896989917092e+03
6.436190531913975065e+03 6.545892765348725334e+03
6.133525259638061470e+03 6.260074624678731197e+03
5.849864707629696568e+03 5.993432835295161567e+03
5.589769666317600240e+03 5.750730958208715492e+03
5.356771482095795363e+03 5.535703816996765454e+03
5.152332780182990973e+03 5.350007229109824948e+03
4.975866663411337868e+03 5.193210395237129887e+03
4.823841830981846215e+03 5.061850839927146808e+03
4.690790221891064903e+03 4.950412961283799632e+03
4.569233143391487829e+03 4.851185386218107851e+03
4.451043745347818913e+03 4.755608361299014177e+03
4.328191173718651044e+03 4.655022123912873212e+03
4.193748487329267846e+03 4.541739713110676348e+03
4.043039150791813881e+03 4.410354487720630459e+03
3.874423518903876356e+03 4.258701041719811656e+03
3.689796489674954501e+03 4.088524094199418869e+03
3.494428605289731877e+03 3.905395485238101628e+03
3.296036214597500475e+03 3.717698815494022256e+03
3.103679948491288087e+03 3.535377295318242432e+03
2.926416547198527496e+03 3.368403453764211918e+03
2.771486424432175681e+03 3.224774905769272209e+03
2.642219960829779666e+03 3.108245778909478759e+03
2.536819865139450030e+03 3.017013158414805275e+03
2.449104969604737562e+03 2.944472870803682781e+03
2.370529744557490631e+03 2.881308314278166563e+03
2.291917804151478322e+03 2.817288727008020032e+03
2.204955192050047572e+03 2.742913707715543751e+03
2.104673412053081393e+03 2.652333261131790550e+03
1.992007170465896024e+03 2.546455126778963404e+03
1.873472913420311897e+03 2.432684323449912881e+03
1.757945225504511427e+03 2.321173007467492880e+03
1.653562218784693641e+03 2.221184564969526491e+03
1.565524530805906807e+03 2.138591512981586220e+03
1.494030695886444619e+03 2.073631462008992003e+03
1.434028892267749143e+03 2.020661055941360473e+03
1.377607429675821095e+03 1.970770554043884204e+03
1.317286367640739854e+03 1.915451405628608427e+03
1.249430488773718935e+03 1.850549393789393434e+03
1.176363747010101861e+03 1.778781271581519832e+03
1.104101754518730331e+03 1.707088490623204962e+03
1.038803815399616042e+03 1.642464950436141180e+03
9.837109623696042036e+02 1.588501601183412731e+03
9.372220030954129015e+02 1.543349608878985464e+03
8.941439075047471761e+02 1.501204332888764839e+03
8.495854008673413773e+02 1.456653460546678161e+03
8.019358461254138319e+02 1.407999752314864281e+03
7.537054778791581384e+02 1.358133338315936498e+03
7.090749494029736297e+02 1.311682753473683078e+03
6.701546860600160471e+02 1.270890416999493937e+03
6.357384666385667060e+02 1.234393801615592110e+03
6.026984323650920032e+02 1.198848433853604547e+03
5.689440715442824512e+02 1.162108042570353973e+03
5.351985795225666607e+02 1.125022202209660236e+03
5.036498155175349893e+02 1.089891537368795753e+03
4.753530711915852862e+02 1.057757036241197966e+03
4.493297734181606415e+02 1.027595185599289607e+03
4.239800600781067601e+02 9.978354106370206864e+02
3.989902482476674663e+02 9.682260937199106365e+02
3.753276902087671942e+02 9.397248328987354853e+02
3.536103285180751641e+02 9.128951084537594625e+02
3.333406671936199359e+02 8.872571988330830663e+02
3.138012121972601562e+02 8.621758379262087146e+02
2.950462893906612862e+02 8.377222756968590147e+02
2.775063201510367890e+02 8.142662098272451203e+02
2.611401519758589416e+02 7.917582185542685238e+02
2.455839975932749439e+02 7.699002332559259685e+02
2.307708396880232726e+02 7.486457438794399195e+02
2.168607518758335289e+02 7.281128381785097190e+02
2.038028615567502300e+02 7.082534986044885272e+02
1.914333943875497255e+02 6.889471776901822295e+02
1.797552707427853420e+02 6.701893840639515929e+02
1.687624734670845044e+02 6.519705047011727856e+02
1.584133604811453040e+02 6.342566399398899648e+02
1.486684248180122268e+02 6.170157418137340528e+02
1.394909587987107500e+02 6.002181095816349625e+02
1.308481530869788116e+02 5.838365604052926301e+02
1.227114995603022720e+02 5.678465071522794005e+02
1.150540265679817367e+02 5.522252868896599693e+02
1.078499723428059980e+02 5.369519951984319732e+02
1.010747496656476159e+02 5.220073914629531373e+02
9.470490989982889118e+01 5.073738109141198720e+02
8.871810658822278128e+01 4.930350826733491090e+02
8.309304868534327682e+01 4.789764347284012729e+02
7.780929517470275414e+01 4.651841004775347415e+02
7.284729275383480740e+01 4.516453337456711097e+02
6.818851859179126507e+01 4.383486662165855705e+02
6.381543793674171638e+01 4.252838544960272316e+02
5.971145698879362840e+01 4.124418184074218630e+02
5.586087762977275872e+01 3.998145816974373474e+02
5.224885396426665807e+01 3.873952147358007778e+02
4.886135442532171425e+01 3.751780617385525716e+02
4.568514277967693715e+01 3.631603534201574917e+02
4.270771810727101325e+01 3.513407573875132925e+02
3.991726595082948137e+01 3.397183817044173679e+02
3.730262463172209664e+01 3.282927351376314391e+02
3.485325296513340021e+01 3.170636917085809614e+02
3.255919928727235657e+01 3.060314554634028354e+02
3.041107176169126447e+01 2.951965257631609916e+02
2.840000607180870063e+01 2.845606120468646054e+02
2.651763141342257057e+01 2.741284685505632410e+02
2.475605684725792344e+01 2.639050415437964148e+02
2.310784853192762256e+01 2.538948032272776629e+02
2.156600527047100968e+01 2.441017532150614500e+02
2.012393521511864236e+01 2.345294213398468628e+02
1.877543368641386934e+01 2.251808717460189371e+02
1.751466205395342612e+01 2.160587266635011758e+02
1.633612713814020623e+01 2.071661862422354545e+02
1.523466203116670137e+01 1.985073514670640407e+02
1.420540883312005143e+01 1.900855873348683360e+02
1.324380143787957920e+01 1.819034176408037524e+02
1.234554911723996717e+01 1.739625677548125111e+02
1.150662094486997233e+01 1.662640082976364226e+02
1.072323102334939193e+01 1.588079994029288287e+02
9.991824369540164952e+00 1.515941575696933796e+02
9.309062272952193240e+00 1.446217893622857389e+02
8.671810563808005412e+00 1.378897920643993587e+02
8.077128979122660368e+00 1.313964350461045854e+02
7.522259813090260039e+00 1.251394056915451216e+02
7.004617155280162599e+00 1.191158609391819283e+02
6.521776719906510422e+00 1.133224774737441436e+02
6.071466236922824500e+00 1.077555003716118591e+02
