2.192377197131150388e+04 2.176671204227423004e+04
2.219308059012382000e+04 2.202960944935577572e+04
2.245489366970262199e+04 2.228484141760029161e+04
2.270851820450880768e+04 2.253171908476949102e+04
2.295324310272894581e+04 2.276953695124204751e+04
2.318835011607479464e+04 2.299758324829312915e+04
2.341309324367700901e+04 2.321511916779326202e+04
2.362670107583373465e+04 2.342138126132707475e+04
2.382840103832083332e+04 2.361560592412582992e+04
2.401740846870897076e+04 2.379701907706960264e+04
2.419289595824516800e+04 2.396480685551374336e+04
2.435403397835577925e+04 2.411815486541527571e+04
2.450000164229439542e+04 2.425625857434392674e+04
2.462995792025844275e+04 2.437829438639981890e+04
2.474305529163769825e+04 2.448343336266179904e+04
2.483846874281951386e+04 2.457087032265951348e+04
2.491538123128289226e+04 2.463981025594399034e+04
2.497296188340966182e+04 2.468944782268201016e+04
2.501041112909967342e+04 2.471901052888569757e+04
2.502696934553491883e+04 2.472776710280951374e+04
2.502189339506648321e+04 2.471500505825415166e+04
2.499447829026509862e+04 2.468005167134626754e+04
2.494408050761505365e+04 2.462229650763579048e+04
2.487011802515219460e+04 2.454119237874059036e+04
2.477207204123843621e+04 2.443625763253795230e+04
2.464950278166615681e+04 2.430709001564025675e+04
2.450206134245648354e+04 2.415337841011270211e+04
2.432952104602616237e+04 2.397493559485923106e+04
2.413176195940131220e+04 2.377168111101612521e+04
2.390876464716327609e+04 2.354363393117229134e+04
2.366067924881054932e+04 2.329098235465800462e+04
2.338784147969953119e+04 2.301409978279623101e+04
2.309069109382067109e+04 2.271346130441421701e+04
2.276981640226024683e+04 2.238968801418343355e+04
2.242611676536085724e+04 2.204370979298416933e+04
2.206062820068549263e+04 2.167658955832917127e+04
2.167446932188242499e+04 2.128946862109265930e+04
2.126908319078450586e+04 2.088380799258039769e+04
2.084618800160638784e+04 2.046133852425093573e+04
2.040751809234350003e+04 2.002380194980952001e+04
1.995497301962625352e+04 1.957309886304176689e+04
1.949093850141447547e+04 1.911160712133639754e+04
1.901780894184992940e+04 1.864170726404520246e+04
1.853790582952762998e+04 1.816570168890311470e+04
1.805389094332203967e+04 1.768622442960416083e+04
1.756855813970436429e+04 1.720603473949652471e+04
1.708448901755276893e+04 1.672767633302730246e+04
1.660438231874044504e+04 1.625380082832114203e+04
1.613142008518130933e+04 1.578752691156393485e+04
1.566854420140757065e+04 1.533173209437950027e+04
1.521831117529569929e+04 1.488891194245848419e+04
1.478255028999746901e+04 1.446084843736276889e+04
1.436264510567213802e+04 1.404888572096791540e+04
1.395979402629319884e+04 1.365418502015875129e+04
1.357577851289073988e+04 1.327846817598529924e+04
1.321336084461240898e+04 1.292440327727543263e+04
1.287508396476426424e+04 1.259444660259534248e+04
1.256226625931859962e+04 1.228986761165085591e+04
1.227254240551904513e+04 1.200835861711652615e+04
1.200291968472764529e+04 1.174700442358338842e+04
1.175065940924553979e+04 1.150314144783466872e+04
1.151324230704430011e+04 1.127433217528645218e+04
1.128833898182811572e+04 1.105832574990748617e+04
1.107324097200549841e+04 1.085250714389602217e+04
1.086432520989678233e+04 1.065337996915741860e+04
1.065800490732506842e+04 1.045747727761827628e+04
1.044991957560975970e+04 1.026058143629682490e+04
1.023539060161664565e+04 1.005815589477532922e+04
1.000967791219689570e+04 9.845589993330519064e+03
9.767718489779044830e+03 9.617943891872670065e+03
9.505228610321277301e+03 9.371008379642116779e+03
9.219378703524524099e+03 9.101980270372285304e+03
8.908636975889146925e+03 8.809292365367411549e+03
8.574068966797749454e+03 8.493919844399346402e+03
8.218301026557195655e+03 8.158346170189738586e+03
7.846595533680037079e+03 7.807651719752835561e+03
7.465179809961076899e+03 7.447858773604871203e+03
7.081406046986879119e+03 7.086101762208159016e+03
6.702760364314734943e+03 6.729645117415001550e+03
6.336855164333799621e+03 6.385881126465896159e+03
5.991389330947555209e+03 6.062235166977028712e+03
5.673377387964763329e+03 5.765493544930729513e+03
5.388521124918246642e+03 5.501115327437353699e+03
5.141086931900443233e+03 5.273189397203921544e+03
4.931721659312869633e+03 5.082307035304528654e+03
4.758615162143783891e+03 4.926705127327671107e+03
4.615810535221304235e+03 4.800649046851672210e+03
4.495410972872032289e+03 4.696515184894351478e+03
4.387378599201124416e+03 4.604581400508742263e+03
4.281213997219038902e+03 4.514593147421773210e+03
4.166762481692907386e+03 4.416523259134804903e+03
4.035524644506923323e+03 4.301863891690344644e+03
3.882220387719595692e+03 4.165222278322977218e+03
3.705583198536487998e+03 4.005170052668517656e+03
3.508880684790075065e+03 3.824851003815103468e+03
3.299208793092323958e+03 3.631289447794573334e+03
3.086577430229875517e+03 3.434430409475989109e+03
2.882752045990661827e+03 3.245925518017814284e+03
2.699375219021978410e+03 3.077210252990217214e+03
2.544747207811572935e+03 2.936326431975310697e+03
2.421083037443457215e+03 2.825348385110710296e+03
2.324580351919667919e+03 2.740528949013133115e+03
2.247504047429490583e+03 2.674334112545311200e+03
2.179953880027937430e+03 2.617105458817059571e+03
2.110688415578324111e+03 2.557780906231439985e+03
2.029428446130618568e+03 2.486140585876776186e+03
1.931291370566713340e+03 2.397280784387496624e+03
1.819062262453260473e+03 2.293980137303991796e+03
1.700819746535762079e+03 2.184331369855476169e+03
1.586455898444914965e+03 2.078164313986016168e+03
1.485330882062513865e+03 1.984626842248121420e+03
1.402768693727043910e+03 1.908787332348958216e+03
1.338043489254750966e+03 1.849821606359780617e+03
1.285065667099610437e+03 1.801774673428228652e+03
1.234950093384698675e+03 1.756030962854148129e+03
1.179452616967656695e+03 1.704613850702023228e+03
1.115577718519046812e+03 1.644681575934851026e+03
1.046495708512929468e+03 1.579413732330374842e+03
9.784978252746004728e+02 1.514951010554488448e+03
9.180464337395852681e+02 1.457445164426877682e+03
8.681641018709622131e+02 1.409644466902374461e+03
8.265010047907866237e+02 1.369229943895671340e+03
7.878029700022026418e+02 1.331242761237599780e+03
7.473095026679840203e+02 1.291279640558911979e+03
7.037143786065128097e+02 1.248220906655034923e+03
6.598871179638697413e+02 1.204796973120132634e+03
6.196788538737141607e+02 1.164526455110575398e+03
5.848372914066707153e+02 1.128914108548173090e+03
5.540803126991099816e+02 1.096740855501994247e+03
5.244392815659863345e+02 1.065368488286741922e+03
4.941982151235189349e+02 1.033343025877384889e+03
4.641774974943192547e+02 1.001430481832011310e+03
4.362284235548480069e+02 9.712173075247383167e+02
4.111658674176890145e+02 9.433452700813768388e+02
3.880437672641859308e+02 9.169933768346035095e+02
3.655921219407771332e+02 8.911303475361393112e+02
3.436040540483629115e+02 8.656175222621121748e+02
3.228702217992872647e+02 8.410842613192114641e+02
3.037997450249557119e+02 8.178240716217993622e+02
2.859766033124423643e+02 7.955018867976460797e+02
2.688709046223128780e+02 7.737263678202690471e+02
2.525427603175482716e+02 7.525466489533405365e+02
2.372751396922955394e+02 7.321538987983321931e+02
2.230056218321075221e+02 7.124905571570027405e+02
2.094810581559542300e+02 6.933808124324388018e+02
1.966568303379595761e+02 6.747934984324862171e+02
1.846177665529087619e+02 6.567725444675621702e+02
1.733092461054562250e+02 6.392767172993540044e+02
1.626381438503301240e+02 6.222425070011365733e+02
1.525885112945455262e+02 6.056549091579553306e+02
1.431288918464394726e+02 5.894891360693608249e+02
1.342272202615998253e+02 5.737206975165361200e+02
1.258529694676234669e+02 5.583268686926514874e+02
1.179770926113167775e+02 5.432865922989964247e+02
1.105719660488020111e+02 5.285803879683514879e+02
1.036113333738304334e+02 5.141902682707770964e+02
9.707022914326385887e+01 5.000996786239092557e+02
9.092482554113841786e+01 4.862935148670904937e+02
8.515249175040727891e+01 4.727579742496174617e+02
7.973179492272993230e+01 4.594804458089281525e+02
7.464244378165933824e+01 4.464494507859160422e+02
6.986523428014653803e+01 4.336545862895567325e+02
6.538199738792553717e+01 4.210864717092733827e+02
6.117554949212124882e+01 4.087367213520956284e+02
5.722965703435763629e+01 3.965984896026245679e+02
5.352898714801474256e+01 3.846663823823205917e+02
5.005904747297381618e+01 3.729357119924592894e+02
4.680614404438294684e+01 3.614024229693641246e+02
4.375734169884002256e+01 3.500630547081071313e+02
4.090042611837100139e+01 3.389147047217071531e+02
3.822386746698088444e+01 3.279549926990059703e+02
3.571678229859923448e+01 3.171825382854556210e+02
3.336889490324416130e+01 3.065978807225893661e+02
3.117051560721964520e+01 2.962019872911415064e+02
2.911251198334715795e+01 2.859959049273386427e+02
2.718627925959197711e+01 2.759807400133362307e+02
2.538371211769409186e+01 2.661576385489222503e+02
2.369717782977501130e+01 2.565277667486107589e+02
2.211949034211654919e+01 2.470924619184776816e+02
2.064388313769784844e+01 2.378546831011290408e+02
1.926398840282505986e+01 2.288180117696517186e+02
1.797381707091245318e+01 2.199855824783859930e+02
1.676773771946179181e+01 2.113600773270647721e+02
1.564045651489086275e+01 2.029437345944411391e+02
1.458699818516921631e+01 1.947383583709750212e+02
1.360268796314826112e+01 1.867453394803595472e+02
1.268313379339261715e+01 1.789663023900922099e+02
1.182420996660195023e+01 1.714033517440186927e+02
1.102204297094350771e+01 1.640580171315668849e+02
1.027299698605093070e+01 1.569311873451823658e+02
9.573660048331440464e+00 1.500231461432481126e+02
8.920830965168063287e+00 1.433336083316098097e+02
8.311506941626163325e+00 1.368617559506118084e+02
7.742871685604219678e+00 1.306063425035420096e+02
7.212283720718672519e+00 1.245659595529510852e+02
6.717266822955987315e+00 1.187387922668505809e+02
6.255500429283814334e+00 1.131225548667432861e+02
5.824810277077221876e+00 1.077145323813045366e+02
5.423159574335522315e+00 1.025116213049122962e+02
5.048640673011957958e+00 9.751036899513832168e+01
