3.536944911987536034e+04 3.522090948579714313e+04
3.552623673561729083e+04 3.537280298070411664e+04
3.566121566500228073e+04 3.550283314839976811e+04
3.577342951351032389e+04 3.561005049635194882e+04
3.586193943916885473e+04 3.569352431873060414e+04
3.592576499234525545e+04 3.575228561865136726e+04
3.596394505800113257e+04 3.578538632707874785e+04
3.597556641666376527e+04 3.579192709557780472e+04
3.595971530721589079e+04 3.577100957348894735e+04
3.591548205786784092e+04 3.572174106670812034e+04
3.584202463902199815e+04 3.564329729842358211e+04
3.573854872648403398e+04 3.553490315033809748e+04
3.560424029985416564e+04 3.539576716320384003e+04
3.543835653153634485e+04 3.522517020828416571e+04
3.524025262756320444e+04 3.502249180486654222e+04
3.500932756113183859e+04 3.478715857426570437e+04
3.474504899718017259e+04 3.451866825543054438e+04
3.444701235002699832e+04 3.421664622526360472e+04
3.411492617206523573e+04 3.388083270287269261e+04
3.374858442312657280e+04 3.351105790660136699e+04
3.334792572175517853e+04 3.310729633218969684e+04
3.291304855354423489e+04 3.266968143931443774e+04
3.244421194096024919e+04 3.219851181866972911e+04
3.194184207155972035e+04 3.169425422486603566e+04
3.140653876361018774e+04 3.115754578309169665e+04
3.083912694085249677e+04 3.058924928596434256e+04
3.024069431921666182e+04 2.999049365447173477e+04
2.961250018313193141e+04 2.936257454363418947e+04
2.895599638782013426e+04 2.870697533951332298e+04
2.827302278757633394e+04 2.802556967779659317e+04
2.756563432407393339e+04 2.732044191028631394e+04
2.683598837697151612e+04 2.659377022659769136e+04
2.608661192735798613e+04 2.584809801129080370e+04
2.532045117347076302e+04 2.508638424043165287e+04
2.454045231829280965e+04 2.431157799435887136e+04
2.374966606271473574e+04 2.352672306961140930e+04
2.295177555663371095e+04 2.273548735892739205e+04
2.215047519405121056e+04 2.194154110030207448e+04
2.134924590014917703e+04 2.114833228898100788e+04
2.055200798131107513e+04 2.035973256718900666e+04
1.976299842731077297e+04 1.957991736682174451e+04
1.898600473407317259e+04 1.881261060737927255e+04
1.822464243188341425e+04 1.806135511718869384e+04
1.748303050650337536e+04 1.733017029789705339e+04
1.676485216377501638e+04 1.662264343041344182e+04
1.607320439843881104e+04 1.594178411423661055e+04
1.541131354430826832e+04 1.529069768806245520e+04
1.478228506057004051e+04 1.467235619541910091e+04
1.418857831702301701e+04 1.408911135336398002e+04
1.363196054530533365e+04 1.354262914512097450e+04
1.311344372772501993e+04 1.303380078603893526e+04
1.263367011750793790e+04 1.256316842813421317e+04
1.219302007184680406e+04 1.213103072746693761e+04
1.179151950443103124e+04 1.173730097220043717e+04
1.142901542611060177e+04 1.138170676778592497e+04
1.110525982937987283e+04 1.106390173196069554e+04
1.081697098830492905e+04 1.078061721211846998e+04
1.055749485125548563e+04 1.052532548250613945e+04
1.032064442496787160e+04 1.029195135088552342e+04
1.010165107392100072e+04 1.007581533853039218e+04
9.897221052964801856e+03 9.873694202452774334e+03
9.704164322641918261e+03 9.682471460961793127e+03
9.516585478441174928e+03 9.496473781239015807e+03
9.326995301368688160e+03 9.308522410303281504e+03
9.128056850246357499e+03 9.111613914057161310e+03
8.911833222318995468e+03 8.898264157023375446e+03
8.671141822377439894e+03 8.661716466460238735e+03
8.400947640060372578e+03 8.397333328509766943e+03
8.098085004894463054e+03 8.102267282969053667e+03
7.762606671179560180e+03 7.776734866715884891e+03
7.397760857289980777e+03 7.423988664483874345e+03
7.008971916160361616e+03 7.049293022884005040e+03
6.603885552620194176e+03 6.659990326471820481e+03
6.190594391064933006e+03 6.263789265255234568e+03
5.777448141681665220e+03 5.868607979983938094e+03
5.374089464304423927e+03 5.483500193727419173e+03
4.990729730045910401e+03 5.118035872657565960e+03
4.637579485774817840e+03 4.781692488485316062e+03
4.323238206684347460e+03 4.482427974899142100e+03
4.053936215412780712e+03 4.225825013229165052e+03
3.832803791327856288e+03 4.014670726843632565e+03
3.657845232895100708e+03 3.846859069610451115e+03
3.524737734143869147e+03 3.718142163559846722e+03
3.425075002420256624e+03 3.620527580295117332e+03
3.349050820967057462e+03 3.544764902127961250e+03
3.284939444406818893e+03 3.479929915829020047e+03
3.220485574350051593e+03 3.414709663320662003e+03
3.143869626182465709e+03 3.338285615313940525e+03
3.045851203960368821e+03 3.242309076006399664e+03
2.920978126098132179e+03 3.121955159984788679e+03
2.768261581979599669e+03 2.976495481162653959e+03
2.591329487229056213e+03 2.809426041768259438e+03
2.398885941398082650e+03 2.628800408090761721e+03
2.203995430350627885e+03 2.446544939635242372e+03
2.022026612005630113e+03 2.276574821276260536e+03
1.865383439799189773e+03 2.129962022512500880e+03
1.739827520820017071e+03 2.011734225637072086e+03
1.645318032498766343e+03 1.921648090911131931e+03
1.578164035716007220e+03 1.856194099518064149e+03
1.531319233775729117e+03 1.808911160238964840e+03
1.493296953437029742e+03 1.769472454192589794e+03
1.450632560342685792e+03 1.725916755339979545e+03
1.393752730586679945e+03 1.669848015039280426e+03
1.319890130101441628e+03 1.598953543939256178e+03
1.231882446588282846e+03 1.515872820362106950e+03
1.137223047509054823e+03 1.427291646464471114e+03
1.046537238725008592e+03 1.342535527074389620e+03
9.689751084611054921e+02 1.269514531663655362e+03
9.087929481228316035e+02 1.211788735620397574e+03
8.650866105406773841e+02 1.168423427480274540e+03
8.316973721337298002e+02 1.133995890667735011e+03
7.996022093489484632e+02 1.100717861502332653e+03
7.622422428382466251e+02 1.063011621739681004e+03
7.175323998222461341e+02 1.019177772052372802e+03
6.676507597224639312e+02 9.711463046993335411e+02
6.186621545700525076e+02 9.240772031252223542e+02
5.762931778774872100e+02 8.827482746201651480e+02
5.423977555236654098e+02 8.486266111448109086e+02
5.151471520924064862e+02 8.201079038964741130e+02
4.900944753848434061e+02 7.934702118283784102e+02
4.632663636409797050e+02 7.654537311993941557e+02
4.341000779481157679e+02 7.356378998389177468e+02
4.046943924868553495e+02 7.057617113457459936e+02
3.779176508287618503e+02 6.781385351465705753e+02
3.551563081198418104e+02 6.538413584231039977e+02
3.353098923940867735e+02 6.319490675295973006e+02
3.162175475985283697e+02 6.107321662704142682e+02
2.967838951939710341e+02 5.893376321220232512e+02
2.775078203162146906e+02 5.681686099593041490e+02
2.596735612357470018e+02 5.482166966778744381e+02
2.437527211099044280e+02 5.298236700360237137e+02
2.291626994144542095e+02 5.125256209129657918e+02
2.150579818240555312e+02 4.956779322963158165e+02
2.013477236835309157e+02 4.792149845837757312e+02
1.884618618098609488e+02 4.634529837364860327e+02
1.766458004180330761e+02 4.485613403294184991e+02
1.656423848030657950e+02 4.343427928987730411e+02
1.551551433353267555e+02 4.205798942677193395e+02
1.452077299457509696e+02 4.072869876597659413e+02
1.359285864300291848e+02 3.945488525928925014e+02
1.272808803704653542e+02 3.823330282644643603e+02
1.191362872696321347e+02 3.705470068316379866e+02
1.114527344155314665e+02 3.591588696954698321e+02
1.042626135312780917e+02 3.481850389217498787e+02
9.753334707344488663e+01 3.376010467587703943e+02
9.120879286845416800e+01 3.273655540871206426e+02
8.527715951775475389e+01 3.174674063034952383e+02
7.971877087014742358e+01 3.078912707304828018e+02
7.451084475821579645e+01 2.986200027905007914e+02
6.963195009458095797e+01 2.896375832207978647e+02
6.506193254718799324e+01 2.809290491638313938e+02
6.078183993640708138e+01 2.724804273505202445e+02
5.677385194595463247e+01 2.642786722424405639e+02
5.302121483699617244e+01 2.563116119362240397e+02
4.950826402248521418e+01 2.485682001838760868e+02
4.622040337702355117e+01 2.410386684218184712e+02
4.314388193600183286e+01 2.337139246163349924e+02
4.026573270812401972e+01 2.265854535371218503e+02
3.757373250765664352e+01 2.196452833338830715e+02
3.505636348626583754e+01 2.128859541568381246e+02
3.270277632114106581e+01 2.063004886535568971e+02
3.050275221818573357e+01 1.998823938692160880e+02
2.844664182363982619e+01 1.936259434578479954e+02
2.652535340498745953e+01 1.875259853855753533e+02
2.473034450701210929e+01 1.815776804000348363e+02
2.305359098195950196e+01 1.757764801050791448e+02
2.148755726760491314e+01 1.701181100546290565e+02
2.002516824277919838e+01 1.645985536466103838e+02
1.865978258582602223e+01 1.592140367716077094e+02
1.738516789826789122e+01 1.539611034510373599e+02
1.619547750614083981e+01 1.488368010328685500e+02
1.508522676968749288e+01 1.438383883256047397e+02
1.404927155142206097e+01 1.389632545521658358e+02
1.308278813315345346e+01 1.342089106268907699e+02
1.218125423794653450e+01 1.295729807937482576e+02
1.134043110210497929e+01 1.250531946117171316e+02
1.055634655337481753e+01 1.206473833264230393e+02
9.825279274091535342e+00 1.163535907964084402e+02
9.143743669849742517e+00 1.121700653604576843e+02
8.508475303928468847e+00 1.080951022503336532e+02
7.916417478822459941e+00 1.041270307750030071e+02
7.364708601075278693e+00 1.002642106270698719e+02
6.850670269507904031e+00 9.650502839381691444e+01
6.371796048835445703e+00 9.284789427019832431e+01
5.925740669116150272e+00 8.929126279404874822e+01
5.510308936920059075e+00 8.583375817409825004e+01
5.123447605346565403e+00 8.247405403961475656e+01
4.763237164136058688e+00 7.921080096586568686e+01
4.427883437477711404e+00 7.604262658321439972e+01
4.115709684280706604e+00 7.296813602113304853e+01
3.825149174595704693e+00 6.998591245266597127e+01
3.554738214806730134e+00 6.709451822275649135e+01
3.303109545158041005e+00 6.429257771223718976e+01
3.068986151232431681e+00 6.157885112413678286e+01
2.851175605621429465e+00 5.895205889802364396e+01
2.648564655057771500e+00 5.641086155839465022e+01
2.460114125820374920e+00 5.395386438557891751e+01
2.284854144374069307e+00 5.157962202203617608e+01
2.121879654694369677e+00 4.928664300467230674e+01
1.970346205565242981e+00 4.707340243910639543e+01
