2.700672198145684888e+04 2.689853544594311097e+04
2.719184255074332395e+04 2.707957840893478715e+04
2.736118433256626668e+04 2.724475204994699743e+04
2.751389214090189853e+04 2.739320350014769429e+04
2.764907491097776074e+04 2.752404577790450639e+04
2.776581836571140957e+04 2.763637035825903149e+04
2.786323198380079339e+04 2.772929332617497857e+04
2.794043104075003430e+04 2.780193749544383536e+04
2.799650218083360960e+04 2.785339815502069905e+04
2.803056257369866944e+04 2.788280209964594542e+04
2.804176813660709013e+04 2.788931595512698914e+04
2.802924691305186207e+04 2.787208066130126099e+04
2.799214135014077692e+04 2.783025327012345224e+04
2.792966075456167891e+04 2.776305872953107973e+04
2.784104936761194767e+04 2.766975897207206435e+04
2.772556406218432676e+04 2.754963139230488014e+04
2.758254698175809608e+04 2.740203973292622686e+04
2.741142949952755225e+04 2.722643829237553655e+04
2.721168192761564205e+04 2.702232430186630518e+04
2.698286672909304980e+04 2.678928887099367785e+04
2.672467276573436538e+04 2.652704985158656928e+04
2.643689882479948210e+04 2.623543825065220881e+04
2.611945662755343801e+04 2.591440149293845025e+04
2.577240603012076826e+04 2.556403454510190204e+04
2.539596981879745363e+04 2.518459573341327268e+04
2.499056002272450496e+04 2.477653731610954492e+04
2.455675591936995988e+04 2.434047788389986454e+04
2.409530383193142188e+04 2.387720038423614824e+04
2.360721957182460756e+04 2.338775938152209346e+04
2.309375686804901488e+04 2.287344742318254794e+04
2.255630770302153178e+04 2.233569001627783291e+04
2.199650745485747757e+04 2.177615257332676993e+04
2.141639616910600671e+04 2.119690464498533402e+04
2.081812553680987548e+04 2.060012064526290487e+04
2.020394121115011149e+04 1.998806117053567505e+04
1.957658287483794265e+04 1.936347498443890800e+04
1.893899969667213009e+04 1.872931287131947465e+04
1.829404593271455815e+04 1.808842199828990124e+04
1.764485473791483309e+04 1.744391707739344201e+04
1.699505166648374507e+04 1.679939239493521018e+04
1.634802382979925824e+04 1.615819739564656447e+04
1.570698470013516999e+04 1.552350012215408606e+04
1.507569843411785223e+04 1.489899754140743062e+04
1.445777311257787005e+04 1.428822473329958848e+04
1.385631148894845865e+04 1.369421410514447416e+04
1.327456730496454111e+04 1.312012656746196444e+04
1.271598277365370450e+04 1.256929003769564042e+04
1.218339200061086922e+04 1.204443877713137044e+04
1.167909746198080393e+04 1.154778069399265405e+04
1.120510428905428125e+04 1.108120094221951513e+04
1.076299363301408448e+04 1.064617275772569337e+04
1.035395746982417950e+04 1.024379833162285468e+04
9.979087695653448463e+03 9.875046361214697754e+03
9.639390345670515671e+03 9.540779476861673174e+03
9.335662855454093005e+03 9.241672999653044826e+03
9.066960557920536303e+03 8.976716682568510805e+03
8.829522760333009501e+03 8.742162535743535045e+03
8.619729144824052128e+03 8.534403377687034663e+03
8.434222888450893151e+03 8.350099605351657374e+03
8.269720881363868102e+03 8.185999999503475010e+03
8.123169039539204277e+03 8.039080073194427314e+03
7.990395524299936369e+03 7.905270900384215565e+03
7.866109466022921879e+03 7.779459512110213836e+03
7.744902643241610349e+03 7.656444038644634020e+03
7.619746239714158946e+03 7.529555591351747353e+03
7.483442088370093188e+03 7.391998427574480047e+03
7.328972580847536847e+03 7.237226550624122865e+03
7.149722136812274584e+03 7.059136001880574440e+03
6.940819576351044816e+03 6.853308987301757952e+03
6.699801567148629147e+03 6.617650152936258564e+03
6.426566575645931152e+03 6.352266611961714261e+03
6.124410463119272208e+03 6.060456779075435406e+03
5.798106041635265683e+03 5.746849609656830580e+03
5.453898477872399781e+03 5.417418007860941543e+03
5.099521561283680967e+03 5.079449560800901963e+03
4.744150046189369277e+03 4.741529622050943544e+03
4.397607842506859015e+03 4.412782244153414467e+03
4.069615319261244622e+03 4.102198616381208922e+03
3.770231355385943516e+03 3.818955327038785981e+03
3.507336865462074456e+03 3.570270737420042224e+03
3.286125864458927936e+03 3.360720315236453189e+03
3.109106145185678542e+03 3.192439573920284602e+03
2.974295419782184126e+03 3.063350795520811971e+03
2.877483140120566077e+03 2.969335754698603523e+03
2.811206949243974123e+03 2.903319806910717489e+03
2.766201621081056601e+03 2.856643455795312548e+03
2.731418685075194844e+03 2.819122340236202035e+03
2.694760469860327703e+03 2.779763484340939613e+03
2.644700658688252133e+03 2.728228211965028549e+03
2.571774387938211930e+03 2.656157099074127018e+03
2.470375317537203955e+03 2.558745436618919484e+03
2.339420677881029860e+03 2.435259701977269742e+03
2.183021965968768654e+03 2.289573994022424813e+03
2.010997581010078875e+03 2.130593741242295437e+03
1.837744670578968453e+03 1.971174538664797865e+03
1.678204726021867828e+03 1.824534989351794138e+03
1.543620810523616001e+03 1.700528054619284376e+03
1.439297904564099554e+03 1.603665162647579336e+03
1.365490773512915894e+03 1.533954811158569100e+03
1.318731364444788142e+03 1.488124596659518602e+03
1.290820076550610111e+03 1.458802682301630284e+03
1.269172305811378237e+03 1.434904939030713649e+03
1.240396415845745878e+03 1.404811303215717089e+03
1.195316525543465104e+03 1.360697829443766977e+03
1.131046522989674486e+03 1.300242582217776544e+03
1.050872532878621541e+03 1.226433843352379881e+03
9.639378665987350132e+02 1.147216170776766603e+03
8.821456638301361863e+02 1.072773801416010429e+03
8.149036678733798453e+02 1.011034934982608320e+03
7.663789593903209152e+02 9.653863752806129241e+02
7.347598619201546626e+02 9.341308198043886932e+02
7.124076112124873816e+02 9.107149854982167199e+02
6.896022422502651352e+02 8.869578203968383150e+02
6.593583672157801630e+02 8.570790518118365071e+02
6.193973293674678189e+02 8.192827874612702317e+02
5.733420671417865151e+02 7.766615044354018664e+02
5.288541430426531633e+02 7.355619387857964284e+02
4.921614392933047952e+02 7.010420809316333361e+02
4.650894920083135844e+02 6.744943846998459094e+02
4.448100414512937846e+02 6.535310029526472135e+02
4.255624673570159757e+02 6.334603983490773089e+02
4.029735102309464310e+02 6.107913448381503940e+02
3.767746211496599358e+02 5.853624315670524538e+02
3.500573164295560673e+02 5.596664163628898905e+02
3.266850539158223796e+02 5.367422125921365250e+02
3.080263195338501987e+02 5.176122360872624313e+02
2.922373305518704001e+02 5.007900852188979570e+02
2.764508507469648748e+02 4.840406693470286541e+02
2.593927374578540821e+02 4.664012458173377240e+02
2.421718542156455385e+02 4.487386405475448896e+02
2.266314390621246559e+02 4.324456038565447784e+02
2.133427844617721121e+02 4.179249643532735377e+02
2.011901285924128899e+02 4.043212177733271346e+02
1.890482465960163836e+02 3.907985692707399039e+02
1.769506815895697116e+02 3.773888156052972249e+02
1.657082073576933396e+02 3.646801909226871317e+02
1.556327777820616518e+02 3.528840376072880645e+02
1.462436149840032442e+02 3.416453678811803911e+02
1.371154392239592710e+02 3.306611618774671797e+02
1.283943964518795156e+02 3.200333302563184361e+02
1.203509287231648131e+02 3.099429708911662260e+02
1.128884191821152001e+02 3.003167164556738271e+02
1.057886736659660727e+02 2.910027822410422118e+02
9.905868290884399130e+01 2.820028828529615339e+02
9.279110550042268812e+01 2.733737404977595702e+02
8.692447417718169334e+01 2.650730388408753697e+02
8.140454670828954420e+01 2.570607826357036174e+02
7.621361071028069034e+01 2.493217855182588210e+02
7.133533275165271448e+01 2.418424079099736161e+02
6.675381928371560036e+01 2.346098313178262060e+02
6.245364830643352860e+01 2.276120067559253926e+02
5.841989464342098159e+01 2.208376068546385511e+02
5.463814938169872448e+01 2.142759813618246199e+02
5.109429578291229745e+01 2.079169436910065656e+02
4.777388574033782476e+01 2.017502255089799235e+02
4.466308259130444469e+01 1.957660440449132011e+02
4.174890293808893915e+01 1.899552599803872965e+02
3.901916342548122429e+01 1.843093380200874094e+02
3.646243092219337001e+01 1.788203102861849345e+02
3.406797588172813818e+01 1.734807422891982185e+02
3.182573104919247342e+01 1.682837093303801623e+02
2.972633893696357532e+01 1.632230806129142309e+02
2.776111176145817083e+01 1.582935469443543184e+02
2.592186306800615014e+01 1.534901579778523626e+02
2.420087308786598257e+01 1.488082720495667672e+02
2.259086481340173336e+01 1.442435387613243734e+02
2.108498108566040585e+01 1.397918825188104393e+02
1.967676266875769997e+01 1.354494869504378300e+02
1.836012343902481803e+01 1.312128079711752662e+02
1.712930838919010412e+01 1.270787300813693861e+02
1.597889704226437679e+01 1.230444144259136721e+02
1.490379821572657626e+01 1.191071884913262124e+02
1.389923102751162531e+01 1.152645358441561001e+02
1.296070686831823338e+01 1.115140867788086041e+02
1.208401235785589023e+01 1.078536093664920230e+02
1.126519324567956382e+01 1.042810012498003687e+02
1.050054108367326400e+01 1.007943546560744181e+02
9.786580364808195043e+00 9.739202280650461319e+01
9.120050508033067160e+00 9.407245404357085761e+01
8.497892662936713748e+00 9.083416313555778743e+01
7.917237851822280348e+00 8.767572629741512458e+01
7.375395761398543470e+00 8.459577641624250077e+01
6.869844152037093643e+00 8.159299847585671728e+01
6.398218733726062091e+00 7.866613176822120579e+01
5.958302249365087455e+00 7.581405034675695731e+01
5.548016482408166361e+00 7.303572035359056258e+01
5.165415189828003406e+00 7.033012181620688352e+01
4.808676073822532260e+00 6.769624475341890957e+01
4.476093187192444312e+00 6.513308724929063942e+01
4.166069781618826795e+00 6.263965365666718554e+01
3.877111574665814242e+00 6.021495292923297882e+01
3.607820405086485493e+00 5.785803216283302675e+01
3.356888252409933937e+00 5.556806393514136744e+01
3.123091654534804640e+00 5.334422512048953990e+01
2.905286437144969369e+00 5.118566298650196700e+01
2.702402750305014312e+00 4.909149635413728419e+01
2.513440402421739606e+00 4.706081681002864769e+01
2.337464474753460753e+00 4.509268996734550683e+01
2.173601197198598012e+00 4.318615945087888264e+01
2.021033973605291134e+00 4.134033428474081973e+01
