2.033211534234202190e+04 2.019355584905555952e+04
2.057232535220610589e+04 2.042816457408329370e+04
2.080483693603750726e+04 2.065493203734400959e+04
2.102897894785576500e+04 2.087319141592721644e+04
2.124407020203668435e+04 2.108226690437922298e+04
2.144942330174655945e+04 2.128147730746960588e+04
2.164431748922977204e+04 2.147010899536739089e+04
2.182801120873123000e+04 2.164742849893926905e+04
2.199976500634964759e+04 2.181270539775998986e+04
2.215883096930694956e+04 2.196520208573367199e+04
2.230443806481224237e+04 2.210415953828897545e+04
2.243582234964980307e+04 2.222882697412048947e+04
2.255223135717344849e+04 2.233846623885052759e+04
2.265289772232749601e+04 2.243232614096936231e+04
2.273705866350922952e+04 2.250966159919856000e+04
2.280397827796132333e+04 2.256975551033155352e+04
2.285293933546784683e+04 2.261191105389149743e+04
2.288323705760801386e+04 2.263544590800078367e+04
2.289420573886951024e+04 2.263971791157621192e+04
2.288522586840119038e+04 2.262413216539697896e+04
2.285572525697309538e+04 2.258814313041932473e+04
2.280518686085880108e+04 2.253126162761814339e+04
2.273315622414660902e+04 2.245306160926400480e+04
2.263926388773477083e+04 2.235320319579885836e+04
2.252323848477298088e+04 2.223144594735658393e+04
2.238488584360038294e+04 2.208762661699591263e+04
2.222410675728867864e+04 2.192167681684779018e+04
2.204097624103957060e+04 2.173370297977165319e+04
2.183568239170212473e+04 2.152392405266607602e+04
2.160849705639045715e+04 2.129264147624796897e+04
2.135989267577595092e+04 2.104035610819710200e+04
2.109056286733907837e+04 2.076778841186776845e+04
2.080127467088656340e+04 2.047572991586166972e+04
2.049292055663753490e+04 2.016509486244103391e+04
2.016673911180529467e+04 1.983714007276807388e+04
1.982407899657571761e+04 1.949322887865137454e+04
1.946631604044509004e+04 1.913474818854381738e+04
1.909514227478140674e+04 1.876339527667051880e+04
1.871253464004690250e+04 1.838114617069008455e+04
1.832042173056907995e+04 1.798992463477047932e+04
1.792078077977579960e+04 1.759169839547289303e+04
1.751593473640009324e+04 1.718877342859279452e+04
1.710816607485198256e+04 1.678341112678730860e+04
1.669963312738919558e+04 1.637774546840799121e+04
1.629283511625214305e+04 1.597423938901949441e+04
1.589047505650499625e+04 1.557555022710463163e+04
1.549502089294605685e+04 1.518409979908476089e+04
1.510853421537240501e+04 1.480190830023400667e+04
1.473238382481021654e+04 1.443031637858786962e+04
1.436770056797271354e+04 1.407042934753657573e+04
1.401556591634714823e+04 1.372330117314421659e+04
1.367797822007992727e+04 1.339087134143821459e+04
1.335743526517220926e+04 1.307556057146955209e+04
1.305616305030726289e+04 1.277952431629866078e+04
1.277435429465002198e+04 1.250294112394427248e+04
1.250944621780948546e+04 1.224331168171009631e+04
1.225885094148937424e+04 1.199811408303353710e+04
1.202020089699306300e+04 1.176504771589064876e+04
1.179133934890712226e+04 1.154202628502030529e+04
1.157022237356536789e+04 1.132707357446882452e+04
1.135420233135152375e+04 1.111763521201337244e+04
1.114018686908440031e+04 1.091072949938219426e+04
1.092506091567951444e+04 1.070335165169030006e+04
1.070502998755786575e+04 1.049184689420863833e+04
1.047636026344574748e+04 1.027261231082644736e+04
1.023515187811774922e+04 1.004188683760832464e+04
9.977575844658831556e+03 9.795970311607277836e+03
9.700713493306022428e+03 9.532038227139833907e+03
9.402732804651770493e+03 9.248315637424479064e+03
9.083415688397271879e+03 8.944578279112731252e+03
8.744787269568962074e+03 8.622778962268697796e+03
8.390379574067450449e+03 8.286318081437271758e+03
8.025554707136746401e+03 7.940373766003649507e+03
7.656445085371932691e+03 7.590857185277312055e+03
7.289747996496143060e+03 7.244224868277283349e+03
6.932186102017722988e+03 6.906943237114271142e+03
6.590188943200781978e+03 6.585190051903966378e+03
6.270086482911576240e+03 6.285005046428284913e+03
5.977179856700957316e+03 6.011463659067319895e+03
5.715557126583231366e+03 5.768422002158660689e+03
5.487530340691398123e+03 5.558065980896192741e+03
5.292132646104084415e+03 5.379415673236222574e+03
5.125898974831487067e+03 5.229121696124596383e+03
4.982097526302466576e+03 5.100698789812681753e+03
4.852285767596536061e+03 4.986015525260712820e+03
4.727047723079898788e+03 4.875968068731624044e+03
4.597168893368961108e+03 4.761604461968276155e+03
4.454816321758576123e+03 4.635251885669702460e+03
4.294434225779732515e+03 4.491401114278269233e+03
4.114093634728956204e+03 4.328070087479936774e+03
3.915749874960037232e+03 4.147077996792520025e+03
3.704914818455225031e+03 3.953752828861531725e+03
3.489773157995944530e+03 3.756063589344332740e+03
3.280045270576525127e+03 3.563463156651412191e+03
3.085784719686251265e+03 3.385684444772299685e+03
2.915454193573387329e+03 3.230874402966217986e+03
2.773423935991160761e+03 3.103195566995475019e+03
2.658151940497540636e+03 3.001114775994081810e+03
2.563012317797450578e+03 2.918229468766046921e+03
2.478998120525230206e+03 2.845841347856212451e+03
2.396600727760752761e+03 2.774723897084012151e+03
2.306785457408794173e+03 2.696047452455672101e+03
2.203407742278762271e+03 2.603763658531238434e+03
2.086550164157211839e+03 2.497929594508585978e+03
1.962634530103479165e+03 2.384840409907434150e+03
1.840703934500500054e+03 2.273340971239658757e+03
1.729107453536254297e+03 2.171527824695382606e+03
1.633646826895956110e+03 2.084951287592839890e+03
1.555475765257897592e+03 2.014651178298371406e+03
1.490085724375400105e+03 1.956246191345950592e+03
1.429982495760182246e+03 1.902512937402201487e+03
1.367553505247391058e+03 1.846122515193304935e+03
1.298345062934692351e+03 1.782805584244384818e+03
1.223747217255010810e+03 1.713956284564997304e+03
1.149257205366448488e+03 1.644908914626374326e+03
1.080607970336549670e+03 1.581148190189183197e+03
1.021426764973026479e+03 1.526066101620435575e+03
9.710709242731799122e+02 1.478986672463913919e+03
9.251040473311312553e+02 1.435693669396314817e+03
8.789538418538943461e+02 1.391900437246560159e+03
8.305478554863627778e+02 1.345714049552021152e+03
7.814299374659460682e+02 1.298635596525889014e+03
7.351781050171689458e+02 1.254003177960696348e+03
6.939444448033598292e+02 1.213764213558970596e+03
6.571844215221613013e+02 1.177373290070131816e+03
6.225238872383121134e+02 1.142658188114244012e+03
5.879467375072775894e+02 1.107825905341632051e+03
5.535868413750052923e+02 1.073036448266575462e+03
5.210340308277628765e+02 1.039714322873491710e+03
4.912967765832244709e+02 1.008724005251834342e+03
4.639117892098153106e+02 9.796371203292482051e+02
4.376775559904327224e+02 9.514201795948320068e+02
4.121307665767437243e+02 9.236981928978503902e+02
3.877883909441128480e+02 8.969152443693991472e+02
3.651628910579474905e+02 8.714850546560981002e+02
3.440346617519742267e+02 8.472145195650584810e+02
3.238966073344382721e+02 8.236955981562886109e+02
3.046471337523574334e+02 8.008537089949033998e+02
2.865195402190959726e+02 7.788673933042125554e+02
2.695375896355189411e+02 7.577455295553620545e+02
2.534821049531108770e+02 7.373192908168957729e+02
2.382466705892305470e+02 7.175097469775373611e+02
2.238879512651336086e+02 6.983531343488189123e+02
2.103841272504561175e+02 6.798273617800501825e+02
1.976390238063732738e+02 6.618615622307837612e+02
1.856193276192002202e+02 6.444291533601541460e+02
1.742905126720657165e+02 6.275021921231199258e+02
1.636162172352081257e+02 6.110517800346510739e+02
1.535617260869482266e+02 5.950509142635979742e+02
1.440939174889271044e+02 5.794743751419299542e+02
1.351812094025765703e+02 5.642986217206777155e+02
1.267935053996860120e+02 5.495016940939633514e+02
1.189020588268465133e+02 5.350629380305039149e+02
1.114793618367085344e+02 5.209627500124536255e+02
1.044992747508145357e+02 5.071828732729807143e+02
9.793698985307383964e+01 4.937063743641299425e+02
9.176897256289501570e+01 4.805175737102716766e+02
8.597290456334305020e+01 4.676019808925147458e+02
8.052762886645821538e+01 4.549462341794280178e+02
7.541309943185899556e+01 4.425380892305260545e+02
7.061034313964798059e+01 4.303666086503546353e+02
6.610139628559575442e+01 4.184219024339680004e+02
6.186925002499359039e+01 4.066949531113831426e+02
5.789780560445593949e+01 3.951775722500486836e+02
5.417183126962623874e+01 3.838623592260189525e+02
5.067692079859028098e+01 3.727426616508932966e+02
4.739945327904813865e+01 3.618125532843374685e+02
4.432654511893056082e+01 3.510672584010390551e+02
4.144601498684588137e+01 3.405031203480043018e+02
3.874636141656217347e+01 3.301169913801161329e+02
3.621672888481788277e+01 3.199061704037609388e+02
3.384687465229108483e+01 3.098683745879233129e+02
3.162713707826051746e+01 3.000017113930970822e+02
2.954840536001228202e+01 2.903046510127318811e+02
2.760208972631773250e+01 2.807763938323769821e+02
2.578009207930885793e+01 2.714177107744724253e+02
2.407478283801225061e+01 2.622296995047767041e+02
2.247897649203390813e+01 2.532134576536642783e+02
2.098590758307966198e+01 2.443700691024213825e+02
1.958920785035962453e+01 2.357005906541878630e+02
1.828288449334944232e+01 2.272060391233188170e+02
1.706129931566304592e+01 2.188874890106921498e+02
1.591914719383924748e+01 2.107472057299077051e+02
1.485143880962673713e+01 2.027879788402200063e+02
1.385348448583988912e+01 1.950122051017137039e+02
1.292087726011052418e+01 1.874218815264213731e+02
1.204947681165917750e+01 1.800186152722683630e+02
1.123539422957315992e+01 1.728036342914752481e+02
1.047497757797255957e+01 1.657778028585026675e+02
9.764797674817090822e+00 1.589420442386974628e+02
9.101634897844188998e+00 1.522976077377134629e+02
8.482468064602461055e+00 1.458452988684863385e+02
7.904462914033299370e+00 1.395854168603356982e+02
7.364961095512586375e+00 1.335177837145467095e+02
6.861469764929523762e+00 1.276417733786254729e+02
6.391651757396235922e+00 1.219563408856848525e+02
5.953316204294313962e+00 1.164600884576238542e+02
5.544409342740074464e+00 1.111514575418931514e+02
5.163006770751537466e+00 1.060285837814957688e+02
4.807305859351647115e+00 1.010892437657051204e+02
