2.095460178427598657e+04 2.086267283892739943e+04
2.114424322475063673e+04 2.104875134155532578e+04
2.132373503550254463e+04 2.122459586691344884e+04
2.149240883723427760e+04 2.138953937272934490e+04
2.164959417176003626e+04 2.154291339737488306e+04
2.179458910380968882e+04 2.168401964349069021e+04
2.192668540724587001e+04 2.181215456315353367e+04
2.204518555015496167e+04 2.192662594841770624e+04
2.214937518525365522e+04 2.202672551419739466e+04
2.223851578300245455e+04 2.211172160082941264e+04
2.231188735701681799e+04 2.218090184226593919e+04
2.236878501663728821e+04 2.223356988792583070e+04
2.240848200278858349e+04 2.226900910108597236e+04
2.243027026617597585e+04 2.228652261369241751e+04
2.243347977056699892e+04 2.228545241519692718e+04
2.241744536236987915e+04 2.226514708038643221e+04
2.238150982612339430e+04 2.222496488550433787e+04
2.232507015016775040e+04 2.216431912500512408e+04
2.224757397395918451e+04 2.208267499335749380e+04
2.214849380513335200e+04 2.197952523813513835e+04
2.202736671282354291e+04 2.185442818897459074e+04
2.188380962760972398e+04 2.170702258248312501e+04
2.171750855042307012e+04 2.153701882494628808e+04
2.152822717851866400e+04 2.134420704600197132e+04
2.131582689674884386e+04 2.112847493007164303e+04
2.108028108836001775e+04 2.088982305972198446e+04
2.082169625215833003e+04 2.062838824107191977e+04
2.054029206131534738e+04 2.034441994428996259e+04
2.023640557391090988e+04 2.003828379849664634e+04
1.991057265791901591e+04 1.971054621049011985e+04
1.956349364256994158e+04 1.936193809971904193e+04
1.919597015385378108e+04 1.899328867329953573e+04
1.880899372122264685e+04 1.860561536224581505e+04
1.840385201458792653e+04 1.820023163835700689e+04
1.798192222267683974e+04 1.777853632929845480e+04
1.754466799557653576e+04 1.734200997822779755e+04
1.709392555034172619e+04 1.689250228854779562e+04
1.663170151143311887e+04 1.643202858392833514e+04
1.615996836658549364e+04 1.596256421118106846e+04
1.568092575636400579e+04 1.548630400930775977e+04
1.519717260101656575e+04 1.500583309045814349e+04
1.471119152959548956e+04 1.452361513937936616e+04
1.422536849713184347e+04 1.404201149973134670e+04
1.374247820746329126e+04 1.356375823323633995e+04
1.326525847747075204e+04 1.309154869741947005e+04
1.279614398151273963e+04 1.262777282390069922e+04
1.233771971427745848e+04 1.217495433765684538e+04
1.189285675071672813e+04 1.173588252529133024e+04
1.146404754000417051e+04 1.131297444623232332e+04
1.105335301582205466e+04 1.090822137691926582e+04
1.066231310254313939e+04 1.052308673012333929e+04
1.029212200063890123e+04 1.015869388237753628e+04
9.943748123348685112e+03 9.815949765379724340e+03
9.618521182303331443e+03 9.496088709019275484e+03
9.318178284096424250e+03 9.200717155184875082e+03
9.044225496068838765e+03 8.931226141789127723e+03
8.796795084194571245e+03 8.687679329907738065e+03
8.572975556316481743e+03 8.467185373531330697e+03
8.369679632176750602e+03 8.266686132416307373e+03
8.184151439022481100e+03 8.083453328436784432e+03
8.013958199593859717e+03 7.915086319502228434e+03
7.856874566701758340e+03 7.759390052842108162e+03
7.710056136025908017e+03 7.613591669348759751e+03
7.569730633310205121e+03 7.474048903075137787e+03
7.432130346242770429e+03 7.337134808893483751e+03
7.292457994449992839e+03 7.198287840561418307e+03
7.145688707815605994e+03 7.052751312250813498e+03
6.986826361630802239e+03 6.895838081436909306e+03
6.810909858878116211e+03 6.722939746082417514e+03
6.614028299879369115e+03 6.530460086789356865e+03
6.393951343683778759e+03 6.316438555046727743e+03
6.150026143254362069e+03 6.080389447964406827e+03
5.884372473666767291e+03 5.824452462786767683e+03
5.600369315728940819e+03 5.551916211139475308e+03
5.302921199428147702e+03 5.267484648973221738e+03
4.997798976773607137e+03 4.976623322172838925e+03
4.691893218528441139e+03 4.685810073739053223e+03
4.392317617674132634e+03 4.401683915534835251e+03
4.106190152161211699e+03 4.130856529069357748e+03
3.840929075780546555e+03 3.880121593447192026e+03
3.602878352580300998e+03 3.655296984562574380e+03
3.396657076936689009e+03 3.460495093675039243e+03
3.225117096959781065e+03 3.298200967853017573e+03
3.087444888254526177e+03 3.167473164379409809e+03
2.980833988543440228e+03 3.065535242040046796e+03
2.899335178306768285e+03 2.986755571958573455e+03
2.835626420441151367e+03 2.924285680623645476e+03
2.780886596619290685e+03 2.869982043891877765e+03
2.725731979635007065e+03 2.815278283915777592e+03
2.661170176264779457e+03 2.752044110211889347e+03
2.579823692938479326e+03 2.673693190463845440e+03
2.477430097600367844e+03 2.576513665003024926e+03
2.353315355906990590e+03 2.460047058432954145e+03
2.210629376180174404e+03 2.327273727687723749e+03
2.056227130084744203e+03 2.184470516067302469e+03
1.900149808787611619e+03 2.040687614630789312e+03
1.753790482023020331e+03 1.906091077223372622e+03
1.627006615406888614e+03 1.789383553820139696e+03
1.525164197211395503e+03 1.695178593166848714e+03
1.448497643849136921e+03 1.623504056570510556e+03
1.393603779436722334e+03 1.571181745472377770e+03
1.354290334117975135e+03 1.532620783465240947e+03
1.321420720600203367e+03 1.499722313834417264e+03
1.284377768164555619e+03 1.463190871548354608e+03
1.234929685293675675e+03 1.415911800053191882e+03
1.170606149108975842e+03 1.355848853031252247e+03
1.094395263806462253e+03 1.285717896176648537e+03
1.013067363213782642e+03 1.211466782677672199e+03
9.355979940216743671e+02 1.140853672198806635e+03
8.698821300776005501e+02 1.080592135159612781e+03
8.194874329117347997e+02 1.033605951862808070e+03
7.831062914462103208e+02 9.986446798780380050e+02
7.551791019336025101e+02 9.708929192676704361e+02
7.277203738789721683e+02 9.435698952898674179e+02
6.946053674035968015e+02 9.115530453963737045e+02
6.542773524732318720e+02 8.736107621979668920e+02
6.093902005480932758e+02 8.320363965508205411e+02
5.656435046060000786e+02 7.916001258956304127e+02
5.284212685401948875e+02 7.567149660396102036e+02
4.993088652588045306e+02 7.285987656813381363e+02
4.760805367146843992e+02 7.053521234207005364e+02
4.543093074369331816e+02 6.833372243768245653e+02
4.301958053264436330e+02 6.594952251544981436e+02
4.033779954836036268e+02 6.335792428762908912e+02
3.763734193930963556e+02 6.076354318785205351e+02
3.521879360023904155e+02 5.840422388971965120e+02
3.320699743383590317e+02 5.637387664235176317e+02
3.146319665198194002e+02 5.455930822424784310e+02
2.974886225109453335e+02 5.277354929582064642e+02
2.795580252957961420e+02 5.093450367497920297e+02
2.616487180407708024e+02 4.910586521622154805e+02
2.452822325394656673e+02 4.740275846017559616e+02
2.309081945768493540e+02 4.585655005040977699e+02
2.177172498013169388e+02 4.440464873763835953e+02
2.047105942707437123e+02 4.297283202593558258e+02
1.919084345980543844e+02 4.156317671276274837e+02
1.799342876414867192e+02 4.022067436297104450e+02
1.690636363071548658e+02 3.896377264331586616e+02
1.589121583829226267e+02 3.776403605807972781e+02
1.491165036779206901e+02 3.659568444200502313e+02
1.397780102738555570e+02 3.546563780041992686e+02
1.311072029450357093e+02 3.438769040465552962e+02
1.230348398480252143e+02 3.335637010150614969e+02
1.153717535965710539e+02 3.235862595555656185e+02
1.081206180465092928e+02 3.139436298006082779e+02
1.013350526897669681e+02 3.046648584220313296e+02
9.498490067648910440e+01 2.957276738146701973e+02
8.900758865313802914e+01 2.870884059307356893e+02
8.338173096122946504e+01 2.787293508341539336e+02
7.809025642588549943e+01 2.706362612096706357e+02
7.311652207675507498e+01 2.627957690401077571e+02
6.844434915964633603e+01 2.551953309205436256e+02
6.405805240825075941e+01 2.478231773288368629e+02
5.994246313543727922e+01 2.406682655260267438e+02
5.608283032091199516e+01 2.337201624777248696e+02
5.246406333414275025e+01 2.269684868689652717e+02
4.907145881769606888e+01 2.204032477005841031e+02
4.589119991913641883e+01 2.140151266274724833e+02
4.291030589196191158e+01 2.077954403476235541e+02
4.011658117725589534e+01 2.017361034289784527e+02
3.749856765381755253e+01 1.958295936899394576e+02
3.504550042302376767e+01 1.900689219118980873e+02
3.274734004684812305e+01 1.844478742457978626e+02
3.059478014969406701e+01 1.789612157959897729e+02
2.857905053815599672e+01 1.736041251179298968e+02
2.669187101512834559e+01 1.683721040013780055e+02
2.492542711371393693e+01 1.632609594568695002e+02
2.327234678455831585e+01 1.582667866059102550e+02
2.172567801934421894e+01 1.533859524002708667e+02
2.027886440147010561e+01 1.486151043813697470e+02
1.892570053815884279e+01 1.439513627594119498e+02
1.766033259156198199e+01 1.393921726285820739e+02
1.647725682616905374e+01 1.349351469171321014e+02
1.537130000926672757e+01 1.305780543155446196e+02
1.433760063269876639e+01 1.263188092923901280e+02
1.337159112460496857e+01 1.221554624753555345e+02
1.246898101187618479e+01 1.180861917469431717e+02
1.162574276282361296e+01 1.141093848363317278e+02
1.083809830819170905e+01 1.102237327016754591e+02
1.010250040215446354e+01 1.064280152395015193e+02
9.415618708822149685e+00 1.027210633864299041e+02
8.774327271580276033e+00 9.910175387259374702e+01
8.175692650634557523e+00 9.556900417918879498e+01
7.616962697280946770e+00 9.212176769886991679e+01
7.095555767513618051e+00 8.875904385051316581e+01
6.609049042359100845e+00 8.548002564844088624e+01
6.155170255796672762e+00 8.228400806917181853e+01
5.731790055396288608e+00 7.917026474219447607e+01
5.336913419401135172e+00 7.613804482734418855e+01
4.968671538908029817e+00 7.318657211661469830e+01
4.625314163803290413e+00 7.031504427946558167e+01
4.305202387864839331e+00 6.752263240136379352e+01
4.006801810636265060e+00 6.480856476742232530e+01
3.728676084332285257e+00 6.217224542647245755e+01
3.469480989136706661e+00 5.961303669149830142e+01
3.227958765626088411e+00 5.713022246581166996e+01
3.002932761084217361e+00 5.472301230096936564e+01
2.793302391498133197e+00 5.239054548064261496e+01
2.598038401803727915e+00 5.013189511857748926e+01
2.416178395646469745e+00 4.794608253735350445e+01
