2.446039210290815754e+04 2.436989929193582429e+04
2.459853280595966862e+04 2.450488961119028681e+04
2.472224698326085127e+04 2.462540389475820848e+04
2.483084885108347589e+04 2.473075960424655204e+04
2.492364835091934583e+04 2.482027103526805149e+04
2.499993254846992932e+04 2.489323136023964253e+04
2.505900897995619744e+04 2.494895490749470264e+04
2.510020842017330506e+04 2.498677983859835877e+04
2.512284972075467522e+04 2.500603329341692370e+04
2.512627014526491985e+04 2.500606153958840514e+04
2.510984888641669750e+04 2.498625334535097500e+04
2.507297473352949601e+04 2.494600836426847309e+04
2.501503663618910650e+04 2.488472798274987872e+04
2.493547809278728892e+04 2.480186871375687770e+04
2.483379726318974645e+04 2.469694253820455560e+04
2.470951758395039724e+04 2.456948882796473117e+04
2.456222468691014365e+04 2.441910997010339997e+04
2.439158427792223301e+04 2.424548870587147758e+04
2.419732699960789250e+04 2.404837467498261685e+04
2.397925404735021584e+04 2.382758985350697913e+04
2.373726266387790747e+04 2.358305206143494070e+04
2.347135528457920736e+04 2.331478489660159903e+04
2.318165214721607117e+04 2.302293250212253770e+04
2.286838310103498225e+04 2.270774827553166324e+04
2.253189204616573988e+04 2.236959859652651357e+04
2.217270270986975083e+04 2.200903152395827783e+04
2.179149431190061659e+04 2.162675097097205435e+04
2.138904830091201075e+04 2.122356062181056041e+04
2.096632254505343735e+04 2.080043955432209259e+04
2.052454207137799676e+04 2.035863476736781013e+04
2.006502476866584402e+04 1.989948283469424496e+04
1.958918249688440483e+04 1.942441054411078585e+04
1.909877819137448387e+04 1.893519409972454378e+04
1.859573670559284074e+04 1.843376816767292621e+04
1.808196867732545070e+04 1.792204826498690818e+04
1.755961729512120655e+04 1.740217722019436405e+04
1.703117834007217971e+04 1.687664502582063869e+04
1.649905208130606843e+04 1.634784157810016040e+04
1.596559702770880722e+04 1.581810959732174342e+04
1.543361631015079001e+04 1.529022531559560775e+04
1.490587463432653021e+04 1.476692183154704981e+04
1.438486291320154487e+04 1.425065714084704814e+04
1.387320205111895484e+04 1.374400790308109936e+04
1.337365745782860176e+04 1.324968450088782629e+04
1.288863364391716459e+04 1.277004023026676623e+04
1.242029086106646901e+04 1.230718194426580339e+04
1.197091970860756555e+04 1.186332471789064402e+04
1.154253826432214919e+04 1.144041481065445805e+04
1.113678333148401362e+04 1.104002764319524977e+04
1.075470649604302525e+04 1.066314982642119139e+04
1.039690138017697973e+04 1.031030925042005219e+04
1.006379451405633336e+04 9.981877373112733039e+03
9.755614669888349454e+03 9.678028256670064366e+03
9.472303893644320851e+03 9.398632909147519968e+03
9.213743147352068263e+03 9.143506274683220909e+03
8.979346395677834153e+03 8.912017815038920162e+03
8.765375722768982087e+03 8.700485710876517260e+03
8.567107153378019575e+03 8.504274952029678388e+03
8.380382702747829171e+03 8.319304982992323858e+03
8.202456770295908427e+03 8.142887496063806793e+03
8.031263214774086009e+03 7.973003168045171151e+03
7.864225025670658397e+03 7.807151141545336031e+03
7.696594103122135493e+03 7.640770541228268485e+03
7.523481772492614255e+03 7.469172343709797133e+03
7.339945167562630559e+03 7.287659854187271776e+03
7.141062476066795170e+03 7.091596248982509678e+03
6.922947211664764836e+03 6.877344751081403956e+03
6.683537602163923111e+03 6.643060739484870282e+03
6.422075897232713032e+03 6.388127358641902902e+03
6.140720232021065385e+03 6.114719291772670658e+03
5.842982440546492398e+03 5.826272602110777370e+03
5.534106160973150509e+03 5.527841566113950648e+03
5.219885902874180829e+03 5.224973082692054049e+03
4.906366575977328466e+03 4.923414135280485425e+03
4.599471060544962711e+03 4.628767892505433338e+03
4.306060709651722391e+03 4.347473245763419072e+03
4.032640553736582660e+03 4.085616692787505144e+03
3.785560576561578728e+03 3.849088284850530727e+03
3.569334569832920806e+03 3.642014685078530420e+03
3.386776335760103848e+03 3.466888273635702262e+03
3.237491512802350371e+03 3.323212617813628640e+03
3.118297355457195863e+03 3.207838288701063902e+03
3.023617465014484424e+03 3.115430095026199524e+03
2.946147576118972211e+03 3.039066082473249025e+03
2.877520366391286643e+03 2.970914025324219438e+03
2.809157530126159145e+03 2.903004462492842777e+03
2.732828294812125023e+03 2.827778305425737017e+03
2.642155687302500610e+03 2.739446181880758104e+03
2.533378496406049635e+03 2.634663724841702788e+03
2.406272394570659799e+03 2.513358873786251934e+03
2.263592187172934246e+03 2.378167731485213153e+03
2.110861175404827918e+03 2.234222659454942004e+03
1.956449632133202385e+03 2.089206589492880539e+03
1.810554487719157805e+03 1.952375327112450350e+03
1.682323129713159460e+03 1.831972695145698253e+03
1.577043943324795691e+03 1.732679914497410209e+03
1.494728600399011839e+03 1.654364912409532280e+03
1.432071950431253754e+03 1.593913321906729607e+03
1.383789434373744143e+03 1.546460859799630725e+03
1.342496700897561595e+03 1.505317468058916802e+03
1.299136679061585937e+03 1.462379229223062794e+03
1.246242602292961465e+03 1.411045428445756670e+03
1.181561116172030324e+03 1.349403017983366681e+03
1.107665125265410779e+03 1.279821905380613543e+03
1.029804380256215154e+03 1.207002736705171856e+03
9.548911088734080295e+02 1.137049583762676093e+03
8.894438393241088079e+02 1.075648789920327999e+03
8.366097593400826327e+02 1.025474646517793190e+03
7.956095445850132819e+02 9.857504717574821598e+02
7.624663837033850768e+02 9.529386162405209006e+02
7.309457615343909538e+02 9.216009240477136473e+02
6.959631005221120859e+02 8.873612034330285496e+02
6.562808017809521743e+02 8.491991867468844930e+02
6.136112592855856747e+02 8.086290523920984015e+02
5.717209658339661473e+02 7.688883733752664966e+02
5.347095469105727261e+02 7.334458407515958243e+02
5.039706571424317758e+02 7.034314296920298375e+02
4.780836243662266156e+02 6.775942947184145169e+02
4.541561361928954739e+02 6.534755207799263417e+02
4.293935703757475721e+02 6.287388735459367126e+02
4.032713971127478203e+02 6.029682766202108724e+02
3.773504562803433942e+02 5.774718534883907068e+02
3.534765089988140971e+02 5.537653259462190363e+02
3.325752854440718806e+02 5.325830881166384643e+02
3.139451935674836704e+02 5.133259651902319547e+02
2.961122503806280406e+02 4.947855058785285109e+02
2.783048892760394892e+02 4.763414634543192392e+02
2.608736509239253678e+02 4.582796700361776630e+02
2.446326792080199937e+02 4.412444680549536997e+02
2.298792316416074470e+02 4.254578516410156226e+02
2.162401582671377867e+02 4.106132662781928957e+02
2.031371474685501539e+02 3.962534088462702471e+02
1.905133846268768423e+02 3.823331316897915144e+02
1.786276936739346866e+02 3.690480875871464832e+02
1.676226694622353364e+02 3.564995348285764294e+02
1.573298950345319440e+02 3.445524146197038249e+02
1.475525212680537663e+02 3.330544956390738207e+02
1.382935912069031303e+02 3.220048217720673733e+02
1.296246711603964457e+02 3.114515930791753817e+02
1.215145038076891808e+02 3.013666809487875184e+02
1.138681107536474570e+02 2.916772833526494537e+02
1.066642512023048823e+02 2.823644147732831584e+02
9.990465258946390747e+01 2.734258341224829110e+02
9.356306318632361751e+01 2.648391159656463287e+02
8.760182431736957653e+01 2.565750807242674796e+02
8.199923567115477852e+01 2.486152678477158986e+02
7.674247829407015331e+01 2.409479909939576032e+02
7.181157291780311880e+01 2.335571271706221808e+02
6.718678204301119194e+01 2.264269645259965671e+02
6.284955437857637151e+01 2.195428371442138769e+02
5.878245281250405441e+01 2.128910536571812600e+02
5.496908687574040897e+01 2.064588315790662705e+02
5.139404940805941635e+01 2.002342368515552380e+02
4.804287637708263503e+01 1.942061577868975917e+02
4.490218670021531722e+01 1.883645723203783575e+02
4.195949086277523321e+01 1.827003351726370397e+02
3.920298032266860844e+01 1.772048854172915924e+02
3.662149280423041375e+01 1.718702063711178880e+02
3.420448173940499714e+01 1.666887925762177929e+02
3.194198676009983018e+01 1.616536190597113034e+02
2.982460522912835543e+01 1.567581127164564521e+02
2.784344527587120766e+01 1.519962008566845952e+02
2.599006743855805723e+01 1.473624286687612539e+02
2.425652008099939749e+01 1.428517242811250867e+02
2.263532484218366392e+01 1.384593313504681191e+02
2.111945003025100576e+01 1.341807910069259719e+02
1.970228540127602201e+01 1.300119248394602209e+02
1.837761825850046193e+01 1.259488188391775338e+02
1.713961105963456788e+01 1.219878172113748747e+02
1.598278461063153166e+01 1.181256831534846441e+02
1.490199590338971092e+01 1.143595481228884552e+02
1.389241367731512078e+01 1.106867133466203796e+02
1.294950042777566601e+01 1.071046327941546963e+02
1.206899556474601631e+01 1.036109041740863574e+02
1.124689946005630148e+01 1.002032603364954753e+02
1.047945834206046101e+01 9.687956105613039881e+01
9.763149785514286805e+00 9.363781751692830824e+01
9.094668530439353304e+00 9.047629390495072244e+01
8.470914603359119610e+00 8.739337582610477284e+01
7.888981487895660116e+00 8.438751820666155368e+01
7.346144634201600354e+00 8.145724046513940664e+01
6.839850606513469877e+00 7.860112189354788370e+01
6.367706836731153786e+00 7.581779723598739906e+01
5.927471932375361519e+00 7.310595390736223465e+01
5.517045728341979149e+00 7.046438731031176417e+01
5.134460682944664178e+00 6.789200740718503368e+01
4.777875028658157497e+00 6.538774900262912126e+01
4.445565126561675129e+00 6.295056319524487520e+01
4.135918176985516226e+00 6.057941541809952923e+01
3.847425358189285660e+00 5.827328360063897605e+01
3.578675369554811247e+00 5.603115645036040604e+01
3.328348342859565712e+00 5.385204640530127307e+01
3.095210053650708559e+00 5.173507051148578739e+01
2.878106629372038316e+00 4.967937544269043570e+01
2.675959540856483354e+00 4.768408990362448918e+01
2.487760848676971115e+00 4.574832506794702880e+01
2.312568736532452540e+00 4.387117525379107263e+01
2.149503315457659713e+00 4.205171864883569555e+01
1.997742682642008827e+00 4.028901853937441047e+01
1.856519141355664981e+00 3.858217945101741009e+01
