1.140983086584657576e+04 1.133507401056908020e+04
1.158582567613528772e+04 1.150775810955653105e+04
1.175966840764978224e+04 1.167818154200341269e+04
1.193101992063659236e+04 1.184600504401929902e+04
1.209952545265417575e+04 1.201087453462800477e+04
1.226482153869132526e+04 1.217242762519989446e+04
1.242652857552039131e+04 1.233028620158702324e+04
1.258424450197948318e+04 1.248405013693910405e+04
1.273755861078743328e+04 1.263331113929316598e+04
1.288605159131888831e+04 1.277765287160511798e+04
1.302928172946403538e+04 1.291663748516009400e+04
1.316679578919426967e+04 1.304981634521437627e+04
1.329813716804491378e+04 1.317673807522809693e+04
1.342283557330730400e+04 1.329693849066020084e+04
1.354040387220600132e+04 1.340993757876096606e+04
1.365035503575659459e+04 1.351525616670558156e+04
1.375220131719797064e+04 1.361241519528808203e+04
1.384544041532601659e+04 1.370092232777793288e+04
1.392957133570584119e+04 1.378028746540939937e+04
1.400410252292823498e+04 1.385003073026536731e+04
1.406854405767960452e+04 1.390967507273275078e+04
1.412240991670647963e+04 1.395874854631902963e+04
1.416523164987951714e+04 1.399679752819541864e+04
1.419656041922711120e+04 1.402338888182999654e+04
1.421596607491924078e+04 1.403810946619432434e+04
1.422304473245672852e+04 1.404057313595388405e+04
1.421742406961695087e+04 1.403042584326776159e+04
1.419877830392352007e+04 1.400736095587058298e+04
1.416682850186575342e+04 1.397111934607298463e+04
1.412133577973912543e+04 1.392148211630711194e+04
1.406212156924320880e+04 1.385829085800046414e+04
1.398909848903481725e+04 1.378147855098861874e+04
1.390223223949272506e+04 1.369103098849499293e+04
1.380154361344617428e+04 1.358698857632472027e+04
1.368718693633374824e+04 1.346952448256937714e+04
1.355941266176431054e+04 1.333890701212241584e+04
1.341851548479971643e+04 1.319544761401535470e+04
1.326491132458828906e+04 1.303957727727002202e+04
1.309920618733684023e+04 1.287191469354401124e+04
1.292204965446131609e+04 1.269312031212190777e+04
1.273413992916278221e+04 1.250390125253387669e+04
1.253639057507790676e+04 1.230517683142594615e+04
1.232980202674114116e+04 1.209795055177965696e+04
1.211536635154043324e+04 1.188321538601424618e+04
1.189426454424291842e+04 1.166214895499553313e+04
1.166793959850279498e+04 1.143618546497575880e+04
1.143779038992412279e+04 1.120671268429366864e+04
1.120514301859324769e+04 1.097504443289480696e+04
1.097125593855603620e+04 1.074242861274973257e+04
1.073730940126356290e+04 1.051003437748704164e+04
1.050441446869706670e+04 1.027896002541036978e+04
1.027398931029464438e+04 1.005060377890680138e+04
1.004776579823635802e+04 9.826670062171706377e+03
9.827346794709230380e+03 9.608733719774834753e+03
9.614118970918847481e+03 9.398156267907130314e+03
9.409067778725073367e+03 9.195908607791196118e+03
9.213019078934719801e+03 9.002804686159121047e+03
9.026639829549792921e+03 8.819502266282743221e+03
8.849741229929079054e+03 8.645827031040334987e+03
8.681691719729598844e+03 8.481174376961633243e+03
8.521846878833866867e+03 8.324927292669683084e+03
8.369100763626593107e+03 8.176022739076741345e+03
8.222125854255340528e+03 8.033183398840928021e+03
8.079586758117038698e+03 7.895123805843748414e+03
7.939787588736398902e+03 7.760208724889574114e+03
7.801001345690741800e+03 7.626770629295245271e+03
7.661316280553741308e+03 7.492957888736928908e+03
7.518532529998657992e+03 7.356632334906274082e+03
7.370483079992888634e+03 7.215679443811982310e+03
7.214724782671677531e+03 7.067702786982923499e+03
7.048958482420570363e+03 6.910433500053104581e+03
6.871253733870633368e+03 6.741950144492524487e+03
6.680111091664130072e+03 6.560738410106035190e+03
6.475186610623342858e+03 6.366411296398146078e+03
6.257056051056497381e+03 6.159477887156337601e+03
6.027679371488018660e+03 5.941813780344234146e+03
5.789914942739028447e+03 5.716183773131728231e+03
5.547591467758464205e+03 5.486320731108899963e+03
5.304850575983554336e+03 5.256276692729815295e+03
5.066081177781376027e+03 5.030359531620791131e+03
4.835550679490862422e+03 4.812762897461740977e+03
4.617360734619044706e+03 4.607525848684307675e+03
4.415051203017244006e+03 4.418143032229765595e+03
4.231680632691417486e+03 4.247640977447121259e+03
4.068967940784614257e+03 4.097744749647139543e+03
3.927300704964897704e+03 3.968876850249218478e+03
3.804844804409147400e+03 3.859282669854494543e+03
3.698190604359172085e+03 3.765642484136205894e+03
3.602054209526813338e+03 3.682755126897559876e+03
3.510520567191005739e+03 3.604732433682418105e+03
3.417437121972086970e+03 3.525369034398280746e+03
3.317373649381799169e+03 3.439094789108494751e+03
3.206272534783328865e+03 3.341649566773513925e+03
3.082083699136551786e+03 3.230766971114722310e+03
2.945401510937162584e+03 3.106887000003815501e+03
2.799312084211672754e+03 2.973039248552180652e+03
2.648872295565591230e+03 2.834330269292503999e+03
2.500329987463269390e+03 2.697135594840570320e+03
2.360310151376671001e+03 2.568234856255336126e+03
2.234785394169763549e+03 2.453742691785537318e+03
2.127576291777025745e+03 2.357587755021188968e+03
2.038957086779505516e+03 2.280104531241736368e+03
1.965416102603484433e+03 2.217772750151726086e+03
1.900987974619737997e+03 2.164527888803994301e+03
1.839060008275364908e+03 2.113554696481468000e+03
1.773461094575458901e+03 2.058379814245078705e+03
1.699514472261650099e+03 1.993998441740323869e+03
1.615973957886506241e+03 1.918988802894796208e+03
1.526133065730882208e+03 1.836761348568080166e+03
1.436150473289720139e+03 1.753798229067361945e+03
1.352202812958423010e+03 1.676601439254847264e+03
1.278798928413931662e+03 1.609895382014070719e+03
1.217597074171246049e+03 1.555414224983810755e+03
1.166439299784574587e+03 1.510921285807121876e+03
1.120299009025291525e+03 1.471174266152072505e+03
1.073650209331544829e+03 1.430362236281439436e+03
1.022656696677908712e+03 1.384418842106573493e+03
9.671426662876917817e+02 1.333159233201509778e+03
9.106588733784874421e+02 1.280366228945392095e+03
8.576343185299363086e+02 1.230728909287659008e+03
8.111017133973595037e+02 1.187418189376429154e+03
7.714059367990304281e+02 1.150770552767051413e+03
7.357986898560525333e+02 1.117909646917024929e+03
7.006324220497924671e+02 1.085042402306665736e+03
6.638779227702035541e+02 1.050083929924567883e+03
6.261013089311101112e+02 1.013669111013701354e+03
5.898409872934387295e+02 9.784572824550671157e+02
5.572016593020265418e+02 9.466067527912648529e+02
5.281917331648000982e+02 9.181007959512153320e+02
5.011791473890899624e+02 8.912716417021532607e+02
4.743955984288201648e+02 8.643528762226217168e+02
4.475489618032879662e+02 8.370908486499062064e+02
4.217742814921022045e+02 8.106447182947841839e+02
3.981058462423968649e+02 7.860325888632102078e+02
3.764160080788254845e+02 7.631139478263283991e+02
3.557629787451425045e+02 7.409785336132479188e+02
3.355902386283420924e+02 7.191151405547633431e+02
3.161886366704170541e+02 6.978197669200070550e+02
2.980895846426920457e+02 6.775899314656730894e+02
2.812330569329673153e+02 6.583628081832144971e+02
2.651936808100119833e+02 6.397553410669570439e+02
2.497936492490695741e+02 6.216207366119722337e+02
2.352218296453429787e+02 6.041304182828295097e+02
2.215692232587316255e+02 5.873595204198217061e+02
2.086689504900533052e+02 5.711661128660772420e+02
1.963954588780704569e+02 5.554503667551672379e+02
1.847909676805713559e+02 5.402477931769838051e+02
1.738726272416621441e+02 5.255691772370178114e+02
1.635563568888630641e+02 5.113484408399338008e+02
1.537941021510845587e+02 4.975488337379654809e+02
1.445826108556445604e+02 4.841658325517029766e+02
1.358965248399425718e+02 4.711790082204479972e+02
1.277065659110861873e+02 4.585652129700226283e+02
1.199851147084176120e+02 4.463028509104282762e+02
1.127061112549236981e+02 4.343717834916359379e+02
1.058449632860739200e+02 4.227532420411992575e+02
9.937879891390034004e+01 4.114296414339672765e+02
9.328671029039591645e+01 4.003843812781938141e+02
8.754885514811586233e+01 3.896020118304246580e+02
8.214629755435947800e+01 3.790682058272176960e+02
7.706097811442607792e+01 3.687696975063508944e+02
7.227568420391885695e+01 3.586942259597829548e+02
6.777402032754920924e+01 3.488304823756300834e+02
6.354037623777212218e+01 3.391680512603808779e+02
5.955982298549579212e+01 3.296970622050833413e+02
5.581809253242434465e+01 3.204081238988951554e+02
5.230165273679706672e+01 3.112926721857761549e+02
4.899767975436935785e+01 3.023429521026435509e+02
4.589402514650287657e+01 2.935519776490011168e+02
4.297918422141285788e+01 2.849134934365523009e+02
4.024226558328146552e+01 2.764219379478341239e+02
3.767296275208128975e+01 2.680724647334752717e+02
3.526153465007478616e+01 2.598614850403945979e+02
3.299877232083998990e+01 2.517863164174767689e+02
3.087596614428856157e+01 2.438447079518388421e+02
2.888488149788026149e+01 2.360348064400029386e+02
2.701773550383551381e+01 2.283551303000587893e+02
2.526717471873731213e+01 2.208045437531418997e+02
2.362625374189750715e+01 2.133822312282306939e+02
2.208841317573252994e+01 2.060879848928366300e+02
2.064745430264262183e+01 1.989234236048040714e+02
1.929752752175593855e+01 1.918906521939251206e+02
1.803311698669896046e+01 1.849916665117645778e+02
1.684902301384600065e+01 1.782283445724701494e+02
1.574034531045673901e+01 1.716024385254155504e+02
1.470246699375535826e+01 1.651155671364677175e+02
1.373103937004863262e+01 1.587692100398208481e+02
1.282196712424188512e+01 1.525652487890770601e+02
1.197139416274407964e+01 1.465066878470337031e+02
1.117569135708606787e+01 1.405962802254134090e+02
1.043144417949770286e+01 1.348362991987169437e+02
9.735440812286345391e+00 1.292285559813469149e+02
9.084660856816720198e+00 1.237744182570407361e+02
8.476264616175285482e+00 1.184748294234222072e+02
7.907582904969107318e+00 1.133303362583882148e+02
7.376106602795030831e+00 1.083414107293525603e+02
6.879477528579806211e+00 1.035085012536187321e+02
6.415480982568654511e+00 9.883161602545483504e+01
5.982037543483551545e+00 9.431032315116505060e+01
5.577195222447790535e+00 8.994378228761330263e+01
