2.383049095024697817e+04 2.365499291379793431e+04
2.410736661919922335e+04 2.392494594861689984e+04
2.437578380755609760e+04 2.418628131091390242e+04
2.463501461090796147e+04 2.443827523105877845e+04
2.488430910471806055e+04 2.468018405761844770e+04
2.512288361725019058e+04 2.491123378920692994e+04
2.534994812799928695e+04 2.513064538341127991e+04
2.556470477225295326e+04 2.533763309800768548e+04
2.576630991372449716e+04 2.553136704323466620e+04
2.595390463817546333e+04 2.571100342140141220e+04
2.612663635592780338e+04 2.587570595514573142e+04
2.628363676599813334e+04 2.602462474475882846e+04
2.642401825847287182e+04 2.615689295272638265e+04
2.654690925251079170e+04 2.627166105989553762e+04
2.665144918919051634e+04 2.636809213248849119e+04
2.673675500582305176e+04 2.644532954026705920e+04
2.680196266500379352e+04 2.650253724531339321e+04
2.684624421295859429e+04 2.653891641497175078e+04
2.686878538725681210e+04 2.655368433941283365e+04
2.686879534858411353e+04 2.654608387308858801e+04
2.684553784205465126e+04 2.651541319092165577e+04
2.679833223638659183e+04 2.646102733892589458e+04
2.672654907878700033e+04 2.638233489090204603e+04
2.662963039204660527e+04 2.627881631401752384e+04
2.650710070959748555e+04 2.615003456702687254e+04
2.635859202771967830e+04 2.599566139684427617e+04
2.618384012133479337e+04 2.581547255538610989e+04
2.598267712637421937e+04 2.560933898191347180e+04
2.575508040590070595e+04 2.537727616197970565e+04
2.550121230622343865e+04 2.511948414507935377e+04
2.522134521058085375e+04 2.483627073303845827e+04
2.491588288584078691e+04 2.452807246452842446e+04
2.458552023281285074e+04 2.419561477011352690e+04
2.423111710433823100e+04 2.383978463849669788e+04
2.385362100276228375e+04 2.346155260871341670e+04
2.345426159421125703e+04 2.306216713070030528e+04
2.303458171029710502e+04 2.264318510527407852e+04
2.259617167636694285e+04 2.220620581043213679e+04
2.214076263890858172e+04 2.175296377610801574e+04
2.167058588193363175e+04 2.128568657626087224e+04
2.118795000196278852e+04 2.080667324273518170e+04
2.069511069657779080e+04 2.031816476444033469e+04
2.019464000879694504e+04 1.982271247239551303e+04
1.968931759115525711e+04 1.932306970799353803e+04
1.918175343656429686e+04 1.882181618137887563e+04
1.867467174724053984e+04 1.832163893204425767e+04
1.817139368134406686e+04 1.782580968565287549e+04
1.767506554612688706e+04 1.733742302454843957e+04
1.718847226164417225e+04 1.685921393202964100e+04
1.671367504532445673e+04 1.639320756540077491e+04
1.625224914975920365e+04 1.594095131563886207e+04
1.580557769674775773e+04 1.550380120193721632e+04
1.537570636683084558e+04 1.508375841576218954e+04
1.496596166635029294e+04 1.468407548120873616e+04
1.457944440666502123e+04 1.430778585340889549e+04
1.421815030234164624e+04 1.395684528655703980e+04
1.388059438720181060e+04 1.362980642927389272e+04
1.356452645229786867e+04 1.332447426242436450e+04
1.326780758969272210e+04 1.303876527286320379e+04
1.298813607184418106e+04 1.277044480409550488e+04
1.272329356766930869e+04 1.251736056224180174e+04
1.247075068726446989e+04 1.227705606310380972e+04
1.222706961167934423e+04 1.204618639233058457e+04
1.198884682664973116e+04 1.182143195346410175e+04
1.175204090557384370e+04 1.159883971386201119e+04
1.151228233111529698e+04 1.137411962728197614e+04
1.126506863355063251e+04 1.114282950459472704e+04
1.100535385141779079e+04 1.089996699301230728e+04
1.072854262252178523e+04 1.064093982544900246e+04
1.043068624789178648e+04 1.036176784570386008e+04
1.010885961485440203e+04 1.005944556081874362e+04
9.762469324644311200e+03 9.733268426198319503e+03
9.392505713853490306e+03 9.384082440585392760e+03
9.002700225829234114e+03 9.015475107693522659e+03
8.598156852684709520e+03 8.632402803844546725e+03
8.185803619441065166e+03 8.241664866052715297e+03
7.773049836814852824e+03 7.850555416672264982e+03
7.367730677866411497e+03 7.466815710469528312e+03
6.977849997115684346e+03 7.098334829066662678e+03
6.610919359422355228e+03 6.752543121691563101e+03
6.273722663389904483e+03 6.436114458648653454e+03
5.972024144423001417e+03 6.154739045332737078e+03
5.708875472374940728e+03 5.911421392332319556e+03
5.485069590946466633e+03 5.706968105427594310e+03
5.297165411503847281e+03 5.538033458958747360e+03
5.139207806457107836e+03 5.398795305645096050e+03
5.002110621756091859e+03 5.280319402247137987e+03
4.875518110595920007e+03 5.172338231099054610e+03
4.748570181104720177e+03 5.063966949742753059e+03
4.611117708620177837e+03 4.944898008051572106e+03
4.455227198716412204e+03 4.806939749151245451e+03
4.276301487378536876e+03 4.645208169407346759e+03
4.074305476268733855e+03 4.459480249127853313e+03
3.853760854710876629e+03 4.254252285173746714e+03
3.622906053922552019e+03 4.037886098908759323e+03
3.392616715106446463e+03 3.821467781330068192e+03
3.175058546354296595e+03 3.617356369826432456e+03
2.981496434768508152e+03 3.436896441249792588e+03
2.819120762765187465e+03 3.287257564642927719e+03
2.688820156488416615e+03 3.169287643491040399e+03
2.585428653821454191e+03 3.077811359393982002e+03
2.499904367185017691e+03 3.003793002938065911e+03
2.421310739804669993e+03 2.936242070141198838e+03
2.338076254729135599e+03 2.863408005626714385e+03
2.240702132915528637e+03 2.775542650296805277e+03
2.125992512532479850e+03 2.669329674380721372e+03
1.998578886576559626e+03 2.549541135630891858e+03
1.867951902513705591e+03 2.425952272701560105e+03
1.744686289971764154e+03 2.309348538359619852e+03
1.637712907804090264e+03 2.208682031679493775e+03
1.551131075242579072e+03 2.127938149943073768e+03
1.482443404735721970e+03 2.064518831566144399e+03
1.423843663020719532e+03 2.010595472839753938e+03
1.365704508155623216e+03 1.956555089044073839e+03
1.300369860600776292e+03 1.894775277315046651e+03
1.226443431236308925e+03 1.823952720708776951e+03
1.148767387000992812e+03 1.749043515760130276e+03
1.074603377005990296e+03 1.677311700020295120e+03
1.010210675679775818e+03 1.614847893309371784e+03
9.572874075509138265e+02 1.563174577544930798e+03
9.119622298215336968e+02 1.518440069266294586e+03
8.681844787756297137e+02 1.474792482600871608e+03
8.215432340632593196e+02 1.428060364505916368e+03
7.720117505895153727e+02 1.378335554838146436e+03
7.235529244554550132e+02 1.329454704643988634e+03
6.801142429380710155e+02 1.285094651052638483e+03
6.426543037508338330e+02 1.246049518468998258e+03
6.088789790863729650e+02 1.210143400046602665e+03
5.754972455157515014e+02 1.174394598338168635e+03
5.413720173718688784e+02 1.137849896531405875e+03
5.080827879194089860e+02 1.101968578339147598e+03
4.776523510238279187e+02 1.068508090292109955e+03
4.503986954310369697e+02 1.037684113360180618e+03
4.248573257801173781e+02 1.008220441953597060e+03
3.997767700186669799e+02 9.790901139762645471e+02
3.753874897257966836e+02 9.505139910310599589e+02
3.526761716205462562e+02 9.232834418742313574e+02
3.318306180370755669e+02 8.975144644933577638e+02
3.121691442033287558e+02 8.726614778460917705e+02
2.932227547711534612e+02 8.483764445010871214e+02
2.752499835907640886e+02 8.248537956207950401e+02
2.585295983757196154e+02 8.022786651555290973e+02
2.428554553605655997e+02 7.804896088363354920e+02
2.279512890958051798e+02 7.592933998641384505e+02
2.138677673745559389e+02 7.387185253384164980e+02
2.006649190560306408e+02 7.187932721548979771e+02
1.882399503175111874e+02 6.994431001726567274e+02
1.765423048811626643e+02 6.806270913443518111e+02
1.655329743263945943e+02 6.623130475318716890e+02
1.551747536347962182e+02 6.444710470230407964e+02
1.454321806881740713e+02 6.270733110229245995e+02
1.362714759288805908e+02 6.100940807560901931e+02
1.276604823709328258e+02 5.935095041305809218e+02
1.195685823338446454e+02 5.772974934997703258e+02
1.119665317733518179e+02 5.614374465031082764e+02
1.048265244593965519e+02 5.459103217890556152e+02
9.812218963087975965e+01 5.306986451245142007e+02
9.182852875554941363e+01 5.157864293381818470e+02
8.592185416889182648e+01 5.011590991116379996e+02
8.037972970458218924e+01 4.868034201830425332e+02
7.518091250722611107e+01 4.727074601958386779e+02
7.030527837775152022e+01 4.588612214433160830e+02
6.573377318321055895e+01 4.452565354476369635e+02
6.144838552158935840e+01 4.318861849897998013e+02
5.743209674570382361e+01 4.187438131950456182e+02
5.366883179245412805e+01 4.058238763677890120e+02
5.014341203863135377e+01 3.931215979421875204e+02
4.684151012971251049e+01 3.806329235625116780e+02
4.374960590498557167e+01 3.683550373255004047e+02
4.085494359523505636e+01 3.562874161819348160e+02
3.814549485887179969e+01 3.444301603735275421e+02
3.560992139820418600e+01 3.327835850818163408e+02
3.323753869129887306e+01 3.213481931912182290e+02
3.101828138204312069e+01 3.101246483941612269e+02
2.894267027102198853e+01 2.991137486754362271e+02
2.700178042910316378e+01 2.883165816737520117e+02
2.518720745710704989e+01 2.777362025593466797e+02
2.349104190691085492e+01 2.673765478459034739e+02
2.190584501325942313e+01 2.572411368885842649e+02
2.042462260587934253e+01 2.473330558234192722e+02
1.904080028643269884e+01 2.376549612737923098e+02
1.774819985985664417e+01 2.282090851427813050e+02
1.654101695135542016e+01 2.189972506066592643e+02
1.541379864293155499e+01 2.100216723490740947e+02
1.436142295456731333e+01 2.012853624030202866e+02
1.337908193676244117e+01 1.927907128541799864e+02
1.246226369057576022e+01 1.845393812992934670e+02
1.160673513095211185e+01 1.765323282509967271e+02
1.080852567846200962e+01 1.687698551750303011e+02
1.006391183503132680e+01 1.612516429210575950e+02
9.369402388105781299e+00 1.539768819044862198e+02
8.721723828235486309e+00 1.469446749527565146e+02
8.117808349846068694e+00 1.401536687474696521e+02
7.554781921927511412e+00 1.336019208887450702e+02
7.029952609497956750e+00 1.272869485181776810e+02
6.540799555898742845e+00 1.212057760156611010e+02
6.084962591999989456e+00 1.153549814413863999e+02
5.660232417346872325e+00 1.097307423940153939e+02
5.264540936691626705e+00 1.043288961745053882e+02
4.895952728162933809e+00 9.914497678253860613e+01
