2.374319090637474801e+04 2.365947937981090945e+04
2.389713066987181082e+04 2.381052308760853339e+04
2.403784257532151605e+04 2.394829577555478681e+04
2.416463756943305998e+04 2.407211185452764767e+04
2.427678976963072273e+04 2.418125057791810468e+04
2.437356862353306497e+04 2.427498752030454853e+04
2.445426318858737432e+04 2.435261834659977103e+04
2.451815797034660864e+04 2.441343487596482009e+04
2.456452432757312999e+04 2.445671660086956035e+04
2.459266270039492520e+04 2.448177260660101456e+04
2.460189785069777645e+04 2.448793699087355344e+04
2.459152863536986479e+04 2.447451960029137626e+04
2.456087831906083375e+04 2.444085554023089207e+04
2.450932142306624883e+04 2.438633161995246337e+04
2.443625228718478320e+04 2.431035594096239583e+04
2.434108511688702492e+04 2.421235806760857304e+04
2.422330234520327940e+04 2.409183608417083087e+04
2.408245105816366049e+04 2.394835345192020395e+04
2.391811061885784147e+04 2.378150844675623739e+04
2.372993699926000772e+04 2.359097645619450486e+04
2.351768143127777512e+04 2.337652792452863287e+04
2.328118249821940481e+04 2.313802271856069274e+04
2.302037248597925645e+04 2.287541603807374122e+04
2.273529493874588661e+04 2.258877335338790726e+04
2.242611958109719490e+04 2.227828634476463776e+04
2.209316892835674662e+04 2.194430226122449312e+04
2.173689050091299214e+04 2.158729210352343216e+04
2.135785697603335939e+04 2.120784983021946027e+04
2.095686045710348117e+04 2.080679019864557267e+04
2.053487794919997032e+04 2.038511259346345469e+04
2.009298674584832770e+04 1.994391284964995066e+04
1.963245385010239261e+04 1.948447415551057566e+04
1.915487398497292816e+04 1.900840748145741600e+04
1.866192663936236568e+04 1.851740407915422111e+04
1.815535626992559628e+04 1.801321503378829584e+04
1.763729295485475450e+04 1.749797404858365189e+04
1.711005255086666875e+04 1.697399639260237018e+04
1.657587859388731886e+04 1.644351941630520741e+04
1.603720040535887711e+04 1.590895963606347323e+04
1.549687469761639659e+04 1.537315353334510837e+04
1.495760458523738453e+04 1.483877998799131819e+04
1.442193300516511590e+04 1.430835349482437414e+04
1.389278801461990952e+04 1.378476114733661598e+04
1.337306280105992664e+04 1.327085071814253752e+04
1.286527819071688464e+04 1.276909971071811924e+04
1.237198836262912118e+04 1.228200722141012920e+04
1.189599662609200459e+04 1.181230353696335078e+04
1.143969596503662251e+04 1.136231721111101797e+04
1.100503484981826477e+04 1.093393959105294562e+04
1.059352182442050980e+04 1.052860947899793246e+04
1.020631843459438642e+04 1.014742324078330785e+04
9.844319812511679629e+03 9.791223882188187417e+03
9.508442429042575895e+03 9.460858406323808595e+03
9.199723926511491300e+03 9.157270212724977682e+03
8.919032610555210340e+03 8.881247984493174954e+03
8.666133971817149359e+03 8.632511316265186906e+03
8.437820852395856491e+03 8.407874192796201896e+03
8.230654866541877709e+03 8.203925634562010600e+03
8.041571474976993159e+03 8.017625981772313935e+03
7.867876048710243595e+03 7.846312112812424857e+03
7.707118911692280562e+03 7.687563220666788766e+03
7.556251814852611460e+03 7.538391218250236307e+03
7.411112467474171353e+03 7.394747476125024150e+03
7.267574516175785902e+03 7.252623703328107695e+03
7.120522514139337545e+03 7.107097472512564309e+03
6.964571700931272972e+03 6.953004057073721015e+03
6.794663236389762460e+03 6.785522142413678012e+03
6.606084183299219148e+03 6.600202585891621311e+03
6.395345153920409757e+03 6.393775786350510316e+03
6.161100317284485754e+03 6.165067640708681211e+03
5.903590750983527869e+03 5.914404136185726202e+03
5.625892614938960833e+03 5.644833468651216208e+03
5.332191538491087158e+03 5.360432491909526107e+03
5.027879446779936188e+03 5.066416495315423163e+03
4.718988690321812101e+03 4.768570201167854975e+03
4.412629585331763337e+03 4.473677168050247928e+03
4.116019942241260651e+03 4.188587276695144283e+03
3.836350337658781882e+03 3.920103983809128749e+03
3.580709163605965841e+03 3.674846884856071028e+03
3.355010238660701816e+03 3.458351127234610885e+03
3.162794533695036989e+03 3.273831578372665717e+03
3.005723856153284942e+03 3.122727055968848617e+03
2.881705210324385462e+03 3.002926519024355002e+03
2.786810358783794527e+03 2.910585817576533373e+03
2.714349360289797914e+03 2.839310801558501225e+03
2.656523332315018706e+03 2.781699667073582532e+03
2.604323868489607321e+03 2.729284963592308941e+03
2.548550387534030051e+03 2.673491418418562262e+03
2.480831316034702468e+03 2.606577698284270355e+03
2.394965521195675137e+03 2.522878155306265853e+03
2.288095801930003290e+03 2.419867399069456951e+03
2.160925323569895681e+03 2.298318394742440887e+03
2.017774588398037622e+03 2.162333812981667506e+03
1.866572528336261712e+03 2.019309948361322540e+03
1.717985944005159354e+03 1.879083832593079251e+03
1.582910498868594004e+03 1.751628882656674023e+03
1.469397257958069531e+03 1.644240923949412945e+03
1.380538653327810607e+03 1.559615884325887919e+03
1.315042675403381736e+03 1.496433661281241484e+03
1.268760556020065223e+03 1.450789638751943357e+03
1.234847330260279477e+03 1.416373852691008778e+03
1.203574396423419557e+03 1.384335962859998745e+03
1.165105135412497248e+03 1.345815997004916426e+03
1.113592586967493617e+03 1.295623792738859265e+03
1.048725312295879121e+03 1.233579973951372494e+03
9.746094137118342360e+02 1.163458468843689388e+03
8.985656683176712249e+02 1.091858624032242233e+03
8.291229160134637368e+02 1.026375198498748205e+03
7.724010728289355256e+02 9.723758422323465993e+02
7.300701390573028675e+02 9.312347220111580555e+02
6.994925076910603821e+02 9.005222658913743317e+02
6.743449877453041381e+02 8.746112907823835485e+02
6.473800638377092582e+02 8.471392705370275280e+02
6.144196116700719585e+02 8.144953706512786766e+02
5.753845575495403182e+02 7.766738770980510935e+02
5.338009001063900314e+02 7.367871934728677843e+02
4.952531182432155674e+02 6.996717742341006669e+02
4.635853502623085092e+02 6.685928174326555791e+02
4.389286934719988835e+02 6.435958163409634381e+02
4.184335673091227932e+02 6.221965249150144928e+02
3.979432664795896244e+02 6.008475189385727617e+02
3.749700084100769004e+02 5.774655328655059066e+02
3.502631282755674533e+02 5.527153267310235378e+02
3.263922863591387227e+02 5.287649939003836153e+02
3.056843175412291203e+02 5.075364350534281357e+02
2.884117776358820606e+02 4.892192003684156703e+02
2.728348264265339935e+02 4.723519110523158702e+02
2.570865338436524894e+02 4.554015096692831435e+02
2.408188736878126122e+02 4.380975061028509003e+02
2.250823587794374987e+02 4.212987281472909444e+02
2.109892279855892525e+02 4.058905998722488562e+02
1.985159812500388625e+02 3.918353389299396099e+02
1.867679606081204895e+02 3.784113707981387051e+02
1.751555169796063183e+02 3.651547124675481086e+02
1.639285393016754426e+02 3.522636749807729188e+02
1.535876769969731299e+02 3.401219228407888977e+02
1.441515761525259052e+02 3.287338471762752192e+02
1.352339203052569019e+02 3.177983715265014553e+02
1.266544070349439579e+02 3.071779487976444898e+02
1.185708583670154610e+02 2.969888547954577120e+02
1.110879184795227133e+02 2.873034397188638422e+02
1.040792743944904828e+02 2.780239588708745941e+02
9.743450769698237934e+01 2.690673091117209879e+02
9.118211466898155493e+01 2.604515711163574565e+02
8.534758258667773134e+01 2.521908983966455082e+02
7.987917331906146501e+01 2.442468894854664256e+02
7.473957560893727248e+01 2.365900905378640573e+02
6.991171180399490481e+01 2.292055415033278791e+02
6.537938100351659898e+01 2.220794341602622239e+02
6.112692510121210177e+01 2.151988018221277628e+02
5.713924388882892913e+01 2.085514652133597053e+02
5.340180537472073752e+01 2.021259822782734545e+02
4.990065169475035134e+01 1.959116015298896230e+02
4.662216421719975301e+01 1.898980267694870463e+02
4.355265918988557416e+01 1.840750019462217608e+02
4.067913159726721517e+01 1.784328217040425102e+02
3.798937366740570099e+01 1.729624164895652711e+02
3.547192617343210230e+01 1.676553125604280865e+02
3.311603273585625118e+01 1.625035948909498131e+02
3.091159693713775880e+01 1.574998727229091458e+02
2.884914614414138612e+01 1.526372625916986010e+02
2.691987205952394291e+01 1.479096622502091805e+02
2.511556548292911373e+01 1.433116652675612102e+02
2.342849341572772204e+01 1.388382093441161089e+02
2.185137070549345495e+01 1.344845433845953551e+02
2.037733662041689087e+01 1.302462095061212892e+02
1.899993244781395418e+01 1.261190260807856447e+02
1.771308008816939861e+01 1.220990717323673209e+02
1.651105649002964171e+01 1.181827146179711576e+02
1.538845790704407790e+01 1.143667527064239664e+02
1.434020372218672001e+01 1.106482281498004028e+02
1.336152552830245455e+01 1.070243498122413257e+02
1.244794889763801571e+01 1.034924834358547656e+02
1.159527614507810611e+01 1.000501422796846214e+02
1.079957003706457641e+01 9.669497819185239962e+01
1.005713844820611946e+01 9.342477538833908568e+01
9.364521850975895845e+00 9.023754107747103603e+01
8.718479630261672497e+00 8.713151861150791433e+01
8.115973948632719370e+00 8.410503550966819830e+01
7.554157489245001855e+00 8.115648733109794932e+01
7.030362109233426970e+00 7.828433295120700564e+01
6.542088122426624075e+00 7.548709004659529853e+01
6.086994179993343579e+00 7.276333078168364921e+01
5.662887477030588812e+00 7.011169142964924106e+01
5.267713417276779886e+00 6.753094867148132607e+01
4.899548519659243873e+00 6.501994647192947241e+01
4.556593168237037972e+00 6.257754691822943016e+01
4.237163951024694342e+00 6.020262812275862530e+01
3.939686445679254412e+00 5.789408244615837162e+01
3.662688430986280164e+00 5.565081483947776064e+01
3.404793500428001884e+00 5.347174165089980846e+01
3.164715025906824852e+00 5.135583452011995576e+01
2.941250492633627367e+00 4.930215418365882840e+01
2.733276255507702146e+00 4.730975753774455939e+01
2.539742554163826771e+00 4.537768637823571538e+01
2.359668821723658105e+00 4.350496809146898158e+01
2.192139278477663211e+00 4.169061639025538568e+01
2.036298794173989624e+00 3.993363209215863918e+01
1.891348987690041339e+00 3.823301243347804501e+01
1.756544433002052319e+00 3.658783540128496270e+01
