2.205009007755894345e+04 2.186520173731224349e+04
2.233457742674432302e+04 2.214226532844815665e+04
2.261300165950831797e+04 2.241308441141027288e+04
2.288472944011720028e+04 2.267703278205731840e+04
2.314910774941301861e+04 2.293346645953152256e+04
2.340547360473157096e+04 2.318173252329785100e+04
2.365313436488919251e+04 2.342114994365404709e+04
2.389136793575511911e+04 2.365100986817210651e+04
2.411944617063957776e+04 2.387059854475902102e+04
2.433662700042239885e+04 2.407918998468519567e+04
2.454213043498471234e+04 2.427602328620651315e+04
2.473516986643547352e+04 2.446033254968438996e+04
2.491496020395716187e+04 2.463135474527222323e+04
2.508069159862410379e+04 2.478830495445517590e+04
2.523154191638269185e+04 2.493038835493420265e+04
2.536670173285017881e+04 2.505682404526578102e+04
2.548536179667073156e+04 2.516683342379051828e+04
2.558669749165456960e+04 2.525962576685060776e+04
2.566990473318101431e+04 2.533443212850382770e+04
2.573420572565814655e+04 2.539051096229328687e+04
2.577882942157773141e+04 2.542713039957921137e+04
2.580303171552862841e+04 2.544358705004333024e+04
2.580611343674787713e+04 2.543922276134199274e+04
2.578742041453051206e+04 2.541342570292916207e+04
2.574634661165524449e+04 2.536563376397485627e+04
2.568234670699460548e+04 2.529534512946987888e+04
2.559494772996528627e+04 2.520212979381624609e+04
2.548377549699029987e+04 2.508565691019073711e+04
2.534853961322745090e+04 2.494567825169940988e+04
2.518903269966165317e+04 2.478202661489354068e+04
2.500519714375583135e+04 2.459468267267268311e+04
2.479712245427970629e+04 2.438377184288299759e+04
2.456498538828578603e+04 2.414950356067816756e+04
2.430910649169031603e+04 2.389222738312837100e+04
2.403006258460650861e+04 2.361254490318087846e+04
2.372853733203109368e+04 2.331116016503518767e+04
2.340530831728356861e+04 2.298886651310366142e+04
2.306148043526976835e+04 2.264677912811548958e+04
2.269836844022709920e+04 2.228621756938119142e+04
2.231731998632176692e+04 2.190852921904663162e+04
2.191988232192964642e+04 2.151525625897551799e+04
2.150794619313260773e+04 2.110827973613038193e+04
2.108340641926792159e+04 2.068947985545949268e+04
2.064820045122835654e+04 2.026077504884932205e+04
2.020480984410915335e+04 1.982462507350200758e+04
1.975584022114694380e+04 1.938361031880956580e+04
1.930374150706316141e+04 1.894015222246734265e+04
1.885081589386095220e+04 1.849652960129616986e+04
1.839921747044576841e+04 1.805488044130756680e+04
1.795093183628641782e+04 1.761717197704928185e+04
1.750801443605372697e+04 1.718544086637528017e+04
1.707333685556713317e+04 1.676254620760804755e+04
1.664975348185941766e+04 1.635133193560691325e+04
1.623980689801620429e+04 1.595433286484406017e+04
1.584543211344247538e+04 1.557349972003391122e+04
1.546806101752155519e+04 1.521029959458803387e+04
1.510894588233150353e+04 1.486602216183510245e+04
1.476847481392582995e+04 1.454110829052621193e+04
1.444560904408473289e+04 1.423459572301200569e+04
1.413922201261014743e+04 1.394543347631676261e+04
1.384781024994879772e+04 1.367219376481497784e+04
1.356908825180036729e+04 1.341266739080662592e+04
1.330081288959914491e+04 1.316467785509013265e+04
1.304036167100415332e+04 1.292565001538376782e+04
1.278472838602538468e+04 1.269260043149187004e+04
1.253093630181740809e+04 1.246254769696108633e+04
1.227537036935802098e+04 1.223181217983438728e+04
1.201440779817115799e+04 1.199666184829204394e+04
1.174415361133285660e+04 1.175301590495070013e+04
1.146056036260050678e+04 1.149656161221665025e+04
1.116010775911546079e+04 1.122345610695576397e+04
1.083990297392204411e+04 1.093042156338092900e+04
1.049830392890479197e+04 1.061542712216383734e+04
1.013567226286999175e+04 1.027849514606325283e+04
9.753941189555247547e+03 9.921293911162796576e+03
9.357317440070217344e+03 9.547920488092791857e+03
8.951218140499575384e+03 9.163804384137372836e+03
8.542296304712672281e+03 8.775765101431503354e+03
8.137547728713276229e+03 8.391064442411878190e+03
7.743950723536779151e+03 8.017028498814460363e+03
7.368436066684137586e+03 7.660986440226710329e+03
7.017088209420844578e+03 7.329456396973364463e+03
6.695295648698673176e+03 7.028250734875467970e+03
6.407059170919808821e+03 6.761803799791223355e+03
6.153888675763952051e+03 6.531947028640842291e+03
5.934846367805530463e+03 6.337974863235587691e+03
5.745476973976898989e+03 6.175427873236501000e+03
5.578744709684178815e+03 6.037014822565780378e+03
5.425631729342154358e+03 5.913147477849067400e+03
5.276248441316029130e+03 5.793040744830162112e+03
5.121238655123536773e+03 5.666205683946489444e+03
4.952692031750760179e+03 5.523476254670439630e+03
4.765512181517107820e+03 5.358656246245785042e+03
4.558280926490490856e+03 5.169653175165214634e+03
4.333620896763182827e+03 4.959049197778993403e+03
4.097940313626352690e+03 4.733924973218023297e+03
3.860199350002616029e+03 4.504437997215502946e+03
3.630631917196194991e+03 4.282293404139822087e+03
3.419369296470145855e+03 4.079105405998974220e+03
3.234531640059105939e+03 3.904202418294984454e+03
3.079746951352520682e+03 3.761841090099006578e+03
2.952561369146651032e+03 3.649437803260804685e+03
2.845447109808873847e+03 3.558641463162805394e+03
2.748529358943739226e+03 3.478284187984961591e+03
2.651726775273334624e+03 3.396714398265612544e+03
2.546093196178143899e+03 3.303348017862788311e+03
2.426271237339262370e+03 3.191687346762530979e+03
2.293462282624833279e+03 3.063038861647029989e+03
2.155148488545635701e+03 2.926273624294280580e+03
2.021113329547827789e+03 2.793008168702276635e+03
1.899874581531635840e+03 2.673266777609656401e+03
1.796703727453787224e+03 2.573171518894870132e+03
1.711647981228305525e+03 2.492755787701804820e+03
1.639156180437995090e+03 2.425600249672452264e+03
1.570823208282463384e+03 2.361969257240049956e+03
1.499009825391035292e+03 2.292974024923956222e+03
1.419860986171575632e+03 2.214170619277227615e+03
1.335937821264860077e+03 2.128692890617410285e+03
1.253599674803211201e+03 2.044072648973189189e+03
1.178860335268266681e+03 1.967275384160699332e+03
1.114813050060385194e+03 1.901755676717604501e+03
1.059820494828075425e+03 1.845554942491502743e+03
1.008650141367262449e+03 1.792732808508107837e+03
9.565716823495087056e+02 1.738027373034179391e+03
9.020895472407556781e+02 1.679905797213660435e+03
8.475822261697767317e+02 1.621161245059395924e+03
7.970071780603757361e+02 1.566189783925354504e+03
7.522427852906105272e+02 1.516961294726645747e+03
7.120964673708949704e+02 1.472113135771212228e+03
6.737265368846483398e+02 1.428626613428910787e+03
6.352335117908655775e+02 1.384595191893655510e+03
5.972469166435987518e+02 1.340771761672502180e+03
5.616632975953954201e+02 1.299114948676814947e+03
5.293406020002679497e+02 1.260434683150117735e+03
4.994288422648349979e+02 1.223853255939327482e+03
4.705655834871283787e+02 1.188076944899967430e+03
4.424739048572877209e+02 1.152896581122423413e+03
4.159010996619215348e+02 1.119021566634004785e+03
3.913182742113936570e+02 1.086849977904859770e+03
3.683119329592938129e+02 1.055994949148432170e+03
3.463112493728624486e+02 1.025976753493535170e+03
3.253267096794792792e+02 9.968177196845753087e+02
3.056527316381735773e+02 9.687447319261865459e+02
2.872385714318890564e+02 9.416982804331627221e+02
2.698044055576539222e+02 9.154605105394115299e+02
2.532786800064203305e+02 8.899768459464058878e+02
2.377471121366575630e+02 8.652938076800543286e+02
2.231577167860362465e+02 8.413617992338751037e+02
2.094083318158091345e+02 8.181058797556297577e+02
1.964480387661880059e+02 7.954796084679373962e+02
1.842383900391337477e+02 7.734453611657294232e+02
1.727421236664014259e+02 7.519682684626703804e+02
1.619231973361584380e+02 7.310160551689498334e+02
1.517468130291361206e+02 7.105588921929635262e+02
1.421794331015560715e+02 6.905692596824956127e+02
1.331885242902505126e+02 6.710213843610744107e+02
1.247415499012236211e+02 6.518893144096310834e+02
1.168072132949004498e+02 6.331486132773386544e+02
1.093559167206109350e+02 6.147770782965390026e+02
1.023596755937007572e+02 5.967546267557216879e+02
9.579203638798823306e+01 5.790631885406679658e+02
8.962799836873905690e+01 5.616866049522657249e+02
8.384393908357982639e+01 5.446105337727374263e+02
7.841760740074526836e+01 5.278232068662820211e+02
7.332814499377410300e+01 5.113167185860655195e+02
6.855583812856855275e+01 4.950847130573492905e+02
6.408203025765762106e+01 4.791218693346921782e+02
5.988907286615248893e+01 4.634238381514456933e+02
5.596027802054261713e+01 4.479871794522403547e+02
5.227987260792698976e+01 4.328093005241204878e+02
4.883295387639751794e+01 4.178884364620905671e+02
4.560542658351138812e+01 4.032259683036993465e+02
4.258395835672208563e+01 3.888272173230843123e+02
3.975597543272700563e+01 3.746975448803714244e+02
3.710962601941293570e+01 3.608419876882443873e+02
3.463374227271626182e+01 3.472652418748437526e+02
3.231780402134043584e+01 3.339716482994924718e+02
3.015190417774879350e+01 3.209651791797173246e+02
2.812671568109768927e+01 3.082495724304293958e+02
2.623345861488353847e+01 2.958307329594852604e+02
2.446387103467203161e+01 2.837158930721773231e+02
2.281018207551682053e+01 2.719111685079604968e+02
2.126508482995165750e+01 2.604215219024155772e+02
1.982171052320602556e+01 2.492508120629694588e+02
1.847360398451127494e+01 2.384018451707239876e+02
1.721470035995568892e+01 2.278764274999589929e+02
1.603930275785614867e+01 2.176755312789810830e+02
1.494205964979689050e+01 2.078000972906712320e+02
1.391794658697136811e+01 1.982504622601221058e+02
1.296224840437029435e+01 1.890259422922217141e+02
1.207054125562063263e+01 1.801249063704622699e+02
1.123867560355082595e+01 1.715448522202073036e+02
1.046276012859969207e+01 1.632824808206059402e+02
9.739146511169449738e+00 1.553337691958645905e+02
9.064414697101364382e+00 1.476940389491072665e+02
8.435358385104297696e+00 1.403580185017045778e+02
7.848973576894064053e+00 1.333199173269419191e+02
7.302446796683160990e+00 1.265734914946647933e+02
6.793143558410857707e+00 1.201121036219576155e+02
6.318597488987983013e+00 1.139287798128571296e+02
