1.469122541527703652e+04 1.459411796420070095e+04
1.489286570150668922e+04 1.479167481106340711e+04
1.509077827750665892e+04 1.498538565246909457e+04
1.528452709257992137e+04 1.517481635615739469e+04
1.547366667886165305e+04 1.535952392571981181e+04
1.565773965800018595e+04 1.553905398626652459e+04
1.583626089668867644e+04 1.571292504734409886e+04
1.600873288929357295e+04 1.588064385821801625e+04
1.617465251053247084e+04 1.604171217400409114e+04
1.633349553010169438e+04 1.619561170519717598e+04
1.648471712280204883e+04 1.634180469335964153e+04
1.662777062870423833e+04 1.647975228756304568e+04
1.676210327176053033e+04 1.660891043787094532e+04
1.688713932548708544e+04 1.672871356955556257e+04
1.700230194011069761e+04 1.683859593182684694e+04
1.710702021724110455e+04 1.693799856365166852e+04
1.720071187185703820e+04 1.702635260881702561e+04
1.728278967130336241e+04 1.710308564441946510e+04
1.735268125477993453e+04 1.716764093328548552e+04
1.740982543245612760e+04 1.721947403082420715e+04
1.745366205537749192e+04 1.725804327431176353e+04
1.748365286035797180e+04 1.728282975038119912e+04
1.749928821801941740e+04 1.729334387700279694e+04
1.750008423160608800e+04 1.728912330899938752e+04
1.748558919089020492e+04 1.726973894936299985e+04
1.745539213225636195e+04 1.723480277423462394e+04
1.740913385641437344e+04 1.718397918562984705e+04
1.734651881457518903e+04 1.711699729025874694e+04
1.726730487274193729e+04 1.703363957156493780e+04
1.717131070136458948e+04 1.693374906522644233e+04
1.705846572968713008e+04 1.681727983573567690e+04
1.692878459153632502e+04 1.668427073767706679e+04
1.678234198055314118e+04 1.653481963902917050e+04
1.661933440265098034e+04 1.636914521879833228e+04
1.644012044297849934e+04 1.618762709488072869e+04
1.624512192741572289e+04 1.599070631328904346e+04
1.603484320643131286e+04 1.577890437238814047e+04
1.581003548384912028e+04 1.555298704454173276e+04
1.557156113327362618e+04 1.531382856191061728e+04
1.532031033645590469e+04 1.506232826343142187e+04
1.505735204777595391e+04 1.479956114353532939e+04
1.478396915635160804e+04 1.452681267579046107e+04
1.450143897779077088e+04 1.424535969962062700e+04
1.421110184130304151e+04 1.395653842533866373e+04
1.391469707835755798e+04 1.366207761290155941e+04
1.361401124138615160e+04 1.336374945514453248e+04
1.331072828672223113e+04 1.306322134629169886e+04
1.300644561099686689e+04 1.276207504801961841e+04
1.270267052554826114e+04 1.246180340571655324e+04
1.240079606256253464e+04 1.216378341870775876e+04
1.210229061724850180e+04 1.186946327711297090e+04
1.180919556299623582e+04 1.158085277562045485e+04
1.152352009247629758e+04 1.129992766833991482e+04
1.124705910084189964e+04 1.102845123103101287e+04
1.098118636100312324e+04 1.076777391607943537e+04
1.072693271509529586e+04 1.051891041078821763e+04
1.048520535514414041e+04 1.028275392965173342e+04
1.025629745219899814e+04 1.005959845936124657e+04
1.003951392862244938e+04 9.848773830624280890e+03
9.834100899472181482e+03 9.649552588800404919e+03
9.639028421536899259e+03 9.460939542926815193e+03
9.452717320004769135e+03 9.281405834806722851e+03
9.273614952231291682e+03 9.109447241700792802e+03
9.099884112016807194e+03 8.943281675246167651e+03
8.929411143758388789e+03 8.780855403528794341e+03
8.760089304320141309e+03 8.620115912671275510e+03
8.589336586853392873e+03 8.458539714974529488e+03
8.414557134022301398e+03 8.293579159543012793e+03
8.232938765622897336e+03 8.122461965145730574e+03
8.041551964106607556e+03 7.942284069362100126e+03
7.837833721270478236e+03 7.750484701383991705e+03
7.619658872325291668e+03 7.544917809175231014e+03
7.385798429832651891e+03 7.324304379328218602e+03
7.136438977534110563e+03 7.088758668725651660e+03
6.872903811298519031e+03 6.839511885446483575e+03
6.598134719025571940e+03 6.579408353418817569e+03
6.315962069573476583e+03 6.312177384030219400e+03
6.031106491495397677e+03 6.042447469503251341e+03
5.748565352935448573e+03 5.775131050243424397e+03
5.473348375771752217e+03 5.515166914052473658e+03
5.210486912861432756e+03 5.267507615995996275e+03
4.964419568764937139e+03 5.036545580802152472e+03
4.739116993522755365e+03 4.826190429526065600e+03
4.537567753511834781e+03 4.639414894782280498e+03
4.360950169839278715e+03 4.477395557928406561e+03
4.208713167660014733e+03 4.339629589234467858e+03
4.077716660769191094e+03 4.223052177053563355e+03
3.962998970775460748e+03 4.122788398553137995e+03
3.858098191435672561e+03 4.032432265044399628e+03
3.755905370111062894e+03 3.944869900057399263e+03
3.649621357164459369e+03 3.853210040051875239e+03
3.533433327520620878e+03 3.751467118204654071e+03
3.403530476749983336e+03 3.635624828326827810e+03
3.258725627631388306e+03 3.504312381939089391e+03
3.100783755273709630e+03 3.359195165970225389e+03
2.934259844694041931e+03 3.204846923020721988e+03
2.765610588458134316e+03 3.047828249110461911e+03
2.602312037942079769e+03 2.895757905269259481e+03
2.451847602524718241e+03 2.756253589265878873e+03
2.320294354779597597e+03 2.635483742388361406e+03
2.210436023954872326e+03 2.536272675338766931e+03
2.120614391750760660e+03 2.456969577150611258e+03
2.045485212159613866e+03 2.392202071718089428e+03
1.977930313631533863e+03 2.334759228217150849e+03
1.910545918393868305e+03 2.277057824223068565e+03
1.836639489768743715e+03 2.212152329883360835e+03
1.752115891685941278e+03 2.135729954003182684e+03
1.657717996663334134e+03 2.048513883716604141e+03
1.558829978132571114e+03 1.956092580782653613e+03
1.462611590939976850e+03 1.865898015417126771e+03
1.375434895283785636e+03 1.784494679620836450e+03
1.301363402655539176e+03 1.716019822983485255e+03
1.240592579887760166e+03 1.660642926151068650e+03
1.189150716738178517e+03 1.614297859792593727e+03
1.140861989196891955e+03 1.570671521815322876e+03
1.089983678691716477e+03 1.523876825407290426e+03
1.033514026323787675e+03 1.470847806855744921e+03
9.732294031399823098e+02 1.413459882117827192e+03
9.137916003265290783e+02 1.356538619940249646e+03
8.597379366411264527e+02 1.304709237765214311e+03
8.135244693676147563e+02 1.260414890592039455e+03
7.740375864569540454e+02 1.222484571653703597e+03
7.374301837640318809e+02 1.187037271859389875e+03
7.001135939928542484e+02 1.150497731485509576e+03
6.608591343080985325e+02 1.111693359170462827e+03
6.213817650346027222e+02 1.072390021572991600e+03
5.846653843943530546e+02 1.035552098916877867e+03
5.522062289089917613e+02 1.002612443489750376e+03
5.231933633260675833e+02 9.727434662528249874e+02
4.954953443756270985e+02 9.438832151319257946e+02
4.676279075704000547e+02 9.146442327089257560e+02
4.400145024239750455e+02 8.854725918170667001e+02
4.140919518412105162e+02 8.577320081494946180e+02
3.905632986838986653e+02 8.320540459768900519e+02
3.688234353135333663e+02 8.078619337295190235e+02
3.478310259326433425e+02 7.842178200430153083e+02
3.273424296313225454e+02 7.609275103974479180e+02
3.079227631427502274e+02 7.385005262368626973e+02
2.899561312926090864e+02 7.172594717968339637e+02
2.731492464961714859e+02 6.969423781859460405e+02
2.570591139267814356e+02 6.771812729883977227e+02
2.416826670878167249e+02 6.579818591959326568e+02
2.272525309380694409e+02 6.395293342027277959e+02
2.137442816827737602e+02 6.217959378496303771e+02
2.009451328076984282e+02 6.046147221246503705e+02
1.887958809076387752e+02 5.879417577992139741e+02
1.773671528784959435e+02 5.718249557972393404e+02
1.666206448199065733e+02 5.562307960342075148e+02
1.564791605071859806e+02 5.411016057730122384e+02
1.469159611209167622e+02 5.264158292352428816e+02
1.379022878199259594e+02 5.121491701142872444e+02
1.294099966335215015e+02 4.982783340976363320e+02
1.214120776771439978e+02 4.847815828387617785e+02
1.138826365825821512e+02 4.716386417056691016e+02
1.067968735322260159e+02 4.588306145021880411e+02
1.001310078207770289e+02 4.463398015682487880e+02
9.386189537655378956e+01 4.341488779515870533e+02
8.796732742354605250e+01 4.222413537621415571e+02
8.242623719417377970e+01 4.106019773401814064e+02
7.721864983747474298e+01 3.992166720172689338e+02
7.232563226058218220e+01 3.880724737688701111e+02
6.772924483674810858e+01 3.771574729992138373e+02
6.341249494041897350e+01 3.664607600059658239e+02
5.935930441821529513e+01 3.559724424605427657e+02
5.555450025022260974e+01 3.456838072046519983e+02
5.198372464943271609e+01 3.355870291505773366e+02
4.863338240309468574e+01 3.256750458827330590e+02
4.549060548254875869e+01 3.159415180711139328e+02
4.254321891270881650e+01 3.063807914093353020e+02
3.977970788564562810e+01 2.969878598635447702e+02
3.718918606889067746e+01 2.877583321152780513e+02
3.476135888163327081e+01 2.786888246428978846e+02
3.248648900031886200e+01 2.697773736509813034e+02
3.035538296054588159e+01 2.610224746259199264e+02
2.835936551503867875e+01 2.524229190286427524e+02
2.649025301514495112e+01 2.439777703052783409e+02
2.474032796791290778e+01 2.356863401931609019e+02
2.310231473095867472e+01 2.275481653151448143e+02
2.156935623295289517e+01 2.195630164001938738e+02
2.013498954723066703e+01 2.117319049434092904e+02
1.879312506479596223e+01 2.040570988782573920e+02
1.753802955200050206e+01 1.965407378853579416e+02
1.636430696186080880e+01 1.891847442921740594e+02
1.526687998554074355e+01 1.819908203777719677e+02
1.424097251030044120e+01 1.749604463267733934e+02
1.328209294693172460e+01 1.680948788367244049e+02
1.238601829831641687e+01 1.613952398782010391e+02
1.154877815392165452e+01 1.548634920001094315e+02
1.076664109576944206e+01 1.485018896633782788e+02
1.003610196455663228e+01 1.423121817890720422e+02
9.353868953189531155e+00 1.362956192915343365e+02
8.716851361933004583e+00 1.304529787331652813e+02
8.122148000448063954e+00 1.247845864890911827e+02
7.567036206679908616e+00 1.192903432724159671e+02
7.048961259912015720e+00 1.139698189002969713e+02
6.565525719432337759e+00 1.088225927684061247e+02
6.114481116864599386e+00 1.038479487203016163e+02
5.693719576614624245e+00 9.904474105488912983e+01
5.301265439739635710e+00 9.441142807026147921e+01
4.935267354888011937e+00 8.994610524974264365e+01
