2.001684061848583951e+04 1.983353388368605374e+04
2.031402085375257593e+04 2.012287835803758571e+04
2.060652522984860479e+04 2.040732819994684178e+04
2.089373980125231537e+04 2.068627175731277384e+04
2.117501718803522454e+04 2.095906685927686340e+04
2.144967533631112383e+04 2.122503992928362277e+04
2.171701865096969414e+04 2.148350513206965479e+04
2.197633273297198321e+04 2.173375921865696364e+04
2.222686329159224988e+04 2.197506100151911960e+04
2.246784063457418597e+04 2.220665539791155243e+04
2.269848762885711039e+04 2.242778133272626292e+04
2.291799663617610713e+04 2.263764999546696708e+04
2.312553576319273634e+04 2.283545095999284604e+04
2.332027367092753775e+04 2.302037590458631894e+04
2.350137234547482876e+04 2.319161195091691479e+04
2.366796918701140385e+04 2.334832492972287946e+04
2.381920721152647820e+04 2.348968811141753395e+04
2.395424308482206106e+04 2.361488999381689064e+04
2.407222957745832173e+04 2.372311827319946315e+04
2.417232826577302694e+04 2.381357188022609989e+04
2.425372984815446398e+04 2.388548005013120928e+04
2.431565537824283456e+04 2.393810416192916455e+04
2.435735651530541509e+04 2.397073874987701493e+04
2.437812907138139781e+04 2.398272332364602335e+04
2.437732238764602516e+04 2.397345140017953236e+04
2.435436461679709100e+04 2.394239653260424529e+04
2.430875672577494333e+04 2.388910539745135975e+04
2.424006667913558704e+04 2.381319106411184475e+04
2.414797491269874808e+04 2.371437825833267198e+04
2.403230552386269119e+04 2.359253421353286467e+04
2.389296584950840042e+04 2.344760762926482494e+04
2.372996745486596410e+04 2.327964912313200330e+04
2.354355841150167907e+04 2.308894220028667041e+04
2.333412305523082614e+04 2.287590319305814410e+04
2.310212394325053538e+04 2.264102329200197710e+04
2.284826898647645794e+04 2.238503403544896719e+04
2.257355081648852502e+04 2.210894583542930195e+04
2.227902290533409177e+04 2.181382556229141483e+04
2.196585464218590278e+04 2.150085131409348469e+04
2.163559894656858523e+04 2.117157850618077646e+04
2.128991027917002430e+04 2.082765892441467076e+04
2.093044431881744458e+04 2.047074104304601860e+04
2.055925170680801239e+04 2.010286356983353471e+04
2.017873786399236269e+04 1.972641511003926280e+04
1.979121874590883817e+04 1.934369055177153859e+04
1.939891422540137137e+04 1.895688850841293970e+04
1.900399421394176534e+04 1.856816629747829211e+04
1.860850845225247394e+04 1.817955990811605443e+04
1.821441141260902441e+04 1.779300730709519485e+04
1.782420374182531668e+04 1.741099843573371254e+04
1.744072103857444381e+04 1.703636210843578738e+04
1.706657146384617954e+04 1.667169788969419096e+04
1.670402187141127433e+04 1.631927732857524643e+04
1.635484276663398850e+04 1.598091173783610429e+04
1.602059377740104719e+04 1.565820555405209234e+04
1.570246107117041174e+04 1.535239548440860017e+04
1.540003283266259496e+04 1.506316090272575275e+04
1.511232518169962896e+04 1.478962126870585416e+04
1.483827570897208716e+04 1.453081503264649473e+04
1.457595304449231844e+04 1.428492182907243659e+04
1.432316774207727576e+04 1.404986052153720266e+04
1.407763913464188045e+04 1.382344493347236858e+04
1.383646068348700464e+04 1.360283930867462550e+04
1.359672996323712323e+04 1.338519036619812505e+04
1.335513234726275186e+04 1.316717867834431308e+04
1.310798062744951858e+04 1.294505219014850809e+04
1.285158029644589442e+04 1.271499069358037195e+04
1.258177589300966611e+04 1.247259595427218301e+04
1.229472215476060592e+04 1.221371578109292386e+04
1.198712897998998596e+04 1.193464763483861316e+04
1.165646707686389709e+04 1.163240210384729471e+04
1.130222858094444746e+04 1.130602415552150524e+04
1.092533960458123875e+04 1.095603035641993483e+04
1.052924007968110163e+04 1.058560633365649664e+04
1.011874684932384844e+04 1.019944255162228546e+04
9.700466400986349981e+03 9.804232056342860233e+03
9.281478646729710817e+03 9.407274079495507976e+03
8.869292858518520006e+03 9.016450952123539537e+03
8.471268159571784054e+03 8.639595192903778297e+03
8.094365079051402972e+03 8.284226525900659908e+03
7.744655872819334945e+03 7.957017219084500539e+03
7.427350772764140856e+03 7.663829825200000414e+03
7.145295391495805234e+03 7.408094112670412869e+03
6.899202384476143379e+03 7.191030938449488531e+03
6.685815408215503339e+03 7.009599188089133349e+03
6.499306167926307353e+03 6.857899087284002235e+03
6.330582083569821407e+03 6.726252849942577996e+03
6.169475603528112515e+03 6.603458312657055103e+03
6.005456694235620489e+03 6.477484703026148964e+03
5.829238639629713362e+03 6.337250238315977185e+03
5.633961020354589891e+03 6.174109523791231368e+03
5.416204136998997456e+03 5.983218227399001080e+03
5.177091786621470419e+03 5.765113987119853846e+03
4.922049359694011400e+03 5.525648620769449735e+03
4.659852305622663152e+03 5.274960899834211887e+03
4.401283548320181580e+03 5.025866362715194555e+03
4.157706605275054244e+03 4.792060833816955892e+03
3.939302155386911636e+03 4.585946847419458209e+03
3.752516854061421782e+03 4.415587313501394419e+03
3.597697145478223774e+03 4.281860193325743239e+03
3.468683752434938469e+03 4.177831479271983881e+03
3.355092402479068824e+03 4.091240759660110598e+03
3.245467163752346551e+03 4.008082605752130803e+03
3.129230199812426235e+03 3.914920234889039875e+03
2.998501144505215052e+03 3.801315730447316582e+03
2.851334351618814253e+03 3.664300577612521920e+03
2.693569830024197927e+03 3.511101239648539831e+03
2.535940379395587570e+03 3.355489219635946029e+03
2.389120962256577059e+03 3.211249201043385710e+03
2.260775548428083312e+03 3.088287214538495391e+03
2.153571163135206461e+03 2.990143337261538363e+03
2.063596864913741229e+03 2.912006796455458243e+03
1.982034002534023784e+03 2.842705145303219979e+03
1.899294051836605149e+03 2.769849967876096798e+03
1.808998762709544053e+03 2.685055277132855281e+03
1.710975131541214978e+03 2.588085362913289828e+03
1.611529680189687497e+03 2.487295326897336508e+03
1.518380087837092560e+03 2.392843446250059060e+03
1.436668398370002024e+03 2.311401328246888625e+03
1.366803302317107637e+03 2.243466600032621955e+03
1.303887370423657785e+03 2.182747140499912803e+03
1.241571135605101517e+03 2.121132911970018540e+03
1.176455116350478647e+03 2.054368789635975190e+03
1.109685057553288516e+03 1.984092174267172368e+03
1.045740650508918861e+03 1.916126211436721860e+03
9.882240806448199919e+02 1.855007337249201100e+03
9.370219597790083981e+02 1.800528800056602904e+03
8.892089645230144015e+02 1.749058404811844412e+03
8.417357756326784965e+02 1.696941899810021823e+03
7.941950637702407221e+02 1.643832236678353638e+03
7.486276308518843052e+02 1.592281223752572259e+03
7.068076168570848949e+02 1.544383860027892752e+03
6.684336993899099753e+02 1.499747373314805827e+03
6.318329801881857293e+02 1.456472306953676025e+03
5.960717074925485122e+02 1.413589976132883066e+03
5.617089717994828106e+02 1.371792047154343663e+03
5.296675176624254391e+02 1.332083548128658094e+03
4.998034001883641508e+02 1.294292898859169554e+03
4.713586420192983155e+02 1.257653806016893896e+03
4.440465836582824295e+02 1.221920468847954226e+03
4.182139580140465682e+02 1.187450588359100038e+03
3.940062614782900141e+02 1.154372418115699475e+03
3.711180192224032339e+02 1.122403696555614033e+03
3.493367570095381893e+02 1.091368165484610245e+03
3.287452598390911476e+02 1.061338605474272299e+03
3.093679212304253952e+02 1.032324116734542486e+03
2.910471751405755754e+02 1.004193659411234421e+03
2.737262212441683573e+02 9.768981571806334614e+02
2.573773184756206547e+02 9.504077414609664629e+02
2.419504453829751185e+02 9.246727222305121359e+02
2.273971451534133621e+02 8.996461215006892189e+02
2.136712850814596720e+02 8.752843053803338762e+02
2.007289585839166648e+02 8.515467829526697869e+02
1.885284029147436513e+02 8.283958647777257056e+02
1.770301581764486514e+02 8.057931727917792841e+02
1.661968976347295950e+02 7.836999704233361399e+02
1.559930526181417463e+02 7.620806176926855642e+02
1.463847356080476345e+02 7.409025574960146514e+02
1.373396773407284854e+02 7.201361567944377384e+02
1.288271650112573354e+02 6.997545603087147583e+02
1.208179816663622717e+02 6.797335550391005654e+02
1.132843387228607952e+02 6.600515151561406810e+02
1.061997599695752541e+02 6.406898206553095179e+02
9.953907629368985965e+01 6.216323706959644824e+02
9.327840942249144973e+01 6.028651303748804366e+02
8.739511475631633175e+01 5.843760296996892976e+02
8.186772577412784813e+01 5.661548685884030192e+02
7.667590035666667347e+01 5.481932240244748300e+02
7.180036900457125171e+01 5.304843586478597217e+02
6.722288458288379331e+01 5.130247301331492054e+02
6.292617333021996728e+01 4.958185853887640064e+02
5.889388994084978179e+01 4.788721380681527648e+02
5.511057342294805039e+01 4.621916395835104936e+02
5.156160427136775581e+01 4.457833380984161522e+02
4.823316334685255669e+01 4.296534380338189862e+02
4.511219242086995962e+01 4.138080602306784499e+02
4.218635630906349832e+01 3.982532196106049014e+02
3.944400150644020897e+01 3.829973001561466504e+02
3.687411793347743583e+01 3.680531574822376797e+02
3.446631699173448027e+01 3.534328388240163576e+02
3.221080066631037653e+01 3.391469094041491985e+02
3.009833057730726225e+01 3.252044948605725949e+02
2.812019846123958189e+01 3.116133277808659727e+02
2.626819803020188715e+01 2.983797978315215573e+02
2.453459810039644751e+01 2.855090471831049399e+02
2.291211567953380168e+01 2.730060715942095726e+02
2.139389200688864179e+01 2.608756326265786925e+02
1.997347115423302100e+01 2.491210388989980515e+02
1.864477799332388130e+01 2.377441734954317383e+02
1.740209717212283991e+01 2.267455884890755442e+02
1.624005314524504939e+01 2.161245995227139360e+02
1.515359121353955807e+01 2.058793797945505162e+02
1.413795930676613466e+01 1.960070541948165896e+02
1.318868910648420645e+01 1.865038015760655412e+02
1.230158136885571274e+01 1.773649354581708053e+02
1.147269189310410020e+01 1.685849823176270661e+02
1.069831685640906294e+01 1.601577653206562957e+02
9.974978916894851722e+00 1.520764849281445379e+02
9.299414064013410197e+00 1.443337960329304792e+02
8.668559180217330962e+00 1.369218814390941077e+02
