2.305697934025305585e+04 2.293485239776087110e+04
2.327616175290341926e+04 2.314924710815832805e+04
2.348444351325001116e+04 2.335262582405273861e+04
2.368107694568207808e+04 2.354424256558257184e+04
2.386531348997711757e+04 2.372335124856504262e+04
2.403637417495728369e+04 2.388917744449356178e+04
2.419346734564875806e+04 2.404093562241322797e+04
2.433581186045401773e+04 2.417785163123899110e+04
2.446261499182148691e+04 2.429914067123653149e+04
2.457305311399433776e+04 2.440398808161246416e+04
2.466631902009596160e+04 2.449159661943850006e+04
2.474162453985795582e+04 2.456118921721667721e+04
2.479816129217120761e+04 2.461197055843918497e+04
2.483513493894715793e+04 2.464316084706400943e+04
2.485179164961655624e+04 2.465402189747418015e+04
2.484739146709646229e+04 2.464383135388233131e+04
2.482120099553414184e+04 2.461187573859706390e+04
2.477254256376397097e+04 2.455749842962252660e+04
2.470079603840651180e+04 2.448010177281598953e+04
2.460537324104461368e+04 2.437912328201338096e+04
2.448575234412760256e+04 2.425406831801714361e+04
2.434149656826037608e+04 2.410452799880985913e+04
2.417225245437444755e+04 2.393017954682507479e+04
2.397775543183713307e+04 2.373079173129183982e+04
2.375784369465233613e+04 2.350623609696634958e+04
2.351247570014541270e+04 2.325650525688168636e+04
2.324176571319683353e+04 2.298175115891472524e+04
2.294595102114986366e+04 2.268224844395864420e+04
2.262539040650886818e+04 2.235839179581609278e+04
2.228066442846739665e+04 2.201079936929819451e+04
2.191254684155358700e+04 2.164028267444162339e+04
2.152191537439109743e+04 2.124775380808861155e+04
2.110984324990224195e+04 2.083431796956352991e+04
2.067774605451374737e+04 2.040142203997454271e+04
2.022713875220935734e+04 1.995060755323481499e+04
1.975961704368459687e+04 1.948349124328098696e+04
1.927718236361870004e+04 1.900209064092980407e+04
1.878204286069126465e+04 1.850862404961585344e+04
1.827636148853811756e+04 1.800525796175661162e+04
1.776252460386874736e+04 1.749437312963030490e+04
1.724336637856305606e+04 1.697878660065420263e+04
1.672160106200293012e+04 1.646118948465132416e+04
1.619982835370761313e+04 1.594415188444476735e+04
1.568105712699566720e+04 1.543063584704151435e+04
1.516827388207461809e+04 1.492357349728596455e+04
1.466414339089314308e+04 1.442557492998618181e+04
1.417143786000833097e+04 1.393933985616762766e+04
1.369318713579658288e+04 1.346780249018761424e+04
1.323204389731587071e+04 1.301352619739801230e+04
1.279022533603847114e+04 1.257864471005238556e+04
1.236940098238484461e+04 1.216473664317632574e+04
1.197088868725364409e+04 1.177303480796596159e+04
1.159577879203175326e+04 1.140455437940247248e+04
1.124534825058356910e+04 1.106046592129416058e+04
1.092109522366587589e+04 1.074212933127796532e+04
1.062432677771820454e+04 1.045072816222352048e+04
1.035487989739533805e+04 1.018603333918680255e+04
1.010933319233738985e+04 9.944672304077692388e+03
9.884094772455959173e+03 9.723112861943132884e+03
9.675965206415283319e+03 9.518213028190775731e+03
9.482185873911370436e+03 9.327276811215941052e+03
9.300225608879320134e+03 9.147833264519353179e+03
9.126825115706884390e+03 8.976737350901999889e+03
8.957692180437999923e+03 8.809884264576752685e+03
8.788551931293584857e+03 8.643197356657503406e+03
8.614050655280707360e+03 8.471632131444586776e+03
8.428669480104583272e+03 8.290008109099511785e+03
8.227169340938655296e+03 8.093453247956713312e+03
8.004653474744058258e+03 7.877462740545453926e+03
7.757622661758454342e+03 7.638857977355118237e+03
7.484804311539597620e+03 7.376598479011839117e+03
7.186707757158564164e+03 7.091290720642527049e+03
6.866918199601985179e+03 6.786432639588972961e+03
6.530187940087344032e+03 6.466571303107458334e+03
6.182649688818134564e+03 6.137521077056869217e+03
5.831112471511415606e+03 5.805671388136285714e+03
5.483341272899413525e+03 5.478261305640314276e+03
5.147174285953790786e+03 5.162544386253232915e+03
4.830294495092214675e+03 4.865596211245780978e+03
4.540334481896575198e+03 4.594324793289200898e+03
4.283615093598349631e+03 4.354458691034611547e+03
4.063905074648435857e+03 4.149261322505677526e+03
3.882896919867926044e+03 3.980092383299288031e+03
3.737922553533505379e+03 3.844296302802578339e+03
3.624188718429365508e+03 3.737281384790238917e+03
3.533699898749541262e+03 3.651598376602128155e+03
3.457264500665180549e+03 3.578762094688639081e+03
3.384568594624060552e+03 3.509348972064947247e+03
3.305396664817240435e+03 3.434107549791362089e+03
3.210831856275689461e+03 3.345020881058153918e+03
3.094716529932182311e+03 3.236622798901960778e+03
2.954948313006917033e+03 3.107147605533872593e+03
2.793490783111862129e+03 2.958495860763519431e+03
2.616198064620918103e+03 2.796060149555842600e+03
2.432507191919737579e+03 2.628405897079097031e+03
2.254441775560411770e+03 2.466303697711742643e+03
2.093990829135574586e+03 2.320380691537050097e+03
1.959774116403285916e+03 2.198156126489207509e+03
1.854493846734343606e+03 2.101818797904303665e+03
1.775486210986101469e+03 2.028820204415356557e+03
1.716818441810771674e+03 1.973781363113093676e+03
1.669862390895959834e+03 1.929026728382083547e+03
1.623441304743274259e+03 1.884726849780050998e+03
1.566811895863707377e+03 1.831511601141750816e+03
1.494254140955136336e+03 1.764469746202869146e+03
1.407028813917876278e+03 1.684817494141924499e+03
1.311306847496381806e+03 1.598034179292917770e+03
1.216018471567950655e+03 1.511914925630722109e+03
1.130657985222498155e+03 1.434611637555302650e+03
1.061404353879678411e+03 1.371301473880693948e+03
1.008868842488776522e+03 1.322348944841050297e+03
9.687481393936677705e+02 1.283967039860824116e+03
9.331112118726517792e+02 1.249370751142705558e+03
8.937427540742636438e+02 1.211625704986899564e+03
8.468446935345755264e+02 1.167595709049650395e+03
7.937843450472910263e+02 1.118516687062885239e+03
7.394983227921333082e+02 1.068576541607573745e+03
6.903874577932906504e+02 1.023082109161846120e+03
6.501419302692958126e+02 9.849951912588635423e+02
6.177787844892031899e+02 9.534088898773077290e+02
5.892582791349137779e+02 9.249669062463642604e+02
5.598662684625066959e+02 8.958403327781670669e+02
5.274927928957528138e+02 8.643702163170070207e+02
4.938926649329923180e+02 8.320137543645672622e+02
4.623203863468029908e+02 8.013726286744620211e+02
4.350086610406370937e+02 7.741702400363952847e+02
4.115756542333396624e+02 7.500499452681542607e+02
3.896452442722286946e+02 7.271334402794592506e+02
3.673091098949763023e+02 7.039568621662436954e+02
3.447067677403820767e+02 6.806511683573538676e+02
3.232861154307590823e+02 6.583200010466672438e+02
3.041028634314584451e+02 6.377328603779499190e+02
2.867428435663569530e+02 6.185528295175367930e+02
2.701008163465602934e+02 5.999567283586376334e+02
2.537221277876994634e+02 5.816202054716852672e+02
2.380934030820877467e+02 5.638956628948357093e+02
2.237088992733701787e+02 5.471220720612224113e+02
2.104075776042252812e+02 5.311710541620921049e+02
1.977230754950801952e+02 5.157140034095505143e+02
1.855655421351741268e+02 5.006892940748307979e+02
1.741544185906485893e+02 4.862392987567421301e+02
1.635319822103541583e+02 4.723825800522152463e+02
1.535138310041275815e+02 4.589926425106344823e+02
1.440104133432814137e+02 4.460088960882390552e+02
1.350728636191574594e+02 4.334586211263428481e+02
1.266969181292327562e+02 4.213326878302910927e+02
1.188256561173565444e+02 4.095928755885375381e+02
1.114129080535035996e+02 3.982068812169878811e+02
1.044351074438025648e+02 3.871561733246086874e+02
9.787032649151080932e+01 3.764238977004161484e+02
9.169736599576812353e+01 3.659942529713520685e+02
8.589577089266612120e+01 3.558524282915053050e+02
8.044584038348669708e+01 3.459845454319670921e+02
7.532863317350452803e+01 3.363776049019488710e+02
7.052575765198902502e+01 3.270193498942344377e+02
6.601875509316126056e+01 3.178979431896974575e+02
6.178995920694870136e+01 3.090022356432199899e+02
5.782273163460649812e+01 3.003218340765646985e+02
5.410140320386121005e+01 2.918470595182406555e+02
5.061121850619233697e+01 2.835689080975234901e+02
4.733828361781712601e+01 2.754790143551539359e+02
4.426952013058061652e+01 2.675696299262581874e+02
4.139271190743237838e+01 2.598339751972419549e+02
3.869644523726771723e+01 2.522662171035102574e+02
3.616994255251547230e+01 2.448609606368471248e+02
3.380302422596785306e+01 2.376131983993830090e+02
3.158607900759238873e+01 2.305182893600494367e+02
2.951003564125753087e+01 2.235719385205608489e+02
2.756633563658402863e+01 2.167701774135125845e+02
2.574690080284582905e+01 2.101094000418950714e+02
2.404408552052262493e+01 2.035865576603115414e+02
2.245068221334787850e+01 1.971989187259948153e+02
2.095990864705921197e+01 1.909439576481769620e+02
1.956538431073722251e+01 1.848193410794023066e+02
1.826110799857626077e+01 1.788229146711793760e+02
1.704143654360095539e+01 1.729526902257346705e+02
1.590106471806090660e+01 1.672068384377733139e+02
1.483500861693084083e+01 1.615838794741925994e+02
1.383858748592251686e+01 1.560827033700453796e+02
1.290740279692733417e+01 1.507022720535848066e+02
1.203732197360975498e+01 1.454415912401820492e+02
1.122446322700731791e+01 1.402997033597685856e+02
1.046518118682729614e+01 1.352756807471160982e+02
9.756053291790122373e+00 1.303686190990514717e+02
9.093866477669497073e+00 1.255777053604517590e+02
8.475603128007760390e+00 1.209025571670733683e+02
7.898431730032293707e+00 1.163428767983605354e+02
7.359696893736051848e+00 1.118982725072395539e+02
6.856908887629672655e+00 1.075682592845054302e+02
6.387733758148737451e+00 1.033522601323446111e+02
5.949984004402014470e+00 9.924960754534069451e+01
5.541609777188590158e+00 9.525954941114454755e+01
5.160690457000815634e+00 9.138147817371813630e+01
4.805426809449432568e+00 8.761500181088490535e+01
4.474133814473149506e+00 8.395958028441822307e+01
4.165233716739993319e+00 8.041450304365713464e+01
3.877249461057429958e+00 7.697889887017984734e+01
3.608798509564565826e+00 7.365174570627324613e+01
3.358587019984399458e+00 7.043188043322972192e+01
3.125404316896271073e+00 6.731803527693898559e+01
