2.723726235947130408e+04 2.703552602511172518e+04
2.755706310417094573e+04 2.734705927276924922e+04
2.786553908494652205e+04 2.764705619907174696e+04
2.816171245706059199e+04 2.793454216417319549e+04
2.844459065840619587e+04 2.820852927113487385e+04
2.871311825495885569e+04 2.846797060765245260e+04
2.896621175032996325e+04 2.871179379921487998e+04
2.920278891693075275e+04 2.893892927255078030e+04
2.942174061860926668e+04 2.914828219477473249e+04
2.962191832820762647e+04 2.933872011786274015e+04
2.980218473153886589e+04 2.950912355402105459e+04
2.996141114976413155e+04 2.965838367199278946e+04
3.009842597319665947e+04 2.978535194419708205e+04
3.021206654491151494e+04 2.988889119903036772e+04
3.030120920242114880e+04 2.996790521364006781e+04
3.036473658948622324e+04 3.002130710142223688e+04
3.040153803917749246e+04 3.004801991350116441e+04
3.041056439131947263e+04 3.004703014732232259e+04
3.039082920994287269e+04 3.001738934406152111e+04
3.034138395281277553e+04 2.995819097828522717e+04
3.026136012086479241e+04 2.986861068519093533e+04
3.014999024663174714e+04 2.974792650204819802e+04
3.000661540258947571e+04 2.959552821766160923e+04
2.983069408439513791e+04 2.941092575893352478e+04
2.962181201000073270e+04 2.919375662865107734e+04
2.937971360371073024e+04 2.894381791124856682e+04
2.910436049724015538e+04 2.866112643368680438e+04
2.879587327296307194e+04 2.834585730768893700e+04
2.845453168945826474e+04 2.799834315542558397e+04
2.808093277461348771e+04 2.761923360649360257e+04
2.767593740166853604e+04 2.720944036480131763e+04
2.724054213101233836e+04 2.677000682942762796e+04
2.677601752287918498e+04 2.630224622565741811e+04
2.628410471085824611e+04 2.580793780072208392e+04
2.576667672503952053e+04 2.528898653555535930e+04
2.522572476866821307e+04 2.474740861837949706e+04
2.466384287891592612e+04 2.418581232617810747e+04
2.408392382345834994e+04 2.360709482844384547e+04
2.348880038073037576e+04 2.301408564686572208e+04
2.288156560770082797e+04 2.240986373153121531e+04
2.226583169501252269e+04 2.179801309515540925e+04
2.164506278469195240e+04 2.118196230834180824e+04
2.102263818722136421e+04 2.056504574867925112e+04
2.040282416685212593e+04 1.995145272567286520e+04
1.978999091666936147e+04 1.934546237474834197e+04
1.918804188586977398e+04 1.875088760503657977e+04
1.860024565648491262e+04 1.817091302939820889e+04
1.802919058838281853e+04 1.760805276717297966e+04
1.747709753264362007e+04 1.706445688079834508e+04
1.694629240790194308e+04 1.654236713718525425e+04
1.644110666841357306e+04 1.604594204993284802e+04
1.596610858088983696e+04 1.557955980449711751e+04
1.552509895674073778e+04 1.514685462056262259e+04
1.511852807832049803e+04 1.474820877255887717e+04
1.474449807920693274e+04 1.438172884770230667e+04
1.440119087034821314e+04 1.404560553070988135e+04
1.408640651002985032e+04 1.373767259842023668e+04
1.379769842416194479e+04 1.345553560777109305e+04
1.353260929985612529e+04 1.319679751088116427e+04
1.328732108757993228e+04 1.295777227058987410e+04
1.305760909479368638e+04 1.273439235495866888e+04
1.283880475424888391e+04 1.252217940382705820e+04
1.262508236802032843e+04 1.231556995849168015e+04
1.241054298774091512e+04 1.210893403279870290e+04
1.218795865047041116e+04 1.189539230512922950e+04
1.194995398371846750e+04 1.166792196960984984e+04
1.168939459889784666e+04 1.141974090721961875e+04
1.139970421232154331e+04 1.114459141253981034e+04
1.107619729367019136e+04 1.083802303561131703e+04
1.071620172261762309e+04 1.049749791825336069e+04
1.032021113964487631e+04 1.012350359355148248e+04
9.891564579858655634e+03 9.719239705886369848e+03
9.436519704414817170e+03 9.290696721679409166e+03
8.963170371655793133e+03 8.845609215732574739e+03
8.481369404101722466e+03 8.393389797667872699e+03
8.001811432155904185e+03 7.944218122480257080e+03
7.536166586284119148e+03 7.509171282917486678e+03
7.095389651005021733e+03 7.098604759871055649e+03
6.690651511379359363e+03 6.722992349879709764e+03
6.330710051305247362e+03 6.390512062377601978e+03
6.021992640266471426e+03 6.107055439242794819e+03
5.766433455524457713e+03 5.874314251221087943e+03
5.562103980075619802e+03 5.690331411191362349e+03
5.402004163862930909e+03 5.548457624654012761e+03
5.276102472738570214e+03 5.439211396183711258e+03
5.171073592234455646e+03 5.350044747824366823e+03
5.072087010487145562e+03 5.266943718797459951e+03
4.963955548600302791e+03 5.175467236622364908e+03
4.832936830352498873e+03 5.062426790898693980e+03
4.669291708889919391e+03 4.918364898213463675e+03
4.468887963745625711e+03 4.739160080061235021e+03
4.234190978538511445e+03 4.527071900678842212e+03
3.974189900043310445e+03 4.290725555250878642e+03
3.703496893302191893e+03 4.044170750871920063e+03
3.440348045888526940e+03 3.804831281652319831e+03
3.202849863989650203e+03 3.589831898405906486e+03
3.004266999797669541e+03 3.411527740327814627e+03
2.849672821703810769e+03 3.274468639927556069e+03
2.735990444874323202e+03 3.175615253844943709e+03
2.654033523455159866e+03 3.106322939628807944e+03
2.589685902669528787e+03 3.053374661887814000e+03
2.525048078458807595e+03 2.999906584366007337e+03
2.442994796941441564e+03 2.929618404992302203e+03
2.334073240356973201e+03 2.833415167796319565e+03
2.199757029363243873e+03 2.712700155714838274e+03
2.050365061630882792e+03 2.577425435701051811e+03
1.901471575973325571e+03 2.442477352195971434e+03
1.769286146903530607e+03 2.323080108956399727e+03
1.664455709281837926e+03 2.228971870918218883e+03
1.587874489527520609e+03 2.160748636324391555e+03
1.531747062887535549e+03 2.111069553721829379e+03
1.481934236301564852e+03 2.066809458712656578e+03
1.424015389396751743e+03 2.014584755560320446e+03
1.350929756544862130e+03 1.947879696031728599e+03
1.265414357632719657e+03 1.869386739154542056e+03
1.177456709797715575e+03 1.788499503007034036e+03
1.099259062311372645e+03 1.716399429558096699e+03
1.037646536746585753e+03 1.659105437310753587e+03
9.904927044520043182e+02 1.614501463474740376e+03
9.493580529532423498e+02 1.574922022185343167e+03
9.047714341849742823e+02 1.531910324727072293e+03
8.528421095067498072e+02 1.482114634288957404e+03
7.975572834947776073e+02 1.429224402605583464e+03
7.462433760045430517e+02 1.379723041200552643e+03
7.036711169704723261e+02 1.337647468686041748e+03
6.685553015632132201e+02 1.301748254232203408e+03
6.353395968828481273e+02 1.267235936308620467e+03
5.997962680272718217e+02 1.230596113918950778e+03
5.626168227100572494e+02 1.192514115589438916e+03
5.276585748004712286e+02 1.156219171144034362e+03
4.974441330072791629e+02 1.123701193161727360e+03
4.706726958034161044e+02 1.093832220453995888e+03
4.443904474761662300e+02 1.064262211246034667e+03
4.176521466551373578e+02 1.034306274127302459e+03
3.920650724699070793e+02 1.005233518079799182e+03
3.690615210477701567e+02 9.780940604923420096e+02
3.480242042000761558e+02 9.523858078175011315e+02
3.275823908943008860e+02 9.271114699353296373e+02
3.076582965546761557e+02 9.022387762192630589e+02
2.890891907397921727e+02 8.783482789530983155e+02
2.720014733610112785e+02 8.555002157606011224e+02
2.557640296794261587e+02 8.332649960032666741e+02
2.401784872269592199e+02 8.115196521642801599e+02
2.255854222834769018e+02 7.904713054467100619e+02
2.119142453003256605e+02 7.700692909374288320e+02
1.990152336553755674e+02 7.502133476843501967e+02
1.868491247806437627e+02 7.308726811476344665e+02
1.753814241138801435e+02 7.120208468246360098e+02
1.645784974628638508e+02 6.936330940808652485e+02
1.544076344249077977e+02 6.756862731769786024e+02
1.448370775927620855e+02 6.581587273034751888e+02
1.358349682998102423e+02 6.410291210342094246e+02
1.273692188114555393e+02 6.242759871800922156e+02
1.194093240274896743e+02 6.078793012270679128e+02
1.119264264031460669e+02 5.918205409717811563e+02
1.048932319940508222e+02 5.760826107747120659e+02
9.828393050424649857e+01 5.606497707148573681e+02
9.207411916062947910e+01 5.455075701172836489e+02
8.624077072339650840e+01 5.306429141155433626e+02
8.076230841211534539e+01 5.160445061095864503e+02
7.561835591896759468e+01 5.017022763017782268e+02
7.078961071112621539e+01 4.876071086580166707e+02
6.625779481307705510e+01 4.737507939584514247e+02
6.200560731227552225e+01 4.601259846534160829e+02
5.801667854207289565e+01 4.467261511908842522e+02
5.427552445078868715e+01 4.335455669192505752e+02
5.076747172882908643e+01 4.205798940771647381e+02
4.747862655506333596e+01 4.078260709394551213e+02
4.439587438936783315e+01 3.952815586170343636e+02
4.150684141336170541e+01 3.829442746541155316e+02
3.879985591220702901e+01 3.708125611200670164e+02
3.626391143881787826e+01 3.588851530401366290e+02
3.388863169477309611e+01 3.471611471988899211e+02
3.166423844028438594e+01 3.356404965170539754e+02
2.958152229591308569e+01 3.243251269725488442e+02
2.763180774848234122e+01 3.132172888752895688e+02
2.580692338267789765e+01 3.023191294925237003e+02
2.409917464788324537e+01 2.916326802055240250e+02
2.250131794374019378e+01 2.811598442368116935e+02
2.100653597173119991e+01 2.709023849862839484e+02
1.960841397563131849e+01 2.608620226668074338e+02
1.830091364239504159e+01 2.510417458104812169e+02
1.707835440282729422e+01 2.414451569133898374e+02
1.593539677283468592e+01 2.320753202328697000e+02
1.486702307091266029e+01 2.229347510127268208e+02
1.386851906941206991e+01 2.140254322125872193e+02
1.293545661480807496e+01 2.053488321769553124e+02
1.206367717033139897e+01 1.969059245670094924e+02
1.124927598286243580e+01 1.886975618209894492e+02
1.048858711144890066e+01 1.807248727511843356e+02
9.778170110619743838e+00 1.729884655458534439e+02
9.114796905314671349e+00 1.654883366396589963e+02
8.495439293703901384e+00 1.582239078973717596e+02
7.917257139678813616e+00 1.511940637843349293e+02
7.377587220304901550e+00 1.443971883354450654e+02
6.873932618142594819e+00 1.378312232824142143e+02
6.403952258445803736e+00 1.314938564084671100e+02
5.965452018310818616e+00 1.253824333250659322e+02
5.556376219613261114e+00 1.194938928759795971e+02
5.174799243431045248e+00 1.138248047627416497e+02
