1.784411091166398182e+04 1.773174448354799461e+04
1.807276470485822938e+04 1.795566932285143048e+04
1.829549228052657054e+04 1.817352950198295002e+04
1.851171541072266700e+04 1.838474815176093398e+04
1.872083776619648779e+04 1.858873134366187514e+04
1.892225620922919552e+04 1.878487898643427980e+04
1.911534484519441685e+04 1.897256880992353035e+04
1.929945331269183589e+04 1.915115468672043426e+04
1.947392858178884853e+04 1.931998858895364174e+04
1.963810859837742828e+04 1.947841438950857264e+04
1.979129435483105408e+04 1.962574033777921431e+04
1.993278179934130458e+04 1.976127069245958774e+04
2.006187332391110613e+04 1.988431714601226122e+04
2.017785412767269736e+04 1.999417558127463781e+04
2.027999908575351947e+04 2.009013294528361075e+04
2.036760017759863331e+04 2.017149438275799184e+04
2.043995715826466767e+04 2.023757419278940870e+04
2.049635497366717027e+04 2.028767381854490304e+04
2.053610174622767954e+04 2.032111916187212773e+04
2.055853857044044707e+04 2.033727028692596286e+04
2.056301945810940742e+04 2.033550224300087211e+04
2.054892637181530154e+04 2.031521971212469725e+04
2.051569185260598897e+04 2.027587894133157533e+04
2.046279898209229577e+04 2.021698827039664684e+04
2.038978060327570711e+04 2.013810796494034003e+04
2.029623510571318184e+04 2.003886462460610710e+04
2.018183583960315082e+04 1.991896047009354152e+04
2.004635513850562347e+04 1.977819860618962412e+04
1.988965626147206058e+04 1.961647380517310012e+04
1.971168736940237795e+04 1.943376547278114958e+04
1.951253247905419994e+04 1.923018928474844506e+04
1.929243689271179392e+04 1.900602270553067865e+04
1.905173763364455954e+04 1.876163368332027676e+04
1.879088967399546527e+04 1.849750665454467890e+04
1.851060710014384676e+04 1.821438411300329608e+04
1.821173353773328563e+04 1.791313580622237714e+04
1.789518203846127290e+04 1.759469797867126545e+04
1.756212176364059997e+04 1.726025945354742726e+04
1.721397993377601597e+04 1.691126299082152400e+04
1.685220619979155890e+04 1.654916974969457806e+04
1.647836681348371712e+04 1.617555236980070913e+04
1.609445247791694237e+04 1.579239952282925151e+04
1.570248983901549036e+04 1.540173052321856449e+04
1.530443714327175257e+04 1.500549199419911383e+04
1.490252123704864607e+04 1.460589029829332139e+04
1.449912638077523661e+04 1.420528158056461143e+04
1.409646025054159327e+04 1.380584263287869726e+04
1.369678809046272363e+04 1.340979911875557445e+04
1.330283210832447548e+04 1.301981424793663973e+04
1.291713813457030483e+04 1.263837272993087390e+04
1.254193166184752590e+04 1.226764142114201059e+04
1.217885115545422377e+04 1.190920857454831093e+04
1.182912735985577820e+04 1.156426094920910327e+04
1.149381891303837438e+04 1.123381566232330624e+04
1.117439768940759495e+04 1.091928127876053986e+04
1.087326757950813408e+04 1.062295447937232893e+04
1.059267806182099412e+04 1.034698104088662512e+04
1.033400370425771143e+04 1.009266034328104070e+04
1.009550187186434778e+04 9.858274791205893052e+03
9.874699154816513328e+03 9.641402774616513852e+03
9.669329942592858060e+03 9.439829488062210658e+03
9.477281999670492951e+03 9.251501444260402423e+03
9.296596698012430352e+03 9.074518682324815018e+03
9.125060591032541197e+03 8.906743189244016321e+03
8.959611325220255821e+03 8.745234220348860617e+03
8.797188803756127527e+03 8.587056080750860929e+03
8.634101306498287158e+03 8.428682674066016261e+03
8.466267707719325699e+03 8.266223254667027504e+03
8.289568162820627549e+03 8.095755207695899117e+03
8.099500601445895882e+03 7.913004236633396431e+03
7.892119661603521308e+03 7.714222462222321155e+03
7.664642973207270188e+03 7.496789203914089740e+03
7.415337076216585046e+03 7.259072625515121217e+03
7.144649669044169059e+03 7.001536625647761866e+03
6.854413231621446357e+03 6.725951412339631133e+03
6.548761898008244316e+03 6.436288688940419888e+03
6.232797554517905155e+03 6.137426509166783944e+03
5.912731536695097020e+03 5.835289699699039375e+03
5.594969910766393696e+03 5.535969188283022049e+03
5.286171321262525453e+03 5.245780105093255770e+03
4.993111720702936509e+03 4.971095113158885397e+03
4.722149200759587984e+03 4.717887373119803669e+03
4.478586506426390770e+03 4.491078729468613346e+03
4.266619717399389629e+03 4.294535065099930762e+03
4.087487869946244246e+03 4.129325245066907883e+03
3.940287725067639258e+03 3.994503312430299502e+03
3.820540757031428257e+03 3.885795939479380195e+03
3.721961609287141528e+03 3.797242852348087126e+03
3.636160390060963437e+03 3.720933222888083492e+03
3.554120647576758074e+03 3.648357618973464469e+03
3.466782985753899084e+03 3.570940689421330262e+03
3.366192488787958609e+03 3.481118296406165427e+03
3.246855596450966459e+03 3.373631585029014786e+03
3.106602517873434408e+03 3.246366047160390281e+03
2.947266482694371462e+03 3.101042963413122834e+03
2.774213581484831593e+03 2.942771307020405857e+03
2.595675706739377347e+03 2.779382625981138972e+03
2.421833921970653137e+03 2.620519189814747278e+03
2.263302064753143441e+03 2.476146196554872404e+03
2.128321215058185317e+03 2.353893588322155665e+03
2.020144554970520630e+03 2.256683484010436132e+03
1.936673547716216717e+03 2.182464083629161905e+03
1.871993321642839192e+03 2.125675286106734802e+03
1.817916727212032129e+03 2.078672218044185684e+03
1.764634739761064111e+03 2.032280584666386403e+03
1.702413047235828572e+03 1.977351798182530956e+03
1.625469314974016243e+03 1.908429954433178409e+03
1.534672261728204830e+03 1.826350491644577232e+03
1.436164129446085326e+03 1.736947280309116877e+03
1.338538849453311514e+03 1.648318046840880015e+03
1.250405771395930060e+03 1.568461845107397266e+03
1.177826904741447152e+03 1.502893195236679730e+03
1.121514973604713077e+03 1.452150996240023687e+03
1.077128697987915757e+03 1.412171191990535362e+03
1.037163016010019419e+03 1.376036811882265283e+03
9.937018940226525956e+02 1.336481168325545923e+03
9.426873172991136016e+02 1.289813099417511694e+03
8.857059575424591458e+02 1.237561300580896386e+03
8.278837992322507944e+02 1.184476184317390789e+03
7.753259643004862482e+02 1.136098189316791149e+03
7.318339360827148994e+02 1.095771232440089989e+03
6.964187035220612643e+02 1.062516126535235571e+03
6.647698857390959120e+02 1.032442505975724544e+03
6.321996401662789822e+02 1.001394492596093528e+03
5.965416825293423244e+02 9.675093181116150163e+02
5.596281225101906784e+02 9.324638390408257465e+02
5.250294315759891788e+02 8.993923650013734914e+02
4.949924111486335505e+02 8.701928182832575658e+02
4.690480417846537193e+02 8.444002741556026876e+02
4.446364730343819929e+02 8.198111500506424818e+02
4.197051734721324578e+02 7.947156838250490409e+02
3.944661277268010053e+02 7.693315030290118557e+02
3.705776577948045087e+02 7.450438610996448006e+02
3.491809932001182801e+02 7.227578451695511603e+02
3.297539014452655692e+02 7.020174241284505570e+02
3.110585021789820530e+02 6.818284606764633509e+02
2.925844195026246553e+02 6.618061727848430564e+02
2.749571051487758950e+02 6.424451719578883058e+02
2.587385172123507004e+02 6.241608506690532749e+02
2.437166101095147326e+02 6.067748843697730763e+02
2.293363297552715210e+02 5.898732251310884749e+02
2.155161585342605122e+02 5.734012207928954012e+02
2.025401287296756720e+02 5.575569402358929665e+02
1.904534789527623388e+02 5.423602513941020788e+02
1.790263145919459475e+02 5.276472588413998892e+02
1.681546403148116724e+02 5.133472925258754458e+02
1.579249754387658129e+02 4.995097794861574698e+02
1.483346639394559077e+02 4.861282453770482448e+02
1.392901960803447992e+02 4.731387054064761060e+02
1.307601996138369032e+02 4.605156383629141601e+02
1.227200348655422459e+02 4.482387716487721718e+02
1.151457671543725780e+02 4.362891717825770570e+02
1.080141967269448031e+02 4.246491658654573484e+02
1.013028819002991412e+02 4.133022689498347404e+02
9.499015599299639234e+01 4.022331167753084742e+02
8.905495343782487794e+01 3.914272446386515867e+02
8.347601350487562399e+01 3.808702851242767906e+02
7.823281116997847562e+01 3.705486029398287542e+02
7.330595578214783359e+01 3.604496039368190168e+02
6.867713141180465186e+01 3.505616810649974582e+02
6.432903960888926065e+01 3.408741634356476879e+02
6.024534510158131440e+01 3.313772686579426932e+02
5.641062721318876783e+01 3.220620705882707853e+02
5.281042713742113648e+01 3.129208862816041687e+02
4.943119425260708510e+01 3.039472852793856532e+02
4.626010514347129288e+01 2.951354816226285607e+02
4.328502129621346484e+01 2.864802648414660666e+02
4.049445712910787876e+01 2.779769699511658132e+02
3.787754916151099849e+01 2.696214484394040483e+02
3.542402630867801605e+01 2.614100401086053012e+02
3.312417369295949499e+01 2.533396994808993270e+02
3.096878205983715304e+01 2.454084812199713213e+02
2.894915344197072571e+01 2.376149329413776172e+02
2.705708522769756641e+01 2.299578587806984444e+02
2.528484403357470001e+01 2.224362995143395665e+02
2.362514080448690024e+01 2.150495129555388303e+02
2.207110709511738733e+01 2.077969545981015074e+02
2.061627258183684575e+01 2.006782925497054180e+02
1.925454553166644089e+01 1.936941198765052263e+02
1.798019169077416635e+01 1.868458077762583969e+02
1.678781252912754596e+01 1.801346665634140720e+02
1.567232682136962651e+01 1.735619020390658136e+02
1.462895323487345323e+01 1.671286092528972915e+02
1.365319378113171211e+01 1.608357667120841654e+02
1.274081809438339263e+01 1.546842310719384272e+02
1.188784763096475317e+01 1.486750317788168445e+02
1.109053970592984761e+01 1.428100452167876995e+02
1.034537708403633616e+01 1.370910233782105365e+02
9.649055830318284066e+00 1.315193491319406007e+02
8.998473052879830902e+00 1.260960492710554490e+02
8.390715299805407312e+00 1.208218081390549088e+02
7.823047578930000689e+00 1.156969817516640404e+02
7.292902945712731899e+00 1.107216394485680837e+02
6.797872339090300642e+00 1.058959656444678927e+02
6.335695486092180140e+00 1.012201064562829487e+02
5.904252456479476052e+00 9.669381837497363108e+01
5.501555351327113819e+00 9.231648411640733798e+01
5.125740445532998457e+00 8.808713895119221604e+01
4.775060770504300223e+00 8.400449676020858192e+01
4.447879114174546622e+00 8.006697574971724407e+01
