2.041616435443612863e+04 2.032276060194411912e+04
2.059538471726021453e+04 2.049842053961204147e+04
2.076434238143954281e+04 2.066373783993900361e+04
2.092236469677813875e+04 2.081804323577244941e+04
2.106877685868860135e+04 2.096066610676309574e+04
2.120290925580160911e+04 2.109094160884180747e+04
2.132406705623903326e+04 2.120818032406996645e+04
2.143154044230925865e+04 2.131167852773216873e+04
2.152463493056990046e+04 2.140074850066207364e+04
2.160265996434352928e+04 2.147470737223303513e+04
2.166490863405594428e+04 2.153285722932330827e+04
2.171069544762973601e+04 2.157452240610160879e+04
2.173936282567264789e+04 2.159905597270498038e+04
2.175025059615966165e+04 2.160580998780440495e+04
2.174271848564268294e+04 2.159415761348031447e+04
2.171617241557689704e+04 2.156351893015429960e+04
2.167005397104344229e+04 2.151335110971132599e+04
2.160383400204913050e+04 2.144314252544163537e+04
2.151704332823818186e+04 2.135244219353803055e+04
2.140927983521592614e+04 2.124086697687882042e+04
2.128020855405810653e+04 2.110810325738194661e+04
2.112957036480039096e+04 2.095391419958961342e+04
2.095718957609385689e+04 2.077814644277702610e+04
2.076300154270941857e+04 2.058075925937967259e+04
2.054706038611293479e+04 2.036183236436427251e+04
2.030951305566553856e+04 2.012153765603592183e+04
2.005062669991321673e+04 1.986016697651030699e+04
1.977087211028931779e+04 1.957821752808562087e+04
1.947083484352894448e+04 1.927630022511328207e+04
1.915119324230084021e+04 1.895511675381133318e+04
1.881287195685744518e+04 1.861561472224459067e+04
1.845700156487111599e+04 1.825894642253025086e+04
1.808476595693747367e+04 1.788631415799076785e+04
1.769751212296712038e+04 1.749908012349461569e+04
1.729694311441915488e+04 1.709895956723028576e+04
1.688480259242395186e+04 1.668770428765031102e+04
1.646284403219187152e+04 1.626707141701076398e+04
1.603320664256877717e+04 1.583919647701416034e+04
1.559818622716244136e+04 1.540636571665656993e+04
1.515994747943966468e+04 1.497073071447928305e+04
1.472076021212086744e+04 1.453454092379076974e+04
1.428318324263988143e+04 1.410032463230404028e+04
1.384958976064172384e+04 1.367042257235691795e+04
1.342220175633628787e+04 1.324702076798880080e+04
1.300360449793589214e+04 1.283264776329597771e+04
1.259632176647983215e+04 1.242976535694577797e+04
1.220254702850033573e+04 1.204050990366791848e+04
1.182399047584957771e+04 1.166653549677665978e+04
1.146187157904754349e+04 1.130900578750565182e+04
1.111719684248135854e+04 1.096887741203228143e+04
1.079097583343656152e+04 1.064710495936269217e+04
1.048483724354842343e+04 1.034521866548712023e+04
1.020040841220976472e+04 1.006474482510540656e+04
9.938897597225912250e+03 9.806807700268340341e+03
9.698776126413758902e+03 9.569872084115420876e+03
9.476946545951330336e+03 9.350879577599313052e+03
9.270570314988626706e+03 9.147028024648179780e+03
9.077185115622816738e+03 8.955893712560799031e+03
8.894618412064064614e+03 8.775343266674704864e+03
8.720669637559927651e+03 8.603222777712986499e+03
8.552155911085181287e+03 8.436453671977838894e+03
8.385706814950908665e+03 8.271785317573663633e+03
8.217591132387278776e+03 8.105644802875168352e+03
8.043372581840525527e+03 7.933818600997623435e+03
7.858823776339976575e+03 7.752304294518312417e+03
7.659653609090541067e+03 7.557090202898792995e+03
7.442095386587206121e+03 7.344671319069080710e+03
7.204089763412622233e+03 7.113201409785891883e+03
6.944924404528339437e+03 6.862116831129258571e+03
6.665919657067491244e+03 6.592781645160997869e+03
6.369981789253355601e+03 6.308048839955892618e+03
6.061758224051478464e+03 6.012388672531256816e+03
5.746908523534730193e+03 5.711199929739876097e+03
5.431701983121776721e+03 5.410409886021168859e+03
5.122409466817937755e+03 5.115917358841332316e+03
4.825594720799683273e+03 4.833853046921586611e+03
4.547543866919866559e+03 4.570042035466920424e+03
4.294353499045117132e+03 4.330080304989375691e+03
4.070491787962403123e+03 4.118034886986727543e+03
3.878860867940052685e+03 3.936440219231749779e+03
3.719590765275243029e+03 3.785270462340424274e+03
3.590007462045190096e+03 3.661864795092719305e+03
3.484769744801192246e+03 3.561138166015884963e+03
3.396741369003063483e+03 3.476370689715213302e+03
3.317406422207141077e+03 3.399651028049588149e+03
3.238040837903887677e+03 3.322936686048207321e+03
3.150258313280654875e+03 3.238570700718563785e+03
3.047451498666874159e+03 3.140592804776382764e+03
2.925720716207458736e+03 3.025551459134164816e+03
2.784744448145157548e+03 2.893279809970773385e+03
2.627792702202265446e+03 2.746873385478074852e+03
2.461120246760551254e+03 2.592097629397143464e+03
2.293373603055932563e+03 2.436828247411463508e+03
2.134691854291066193e+03 2.290217052820711160e+03
1.994547638305463579e+03 2.160713940981453561e+03
1.878685155499189705e+03 2.053345244493335485e+03
1.787680588557164583e+03 1.968471033012101316e+03
1.717731949482276605e+03 1.902539536672303257e+03
1.662435212308659629e+03 1.849724642749503118e+03
1.613600178237713862e+03 1.802682372671410576e+03
1.561758927025689673e+03 1.753014909413830082e+03
1.498929047486593163e+03 1.693718592130895559e+03
1.422456704749503160e+03 1.622547664908875504e+03
1.335576350191703796e+03 1.542450343809931610e+03
1.244870777591312162e+03 1.459273347751530537e+03
1.158350635449012088e+03 1.380034443394026994e+03
1.083248312426717348e+03 1.310977658382010077e+03
1.023095513257074458e+03 1.255059919818324715e+03
9.764760997486363294e+02 1.210937540227719865e+03
9.381889552889691686e+02 1.174042333809594311e+03
9.009786230786794476e+02 1.138111672882159837e+03
8.588016782061514505e+02 1.097997062953483464e+03
8.102979129320438005e+02 1.052600241858503523e+03
7.583274592982166951e+02 1.004414288017325816e+03
7.078704069224107798e+02 9.576783849278936032e+02
6.638404739250628381e+02 9.164975946610132951e+02
6.278501847993022693e+02 8.821503242708913604e+02
5.976039779439563517e+02 8.526522891248566793e+02
5.690668715918582166e+02 8.246216056661723997e+02
5.388082993653019912e+02 7.952339274460788374e+02
5.063945598722719978e+02 7.641687750692993859e+02
4.742748167527331589e+02 7.334542483330614004e+02
4.451360057382738660e+02 7.052638146707722626e+02
4.200044190377277005e+02 6.803868174245083082e+02
3.976325950006441303e+02 6.577829402205214819e+02
3.758391622304340558e+02 6.356986211062227312e+02
3.536363690405491980e+02 6.133618251141035671e+02
3.318117632801202035e+02 5.914048307585084103e+02
3.116628995052396931e+02 5.708350556466319858e+02
2.935829030993371020e+02 5.519348257194044436e+02
2.768017255339011058e+02 5.340929214815334944e+02
2.604575515185658219e+02 5.166481458996873926e+02
2.445589475698691899e+02 4.996101994614958244e+02
2.296476353288674659e+02 4.833811501373268698e+02
2.159307889996674419e+02 4.681023477847285790e+02
2.030655269975469253e+02 4.535111747253213252e+02
1.907308921415174154e+02 4.393706087239112321e+02
1.790088380106973887e+02 4.257371706123369677e+02
1.680664298399794063e+02 4.127230664334492758e+02
1.578268351544227244e+02 4.002665542487736730e+02
1.481244351721550174e+02 3.882478838518979387e+02
1.389494426961351223e+02 3.766566339478677605e+02
1.303297666074496419e+02 3.655070907332598722e+02
1.222863370227045152e+02 3.548060366310199356e+02
1.147316749978213579e+02 3.444948522038192209e+02
1.075890579951562245e+02 3.345183173883639256e+02
1.008466322136748516e+02 3.248629861002756343e+02
9.449141824118750321e+01 3.155160470857864539e+02
8.850955537730492040e+01 3.064652909789859336e+02
8.288652351462383194e+01 2.976990792323305186e+02
7.760734279939387648e+01 2.892063148043569640e+02
7.265638907368398236e+01 2.809761133243348468e+02
6.801467536678978831e+01 2.729952406005689340e+02
6.366238819826088502e+01 2.652497003248631131e+02
5.958105894153012372e+01 2.577264285998986679e+02
5.575348508239543577e+01 2.504132546331845788e+02
5.216363522781296069e+01 2.432988462406023871e+02
4.879656181025341510e+01 2.363726594911343852e+02
4.563832247200600989e+01 2.296248949404019299e+02
4.267617622425797919e+01 2.230469371920752621e+02
3.989871693784763806e+01 2.166317828525520497e+02
3.729520102773106771e+01 2.103730063955946150e+02
3.485543899760133968e+01 2.042645942087575577e+02
3.256977310138772452e+01 1.983009220744384891e+02
3.042905535132175032e+01 1.924767339005055078e+02
2.842462592388374176e+01 1.867871215976916801e+02
2.654828174465944457e+01 1.812275199537065760e+02
2.479217496984385605e+01 1.757938053252641453e+02
2.314886150377379437e+01 1.704822027778987206e+02
2.161133921811306990e+01 1.652891899210907241e+02
2.017302358274304197e+01 1.602114817622500311e+02
1.882772393831341162e+01 1.552460170765612872e+02
1.756962103768552197e+01 1.503899453409084970e+02
1.639324583664296142e+01 1.456406148191592536e+02
1.529346635939611865e+01 1.409956663667619239e+02
1.426547376409292234e+01 1.364531217745251297e+02
1.330474858411614747e+01 1.320111518162100310e+02
1.240704248512069974e+01 1.276680367623703773e+02
1.156836304757364609e+01 1.234221584013541388e+02
1.078495932329134810e+01 1.192719923323775646e+02
1.005330813263471157e+01 1.152161005216178040e+02
9.370100640785269164e+00 1.112531423724136630e+02
8.732226680388173179e+00 1.073820190730802153e+02
8.136765976379770393e+00 1.036017645166409125e+02
7.580979493686100135e+00 9.991143429544329990e+01
7.062298736697341539e+00 9.631010065995624814e+01
6.578315616129770227e+00 9.279684883987830801e+01
6.126772881724358299e+00 8.937077354927012607e+01
5.705555091860312622e+00 8.603097638205389330e+01
5.312680095653041334e+00 8.277667967413083261e+01
4.946290996956788533e+00 7.960732916798679071e+01
4.604648566278872757e+00 7.652234337949575149e+01
4.286124093113332201e+00 7.352108028680063967e+01
3.989192649903620325e+00 7.060283891167125603e+01
3.712426744752558516e+00 6.776686100639705046e+01
3.454490342068458730e+00 6.501233284065433793e+01
3.214133193947373179e+00 6.233840971209918536e+01
2.990185247239753430e+00 5.974440276552020634e+01
2.781551906763457094e+00 5.722964859321830033e+01
2.587209546631361157e+00 5.479338211476451193e+01
