1.831361747056119566e+04 1.820236760941220928e+04
1.853513529720452425e+04 1.841933992557946476e+04
1.875017650309981400e+04 1.862971471223658591e+04
1.895816096834462951e+04 1.883291302931726386e+04
1.915848000376381606e+04 1.902832916623952042e+04
1.935050707023639552e+04 1.921534091598143641e+04
1.953361205889526900e+04 1.939332319882458978e+04
1.970714543017737378e+04 1.956163226447705165e+04
1.987042266375609688e+04 1.971959023226040517e+04
2.002275741712077797e+04 1.986651821693401143e+04
2.016346429657653789e+04 2.000173919046676383e+04
2.029183407831300428e+04 2.012455376622433323e+04
2.040715342006075298e+04 2.023425963303626122e+04
2.050872255124849107e+04 2.033016898532085906e+04
2.059583634580999569e+04 2.041159006551180209e+04
2.066777447277596366e+04 2.047781762191933740e+04
2.072383872258956762e+04 2.052816955613562823e+04
2.076335581761884532e+04 2.056198982458963656e+04
2.078565678208222016e+04 2.057862873406385916e+04
2.079010072493526241e+04 2.057746598291398914e+04
2.077609096678453716e+04 2.055792631669076582e+04
2.074306928396532021e+04 2.051947462530088524e+04
2.069051784568814037e+04 2.046161806603331934e+04
2.061797804851234469e+04 2.038392360096999619e+04
2.052505997269218278e+04 2.028602760220046184e+04
2.041146006957595819e+04 2.016765480214536728e+04
2.027695389334208812e+04 2.002860950253846750e+04
2.012139707274082684e+04 1.986877583032696566e+04
1.994477575616228205e+04 1.968816927914836924e+04
1.974721060823726293e+04 1.948694042198793613e+04
1.952890769491886385e+04 1.926532405555908917e+04
1.929019795235909623e+04 1.902367876346837511e+04
1.903165036950579452e+04 1.876260091105983520e+04
1.875394363134899686e+04 1.848279454699378039e+04
1.845783524843860505e+04 1.818503990470124336e+04
1.814434630163112888e+04 1.787037841159588061e+04
1.781471568233099242e+04 1.754006632945889214e+04
1.747021398842119379e+04 1.719538789379857553e+04
1.711226279216213152e+04 1.683777380943467506e+04
1.674268542406236884e+04 1.646905039272188878e+04
1.636333568128809020e+04 1.609106983723532903e+04
1.597603251060192451e+04 1.570564525601932473e+04
1.558288512031939354e+04 1.531487306544531384e+04
1.518614148077800564e+04 1.492098262269096995e+04
1.478790463908096535e+04 1.452605524173521735e+04
1.439039582010922277e+04 1.413228177564257930e+04
1.399631432121797479e+04 1.374231461795699761e+04
1.360819759663731566e+04 1.335864229148910636e+04
1.322828649032436442e+04 1.298345839451231041e+04
1.285825391788333036e+04 1.261839618950421936e+04
1.249938938840248738e+04 1.226471067245850463e+04
1.215281946620738381e+04 1.192349556065540128e+04
1.182015717361956558e+04 1.159630917784399207e+04
1.150406906191950657e+04 1.128572088469026676e+04
1.120705635777701536e+04 1.099413895810144095e+04
1.093076810852935523e+04 1.072314393314618246e+04
1.067397730332310493e+04 1.047151680593452693e+04
1.043476082964094348e+04 1.023736315685775298e+04
1.021131465450825272e+04 1.001890863730653837e+04
1.000176786195716340e+04 9.814323204096588597e+03
9.804329527720736223e+03 9.621858032682644989e+03
9.616969137060013963e+03 9.439538178767077625e+03
9.436870631025598414e+03 9.264639605314136134e+03
9.261226979196992033e+03 9.094448113240308885e+03
9.086692791156501698e+03 8.925743273566331482e+03
8.909595531263592420e+03 8.754995541700156537e+03
8.726148139730719777e+03 8.578569230166338457e+03
8.532053823474981982e+03 8.392351356550962009e+03
8.323400252521492803e+03 8.192592814077199364e+03
8.096948781985283858e+03 7.976209218598566622e+03
7.850302786755919442e+03 7.740913409916090131e+03
7.582916253273688199e+03 7.486211217003563434e+03
7.295554571216857767e+03 7.212853942524000558e+03
6.991313517113045236e+03 6.923838761284683642e+03
6.674434641907130754e+03 6.623247679273108588e+03
6.350590420323460421e+03 6.316529621686702740e+03
6.025845835313849420e+03 6.009493408827615895e+03
5.706653595074260920e+03 5.708307402766557061e+03
5.399654636152343301e+03 5.419275160580043121e+03
5.111155832855789413e+03 5.148379915445832921e+03
4.846833073182243425e+03 4.900951467294475151e+03
4.611546555688594708e+03 4.681536637016891291e+03
4.407829956945298363e+03 4.492446223667226150e+03
4.236320666078335307e+03 4.334194237027907548e+03
4.094153675625122560e+03 4.203990876806205961e+03
3.976431796844571636e+03 4.097135071308990518e+03
3.875692916592460733e+03 4.006524898096515244e+03
3.783444713913487249e+03 3.924088495765105108e+03
3.690703383046710769e+03 3.841278225730326540e+03
3.589009085320960821e+03 3.750028694051493858e+03
3.471681503262161641e+03 3.643945506656568341e+03
3.334786798116288082e+03 3.519237052475094060e+03
3.178196975017400291e+03 3.375762224751920257e+03
3.005538894807144970e+03 3.216986660766436216e+03
2.823587158979420110e+03 3.049390771854942614e+03
2.641434356333306368e+03 2.881650376448669704e+03
2.469394723860097201e+03 2.723543196293002438e+03
2.316979385352381087e+03 2.583992813045212642e+03
2.190143027232591066e+03 2.468504262545753591e+03
2.089576807883474430e+03 2.377623050112987585e+03
2.011103089558901047e+03 2.307356049735444230e+03
1.947438977632225487e+03 2.250840976446874265e+03
1.889547114591478021e+03 2.199584902202564990e+03
1.827585704739599578e+03 2.144319733919314331e+03
1.753470718975701402e+03 2.077412508587622597e+03
1.664555329665759473e+03 1.996375452699630387e+03
1.564649934104201293e+03 1.904853995223333641e+03
1.461513911949070689e+03 1.810215040151883841e+03
1.364006782431829834e+03 1.720782056821531341e+03
1.279772919297924318e+03 1.643624408325837067e+03
1.212371864576777170e+03 1.581934349333823548e+03
1.159702473949269915e+03 1.533672669282345623e+03
1.115437347728323402e+03 1.492949578567511026e+03
1.071449288520051368e+03 1.452258099212028810e+03
1.021247505949643710e+03 1.405632839663484447e+03
9.636355405072936264e+02 1.352030903954952691e+03
9.025162613443114878e+02 1.295117438113597245e+03
8.439563498310694740e+02 1.240478259128946775e+03
7.933547601345276234e+02 1.192973581762813637e+03
7.521947054328331888e+02 1.153850162430349883e+03
7.173119688231932969e+02 1.120193194161499150e+03
6.836762099837696951e+02 1.087482511060719617e+03
6.474839764489020126e+02 1.052359461345887439e+03
6.086618319118097133e+02 1.014824781438393870e+03
5.705088466431149072e+02 9.778347021655770277e+02
5.363535292688482059e+02 9.442852179559213255e+02
5.071087416848380371e+02 9.149079570635269647e+02
4.808865414906100000e+02 8.880299854901041954e+02
4.549087039164136286e+02 8.612768713750293728e+02
4.281764528997476305e+02 8.338387641850747514e+02
4.019859279162001258e+02 8.068364124654375473e+02
3.780609567681670455e+02 7.816940965292125156e+02
3.567176525803612890e+02 7.586352677638157047e+02
3.367515675086972351e+02 7.366587332621465976e+02
3.170822696985342191e+02 7.149053367603333982e+02
2.978927181869192964e+02 6.935380399492318020e+02
2.800119579601203554e+02 6.732033043841014432e+02
2.636309009331811808e+02 6.540285787280008662e+02
2.481846759529836675e+02 6.355728496862917609e+02
2.332698516016497763e+02 6.175381008752771095e+02
2.190984870791676542e+02 6.000825514592269201e+02
2.059169376494764094e+02 5.833749076360529671e+02
1.935638222212866424e+02 5.672907464125053139e+02
1.818039100736662590e+02 5.516641898196984357e+02
1.706723974178743504e+02 5.365172066694568684e+02
1.602485104964636378e+02 5.218950240662235274e+02
1.504515290767934630e+02 5.077409954789724793e+02
1.412089815639219808e+02 4.940035527081096234e+02
1.324940085644128089e+02 4.806600683609270845e+02
1.242822277635436308e+02 4.676905461088049947e+02
1.165497527137609381e+02 4.550762389733285431e+02
1.092732568813360245e+02 4.427995765517936775e+02
1.024300274166666469e+02 4.308440973911608012e+02
9.599784257505982055e+01 4.191942422954447807e+02
8.995375787337165718e+01 4.078341503724304289e+02
8.427520935730957774e+01 3.967483586546326251e+02
7.894089732982092755e+01 3.859225017986740909e+02
7.393072507624249567e+01 3.753432591094608028e+02
6.922573236592927515e+01 3.649982982211372473e+02
6.480803260002227262e+01 3.548762225580272798e+02
6.066075537330876699e+01 3.449665278833944626e+02
5.676810936740159264e+01 3.352599145582237270e+02
5.311535894388339329e+01 3.257484065333663921e+02
4.968856477503933888e+01 3.164247287006644456e+02
4.647452868510473678e+01 3.072822176421636300e+02
4.346075967382375183e+01 2.983147896930410070e+02
4.063544107353975932e+01 2.895169103640208164e+02
3.798739883648337212e+01 2.808835649719109711e+02
3.550606269905335211e+01 2.724103188366041763e+02
3.318140687055119997e+01 2.640936386199845174e+02
3.100395988682795334e+01 2.559305041581867215e+02
2.896479078629367976e+01 2.479182268461975411e+02
2.705548064544348819e+01 2.400544281585691522e+02
2.526809543424320026e+01 2.323370187221472634e+02
2.359516014982379062e+01 2.247641778186857948e+02
2.202963426888210208e+01 2.173343596791591779e+02
2.056489006915233375e+01 2.100468234001835697e+02
1.919468967278758242e+01 2.029015113597079960e+02
1.791316175329248139e+01 1.958984244465270308e+02
1.671478141283723318e+01 1.890375849734210760e+02
1.559435113497050018e+01 1.823190263548552537e+02
1.454698268028972308e+01 1.757427831120149051e+02
1.356807988544381693e+01 1.693088814316127753e+02
1.265332137576739946e+01 1.630176472261435094e+02
1.179864357922146922e+01 1.568702568484709730e+02
1.100022892013844356e+01 1.508678323493550124e+02
1.025449231017525697e+01 1.450112509499256817e+02
9.558067761694665876e+00 1.393011503565910800e+02
8.907795714241649065e+00 1.337379345315225692e+02
8.300711040365561288e+00 1.283217798898110686e+02
7.734031639723657037e+00 1.230526959442255048e+02
7.205147187256775609e+00 1.179310336193829585e+02
6.711609401828180665e+00 1.129571658727458043e+02
6.251122857163691648e+00 1.081311184543733503e+02
5.821535886766225687e+00 1.034525842399112179e+02
5.420831991150929063e+00 9.892094314997827098e+01
5.047121727607096098e+00 9.453528205485673652e+01
4.698635054493367491e+00 9.029441572245083591e+01
4.373713833571631682e+00 8.619700928768020276e+01
4.070804907320761501e+00 8.224165425500474669e+01
