3.195745763693152185e+04 3.179578435809122311e+04
3.219701155622983424e+04 3.202934285710335462e+04
3.241855534778923175e+04 3.224477446800980761e+04
3.262101217071480642e+04 3.244100741988762820e+04
3.280330860202295298e+04 3.261697467678466637e+04
3.296431198325180594e+04 3.277155336550326319e+04
3.310288313051436853e+04 3.290361617702046351e+04
3.321791238598635391e+04 3.301206653799775086e+04
3.330827438355966297e+04 3.309579381609753182e+04
3.337281938683999761e+04 3.315366484026779654e+04
3.341044443652684276e+04 3.318459455208946019e+04
3.342008411423249345e+04 3.318753721976611996e+04
3.340064378152858990e+04 3.316142142317593243e+04
3.335107851193205715e+04 3.310522736522433843e+04
3.327042629800580471e+04 3.301801949731969944e+04
3.315775650346471230e+04 3.289889720647408103e+04
3.301218449950555805e+04 3.274700919139493271e+04
3.283294021268441429e+04 3.256161962968286025e+04
3.261936146867334901e+04 3.234210279595921747e+04
3.237086444560139716e+04 3.208791655445505967e+04
3.208700216004314279e+04 3.179865652788028819e+04
3.176748494899246725e+04 3.147407572436346163e+04
3.141218543846045213e+04 3.111409431218751342e+04
3.102114726623947354e+04 3.071880585246418195e+04
3.059459414066011959e+04 3.028848195238233529e+04
3.013297761213573904e+04 2.982362294209747779e+04
2.963702833191607715e+04 2.932501244977943497e+04
2.910766989694779113e+04 2.879362345952203759e+04
2.854603456494839702e+04 2.823063330796221635e+04
2.795367294064267480e+04 2.763763943436205591e+04
2.733240173468778084e+04 2.701650174509633507e+04
2.668416967403611852e+04 2.636920398147109518e+04
2.601130412284809790e+04 2.569810340718405860e+04
2.531661675741502040e+04 2.500603746328246416e+04
2.460296876964038893e+04 2.429588294214400230e+04
2.387335233581886496e+04 2.357063669721952829e+04
2.313148914409168719e+04 2.283401286612038530e+04
2.238120526291923670e+04 2.208981902788582738e+04
2.162613259159845620e+04 2.134165882072665045e+04
2.087028323597160852e+04 2.059350050940997608e+04
2.011802617128343263e+04 1.984965464530530880e+04
1.937332804785313419e+04 1.911402484970392106e+04
1.864008694344217656e+04 1.839043167892341808e+04
1.792314531225529208e+04 1.768359510149410562e+04
1.722699520484580353e+04 1.699788341074514028e+04
1.655541204373769870e+04 1.633696003894251044e+04
1.591133957763689432e+04 1.570365544758247052e+04
1.529701316965292972e+04 1.510009540878491862e+04
1.471419254909838673e+04 1.452794676342027196e+04
1.416509869899314617e+04 1.398930314379581614e+04
1.365383346570682079e+04 1.348802587913522621e+04
1.318417394676662298e+04 1.302767109811730734e+04
1.275864379803069642e+04 1.261059352841108921e+04
1.237514606204303527e+04 1.223464313844885146e+04
1.203007779781630234e+04 1.189620630434631857e+04
1.172019308037125847e+04 1.159202708068779611e+04
1.144225979343099061e+04 1.131887420538998958e+04
1.119324869318421770e+04 1.107372012257358620e+04
1.096989693156258909e+04 1.085332568840300155e+04
1.076733141899403381e+04 1.065293046017478628e+04
1.058059974632950252e+04 1.046770709609201185e+04
1.040366414712747246e+04 1.029183580241049822e+04
1.022936905323784049e+04 1.011847415559832370e+04
1.005037166045695449e+04 9.940635636653303663e+03
9.858083189506498456e+03 9.750235047974048939e+03
9.644312148400143997e+03 9.539591557316276521e+03
9.401775035627135367e+03 9.301978027935922000e+03
9.124544287689614066e+03 9.031966449731806279e+03
8.810013523583364076e+03 8.727318024097861780e+03
8.458061676079523750e+03 8.388122794045510091e+03
8.071733814637909745e+03 8.017457343230261358e+03
7.656306525202870034e+03 7.620441988836081691e+03
7.220140587396424962e+03 7.205053450547024113e+03
6.772845070142285294e+03 6.780369067468473986e+03
6.325205732823066683e+03 6.356517901086824168e+03
5.889060398444435123e+03 5.944498635023757743e+03
5.476430594970946913e+03 5.555450663849344892e+03
5.098365417877247637e+03 5.199489866964584508e+03
4.764804622567707156e+03 4.885656155009110989e+03
4.481868330397307545e+03 4.619378484957763249e+03
4.252583181455805061e+03 4.403177098529281466e+03
4.074806892100398727e+03 4.234797631015652769e+03
3.943378109469641004e+03 4.109196973894489020e+03
3.848981666400343784e+03 4.017590158954325489e+03
3.780024446947013985e+03 3.949178021085300315e+03
3.722677271738747550e+03 3.891234862624854941e+03
3.661963569546350300e+03 3.830128329832814416e+03
3.583738913865848190e+03 3.753106228169172937e+03
3.476537549113531895e+03 3.649945001200029310e+03
3.333905950554439642e+03 3.515035554820711695e+03
3.155398723963182874e+03 3.348223562187299649e+03
2.947176757642916982e+03 3.155280710765898220e+03
2.721850481925531312e+03 2.947709511467137418e+03
2.497020174369390588e+03 2.741360657205387270e+03
2.290977754429780362e+03 2.552506874265563056e+03
2.117493540241213850e+03 2.393225415426393283e+03
1.983119475669692974e+03 2.269070772709900211e+03
1.887666847633163115e+03 2.179579055543002596e+03
1.825540308872642299e+03 2.119542972599366749e+03
1.785665937204562624e+03 2.079029044269781934e+03
1.751879181880244914e+03 2.043783329860017375e+03
1.707206408382850668e+03 1.999006256293022716e+03
1.640295834994115239e+03 1.934936000276601135e+03
1.548424249131247734e+03 1.849403689328949895e+03
1.437276852452981075e+03 1.747550100227558914e+03
1.319603603728503231e+03 1.640538328241828594e+03
1.210940793969467677e+03 1.541740592848214646e+03
1.123146832631756752e+03 1.461157274616479754e+03
1.060601183304511324e+03 1.402276646375247992e+03
1.019620342130021527e+03 1.361740224487404248e+03
9.893414641987318419e+02 1.330229055047383326e+03
9.565227016125659247e+02 1.296580542863342544e+03
9.121390116460561330e+02 1.253311094536224118e+03
8.545282354430413534e+02 1.199184075647940517e+03
7.899166843019175985e+02 1.139520699938782627e+03
7.291695996558424895e+02 1.083339687148151597e+03
6.804827424729281802e+02 1.037273157183061358e+03
6.452751071406777328e+02 1.002308194220454993e+03
6.184926289694399202e+02 9.742099938663477587e+02
5.917083811620448159e+02 9.461412402898397431e+02
5.592063565188828989e+02 9.135728259017532764e+02
5.216208324983380180e+02 8.771097183035931266e+02
4.842462541510598726e+02 8.410024871178308103e+02
4.525839927452230427e+02 8.095355648290642421e+02
4.278517084721231072e+02 7.835578528438628609e+02
4.065999297680094742e+02 7.603257218802432362e+02
3.844529419080953403e+02 7.364767761982950560e+02
3.600893819789572490e+02 7.110523554569107318e+02
3.358223056839349852e+02 6.858345228830477254e+02
3.145497282992666328e+02 6.629685268941666436e+02
2.966272431210617242e+02 6.426618057864371849e+02
2.799415186660118025e+02 6.233337076669296266e+02
2.628271892874857940e+02 6.037864849306861288e+02
2.457682984664447758e+02 5.843868128231877108e+02
2.302208569722872937e+02 5.661587211305007941e+02
2.164494932500356583e+02 5.492583575399517031e+02
2.034531018810405953e+02 5.329773751288252015e+02
1.906369828015208725e+02 5.169139425274663608e+02
1.784543116691461080e+02 5.013743102701974408e+02
1.673489706294612347e+02 4.866395578380910365e+02
1.570138005810449044e+02 4.724963586185992312e+02
1.471007332871911331e+02 4.587174610061792919e+02
1.377093534713659722e+02 4.453638921426100410e+02
1.289199358908390138e+02 4.324752453180705629e+02
1.207024917847303982e+02 4.200290421993610153e+02
1.130124973082308344e+02 4.079951394108419436e+02
1.058096693276910543e+02 3.963456061188050512e+02
9.905752195465250054e+01 3.850545706306154443e+02
9.272297265490668394e+01 3.740980810836866794e+02
8.677599183204024769e+01 3.634539787889573290e+02
8.118948991901909551e+01 3.531019704713525016e+02
7.594190433202425083e+01 3.430263596370575101e+02
7.101544262304729216e+01 3.332150050305849049e+02
6.639301660503353730e+01 3.236565990023447057e+02
6.205816605782673179e+01 3.143405450373694521e+02
5.799506629464863749e+01 3.052569181737645749e+02
5.418853147185248531e+01 2.963964278174244669e+02
5.062401407887991667e+01 2.877503827513217516e+02
4.728739618465250061e+01 2.793106108920860606e+02
4.416457788006992047e+01 2.710693218947041601e+02
4.124216426188131379e+01 2.630192219963784623e+02
3.850758764594773709e+01 2.551535222203650335e+02
3.594905669800934334e+01 2.474659104186249294e+02
3.355550871376400579e+01 2.399505247186805548e+02
3.131656485000919687e+01 2.326019282536205708e+02
2.922249212349944969e+01 2.254151079254577041e+02
2.726423628464582904e+01 2.183858845276893419e+02
2.543335487571650688e+01 2.115107930144949648e+02
2.372190222070681287e+01 2.047866083728853255e+02
2.212239979722783900e+01 1.982103135144355122e+02
2.062781108340089631e+01 1.917790856198907363e+02
1.923151757576441767e+01 1.854902829583166408e+02
1.792729593814916811e+01 1.793414321576166230e+02
1.670929158038673279e+01 1.733302883149478930e+02
1.557198638983004280e+01 1.674550225424824248e+02
1.451019698371234057e+01 1.617139592009787066e+02
1.351906023086191055e+01 1.561054896216555790e+02
1.259401442697824791e+01 1.506280646308840687e+02
1.173078150511016560e+01 1.452801873653889118e+02
1.092535022959565083e+01 1.400604063773794508e+02
1.017396034170122476e+01 1.349673181374344608e+02
9.473087985005909317e+00 1.299997802521656638e+02
8.819431441901503632e+00 1.251568789144239986e+02
8.209897274930780142e+00 1.204376631962163486e+02
7.641587750106207722e+00 1.158411311727299875e+02
7.111788998537697637e+00 1.113662293412271254e+02
6.617959852876763804e+00 1.070118522433111394e+02
6.157721323192604679e+00 1.027768422884427650e+02
5.728846508782551084e+00 9.866006742297591359e+01
5.329250731809854535e+00 9.466067954260955730e+01
4.956983471254161167e+00 9.077780780660448556e+01
4.610220288787202136e+00 8.701045055383809768e+01
4.287254979737166849e+00 8.335748229814244326e+01
3.986492189671098085e+00 7.981766075757848000e+01
3.706440470719943203e+00 7.638963388350522621e+01
3.445705750815445167e+00 7.307195174663205250e+01
3.202985128908781842e+00 6.986322661839656689e+01
2.977061118175786003e+00 6.676213851477500327e+01
2.766796322994915514e+00 6.376723638112026293e+01
2.571128348272487596e+00 6.087693737211220935e+01
