2.608083275656259502e+04 2.598647306459097308e+04
2.620973939791899465e+04 2.611230755785447036e+04
2.632316054313776476e+04 2.622262602691438224e+04
2.642040720535201035e+04 2.631674409241593821e+04
2.650078218417814423e+04 2.639397069349189042e+04
2.656358259591541719e+04 2.645361067694140729e+04
2.660813321845747487e+04 2.649499705336495026e+04
2.663377479772440347e+04 2.651747942425588190e+04
2.663982612074809731e+04 2.652038651145972835e+04
2.662563497777239536e+04 2.650307660343572934e+04
2.659059276099406998e+04 2.646495206324179526e+04
2.653409995585981960e+04 2.640542588373423496e+04
2.645558200426573967e+04 2.632393721655574700e+04
2.635452562035847586e+04 2.621998675988083050e+04
2.623046438321319874e+04 2.609312306397475550e+04
2.608295508699699349e+04 2.594291995663038688e+04
2.591162607622407086e+04 2.576902307540380207e+04
2.571618796862164163e+04 2.557116044519469506e+04
2.549642238634975729e+04 2.534913334452358322e+04
2.525219538454039503e+04 2.510282834912086400e+04
2.498347185072276989e+04 2.483223017131187953e+04
2.469032751880165233e+04 2.453743536142494486e+04
2.437295777377854029e+04 2.421866222839439797e+04
2.403166632521275824e+04 2.387623615643700032e+04
2.366687966038661034e+04 2.351060416026044186e+04
2.327922319606337260e+04 2.312241431440659653e+04
2.286945913687743814e+04 2.271245047518243155e+04
2.243845041310025044e+04 2.228159431531721202e+04
2.198728038036060752e+04 2.183094755465504204e+04
2.151727064518175030e+04 2.136185001690405261e+04
2.102981271582829868e+04 2.087570744598864985e+04
2.052642746744013493e+04 2.037405136607621534e+04
2.000901023079399238e+04 1.985878650684015884e+04
1.947953995820389900e+04 1.933189714934116273e+04
1.893998559393221149e+04 1.879535258478184187e+04
1.839264963511911265e+04 1.825145061561534385e+04
1.784008148146821986e+04 1.770273113897407893e+04
1.728469635777643634e+04 1.715159565939458480e+04
1.672895134059370685e+04 1.660048163723330799e+04
1.617571657645544838e+04 1.605223017579306907e+04
1.562770293466007934e+04 1.550952056030792119e+04
1.508738023379787046e+04 1.497478935298260694e+04
1.455749009666826169e+04 1.445073037896529604e+04
1.404079049162789488e+04 1.394004733098469296e+04
1.353965689553849916e+04 1.344506671532965083e+04
1.305621788605551228e+04 1.296786415628450595e+04
1.259250407381190053e+04 1.251040369852626463e+04
1.215022523601900139e+04 1.207433647431876670e+04
1.173079293459915971e+04 1.166102204255378092e+04
1.133550578698175923e+04 1.127168571268757296e+04
1.096548440001557356e+04 1.090737318073617826e+04
1.062161345476477800e+04 1.056890829453034530e+04
1.030373386554884746e+04 1.025608993086379814e+04
1.001029335062340942e+04 9.967341981737299648e+03
9.739758685008702741e+03 9.701111713133421290e+03
9.490312018267721214e+03 9.455576660391832775e+03
9.258738015524484581e+03 9.227562688722628081e+03
9.041757906743694548e+03 9.013836367161682574e+03
8.836323463646005621e+03 8.811395026730835525e+03
8.639420111347686543e+03 8.617289622011987376e+03
8.448223231140420467e+03 8.428759700618746137e+03
8.259327913426202940e+03 8.242498739479206051e+03
8.068027880284001185e+03 8.053968818983797973e+03
7.869811278944701371e+03 7.858821454328101936e+03
7.659933181078105918e+03 7.652528797789694181e+03
7.433837324011054079e+03 7.430760599759953948e+03
7.188361345102326595e+03 7.190542138142161093e+03
6.922199377935638040e+03 6.930717741627419855e+03
6.635553007421528491e+03 6.651558823713522543e+03
6.331522120247020212e+03 6.356131972423455409e+03
6.014214972459156343e+03 6.048439216244975796e+03
5.689371882044853010e+03 5.734026021828391094e+03
5.362860238657791342e+03 5.418532890199339818e+03
5.040699754103726264e+03 5.107715256791758293e+03
4.728782044758246229e+03 4.807180160242440252e+03
4.433671438031364232e+03 4.523136306238314319e+03
4.161469955095733894e+03 4.261329994115303634e+03
3.917805271499500122e+03 4.027026078559029429e+03
3.706163638311501018e+03 3.823407876340450457e+03
3.528363334231393310e+03 3.652075378771350188e+03
3.382499342052301017e+03 3.511114925530974233e+03
3.264503212138802155e+03 3.396544054941188733e+03
3.167714978719638566e+03 3.301996940134884881e+03
3.084408569473911029e+03 3.220123149025720977e+03
3.006037332358912863e+03 3.142876259062649751e+03
2.924377126735319052e+03 3.062556507749596221e+03
2.832067810618894782e+03 2.972333418934397741e+03
2.724215813021460690e+03 2.867726284517017120e+03
2.598784605305971581e+03 2.746930946870288153e+03
2.457206057497936399e+03 2.611384566560820076e+03
2.303594005313920206e+03 2.464992487915853417e+03
2.144448884706761874e+03 2.313833730337595625e+03
1.988489948108384169e+03 2.165999950576034280e+03
1.845457451801280968e+03 2.030437293909143136e+03
1.722830561489644651e+03 1.913955551004391054e+03
1.623587669887342145e+03 1.819182901734791585e+03
1.545821684950900135e+03 1.744241953973150430e+03
1.485009397505893730e+03 1.684887861367079495e+03
1.435099635746010335e+03 1.635521121907269617e+03
1.388290962690943843e+03 1.589004575562579703e+03
1.336184659833902288e+03 1.537727612191453090e+03
1.273513885861953440e+03 1.476979172640295474e+03
1.200531465608806002e+03 1.407066512456475721e+03
1.121353318868655833e+03 1.331771067795601766e+03
1.041821965958234387e+03 1.256383873386519099e+03
9.685078950222385856e+02 1.186786104933005163e+03
9.063837802108937467e+02 1.127367879864344104e+03
8.565792084409422387e+02 1.079052981662066031e+03
8.167607602669609150e+02 1.039687127219581953e+03
7.820459508037442902e+02 1.004893546044373352e+03
7.465512354929937828e+02 9.694680716375116845e+02
7.069509864754453474e+02 9.305119065760176227e+02
6.637206838994455893e+02 8.884856623824352937e+02
6.194887955057851059e+02 8.457200008852581732e+02
5.781153371646041705e+02 8.055791462285261559e+02
5.425443420870751652e+02 7.705843007916822671e+02
5.126663700761321252e+02 7.405909294580087590e+02
4.863019084340359655e+02 7.136842597308182121e+02
4.606265551974304344e+02 6.874304367184586226e+02
4.338260185277858909e+02 6.602922419011709962e+02
4.064898169280472189e+02 6.327896722486566432e+02
3.804029058272029715e+02 6.064374838332154241e+02
3.569234752570050659e+02 5.823639950638860228e+02
3.361925302218506317e+02 5.606617761172844894e+02
3.170706490640851030e+02 5.403624436653404928e+02
2.983597386950710870e+02 5.204692436103825912e+02
2.798849423709173720e+02 5.008427109934835926e+02
2.622436452203105546e+02 4.819730892420262762e+02
2.460479947303644508e+02 4.643498311003764343e+02
2.312030986079867887e+02 4.478830768038367296e+02
2.172327958305689322e+02 4.321814109333618035e+02
2.037729629532088325e+02 4.169517991064201397e+02
1.909670137339713847e+02 4.023062465868388244e+02
1.790239732110652824e+02 3.884036854030612744e+02
1.679250865296935729e+02 3.752219945826662979e+02
1.574619216460269229e+02 3.625943317618783226e+02
1.475361167879826496e+02 3.504419979068258044e+02
1.382001253251134472e+02 3.388012709565504110e+02
1.294705412272325020e+02 3.276798379785680595e+02
1.212774850432643206e+02 3.170210099431537287e+02
1.135548005332860697e+02 3.067724342127023078e+02
1.062992002337385458e+02 2.969281755944809333e+02
9.949908513797412013e+01 2.874762855382589350e+02
9.311351096123325988e+01 2.783840163973033555e+02
8.711688105798631909e+01 2.696301474309440778e+02
8.149000282874560241e+01 2.611982036669134573e+02
7.621353579579125892e+01 2.530718140542411732e+02
7.126668656489518128e+01 2.452341346517877696e+02
6.662956535817957615e+01 2.376692362341188698e+02
6.228344490715969783e+01 2.303622366606477669e+02
5.821069432086422069e+01 2.232992305271350233e+02
5.439471664242752524e+01 2.164672243188252594e+02
5.081988989049936123e+01 2.098540765812036000e+02
4.747152432986450066e+01 2.034484697416552592e+02
4.433593318940892658e+01 1.972401319839350435e+02
4.140029072880409444e+01 1.912196387616650384e+02
3.865248708114316400e+01 1.853781630101024405e+02
3.608109157163818281e+01 1.797074355105557117e+02
3.367531906005568487e+01 1.741997111559944074e+02
3.142499759442361196e+01 1.688477374962940019e+02
2.932053732954117820e+01 1.636447255134899592e+02
2.735288448858486987e+01 1.585844179254105484e+02
2.551347165912076420e+01 1.536612115582420017e+02
2.379423615722666341e+01 1.488698885592810655e+02
2.218759984400634266e+01 1.442055490314642441e+02
2.068644166173066878e+01 1.396635927580423413e+02
1.928407160675266496e+01 1.352397019554623796e+02
1.797420607254558789e+01 1.309298249757584074e+02
1.675094478480995619e+01 1.267301738871015999e+02
1.560875258325668291e+01 1.226373958730281828e+02
1.454243627873816536e+01 1.186484885475462505e+02
1.354712109609245374e+01 1.147606164858610072e+02
1.261823217050152657e+01 1.109710968220136067e+02
1.175147713259566729e+01 1.072773901378558463e+02
1.094282962574921392e+01 1.036770917645982735e+02
1.018851371156182495e+01 1.001679234762187747e+02
9.484988711793057803e+00 9.674776912668424700e+01
8.828934442781710246e+00 9.341476594427629720e+01
8.217239460406769780e+00 9.016716011601077696e+01
7.646988883662660719e+00 8.700326550293615924e+01
7.115452555525366485e+00 8.392145890017530974e+01
6.620073872539239623e+00 8.092017550821734062e+01
6.158459248685749010e+00 7.799790460892610611e+01
5.728368141562587113e+00 7.515318879730837409e+01
5.327702901097175037e+00 7.238469064618277571e+01
4.954500235268221253e+00 6.969117518699458458e+01
4.606923819883228965e+00 6.707142763685511966e+01
4.283256435528123518e+00 6.452424806458992634e+01
3.981892530646459871e+00 6.204844967408418910e+01
3.701331226903090243e+00 5.964285720905565569e+01
3.440169742185926527e+00 5.730630547715698953e+01
3.197097178628029113e+00 5.503766238316234904e+01
2.970888626033827862e+00 5.283590576157363472e+01
2.760399826507316856e+00 5.070002793231112292e+01
2.564562080191698623e+00 4.862900256267917598e+01
2.382377420754310027e+00 4.662178564605999753e+01
2.212914086158327187e+00 4.467731652186253655e+01
2.055302267619670609e+00 4.279451893127632900e+01
1.908730117594802378e+00 4.097230433686617346e+01
1.772439913282004564e+00 3.920964630884635227e+01
