2.151207150353147881e+04 2.143274583362837802e+04
2.165459256100186030e+04 2.157236993566668025e+04
2.178486507185277151e+04 2.169968881058517582e+04
2.190225422503326990e+04 2.181406985036077094e+04
2.200612609401630471e+04 2.191488196664073621e+04
2.209581871287538888e+04 2.200146719614884205e+04
2.217067968626962465e+04 2.207317781521355937e+04
2.223007737308319702e+04 2.212938744951179979e+04
2.227337374164579887e+04 2.216946483635885670e+04
2.229993449744423197e+04 2.219278379761857286e+04
2.230915892102916041e+04 2.219875233893741824e+04
2.230046526445162090e+04 2.218679793020499346e+04
2.227325959130659976e+04 2.215633620164553213e+04
2.222698642929965717e+04 2.210682178963641491e+04
2.216114047300307357e+04 2.203776023121875915e+04
2.207523916259198813e+04 2.194868245885500073e+04
2.196884005821057144e+04 2.183916140051337425e+04
2.184156918196616243e+04 2.170883885491161709e+04
2.169311552526179730e+04 2.155742071461389423e+04
2.152322219919916097e+04 2.138466906367461343e+04
2.133171301045548898e+04 2.119042695363848907e+04
2.111850113460546709e+04 2.097462699584587608e+04
2.088360023061943139e+04 2.073730504955965080e+04
2.062712353800299024e+04 2.047859759339796801e+04
2.034928216288191470e+04 2.019873809706149768e+04
2.005042304115208026e+04 1.989809668872361362e+04
1.973105867323765779e+04 1.957721116408937814e+04
1.939180251355778455e+04 1.923671864679536520e+04
1.903338169907372867e+04 1.887736819832460242e+04
1.865677070597885177e+04 1.850015757045883220e+04
1.826308560429298814e+04 1.810622458676048336e+04
1.785350552621058887e+04 1.769676652996200573e+04
1.742943156844120676e+04 1.727320046564573931e+04
1.699254878730863129e+04 1.683722561799303730e+04
1.654455812216655977e+04 1.639055261468241952e+04
1.608721844773625526e+04 1.593494524998406268e+04
1.562268661888746465e+04 1.547256008841160656e+04
1.515317764432864533e+04 1.500560703147009372e+04
1.468079253655639332e+04 1.453617755776112426e+04
1.420786693848125287e+04 1.406658905679980307e+04
1.373700406911816754e+04 1.359941758405897417e+04
1.327058445515769017e+04 1.313701453074363235e+04
1.281085902965915557e+04 1.268159724797835224e+04
1.236038227285959329e+04 1.223567052274539128e+04
1.192153596036503404e+04 1.180156492116695881e+04
1.149637382089863968e+04 1.138128648655282632e+04
1.108694467979315959e+04 1.097682109169480646e+04
1.069528215448539231e+04 1.059012684896029532e+04
1.032308790192906963e+04 1.022283967481134459e+04
9.971667947838624968e+03 9.876205221051717672e+03
9.641747332822160388e+03 9.550880174797999643e+03
9.333807224461617807e+03 9.247283996799345914e+03
9.048195262624047245e+03 8.965711240613632981e+03
8.784991503378658308e+03 8.706177709698678882e+03
8.544083482981066481e+03 8.468498597032608814e+03
8.325339703898180232e+03 8.252477872841003773e+03
8.127156229600887855e+03 8.056502744571856965e+03
7.945267853188320260e+03 7.876392903668991494e+03
7.775482714234527521e+03 7.708042503558270255e+03
7.614463551789152916e+03 7.548185119319756268e+03
7.460123252169045372e+03 7.394784786801951668e+03
7.310588188847041238e+03 7.246016950389910562e+03
7.162560122496067379e+03 7.098716081590142494e+03
7.011339559704879321e+03 6.948398347427920271e+03
6.852432360767252248e+03 6.790790998973949172e+03
6.681173813546046404e+03 6.621525328585868010e+03
6.493324863907664621e+03 6.436651138773999264e+03
6.286136944609067541e+03 6.233672189487198921e+03
6.058309862241805604e+03 6.011488520054416767e+03
5.810361517463030395e+03 5.770709237334524914e+03
5.545217585599361882e+03 5.514224093900506887e+03
5.266831777905084891e+03 5.245852220995867356e+03
4.980581880787539376e+03 4.970728553004460082e+03
4.691933253634012544e+03 4.694030048112045733e+03
4.406478103560695672e+03 4.421020045993343047e+03
4.130088451042452107e+03 4.157179464414454742e+03
3.869109641909032234e+03 3.908403729293997458e+03
3.629617781782264956e+03 3.680288682393296313e+03
3.416890066875877437e+03 3.477667833364715079e+03
3.234194988588022625e+03 3.303423350386776292e+03
3.083113981479280028e+03 3.158891608471026757e+03
2.961445489279183221e+03 3.041867038102447623e+03
2.865430668464623068e+03 2.948696605992206969e+03
2.788598403857695303e+03 2.873278018011636505e+03
2.723734263273452598e+03 2.808861357971922189e+03
2.662696181881690336e+03 2.747934187332964939e+03
2.597592798541627872e+03 2.683295674229207634e+03
2.521348667765440950e+03 2.608564374171116469e+03
2.429290505944670258e+03 2.519618213326479690e+03
2.319572003184357072e+03 2.414918963707991225e+03
2.193462433543304996e+03 2.295747650635084938e+03
2.054967983120004192e+03 2.165831378767583828e+03
1.910759285161042044e+03 2.031235618731723434e+03
1.769649437890614308e+03 1.899893845579259050e+03
1.641319364712622928e+03 1.780442106264988752e+03
1.532739696080004023e+03 1.679011013638840041e+03
1.446228042081166450e+03 1.597544991372384857e+03
1.379918779077366480e+03 1.534238943053714820e+03
1.329532493400252633e+03 1.485162926280650936e+03
1.289297613129210276e+03 1.445115290502769540e+03
1.251170113256792320e+03 1.406965494570149758e+03
1.206776822776749896e+03 1.363389588170509342e+03
1.151466797021598268e+03 1.310401074493727492e+03
1.085805645409507861e+03 1.248591258270329263e+03
1.013737853750863792e+03 1.181468674655854556e+03
9.411559709151138122e+02 1.114179936175407420e+03
8.747924477032796631e+02 1.052529451206176645e+03
8.194030740624572218e+02 1.000550615473481571e+03
7.759169705695428547e+02 9.589484652288324469e+02
7.419505270737355431e+02 9.255930873812445725e+02
7.123906491558024072e+02 8.960682537322358030e+02
6.813893101942363728e+02 8.654009910930168417e+02
6.459895154769712917e+02 8.311257570759458986e+02
6.067015172896733475e+02 7.937212308070892277e+02
5.662253738105920320e+02 7.554876248640792937e+02
5.286671155869020140e+02 7.198562096771485130e+02
4.968108823360968245e+02 6.891062912332424730e+02
4.704055186346697042e+02 6.629765527181347124e+02
4.472322983617494288e+02 6.395955236807543542e+02
4.243447172443901536e+02 6.165307886990416364e+02
4.000463097974281368e+02 5.924096045331085634e+02
3.750949365725269899e+02 5.678680229198595271e+02
3.512920699882839131e+02 5.443684662468887154e+02
3.300527177004454984e+02 5.230335835381755487e+02
3.114420511447771105e+02 5.038885742811651198e+02
2.942345254831493548e+02 4.859380313698982832e+02
2.772379622727547144e+02 4.682345150865658638e+02
2.603414254756476680e+02 4.506957271606192990e+02
2.441971924176441462e+02 4.338325821095039032e+02
2.294340556175624215e+02 4.181243246650131482e+02
2.159365121480292657e+02 4.034681822593259994e+02
2.031813996819671786e+02 3.894542994280953963e+02
1.908349607055750710e+02 3.758263805058685989e+02
1.790628512456084707e+02 3.627080016674031526e+02
1.680966737200847660e+02 3.502672077707989615e+02
1.579074823472771243e+02 3.384748325795051187e+02
1.482761170083572040e+02 3.271637413594401664e+02
1.391137107102859432e+02 3.162658427194189699e+02
1.304886872329610412e+02 3.058270981579936461e+02
1.224208753589732339e+02 2.958568618962951291e+02
1.148356250106523220e+02 2.862975588343587674e+02
1.076726561624940643e+02 2.771032967179051525e+02
1.009251220994406282e+02 2.682662242195232238e+02
9.461764143967965879e+01 2.597988058155593762e+02
8.866563264228193475e+01 2.516404953430476326e+02
8.306983348088996877e+01 2.437887252545910997e+02
7.781675415904616955e+01 2.362315958413974784e+02
7.288323345801552477e+01 2.289505807462018652e+02
6.825060000497592227e+01 2.219307730662393112e+02
6.390129198281048417e+01 2.151582690525266059e+02
5.981872185468484560e+01 2.086200404279191218e+02
5.598722547425197149e+01 2.023038766080611310e+02
5.239201366378720337e+01 1.961983312974110447e+02
4.901912615246818206e+01 1.902926730938049786e+02
4.585541553572937801e+01 1.845768888312390459e+02
4.288856518421840747e+01 1.790417594856904202e+02
4.010695183065205782e+01 1.736786655898673928e+02
3.749958743507824721e+01 1.684795099910273279e+02
3.505608849577156150e+01 1.634366861481033197e+02
3.276664653027912522e+01 1.585430486087600741e+02
3.062199970674402749e+01 1.537918854914702536e+02
2.861340469624582283e+01 1.491768970741474050e+02
2.673258839107396767e+01 1.446922806186979642e+02
2.497172831112148828e+01 1.403327018751433855e+02
2.332345668967177232e+01 1.360931453126701172e+02
2.178083704660750897e+01 1.319688895927048975e+02
2.033734049943433320e+01 1.279554909175487012e+02
1.898682326384654218e+01 1.240487673632008665e+02
1.772350529196354429e+01 1.202447841220737246e+02
1.654195057099085986e+01 1.165398661540088483e+02
1.543705009338221323e+01 1.129306963400034221e+02
1.440400085528990104e+01 1.094141911705040400e+02
1.343828752837827167e+01 1.059874378797967722e+02
1.253566623814791825e+01 1.026476848716573329e+02
1.169214918282182047e+01 9.939233266368526643e+01
1.090399005384273678e+01 9.621892527522710736e+01
1.016767021642712798e+01 9.312514268592435940e+01
9.479885345251089390e+00 9.010883200954253880e+01
8.837532978707052678e+00 8.716801563290401589e+01
8.237701277733885163e+00 8.430082112765478541e+01
7.677657943709001565e+00 8.150546945479426597e+01
7.154839695878201233e+00 7.878026929478612317e+01
6.666842324136649900e+00 7.612361162463918163e+01
6.211411288765091854e+00 7.353396452962486762e+01
5.786432672268064792e+00 7.100987405737919289e+01
5.389923689531165074e+00 6.855000020417369910e+01
5.020025824938422865e+00 6.615308135400027822e+01
4.674998071311629921e+00 6.381790440753107418e+01
4.353209796956115873e+00 6.154330109492801881e+01
4.053134018802598604e+00 5.932814463575089547e+01
3.773341065201771816e+00 5.717134655029764190e+01
3.512492607113946619e+00 5.507185377659985193e+01
3.269335998488922534e+00 5.302868167869164040e+01
3.042698951888544556e+00 5.104094914756092294e+01
2.831484654410178603e+00 4.910779558617954876e+01
2.634667090945969292e+00 4.722836737699015686e+01
2.451286631541736316e+00 4.540181679397717573e+01
2.280445881829466170e+00 4.362730100167964764e+01
2.121305781740018492e+00 4.190398113971771465e+01
1.973081928422535603e+00 4.023102882855099693e+01
