2.928301179137987128e+04 2.915713729902383420e+04
2.946504206294675896e+04 2.933489852935659655e+04
2.963037503620220741e+04 2.949590640433286899e+04
2.977811306524096290e+04 2.963927134362331344e+04
2.990736863715912841e+04 2.976411485884967624e+04
3.001727154841100491e+04 2.986957648702064762e+04
3.010691927505350759e+04 2.995476467201401465e+04
3.017540529303467702e+04 3.001878488456036939e+04
3.022185938503165016e+04 3.006077959347393335e+04
3.024542074074709308e+04 3.007990210305908477e+04
3.024521177665444702e+04 3.007529110900395608e+04
3.022040212114565293e+04 3.004613331403339180e+04
3.017021351198517368e+04 2.999166838309666491e+04
3.009386703967043650e+04 2.991113804998500564e+04
2.999062865364942627e+04 2.980383031028514961e+04
2.985984681169297619e+04 2.966911598596901604e+04
2.970092879652764896e+04 2.950642683553885217e+04
2.951333360240907859e+04 2.931524919361883440e+04
2.929662288641832129e+04 2.909517201162065976e+04
2.905046735435265509e+04 2.884589366852068270e+04
2.877463456810239222e+04 2.856721331354640279e+04
2.846901135434195385e+04 2.825904971606060644e+04
2.813361829182963993e+04 2.792145399379176524e+04
2.776864295573154232e+04 2.755464649997086235e+04
2.737444527156585536e+04 2.715902205265296652e+04
2.695152694877577596e+04 2.673511441686009493e+04
2.650056894341680527e+04 2.628363497398628169e+04
2.602253717530022550e+04 2.580558311336625411e+04
2.551855832733962961e+04 2.530211574659266626e+04
2.498989139127972157e+04 2.477451699247988290e+04
2.443814312696017441e+04 2.422441828294825609e+04
2.386520094187189170e+04 2.365372952239685401e+04
2.327301322265737326e+04 2.306441448846570711e+04
2.266374331127418191e+04 2.245864610786640696e+04
2.204004853829058993e+04 2.183908800565695856e+04
2.140461376634808767e+04 2.120842410853267211e+04
2.076009783409699594e+04 2.056930437114700544e+04
2.010967940701984844e+04 1.992488874624408709e+04
1.945673517359700782e+04 1.927852730932570557e+04
1.880439536857637358e+04 1.863331843740485419e+04
1.815588424281646076e+04 1.799244432784376841e+04
1.751484592369048551e+04 1.735949259460661779e+04
1.688459809488758037e+04 1.673772387291135237e+04
1.626815093966391214e+04 1.613008918675926725e+04
1.566897682837566390e+04 1.553997105037099755e+04
1.509044108981109093e+04 1.497063952156583036e+04
1.453536631230070816e+04 1.442483566672195775e+04
1.400596652197830190e+04 1.390469086764162057e+04
1.350385495935674044e+04 1.341172773619071086e+04
1.303028822393323389e+04 1.294712778115741094e+04
1.258638894718673691e+04 1.251194152021073933e+04
1.217389869017314777e+04 1.210777936088804563e+04
1.179455595247970632e+04 1.173624760355080434e+04
1.144963351516252624e+04 1.139851608453581866e+04
1.113711607231909147e+04 1.109255341157711155e+04
1.085269571654332321e+04 1.081409112366012232e+04
1.059243960249504198e+04 1.055922956077759954e+04
1.035289422158349043e+04 1.032455308986482487e+04
1.013100259572871437e+04 1.010704546160515565e+04
9.923752104077506374e+03 9.903739031718769183e+03
9.726735539740164313e+03 9.710346029457221448e+03
9.535141028920852477e+03 9.522196724231591361e+03
9.343741327403249670e+03 9.334246378257132164e+03
9.146149422950680673e+03 9.140383339009942574e+03
8.936254519170443018e+03 8.934768390741732219e+03
8.707961404388501251e+03 8.711643631624976479e+03
8.455831308088774676e+03 8.465886837664927953e+03
8.176523328615732680e+03 8.194426337453031010e+03
7.868588960356127245e+03 7.896007117495441889e+03
7.533500063212441091e+03 7.572157307416321601e+03
7.175267922267245922e+03 7.226817506671004594e+03
6.799499773109228954e+03 6.865417919146978420e+03
6.412938258888809287e+03 6.494440731887119910e+03
6.023718888216619234e+03 6.121636819721117718e+03
5.640362894077564306e+03 5.755094624360048329e+03
5.271766452968554404e+03 5.403205827811680138e+03
4.926461324594090001e+03 5.073966525063925474e+03
4.612949412169972675e+03 4.775262329577128185e+03
4.337455811683684260e+03 4.512861408365284660e+03
4.104049873029048285e+03 4.290378206742244402e+03
3.913445073708511245e+03 4.108330817288541766e+03
3.762592976062837351e+03 3.963653165674182219e+03
3.645414150178070940e+03 3.850502829907028627e+03
3.553371360331924279e+03 3.760761879082631822e+03
3.476035345572526694e+03 3.684639262548624629e+03
3.402281206762174406e+03 3.611758310683068885e+03
3.320836047989342205e+03 3.531696449337824106e+03
3.222207697876769998e+03 3.435758644365415421e+03
3.099894732834886781e+03 3.318061131557501085e+03
2.951814050831721488e+03 3.176836565677435829e+03
2.780448041487199134e+03 3.014529045934398255e+03
2.592605477590995633e+03 2.837521050570402167e+03
2.398925913613280500e+03 2.655651818175112567e+03
2.212813496268390281e+03 2.481198168992531464e+03
2.047109779889196261e+03 2.325786356801410420e+03
1.910139769897381711e+03 2.196844434373773311e+03
1.804068361935397206e+03 2.096152863419568348e+03
1.725874263843519657e+03 2.020786089075563268e+03
1.669119806018993131e+03 1.964778620901298154e+03
1.624201706589329660e+03 1.919389603349109393e+03
1.578793037228077537e+03 1.873530485242594295e+03
1.521678710492382152e+03 1.817213098592229471e+03
1.447465058975338934e+03 1.745732389440957149e+03
1.357942625789175509e+03 1.660820544676387271e+03
1.259803284309980427e+03 1.568539818754300995e+03
1.162901338564305206e+03 1.477668093502956935e+03
1.077312593157847232e+03 1.397053393216970790e+03
1.009079260354600251e+03 1.331884676076572759e+03
9.584377975882483724e+02 1.282215623613641810e+03
9.204475481160632171e+02 1.243610341171796108e+03
8.863686898701037080e+02 1.208413617754616780e+03
8.477935244418055163e+02 1.169359883825097995e+03
8.011434790058092403e+02 1.123434042988568081e+03
7.480471368460741814e+02 1.072127944370015939e+03
6.940523253851479240e+02 1.020250017547441303e+03
6.459799683755087472e+02 9.735937307485748988e+02
6.072929903955492819e+02 9.350123042066832113e+02
5.766809409481929833e+02 9.033054633790452499e+02
5.497002030888365880e+02 8.746882567495541707e+02
5.213665001519068483e+02 8.450012104587189015e+02
4.898082434790595130e+02 8.127352699827002880e+02
4.570667902469035084e+02 7.796217760135201615e+02
4.266063931511908436e+02 7.485098938378637285e+02
4.006927802241032168e+02 7.212065718605084612e+02
3.786801908136834527e+02 6.971352997217124994e+02
3.579756731511465091e+02 6.741833461081805581e+02
3.366784848566231858e+02 6.508413028658908388e+02
3.150635536849679852e+02 6.273494135211867615e+02
2.947441465796840134e+02 6.049813467338989312e+02
2.767427926799180682e+02 5.845133461357160058e+02
2.605464909600236183e+02 5.655215102350570078e+02
2.449372061439219692e+02 5.470619310798824699e+02
2.295317444420162474e+02 5.288489565570481545e+02
2.148852063795888796e+02 5.113026342598719793e+02
2.015108546959133946e+02 4.947945551564366724e+02
1.891839156129242383e+02 4.791447442007688551e+02
1.774095133248102059e+02 4.639863839981380806e+02
1.661278114398575099e+02 4.492758860717246989e+02
1.555852537069294215e+02 4.351844812431976948e+02
1.458131489664632170e+02 4.217257199767092857e+02
1.366025065219753856e+02 4.087483414711802538e+02
1.278712539175242426e+02 3.961933121825272224e+02
1.196912316780091601e+02 3.841041264704783202e+02
1.120477656649406555e+02 3.724661087490375166e+02
1.048700738664974921e+02 3.612289011040207924e+02
9.812533091168293709e+01 3.503669799190325307e+02
9.179084145434222819e+01 3.398615486340166285e+02
8.584480269612411973e+01 3.296950037565269440e+02
8.026623349083087078e+01 3.198508137338350252e+02
7.503497905688325886e+01 3.103134524518250146e+02
7.013171094000095707e+01 3.010683374455439889e+02
6.553792063022315517e+01 2.921017714213841145e+02
6.123555676485381838e+01 2.834007114933085631e+02
5.720674691814621582e+01 2.749525466831759104e+02
5.343458909876892449e+01 2.667454198995285424e+02
4.990320156479841529e+01 2.587682325294215957e+02
4.659766220001646531e+01 2.510105994198850112e+02
4.350395147025991349e+01 2.434628068654764661e+02
4.060889874752025008e+01 2.361157733483163383e+02
3.790014296966131724e+01 2.289610599652896497e+02
3.536618312572898759e+01 2.219912753260810518e+02
3.299625552268853568e+01 2.151997817548254659e+02
3.078021697463794837e+01 2.085803466092020244e+02
2.870851154871974487e+01 2.021271152226527477e+02
2.677213981425391864e+01 1.958345895696803325e+02
2.496262944348026735e+01 1.896976080373227092e+02
2.327200709224943864e+01 1.837113265048000699e+02
2.169276064310086127e+01 1.778712982229040449e+02
2.021780225112577511e+01 1.721735812929131555e+02
1.884047212402247240e+01 1.666144911956602357e+02
1.755451828305346851e+01 1.611905483259260166e+02
1.635407290520026535e+01 1.558984656163096076e+02
1.523362994102948775e+01 1.507351366910936008e+02
1.418802394645663867e+01 1.456976245202988309e+02
1.321241031656212606e+01 1.407831632032227844e+02
1.230224902855465707e+01 1.359892909847593501e+02
1.145328491160628381e+01 1.313137668698772984e+02
1.066152849005115399e+01 1.267544437938443593e+02
9.923240214946240201e+00 1.223092593679899380e+02
9.234915607831380768e+00 1.179762292993842721e+02
8.593271225864571150e+00 1.137534410928427775e+02
7.995231406722687062e+00 1.096390480939770242e+02
7.437914999171682418e+00 1.056313233556807631e+02
6.918622509382865715e+00 1.017287499241148936e+02
6.434827169902892052e+00 9.792985542711794267e+01
5.984164731106470292e+00 9.423317700131605079e+01
5.564423429231390550e+00 9.063725900053783846e+01
5.173534541515242502e+00 8.714065087769446905e+01
4.809563496481856326e+00 8.374190523821506815e+01
4.470701500238399184e+00 8.043958778409775334e+01
4.155257551178921815e+00 7.723243847010201080e+01
3.861651108346410233e+00 7.411929971228829572e+01
3.588405244652392412e+00 7.109896468521810675e+01
3.334140098855602030e+00 6.817017589785889697e+01
3.097566719832078874e+00 6.533162798190714682e+01
2.877481283896117237e+00 6.258197051008111345e+01
2.672759663865138968e+00 5.991981085057347656e+01
2.482352259922674165e+00 5.734377608319220343e+01
2.305279087956291217e+00 5.485263349694586310e+01
2.140625518292950780e+00 5.244511143849899781e+01
