2.067779389124268346e+04 2.062152336356548403e+04
2.077940895817402634e+04 2.072128596969965292e+04
2.086842829647271719e+04 2.080843229837817125e+04
2.094426863234560369e+04 2.088238230829654276e+04
2.100632907953308677e+04 2.094253935042440207e+04
2.105402765102258854e+04 2.098832601566435915e+04
2.108679863513374949e+04 2.101918152643930443e+04
2.110406515508310986e+04 2.103453454424018855e+04
2.110527064513439473e+04 2.103383442142959029e+04
2.108989268763249856e+04 2.101656495647070915e+04
2.105740936739230165e+04 2.098221132798120743e+04
2.100730249586924037e+04 2.093026332627687589e+04
2.093910097581045920e+04 2.086025807639213963e+04
2.085237572279887536e+04 2.077177521794958739e+04
2.074671378368704245e+04 2.066441185432404018e+04
2.062175613158287160e+04 2.053781935322069694e+04
2.047721076002346672e+04 2.039171617440478440e+04
2.031283614165929612e+04 2.022587254695413867e+04
2.012844992293557516e+04 2.004011881186599203e+04
1.992395154298513444e+04 1.983436679902294782e+04
1.969932747569969069e+04 1.960861573072626197e+04
1.945465618030861151e+04 1.936295852791795551e+04
1.919010838510869507e+04 1.909757994307366971e+04
1.890595288794055887e+04 1.881276198385612224e+04
1.860260574363912383e+04 1.850893519719730466e+04
1.828060981049007751e+04 1.818665706557455269e+04
1.794059755231557210e+04 1.784657293075220150e+04
1.758335014724995926e+04 1.748947621980889016e+04
1.720986759874731433e+04 1.711637992023864354e+04
1.682123205833392785e+04 1.672837694472958901e+04
1.641860786915219069e+04 1.632663988132262057e+04
1.600344904626159769e+04 1.591263040637871381e+04
1.557735318134496629e+04 1.548795177246789717e+04
1.514191254833863059e+04 1.505419857670631609e+04
1.469890395826889107e+04 1.461314695143235986e+04
1.425041619241092485e+04 1.416688226788412430e+04
1.379847036189806204e+04 1.371741915909458658e+04
1.334504213768156114e+04 1.326672344968002471e+04
1.289248256047924951e+04 1.281713025818702590e+04
1.244314840864686812e+04 1.237097740117427929e+04
1.199916193154854409e+04 1.193036723712524145e+04
1.156272595177746371e+04 1.149747660484345761e+04
1.113622287548039094e+04 1.107465478357076427e+04
1.072173571354338492e+04 1.066395392231930236e+04
1.032111085817738058e+04 1.026718944527916574e+04
9.936338481281152781e+03 9.886306246164667755e+03
9.569213091116693249e+03 9.523054634869855363e+03
9.221192594239808386e+03 9.178855955131315568e+03
8.893292128742887144e+03 8.854686589109916895e+03
8.586123131535494394e+03 8.551115905405846206e+03
8.300126310651376116e+03 8.268550263924606043e+03
8.035590336618213769e+03 8.007246613540806720e+03
7.792598274109545855e+03 7.767243036159906296e+03
7.571158108915431512e+03 7.548504638531640921e+03
7.371046987166754661e+03 7.350776250080832142e+03
7.189630977494744002e+03 7.171443965050235420e+03
7.023016317592666383e+03 7.006660178511705453e+03
6.867706558822116676e+03 6.852967710289283787e+03
6.721208085201482390e+03 6.707903379763371049e+03
6.581683695945370346e+03 6.569654513202571252e+03
6.447107509357700110e+03 6.436228600258939878e+03
6.313741911345373410e+03 6.303982256599194443e+03
6.177506394944518433e+03 6.168942135624601178e+03
6.034256233393644834e+03 6.027092621381954814e+03
5.879618726606547170e+03 5.874225479083128448e+03
5.709875393129316762e+03 5.706769746697875235e+03
5.522632333299124184e+03 5.522473047750076148e+03
5.316514929730269614e+03 5.320064416181276101e+03
5.092440340449926225e+03 5.100501925386078256e+03
4.852757149760537686e+03 4.866118606428849489e+03
4.601353793771122582e+03 4.620719510632352467e+03
4.342981545276011275e+03 4.368927810395169217e+03
4.082640794670329797e+03 4.115585143330385108e+03
3.825307023940099953e+03 3.865493093280127596e+03
3.576737283477044002e+03 3.624173363564164902e+03
3.342552618088969666e+03 3.397010359666747718e+03
3.128401958958163050e+03 3.189380943846503669e+03
2.938733611271764403e+03 3.005494928057287325e+03
2.776723233588273160e+03 2.848304249525084742e+03
2.643221101205148443e+03 2.718557777859428370e+03
2.536456570366536653e+03 2.614458250745668920e+03
2.452757587613466967e+03 2.532417769038011102e+03
2.386493947930093782e+03 2.466990665480439930e+03
2.331037630235481174e+03 2.411819741519840591e+03
2.279191172942600133e+03 2.360040179480271490e+03
2.223686234742283432e+03 2.304774211105062932e+03
2.158253146270554680e+03 2.240128001837884767e+03
2.078466158553077094e+03 2.161985722697076199e+03
1.982730189761379734e+03 2.068925003322072371e+03
1.872097070695197544e+03 1.962011684202072274e+03
1.750164120969436681e+03 1.844694397211160776e+03
1.623101995816886756e+03 1.722813307962841463e+03
1.499123038847022372e+03 1.604072402914328904e+03
1.386715869124972642e+03 1.496400106551827776e+03
1.292116278554847668e+03 1.405569604434898565e+03
1.217186236147464797e+03 1.333237805947738025e+03
1.160349178988242102e+03 1.277852837979373817e+03
1.117942681064467251e+03 1.235930848121914096e+03
1.084566547471215927e+03 1.202402434307836984e+03
1.052931612349017541e+03 1.170492981324719722e+03
1.015556573401405331e+03 1.133305656238346955e+03
9.683479184446890713e+02 1.087114379474791804e+03
9.117632094795638977e+02 1.032400231994731257e+03
8.492827095920199554e+02 9.724104027977531359e+02
7.863027530543241710e+02 9.121173868706862322e+02
7.289537521032337963e+02 8.571217615262506797e+02
6.814686022284951150e+02 8.112486127903821398e+02
6.446867918848981844e+02 7.752051213165547097e+02
6.164444218008595726e+02 7.469689632556943479e+02
5.920372946860696857e+02 7.222407309702443854e+02
5.662279485505607681e+02 6.962813712211932398e+02
5.363853320139443213e+02 6.667402278645331535e+02
5.028754482548374654e+02 6.339783139220614885e+02
4.682069381320002321e+02 6.002701413031159063e+02
4.361796301798711966e+02 5.690174045760575154e+02
4.092717688681128152e+02 5.424082544678814202e+02
3.872677386299641853e+02 5.202168804805460240e+02
3.681394171782500848e+02 5.006182225211743457e+02
3.491493229449493469e+02 4.811833435732222028e+02
3.287848273039425067e+02 4.605881301468889433e+02
3.077339235594931210e+02 4.394510652998933438e+02
2.876535083192407569e+02 4.192278485932930039e+02
2.698832590433434007e+02 4.010778928047354839e+02
2.544701762341642279e+02 3.850249602499672505e+02
2.402698335376477417e+02 3.700647958295060107e+02
2.261795017310951152e+02 3.552434731243385500e+02
2.120905643288511158e+02 3.404717189099060874e+02
1.986285981817776189e+02 3.262867217736825864e+02
1.863855121782294191e+02 3.131877948837906160e+02
1.752663402013423024e+02 3.010856368667729157e+02
1.647608422018575993e+02 2.895434813203464728e+02
1.545644142715286478e+02 2.783042111911871075e+02
1.448328429270163156e+02 2.674978153322250023e+02
1.357987585830170474e+02 2.573149565490358555e+02
1.274364185795263325e+02 2.477295798425432736e+02
1.195361083289777895e+02 2.385655419095460559e+02
1.120140595261883050e+02 2.297525949658040645e+02
1.049412298951456819e+02 2.213466358908769394e+02
9.834323373473412744e+01 2.133655186368658576e+02
9.214811665242679339e+01 2.057486534177829185e+02
8.629965191175342909e+01 1.984491433824206013e+02
8.080341101374864365e+01 1.914695453200154418e+02
7.565492418064317803e+01 1.848040334356034293e+02
7.082207368685178039e+01 1.784257108288362872e+02
6.627630114231010339e+01 1.723103305590946093e+02
6.201103161437550426e+01 1.664511070241181017e+02
5.801164954996289680e+01 1.608352618400844847e+02
5.426187302625946529e+01 1.554487886640197871e+02
5.074641854452234924e+01 1.502786143044702385e+02
4.745093848128961866e+01 1.453125313739670048e+02
4.436196255981265324e+01 1.405391363719529920e+02
4.146684312155881713e+01 1.359477727612821241e+02
3.875370808867350547e+01 1.315284816116600553e+02
3.621155596882167771e+01 1.272720613943567400e+02
3.383020251012811030e+01 1.231700368045764264e+02
3.160003066268435745e+01 1.192144711548021689e+02
2.951195043390285733e+01 1.153979212956163281e+02
2.755737402485247145e+01 1.117134052720670070e+02
2.572819180753469936e+01 1.081543723663803434e+02
2.401674914330554955e+01 1.047146753302686477e+02
2.241581643695715798e+01 1.013885488977607992e+02
2.091853033165929432e+01 9.817060841162253837e+01
1.951841440222486668e+01 9.505580758113609363e+01
1.820937945095835531e+01 9.203940604619998567e+01
1.698570167703947220e+01 8.911695050670695650e+01
1.584200193051875694e+01 8.628425716716702709e+01
1.477322605999346550e+01 8.353739536046563785e+01
1.377462632834718903e+01 8.087267286677293043e+01
1.284174627022919424e+01 7.828668166529260475e+01
1.197040516574553237e+01 7.577632503850462342e+01
1.115667730227312937e+01 7.333869405053314949e+01
1.039687679033176160e+01 7.097104440662553770e+01
9.687543732024661125e+00 6.867078694960054008e+01
9.025431125365191320e+00 6.643547870958106216e+01
8.407492469921313827e+00 6.426281446715556456e+01
7.830869986007439998e+00 6.215062607641780801e+01
7.292883068058189977e+00 6.009693967257462788e+01
6.791018177904391884e+00 5.809992769782765976e+01
6.322919274849305715e+00 5.615785611519798692e+01
5.886378421539512296e+00 5.426907851035306862e+01
5.479326910118010652e+00 5.243203106373261591e+01
5.099826886699780459e+00 5.064522777491254857e+01
4.746063448056855982e+00 4.890725595585895036e+01
4.416336812001230072e+00 4.721679149102226347e+01
4.109054818715389246e+00 4.557262379096463434e+01
3.822727353652771054e+00 4.397360179623426291e+01
3.555960232654494124e+00 4.241862141446928547e+01
3.307449259428276722e+00 4.090662270165886127e+01
3.075974633389211732e+00 3.943658717749533338e+01
2.860395688529650204e+00 3.800753526891535472e+01
2.659645938754987782e+00 3.661852545965624017e+01
2.472728332294863662e+00 3.526867669022238516e+01
2.298710926284952993e+00 3.395715736430485521e+01
2.136722869133665714e+00 3.268315928819765759e+01
1.985950531743082781e+00 3.144589543881087224e+01
1.845633870751903549e+00 3.024459857905837623e+01
1.715063013411947557e+00 2.907851994937745488e+01
1.593575051308658175e+00 2.794692803308905482e+01
1.480551000243892634e+00 2.684911624182206324e+01
1.375412899894641994e+00 2.578442607690531574e+01
