2.074047644315667640e+04 2.058752204148015153e+04
2.101129271844286632e+04 2.085198708806751165e+04
2.127559687488371856e+04 2.110976887367402378e+04
2.153272727451574974e+04 2.136020746225471521e+04
2.178199630008426175e+04 2.160261891636211294e+04
2.202268471520417006e+04 2.183629030706591220e+04
2.225406426817668034e+04 2.206050078215185567e+04
2.247539332174696756e+04 2.227451715325483747e+04
2.268588338563232901e+04 2.247756071407584022e+04
2.288473009091168569e+04 2.266883809166766878e+04
2.307112934019793829e+04 2.284755735776814254e+04
2.324425534717714618e+04 2.301290678018966355e+04
2.340326017664024403e+04 2.316405451857581284e+04
2.354730498843694659e+04 2.330017914513876531e+04
2.367555402141336890e+04 2.342046388858445789e+04
2.378714299567808484e+04 2.352406599480030854e+04
2.388121876055171742e+04 2.361015546401473694e+04
2.395695477063790895e+04 2.367793022980848400e+04
2.401352857445986592e+04 2.372659469488111426e+04
2.405013018394307073e+04 2.375536794749573892e+04
2.406599330090127114e+04 2.376351389514834955e+04
2.406039558904033402e+04 2.375034191850394927e+04
2.403265060677707152e+04 2.371519982142428853e+04
2.398213097321691748e+04 2.365749546411446136e+04
2.390827941383023426e+04 2.357670738795661964e+04
2.381062434133264469e+04 2.347240152674807905e+04
2.368878248636303033e+04 2.334423312868007270e+04
2.354245703621581561e+04 2.319194357624675104e+04
2.337147156697339233e+04 2.301539459297807480e+04
2.317581461969882002e+04 2.281461326060289502e+04
2.295558079716910652e+04 2.258973145879369258e+04
2.271097784576581762e+04 2.234099246785911964e+04
2.244246286706093815e+04 2.206888739236734182e+04
2.215066924429695428e+04 2.177408121670231048e+04
2.183631800200836733e+04 2.145732340994630795e+04
2.150035162328691149e+04 2.111958129321991510e+04
2.114404349760416517e+04 2.076214881572926606e+04
2.076874200630443738e+04 2.038639049424667974e+04
2.037589146347970382e+04 1.999376192637100394e+04
1.996739404785263832e+04 1.958616927120717446e+04
1.954532133984101529e+04 1.916568190905122174e+04
1.911170126911313855e+04 1.873432064948076004e+04
1.866878550066179378e+04 1.829432365359987307e+04
1.821914907374504401e+04 1.784824525126129083e+04
1.776525230552149515e+04 1.739852060931364758e+04
1.730954147142082729e+04 1.694756505062628639e+04
1.685508959123149543e+04 1.649840545919015858e+04
1.640497735619190280e+04 1.605407049135785564e+04
1.596198217577225842e+04 1.561728531163897605e+04
1.552834469645666286e+04 1.519024765914697673e+04
1.510576484098020046e+04 1.477462552584895275e+04
1.469572592178683772e+04 1.437187108426505620e+04
1.429991415902375593e+04 1.398363027970125586e+04
1.392145364770494780e+04 1.361294699426105581e+04
1.356354713935807376e+04 1.326293987555056628e+04
1.322881082604960102e+04 1.293615608015616635e+04
1.291703718614526042e+04 1.263239334003922704e+04
1.262643747580243326e+04 1.234991081258818667e+04
1.235531538931230170e+04 1.208706023534473206e+04
1.210174730905451543e+04 1.184198161221936607e+04
1.186372630806983761e+04 1.161273942050399091e+04
1.163919110860047658e+04 1.139734665941448293e+04
1.142512046889404883e+04 1.119288915186454688e+04
1.121831850112289067e+04 1.099628097032657024e+04
1.101523019618191574e+04 1.080408329661112839e+04
1.081164760982090047e+04 1.061221621988390325e+04
1.060336515370183770e+04 1.041658701729771201e+04
1.038543349245726131e+04 1.021235932878027415e+04
1.015303174330291040e+04 9.994794776279773941e+03
9.901731830804366837e+03 9.759513017438017414e+03
9.627738838807776119e+03 9.502718898893177538e+03
9.329081518854707610e+03 9.222387168966241006e+03
9.005410665903667905e+03 8.918063412142504603e+03
8.658793407238383224e+03 8.591673388935529147e+03
8.293088095524086384e+03 8.246909454605627616e+03
7.914133792719991106e+03 7.889436343904684691e+03
7.528675553116281662e+03 7.525828722247948463e+03
7.144314218596419778e+03 7.163526941517134219e+03
6.768857995548583858e+03 6.810173957725306536e+03
6.410274023289244724e+03 6.473574193677873154e+03
6.075790191139469243e+03 6.160802947960135498e+03
5.772231694937411703e+03 5.878520972819266717e+03
5.504336200376370471e+03 5.631364267970452602e+03
5.274785364439173463e+03 5.421951405741155213e+03
5.082599303785281336e+03 5.249365288545713156e+03
4.924008963903057520e+03 5.109968657681229161e+03
4.791623362998643643e+03 4.996596954528190508e+03
4.676281580946616486e+03 4.900296838855719216e+03
4.567309259781543005e+03 4.810536897906654303e+03
4.453962850606328175e+03 4.716572796885699972e+03
4.326593459463497311e+03 4.608594235660213599e+03
4.177972583640211269e+03 4.479086040296363535e+03
4.004909571291235807e+03 4.324563467242496699e+03
3.808766421506454208e+03 4.146186359997021100e+03
3.595316599037812921e+03 3.949687323054838998e+03
3.373942556749492269e+03 3.744562603629919522e+03
3.156508443462728337e+03 3.542843715699450513e+03
2.955544311608786302e+03 3.357169108631708241e+03
2.781415597846486435e+03 3.197915685654211757e+03
2.639357945311691310e+03 3.070278742232566401e+03
2.528090911622473413e+03 2.972967329251349383e+03
2.440965489959491151e+03 2.899385382397323156e+03
2.368153489663176515e+03 2.839751391380977111e+03
2.297992938202311507e+03 2.782324278213523485e+03
2.218661949194112822e+03 2.715018498034013646e+03
2.122129968382453626e+03 2.629489361213877146e+03
2.008019997090226070e+03 2.525262207595486871e+03
1.883188194773704254e+03 2.409398045931826800e+03
1.758108084628320967e+03 2.292690100252852972e+03
1.643645010464041889e+03 2.186209808722978778e+03
1.547901869631184582e+03 2.098065287393751532e+03
1.472874341769263992e+03 2.030151419424315236e+03
1.413748642517755798e+03 1.977586117102098569e+03
1.361404004684896336e+03 1.931210306652835925e+03
1.305799109124426650e+03 1.880917909194283084e+03
1.240800426075157020e+03 1.820537834235441096e+03
1.167492072332085172e+03 1.751251503027942817e+03
1.092248610893004525e+03 1.679589206904872299e+03
1.022937979672172901e+03 1.613446041722389509e+03
9.650546749206143886e+02 1.558175280222516676e+03
9.181682425864214565e+02 1.513229367855213468e+03
8.768954872246432615e+02 1.473271623599044460e+03
8.349034541061498658e+02 1.432130925478036261e+03
7.887898591150864149e+02 1.386579929337554859e+03
7.403759942772022669e+02 1.338502097450080782e+03
6.944898647478274825e+02 1.292591221484464540e+03
6.545650964091455535e+02 1.252056354069285135e+03
6.203781743033796374e+02 1.216591199329896881e+03
5.885989284374230692e+02 1.183049847981663561e+03
5.561206407702341039e+02 1.148603528284598951e+03
5.228638255585486831e+02 1.113263194939964933e+03
4.911244660855326742e+02 1.079147514372429896e+03
4.627273250178310491e+02 1.047847994322104796e+03
4.371939540972764462e+02 1.018887938063134698e+03
4.127035217660947524e+02 9.906823598123478405e+02
3.883417085595403933e+02 9.624917996286447988e+02
3.649261358788020857e+02 9.350325186757080473e+02
3.434121682802078794e+02 9.090752748456283143e+02
3.236058087938744734e+02 8.844329920861991923e+02
3.046499946884350720e+02 8.604258251550180603e+02
2.863299369009304201e+02 8.369048723449410545e+02
2.690943132780085421e+02 8.142102405025046892e+02
2.530942707994404088e+02 7.924362728969806540e+02
2.379830593220650599e+02 7.713250363380931276e+02
2.235599341003745906e+02 7.507391741766970199e+02
2.099726852437092077e+02 7.307751295802850109e+02
1.972549112344243554e+02 7.114435660842162861e+02
1.852717041441370043e+02 6.926548664166186882e+02
1.739556304212036082e+02 6.743593369534614794e+02
1.632787171940360906e+02 6.565321641619874526e+02
1.532133940543971278e+02 6.391503296198272892e+02
1.437322816497396616e+02 6.221923029776634166e+02
1.348083233624711283e+02 6.056379607044794966e+02
1.264148148637828797e+02 5.894684244792754271e+02
1.185235767936803626e+02 5.736639542731567190e+02
1.111055592277471646e+02 5.582040476495919847e+02
1.041332612828826001e+02 5.430696945277983332e+02
9.758075309869225578e+01 5.282434085214165407e+02
9.142358592159227726e+01 5.137091495294216656e+02
8.563870744746598973e+01 4.994522513330331321e+02
8.020438217142137205e+01 4.854593537441664921e+02
7.510024081357533987e+01 4.717185953797237516e+02
7.030741378973185363e+01 4.582200383507997117e+02
6.580808158305778477e+01 4.449548948522710816e+02
6.158534872108720748e+01 4.319153154873640119e+02
5.762320349208611248e+01 4.190943414245098211e+02
5.390647881334114544e+01 4.064858580413893492e+02
5.042081426940415412e+01 3.940845498173353576e+02
4.715261322894288298e+01 3.818859712215551099e+02
4.408895492157316909e+01 3.698875451560627994e+02
4.121760186832255357e+01 3.580878789175728798e+02
3.852700591548503439e+01 3.464859714097704000e+02
3.600627299931144165e+01 3.350811719098773551e+02
3.364512899114738786e+01 3.238731491645293090e+02
3.143388711810756320e+01 3.128618607447217528e+02
2.936341694370285182e+01 3.020475389096841923e+02
2.742511769984733050e+01 2.914318262921811993e+02
2.561089100652282369e+01 2.810183131913227612e+02
2.391310864090604227e+01 2.708104941385241204e+02
2.232458677053659812e+01 2.608115576490217222e+02
2.083856194219024616e+01 2.510243818941672487e+02
1.944866822808071305e+01 2.414515312888811991e+02
1.814891548392848009e+01 2.320952540020256833e+02
1.693366784156564009e+01 2.229578106713347836e+02
1.579762105220321011e+01 2.140427484759164543e+02
1.473578770162539087e+01 2.053534956946861314e+02
1.374348083752611771e+01 1.968927804663481709e+02
1.281629690403021371e+01 1.886626593708147652e+02
1.195009956782368121e+01 1.806645473481957538e+02
1.114100439567286038e+01 1.728992484317199114e+02
1.038536430805350896e+01 1.653670087428922386e+02
9.679755187417915963e+00 1.580679580887170914e+02
9.020963147015448769e+00 1.510020245445733167e+02
8.405972966324167572e+00 1.441685212568290524e+02
7.831956432893028008e+00 1.375661733989954598e+02
7.296261296720321532e+00 1.311931626079660589e+02
6.796400835462947931e+00 1.250471707380892212e+02
6.330043999421189227e+00 1.191254227760068574e+02
5.895005889420342093e+00 1.134247547857944198e+02
5.489238696000948714e+00 1.079416915965141044e+02
