2.299172467567501008e+04 2.284025655516390543e+04
2.323609242722022100e+04 2.307883498137760762e+04
2.347195337163305885e+04 2.330878106612317060e+04
2.369866973287817746e+04 2.352946105282076678e+04
2.391556592292463392e+04 2.374020631752197005e+04
2.412195390292571028e+04 2.394033725747623976e+04
2.431714492226834045e+04 2.412917438149656664e+04
2.450042909839233107e+04 2.430601816190339741e+04
2.467107634069223423e+04 2.447015000622310617e+04
2.482836227095793947e+04 2.462085792736068834e+04
2.497155947845086121e+04 2.475742815437345416e+04
2.509990664829031812e+04 2.487911525421013357e+04
2.521264742525305337e+04 2.498517998846731280e+04
2.530904252815061773e+04 2.507490117417243891e+04
2.538834263079223092e+04 2.514754963975384089e+04
2.544979876586814134e+04 2.520239838726384551e+04
2.549269234504222550e+04 2.523875164474826306e+04
2.551632445353985895e+04 2.525593477439878916e+04
2.551999347229455088e+04 2.525327304279038435e+04
2.550303610453808506e+04 2.523013094221759457e+04
2.546483744326789019e+04 2.518592198901472511e+04
2.540481348268356669e+04 2.512009295497740459e+04
2.532242629244546697e+04 2.503213807343352892e+04
2.521720455135943484e+04 2.492161813267535763e+04
2.508874815534160371e+04 2.478816608714882022e+04
2.493673237845238327e+04 2.463149222067317532e+04
2.476091399982836447e+04 2.445138774246350658e+04
2.456114160151503529e+04 2.424773485630581490e+04
2.433739779599951362e+04 2.402055108091015791e+04
2.408977706423761629e+04 2.376996515065939093e+04
2.381846815144590437e+04 2.349619778867930290e+04
2.352382438478456606e+04 2.319963332073100901e+04
2.320639760422429390e+04 2.288085398157774398e+04
2.286683416930693420e+04 2.254053311042895075e+04
2.250590460836734201e+04 2.217946474466266955e+04
2.212468589883910681e+04 2.179874757656235670e+04
2.172439204648543455e+04 2.139961334378743049e+04
2.130629098477815933e+04 2.098334266967579242e+04
2.087192907318782090e+04 2.055149042436600212e+04
2.042314238531161755e+04 2.010589683595148017e+04
1.996176079637813382e+04 1.964839033565163845e+04
1.948970443114330192e+04 1.918088383468946267e+04
1.900934405022992360e+04 1.870573436806782775e+04
1.852306513232367433e+04 1.822530836451029609e+04
1.803313689097969836e+04 1.774185139748933943e+04
1.754207032436142254e+04 1.725784440756964614e+04
1.705252797118697708e+04 1.677591463298266171e+04
1.656695093931827432e+04 1.629846590780508268e+04
1.608775217140055793e+04 1.582786846642243654e+04
1.561771331555134020e+04 1.536684833280626117e+04
1.515941736805944493e+04 1.491793349877344372e+04
1.471510683402699397e+04 1.448331605938126995e+04
1.428637938727849360e+04 1.406455134109283426e+04
1.387436574180596472e+04 1.366273468823929034e+04
1.348001991809553328e+04 1.327878966919300365e+04
1.310450608467905295e+04 1.291384038053038239e+04
1.274964268841458397e+04 1.256963941882472500e+04
1.241712750495707587e+04 1.224782711370758989e+04
1.210785821671468148e+04 1.194927036424028120e+04
1.181934302683038004e+04 1.167152819426114365e+04
1.154817860570692392e+04 1.141126752091411254e+04
1.129129199019584667e+04 1.116547740798619634e+04
1.104609741679127364e+04 1.093163129686520733e+04
1.081029712151562489e+04 1.070748378602298908e+04
1.058139037327781080e+04 1.049059029248786283e+04
1.035597315335762869e+04 1.027762748187449142e+04
1.013067967596608469e+04 1.006529794129967195e+04
9.901614995721236482e+03 9.849785717516215300e+03
9.664532225534903773e+03 9.626919714415174894e+03
9.415442058409927995e+03 9.392763690066096387e+03
9.150422211366852935e+03 9.143444710354158815e+03
8.866381560141262526e+03 8.875873888647534841e+03
8.562184076686140543e+03 8.588888822398499542e+03
8.237947308857497774e+03 8.282534923011568026e+03
7.896198281614400003e+03 7.959240725283701977e+03
7.540725855263236554e+03 7.622669901433816449e+03
7.177231466338816972e+03 7.278377483610841409e+03
6.811927373568161784e+03 6.932426910242031227e+03
6.451474551946459542e+03 6.591315638383484838e+03
6.102280868025804011e+03 6.261295950257882396e+03
5.770686152201868936e+03 5.948544883395271427e+03
5.462641505701059941e+03 5.658816967645124350e+03
5.183469604350125337e+03 5.397262100587060559e+03
4.936615561414812873e+03 5.167191411559902008e+03
4.723893252401159771e+03 4.970312793273159514e+03
4.543687283284190016e+03 4.805039949552549842e+03
4.391965430139273849e+03 4.667425854701182288e+03
4.261689516748274400e+03 4.550636269265602095e+03
4.144597182096378674e+03 4.446611313416919074e+03
4.031520585683265836e+03 4.346387952010853951e+03
3.913826570672172693e+03 4.241467176230299629e+03
3.784077131292042850e+03 4.124463488849955866e+03
3.637409873853709996e+03 3.990507344261782237e+03
3.472319681023190697e+03 3.838039456381912260e+03
3.290936119104473619e+03 3.669128325987102926e+03
3.098724963632249910e+03 3.489194843550212681e+03
2.903430471695091001e+03 3.305918258962754408e+03
2.714251836655203533e+03 3.128378986243042164e+03
2.540705499166586833e+03 2.965903063639540051e+03
2.390556658815164155e+03 2.826001465506523346e+03
2.266973793899596330e+03 2.711659701345111444e+03
2.167650135070042779e+03 2.620564141887336973e+03
2.086337914856817406e+03 2.546612526153538965e+03
2.015044379650622659e+03 2.482033325269816487e+03
1.945102977010109953e+03 2.418388660335917848e+03
1.868075959734641856e+03 2.347437660824769864e+03
1.778678435814435943e+03 2.264022911924658729e+03
1.677746290702422357e+03 2.169014883915592236e+03
1.571288793013500026e+03 2.068366785936624183e+03
1.467129669863944628e+03 1.969748137886550467e+03
1.372497164641354175e+03 1.880136325055324733e+03
1.292416920070448896e+03 1.804270361893100016e+03
1.227421135485767081e+03 1.742541836591965193e+03
1.173414028001482620e+03 1.690963079312711670e+03
1.123863400018894481e+03 1.643290286432831408e+03
1.072114035008503151e+03 1.593216428319605711e+03
1.014622341554192076e+03 1.537444502717164369e+03
9.529809033557888824e+02 1.477577892978608133e+03
8.917056611491238982e+02 1.417941134583478743e+03
8.355666134778332435e+02 1.362988140954677419e+03
7.875822347268314161e+02 1.315437051542971631e+03
7.468790034372602804e+02 1.274388076375295213e+03
7.097497603089277618e+02 1.236400726873647272e+03
6.725171801667180489e+02 1.198145318673838119e+03
6.335223322462221631e+02 1.158185123524045139e+03
5.941893099311287187e+02 1.117864172939122682e+03
5.573645758188191621e+02 1.079724762454804477e+03
5.246329993969856105e+02 1.045113881789531888e+03
4.955263936917505703e+02 1.013564247254427755e+03
4.681087599362018636e+02 9.833848265476021879e+02
4.408430191456169496e+02 9.532883181063903066e+02
4.138975908950113762e+02 9.234521811073933577e+02
3.884780398595000293e+02 8.948855627994560109e+02
3.653170983163917640e+02 8.681607897637626365e+02
3.440075310481740303e+02 8.429177397102148461e+02
3.236622428285765523e+02 8.184443532871889602e+02
3.039283316406749691e+02 7.944764412332119718e+02
2.852146313742488815e+02 7.713313193441292697e+02
2.678545946845420076e+02 7.492452298901516770e+02
2.516753562160901936e+02 7.280725947664834621e+02
2.363036202143537992e+02 7.075372099962477250e+02
2.216719041329970423e+02 6.875908684320179418e+02
2.079344724755896152e+02 6.683331109211627563e+02
1.950919826464183870e+02 6.497522782224363027e+02
1.829865180831528733e+02 6.317360698472285776e+02
1.715396018118103143e+02 6.142292528026865739e+02
1.607819885944018097e+02 5.972436000333814263e+02
1.506952820484146685e+02 5.807590613797514152e+02
1.411972144956982618e+02 5.647203428946866097e+02
1.322664263287919653e+02 5.491086192455201171e+02
1.238741801171051691e+02 5.339016708754928686e+02
1.159900713145304252e+02 5.190769916719046932e+02
1.085852543166581654e+02 5.046137108384407952e+02
1.016323742304918483e+02 4.904925003556573984e+02
9.510550076854286772e+01 4.766954891500223539e+02
8.898006426751284437e+01 4.632061832940004820e+02
8.323279317202974426e+01 4.500094339954067664e+02
7.784164673539055457e+01 4.370918844317461662e+02
7.278576219238009060e+01 4.244416726554234174e+02
6.804540582286180950e+01 4.120479392112351888e+02
6.360191898734893101e+01 3.999007650214662704e+02
5.943766608278406949e+01 3.879911215445993662e+02
5.553598453313257721e+01 3.763108232166857761e+02
5.188113676284578446e+01 3.648524836277092618e+02
4.845826213660168236e+01 3.536098746852615591e+02
4.525333102654623474e+01 3.425783298375523032e+02
4.225310727391097743e+01 3.317538128343568928e+02
3.944510812153794177e+01 3.211327479757102310e+02
3.681756519556943630e+01 3.107119894700776399e+02
3.435938721766574133e+01 3.004887914567957523e+02
3.206012439273728631e+01 2.904607786381005212e+02
2.990993358025814075e+01 2.806260521224871241e+02
2.789954028352375204e+01 2.709841149601621169e+02
2.602021300189038300e+01 2.615351240619614828e+02
2.426373740672503132e+01 2.522792590315534653e+02
2.262238789464441524e+01 2.432167034048837593e+02
2.108890051685712663e+01 2.343476309927313537e+02
1.965644725703437956e+01 2.256721927166483113e+02
1.831861158416272772e+01 2.171905160027746433e+02
1.706936422841564749e+01 2.089034249434012906e+02
1.590304095338222190e+01 2.008127082943349819e+02
1.481432349679173122e+01 1.929198927193853308e+02
1.379821983301789956e+01 1.852261375253679887e+02
1.285004531438837105e+01 1.777322443761096054e+02
1.196540481506058384e+01 1.704386676563662206e+02
1.114017583070041795e+01 1.633455254320320194e+02
1.037049223513221463e+01 1.564527774757076202e+02
9.652728166872069693e+00 1.497609298296954989e+02
8.983484977030286700e+00 1.432703016636283735e+02
8.359578186842853142e+00 1.369807068418288623e+02
7.778024641293440844e+00 1.308914845797754651e+02
7.236030383210164452e+00 1.250015304019796645e+02
6.730979211600214285e+00 1.193093269238801213e+02
6.260421871797953841e+00 1.138129813025753521e+02
5.822065445028169250e+00 1.085104357746266288e+02
5.413763863824585520e+00 1.033994739032348491e+02
5.033509431546217883e+00 9.847752348917485676e+01
4.679424292149818143e+00 9.374167945123087975e+01
4.349752370498395138e+00 8.918873782288162033e+01
4.042851786943068682e+00 8.481522853952415630e+01
