2.495178037301272707e+04 2.479441805675301657e+04
2.521377124613245542e+04 2.505023455939278210e+04
2.546522786493400054e+04 2.529537101016676024e+04
2.570535572903262073e+04 2.552903566690512162e+04
2.593332833371228116e+04 2.575040763289452298e+04
2.614829257402056828e+04 2.595864216094046787e+04
2.634939709634722385e+04 2.615289732749838731e+04
2.653577713419228166e+04 2.633231862104900574e+04
2.670652081760469446e+04 2.649600489999148704e+04
2.686071825408627410e+04 2.664305800970233031e+04
2.699747182753587913e+04 2.677259334094073347e+04
2.711585853390841658e+04 2.688370357330016850e+04
2.721495127574515209e+04 2.697547948347429337e+04
2.729385261296938552e+04 2.704704276832680625e+04
2.735167286771618819e+04 2.709752466936262135e+04
2.738750723964399731e+04 2.712604366615893741e+04
2.740049189134176777e+04 2.713176054833147282e+04
2.738981109024689795e+04 2.711388562631816239e+04
2.735466368536684968e+04 2.707164691244480127e+04
2.729429606030663854e+04 2.700432185282994760e+04
2.720802987768955063e+04 2.691126404466466556e+04
2.709525450672080842e+04 2.679189707634895967e+04
2.695542783872099608e+04 2.664571583046067462e+04
2.678810347515351532e+04 2.647231127953977557e+04
2.659294317878283618e+04 2.627138318183290176e+04
2.636973928657504803e+04 2.604276489816025423e+04
2.611840534791428945e+04 2.578641122097251355e+04
2.583897728370496407e+04 2.550239819912197709e+04
2.553168678809818812e+04 2.519099872140447042e+04
2.519696189506409064e+04 2.485268250297879786e+04
2.483535372130640098e+04 2.448803962511125428e+04
2.444759820424745340e+04 2.409784273540755385e+04
2.403476609401994938e+04 2.368319878974132371e+04
2.359806974801531396e+04 2.324535237877767941e+04
2.313882978734977587e+04 2.278565139455373355e+04
2.265875617762524416e+04 2.230582911756312023e+04
2.215982779668789954e+04 2.180788261521031382e+04
2.164404034693189169e+04 2.129381926372717498e+04
2.111362724658580555e+04 2.076587640364196704e+04
2.057134067668757416e+04 2.022680056178037557e+04
2.001990252299813801e+04 1.967930097203136393e+04
1.946197040318057043e+04 1.912601579984067939e+04
1.890063750309656461e+04 1.857000684592379184e+04
1.833907114583540169e+04 1.801440211619588445e+04
1.778017927139510721e+04 1.746206652786886480e+04
1.722712280973342422e+04 1.691610108057979596e+04
1.668358534633294403e+04 1.638010574393166826e+04
1.615289640047453395e+04 1.585732785543756836e+04
1.563789433571220434e+04 1.535052885560312825e+04
1.514063192990495554e+04 1.486169240930230808e+04
1.466271280219929577e+04 1.439235979226794370e+04
1.420551860940722145e+04 1.394385481325209366e+04
1.377137089221222232e+04 1.351839267922065119e+04
1.336362570973378570e+04 1.311917207910758225e+04
1.298526544085037131e+04 1.274903504428451561e+04
1.263754205029086006e+04 1.240914775319021646e+04
1.231794276394573353e+04 1.209701819414212332e+04
1.202359862464789330e+04 1.180981282652904156e+04
1.175183660212783798e+04 1.154489687069446154e+04
1.150002327378229347e+04 1.129968751927210724e+04
1.126570085809342527e+04 1.107177668084192919e+04
1.104582103848256884e+04 1.085819963478618411e+04
1.083640885279714712e+04 1.065511322504304917e+04
1.063351531774993782e+04 1.045870301906358509e+04
1.043215844057986578e+04 1.026418940535609727e+04
1.022709707987350703e+04 1.006655039980298716e+04
1.001272944679662942e+04 9.860435990398314971e+03
9.782970797648928055e+03 9.640051596009192508e+03
9.532498378615158799e+03 9.400332540951745614e+03
9.257117115896851828e+03 9.137319829112611842e+03
8.954079785957512286e+03 8.848424382459656044e+03
8.623228791189922049e+03 8.533557845159069984e+03
8.266291314876945762e+03 8.194408658031397863e+03
7.887980232390555102e+03 7.835530281014584943e+03
7.494392487890297161e+03 7.462768052857936709e+03
7.093160777008252808e+03 7.083422758992512172e+03
6.692481344723920301e+03 6.705299979239727691e+03
6.300880904122183892e+03 6.336500091911115305e+03
5.927462819419110929e+03 5.985583893164122856e+03
5.580477238384959492e+03 5.660319742632277666e+03
5.267436775513420798e+03 5.367655890145815647e+03
4.994205138771257225e+03 5.113011799819184489e+03
4.763236215650268605e+03 4.898519161527823599e+03
4.574278396106646142e+03 4.723800234030057254e+03
4.422699027598923749e+03 4.584373560209567586e+03
4.301308126801945036e+03 4.473403585557767656e+03
4.200276739512438326e+03 4.381617562916972929e+03
4.108326706213626494e+03 4.298419162039280309e+03
4.013823523160872355e+03 4.212876300817265474e+03
3.905778202326315295e+03 4.114656050732427502e+03
3.775814387606301352e+03 3.995876685370794348e+03
3.619437792637656912e+03 3.852308400997546869e+03
3.437005800965522212e+03 3.684316366922002999e+03
3.233762394582883189e+03 3.496909182679995411e+03
3.019157060346309208e+03 3.299046332597058154e+03
2.805843204542868989e+03 3.102628918575241187e+03
2.607681853161434901e+03 2.920572420411695930e+03
2.436443561602192403e+03 2.763691211631443821e+03
2.298238163935704961e+03 2.637441946102607744e+03
2.192468648775814927e+03 2.541087111243623895e+03
2.113414135372435339e+03 2.469231772276602442e+03
2.051876882963304979e+03 2.413357155831412001e+03
1.995764824569161192e+03 2.362325003300505159e+03
1.931917907966544135e+03 2.304018180013387791e+03
1.850845121814938466e+03 2.229708130803031054e+03
1.750838812871946629e+03 2.137889072393281822e+03
1.637511995705311392e+03 2.033848936281623992e+03
1.520824453046375993e+03 1.926837572363848722e+03
1.412398654117866045e+03 1.827474075435847226e+03
1.321515265387667341e+03 1.744054245830689297e+03
1.251530585480979653e+03 1.679415381409028896e+03
1.199031153933228325e+03 1.630332036671830110e+03
1.155545442283028706e+03 1.589141007465760822e+03
1.110509404745119582e+03 1.546391607998503787e+03
1.056642376152363113e+03 1.495635089753784086e+03
9.935373901726417216e+02 1.436619200639871451e+03
9.263333627735503342e+02 1.374023262911613301e+03
8.630053819523295715e+02 1.314912053014950061e+03
8.100405024928323883e+02 1.264869368464636864e+03
7.682345289017272307e+02 1.224437539784959426e+03
7.332551764814404578e+02 1.189774835730288487e+03
6.987579907288035201e+02 1.155415301960400257e+03
6.603711273430617439e+02 1.117682926292330194e+03
6.188205647951393757e+02 1.077287685328407179e+03
5.783854627716203822e+02 1.037884633480784260e+03
5.429637602820570237e+02 1.002684467594823332e+03
5.133066798204511088e+02 9.722141062738088522e+02
4.866831456828286946e+02 9.441753412074797325e+02
4.597836090118270818e+02 9.158904480308196980e+02
4.317942846793571334e+02 8.867564847411622395e+02
4.045095793343832042e+02 8.582330516254220356e+02
3.799977337497676899e+02 8.319192575009160464e+02
3.583398916899960795e+02 8.078246216460695450e+02
3.379860372481854256e+02 7.847369177525127952e+02
3.177158012075735769e+02 7.617493185496892920e+02
2.979794891279902345e+02 7.392154288953711330e+02
2.797595790713991732e+02 7.178438100815588996e+02
2.631712403058826339e+02 6.976884033493693096e+02
2.474703068816042730e+02 6.782084600894645519e+02
2.322633193707421526e+02 6.591348666053299894e+02
2.178723645169972087e+02 6.406864189746848979e+02
2.045547351496891508e+02 6.230203321147353108e+02
1.920768828841491711e+02 6.059708368991899761e+02
1.801816082344051324e+02 5.893705562284586676e+02
1.689486133619265900e+02 5.732638552799921854e+02
1.584634304313057385e+02 5.576944245502667172e+02
1.485985096163771857e+02 5.425792490022743095e+02
1.393093343267417197e+02 5.278848240473922715e+02
1.305669642727951327e+02 5.135882058581385081e+02
1.223434395818307365e+02 4.996679856894228351e+02
1.146117961275837729e+02 4.861042003817871091e+02
1.073460744624418908e+02 4.728782494852705440e+02
1.005213229754997570e+02 4.599728183973567752e+02
9.411343891870144773e+01 4.473717433496669855e+02
8.809843199259782409e+01 4.350596253323105884e+02
8.245323441645039964e+01 4.230220535742403172e+02
7.715606767336331018e+01 4.112457085719015026e+02
7.218637518713217105e+01 3.997183048301949952e+02
6.752475746034335202e+01 3.884285368196990476e+02
6.315291043859976838e+01 3.773660281307160744e+02
5.905356881472442865e+01 3.665212981870824365e+02
5.521051880128460709e+01 3.558862807510184325e+02
5.160854377453824782e+01 3.454543786030466208e+02
4.823327221258980302e+01 3.352196406515374747e+02
4.507112920166777315e+01 3.251766737714217470e+02
4.210929695396379202e+01 3.153206118408473344e+02
3.933567692554281336e+01 3.056470857571972601e+02
3.673885349699734348e+01 2.961521943239653183e+02
3.430805406478303610e+01 2.868326364270557178e+02
3.203309898582743642e+01 2.776862579723452882e+02
2.990439229781105368e+01 2.687113944373705863e+02
2.791289839380278437e+01 2.599065989751545658e+02
2.605011159443339253e+01 2.512706231904022616e+02
2.430802720220183133e+01 2.428023983385686222e+02
2.267911397959505848e+01 2.345010168915996758e+02
2.115628801667336845e+01 2.263657422376172690e+02
1.973288843149408223e+01 2.183966454195968367e+02
1.840265361254871834e+01 2.105945053026424034e+02
1.715969814616716960e+01 2.029600265124025782e+02
1.599849158230637869e+01 1.954937965540930520e+02
1.491383832413080945e+01 1.881962810272041509e+02
1.390085855909168089e+01 1.810678193063651804e+02
1.295497018481632701e+01 1.741086207018712457e+02
1.207187095879835148e+01 1.673190251070422789e+02
1.124752065714299576e+01 1.607001492805003977e+02
1.047812837278811138e+01 1.542529946976003998e+02
9.760138551128981987e+00 1.479782076601355243e+02
9.090217091803133087e+00 1.418760931475949292e+02
8.465238217524772679e+00 1.359466290880816928e+02
7.882272071596674756e+00 1.301894809777535897e+02
7.338572984280842704e+00 1.246040420747748527e+02
6.831568074124169776e+00 1.191898404682858796e+02
6.358846998324615640e+00 1.139464011254355995e+02
5.918152463806053198e+00 1.088728746515182877e+02
5.507370929125455561e+00 1.039680516450973187e+02
5.124523829804076946e+00 9.923038919088654097e+01
4.767759310301197040e+00 9.465803695636923010e+01
4.435344435369935390e+00 9.024886283064823544e+01
4.125657670171666958e+00 8.600052347738338199e+01
3.837181707231779093e+00 8.191056152663097123e+01
