1.619779286124292230e+04 1.605074722139948608e+04
1.645873399831898132e+04 1.630519730058637288e+04
1.671708640828777061e+04 1.655686169105653244e+04
1.697237781807397550e+04 1.680526857433299301e+04
1.722412068252864265e+04 1.704993166331891916e+04
1.747179391310165374e+04 1.729033403691451531e+04
1.771484997735814250e+04 1.752593464599837534e+04
1.795272861742936220e+04 1.775618072025918445e+04
1.818484818321864077e+04 1.798049939404003089e+04
1.841059483004888170e+04 1.819828729168369682e+04
1.862934228378328407e+04 1.840892982670756828e+04
1.884045318583898188e+04 1.861180267145853941e+04
1.904325756357787759e+04 1.880625158443688633e+04
1.923706741034108200e+04 1.899160632286902546e+04
1.942119148742648758e+04 1.916719474603085837e+04
1.959492382613156224e+04 1.933233220974071810e+04
1.975753707578598187e+04 1.948631551959126227e+04
1.990830624291988715e+04 1.962844531944899063e+04
2.004651027795199479e+04 1.975802779934805221e+04
2.017141618467800799e+04 1.987436033835908529e+04
2.028229688107523179e+04 1.997674813106708825e+04
2.037844343019696316e+04 2.006451564018585123e+04
2.045916240998229478e+04 2.013700498378431075e+04
2.052377845248997983e+04 2.019357862108790869e+04
2.057164675502324098e+04 2.023363030573784272e+04
2.060216121281190135e+04 2.025659323605004829e+04
2.061476931184926434e+04 2.026195580594340572e+04
2.060896689846034133e+04 2.024925506330321514e+04
2.058430078548234451e+04 2.021807866174486117e+04
2.054041180401420206e+04 2.016810799899654012e+04
2.047703607194964934e+04 2.009911908592596228e+04
2.039397073025724603e+04 2.001094755919790259e+04
2.029111107387520315e+04 1.990352530061650759e+04
2.016853178205317454e+04 1.977696087531082230e+04
2.002639323383644660e+04 1.963144591028227296e+04
1.986493033901401213e+04 1.946724366816144175e+04
1.968460806259394667e+04 1.928484305586155460e+04
1.948606695950644280e+04 1.908490414239217716e+04
1.926999694435467609e+04 1.886813266468303846e+04
1.903724571210990689e+04 1.863538782681093653e+04
1.878896886305944645e+04 1.838783145278184384e+04
1.852637417826824094e+04 1.812667323631062754e+04
1.825071058463177542e+04 1.785316007548731795e+04
1.796358383650318865e+04 1.756889249104319606e+04
1.766676117236471327e+04 1.727562882559828722e+04
1.736195446253867340e+04 1.697506826604346134e+04
1.705095295574969350e+04 1.666898826331855889e+04
1.673572099391517986e+04 1.635934571911923194e+04
1.641814171773359703e+04 1.604801362723579587e+04
1.610002228431322328e+04 1.573678835819165761e+04
1.578330784509166733e+04 1.542761747046695200e+04
1.546991023429708730e+04 1.512241872486486136e+04
1.516160116450860369e+04 1.482296765525647788e+04
1.486022879545680553e+04 1.453113283788985791e+04
1.456778736207233123e+04 1.424895216514345520e+04
1.428612782400132710e+04 1.397832028360759068e+04
1.401652742438612404e+04 1.372056970052821089e+04
1.375883194542147066e+04 1.347563758119436170e+04
1.351262852413406472e+04 1.324320572493039435e+04
1.327727511504045469e+04 1.302272697793846419e+04
1.305135037876305432e+04 1.281288300812657872e+04
1.283335097298723485e+04 1.261226826619120038e+04
1.262149146619542444e+04 1.241917996193275576e+04
1.241345905475756445e+04 1.223136502554108301e+04
1.220696150067208328e+04 1.204656987764432961e+04
1.199927509322449623e+04 1.186205011967297651e+04
1.178754605093166356e+04 1.167488516837900534e+04
1.156873664114509847e+04 1.148189581825335699e+04
1.133947546038413930e+04 1.127946665440238030e+04
1.109661065404670990e+04 1.106413360932958858e+04
1.083718238245261273e+04 1.083250741618987740e+04
1.055886644458490264e+04 1.058179397163941394e+04
1.026066799616387834e+04 1.031050667082526888e+04
9.942696029118806109e+03 1.001829973799678191e+04
9.607134186617906380e+03 9.707038095240728580e+03
9.257377326526346224e+03 9.379933298858913986e+03
8.898504831294982068e+03 9.042104882183019072e+03
8.536261323203278153e+03 8.699503652201978184e+03
8.176915279953899699e+03 8.358778614813043532e+03
7.826861427748059214e+03 8.026856104925779618e+03
7.492065863213424564e+03 7.710311999698562431e+03
7.178050085529560420e+03 7.415368261460034773e+03
6.889558808459411011e+03 7.147515464010850337e+03
6.629727037887609185e+03 6.910596359388092424e+03
6.400059127170644388e+03 6.706748936582068382e+03
6.198989255867933934e+03 6.534756398639325198e+03
6.022571750968931156e+03 6.390697911758509690e+03
5.864063404631699996e+03 6.267343277931239754e+03
5.715108906985034082e+03 6.155303728893543848e+03
5.566789929134172780e+03 6.044138668334107024e+03
5.410668275236381305e+03 5.923485696919146903e+03
5.240067906757067249e+03 5.784664856940063146e+03
5.050934695874490899e+03 5.621889688297083012e+03
4.842740992745530093e+03 5.433623025872497237e+03
4.618892026900787641e+03 5.223357946451900716e+03
4.386052148058197417e+03 4.998943786268519034e+03
4.153081891012121559e+03 4.771305857939122689e+03
3.929732700138507425e+03 4.552761363868155968e+03
3.725266151299301328e+03 4.355209237558580753e+03
3.546595361851843791e+03 4.187756151947010039e+03
3.396085459236241149e+03 4.053920789624516601e+03
3.270387409638906774e+03 3.950033770478391034e+03
3.161489228492551320e+03 3.866303140450703722e+03
3.059371428657686010e+03 3.789920450256616732e+03
2.954338402239118295e+03 3.707933178529524866e+03
2.838576340542615526e+03 3.609391287016145270e+03
2.708395231014536876e+03 3.488697055587329032e+03
2.566555560480958320e+03 3.349203734207921116e+03
2.421468955652388559e+03 3.202344814106130343e+03
2.283113109714071470e+03 3.061922567856739533e+03
2.159412550926165750e+03 2.938972499652277293e+03
2.054353333021127582e+03 2.839160820475326545e+03
1.966447526580428303e+03 2.760698866829735380e+03
1.888922814704296570e+03 2.694465959736393415e+03
1.812948131255832322e+03 2.628238727188042958e+03
1.731481079705153888e+03 2.552023446969977158e+03
1.642385428396497218e+03 2.462699720138003613e+03
1.549730671070756216e+03 2.366084751937380133e+03
1.460741492099967672e+03 2.272528739790046075e+03
1.381083929906809772e+03 2.190085715401453399e+03
1.312702478961063889e+03 2.121500927759081605e+03
1.252534504069688410e+03 2.062512338775433818e+03
1.194599977417222590e+03 2.004795018698343483e+03
1.134552022341537395e+03 1.942336674923235933e+03
1.072122399316154315e+03 1.874909745304240460e+03
1.010821799734813339e+03 1.807566679193209893e+03
9.547798330477638729e+02 1.746069470020550398e+03
9.050957636210575856e+02 1.691879766001113694e+03
8.595832007072498300e+02 1.642000809587960021e+03
8.150387140111868121e+02 1.592176980741090574e+03
7.701161382454641853e+02 1.540755806773667473e+03
7.262711174261281712e+02 1.489804275382555716e+03
6.856328650551258761e+02 1.442138206633493382e+03
6.485819403377347498e+02 1.398209105510630252e+03
6.137051466741977492e+02 1.356227293888357053e+03
5.796379947153887997e+02 1.314574770285199065e+03
5.465536272337276387e+02 1.273563533360629890e+03
5.154643753679346219e+02 1.234441874014676614e+03
4.866215031852316883e+02 1.197486704325256824e+03
4.593208862435564015e+02 1.161900059183084295e+03
4.330360142095254901e+02 1.127145254782462189e+03
4.080061372221032912e+02 1.093520486919600444e+03
3.845442565337486371e+02 1.061353601185019443e+03
3.624416668912119235e+02 1.030427210876592881e+03
3.413863858969131684e+02 1.000450526092965333e+03
3.214061767254755182e+02 9.714623112381793817e+02
3.026016547485582464e+02 9.435472047358936152e+02
2.848401069363729903e+02 9.165818542132140010e+02
2.680356762197940839e+02 8.904916406345033693e+02
2.521549174657037042e+02 8.652421529849193576e+02
2.371537627877699492e+02 8.407851675095240580e+02
2.229892735194094655e+02 8.170750535816222282e+02
2.096201062526855026e+02 7.940692620661917545e+02
1.970064967554551174e+02 7.717281298867284249e+02
1.851101015429897529e+02 7.500132331581012295e+02
1.738934294250567234e+02 7.288809877911539843e+02
1.633204690218211113e+02 7.082886176629024249e+02
1.533569160212546194e+02 6.881968646082899568e+02
1.439701063952611264e+02 6.685697849450853028e+02
1.351289510364616149e+02 6.493745620053176708e+02
1.268038720942591340e+02 6.305813349729836546e+02
1.189667411241897383e+02 6.121630410899374510e+02
1.115908435469244324e+02 5.940950271859077247e+02
1.046508445152405784e+02 5.763546248663253664e+02
9.812267161071966370e+01 5.589215779783803555e+02
9.198345333599651497e+01 5.417780107613270957e+02
8.621146873377719544e+01 5.249083128022177789e+02
8.078609841566085947e+01 5.082990293746062207e+02
7.568777701645542777e+01 4.919387559529823761e+02
7.089794646556636337e+01 4.758182060999301370e+02
6.639899599024234078e+01 4.599344948653739493e+02
6.217422237658411177e+01 4.442907330378110373e+02
5.820780765948554603e+01 4.288906258058992194e+02
5.448477854514527507e+01 4.137381443664487506e+02
5.099096634343432299e+01 3.988374783366332395e+02
4.771296843324083170e+01 3.841929883245927613e+02
4.463811122932033015e+01 3.698091587937849454e+02
4.175441374097485436e+01 3.556911974273465376e+02
3.905054728981868806e+01 3.418497370806394429e+02
3.651580833996986541e+01 3.282971830213759858e+02
3.414009123514033917e+01 3.150445437302846585e+02
3.191385775716570450e+01 3.021014402101113774e+02
2.982810798713075329e+01 2.894761466105459249e+02
2.787435246326508320e+01 2.771756347472783091e+02
2.604458559242255333e+01 2.652056220323507318e+02
2.433125936162805303e+01 2.535710962255785148e+02
2.272725715896842758e+01 2.422774714140090850e+02
2.122587392949652241e+01 2.313290518371257178e+02
1.982079485671493302e+01 2.207286885950423709e+02
1.850607423577778832e+01 2.104778733036768585e+02
1.727611537342641057e+01 2.005768322728127941e+02
1.612565147328653836e+01 1.910246204853413587e+02
1.504972744915475857e+01 1.818192145505461212e+02
1.404368157028545561e+01 1.729575930694316810e+02
1.310312877467515769e+01 1.644358222083288013e+02
1.222394706331285086e+01 1.562491627386096411e+02
1.140226279753459337e+01 1.483921558690729512e+02
1.063443657813825283e+01 1.408587040362500886e+02
9.917049864573767692e+00 1.336421483152153371e+02
9.246892300009978527e+00 1.267353422353088206e+02
