2.073419582597356566e+04 2.057332937239632156e+04
2.100649814256253376e+04 2.083893807998860939e+04
2.127232791475186241e+04 2.109789135941281347e+04
2.153104556903216871e+04 2.134955215867039078e+04
2.178197571349417922e+04 2.159325032003978049e+04
2.202443239959478888e+04 2.182830622234139810e+04
2.225771847091740347e+04 2.205403001753517310e+04
2.248110310405506243e+04 2.226969932042664732e+04
2.269384195950096182e+04 2.247457934005014977e+04
2.289518928553841761e+04 2.266793499299569157e+04
2.308437483367527602e+04 2.284900851427192538e+04
2.326060108605679488e+04 2.301701688919937442e+04
2.342307566013426185e+04 2.317118354199824535e+04
2.357100788922000720e+04 2.331073513444917990e+04
2.370358513612971728e+04 2.343487870901264250e+04
2.382000312359986856e+04 2.354283125548030876e+04
2.391947773258983943e+04 2.363383127225267162e+04
2.400122081747147604e+04 2.370711559798727103e+04
2.406444853155713645e+04 2.376192758919380140e+04
2.410841177252805937e+04 2.379754657367134860e+04
2.413239456241968583e+04 2.381328663466560101e+04
2.413570480812004462e+04 2.380848827577109478e+04
2.411769813643082307e+04 2.378254087156983951e+04
2.407778756941552638e+04 2.373489202712337283e+04
2.401545044854091248e+04 2.366505559758179879e+04
2.393023315909597295e+04 2.357261567629679848e+04
2.382175537348505895e+04 2.345722971629702079e+04
2.368973694234674258e+04 2.331865577766364368e+04
2.353402506238142087e+04 2.315678001965129806e+04
2.335455693428058657e+04 2.297157785877645802e+04
2.315137218524614946e+04 2.276312602538042847e+04
2.292471509952252745e+04 2.253170506990313152e+04
2.267496903057956661e+04 2.227773286919161910e+04
2.240260360261930691e+04 2.200171113608730957e+04
2.210830145637362875e+04 2.170435170367994579e+04
2.179301190881146977e+04 2.138662957637994259e+04
2.145775835478293448e+04 2.104959014305360324e+04
2.110368178262162837e+04 2.069439224420237224e+04
2.073230944055881992e+04 2.032257525144316241e+04
2.034529070127469095e+04 1.993579556828067143e+04
1.994427919832424595e+04 1.953570919670471994e+04
1.953124730308536891e+04 1.912428393502330437e+04
1.910847557439357479e+04 1.870378842033243200e+04
1.867816470952325471e+04 1.827640679886434009e+04
1.824253831893471215e+04 1.784434124489364331e+04
1.780417613172993515e+04 1.741014318067031127e+04
1.736558711034027510e+04 1.697628914255541895e+04
1.692911404150396993e+04 1.654508646595056416e+04
1.649737864785578131e+04 1.611911396718005381e+04
1.607313678326198169e+04 1.570107906957811247e+04
1.565887830858219786e+04 1.529342303737085058e+04
1.525665546504229314e+04 1.489815690202927362e+04
1.486783906065979681e+04 1.451662842039952375e+04
1.449356233801219241e+04 1.414995086600861760e+04
1.413489202995177402e+04 1.379917042925132591e+04
1.379353669460144556e+04 1.346596290269278688e+04
1.347146735175234244e+04 1.315226218761961900e+04
1.317040126362368756e+04 1.285975527210995460e+04
1.288972982872209468e+04 1.258786893719004729e+04
1.262611257455038321e+04 1.233337421888392237e+04
1.237629172170428137e+04 1.209312169286441531e+04
1.213743269895334379e+04 1.186437848348951229e+04
1.190714237108759153e+04 1.164484700145947681e+04
1.168314572688731823e+04 1.143234010723025858e+04
1.146240016818299955e+04 1.122391694669303797e+04
1.124141121659810415e+04 1.101618575661105933e+04
1.101662065797335890e+04 1.080567501260341305e+04
1.078369904723334366e+04 1.058813317007235310e+04
1.053847378472264973e+04 1.035943314397823269e+04
1.027686128197693506e+04 1.011549972715325930e+04
9.995136625562618065e+03 9.852569963039817594e+03
9.691177439420494920e+03 9.568431495882838135e+03
9.364599278332194444e+03 9.262564018173086879e+03
9.016843542526554302e+03 8.936245044883342416e+03
8.651567502070061892e+03 8.592962053268625823e+03
8.273876245053914317e+03 8.237651781368076627e+03
7.890411391800521415e+03 7.876813533819497934e+03
7.508130442057208711e+03 7.517279279609884725e+03
7.134029153655614209e+03 7.165949579504716894e+03
6.775023973168143129e+03 6.829656460441771742e+03
6.437570793348498228e+03 6.514796338964848474e+03
6.127825029321399597e+03 6.227447171189272012e+03
5.850534400332981932e+03 5.972357608564924703e+03
5.608322453145116924e+03 5.752152575502812397e+03
5.401489227522063629e+03 5.567222144589100935e+03
5.226350776881260572e+03 5.414014713119733642e+03
5.076772524540135237e+03 5.286546272232198135e+03
4.943923903555996731e+03 5.176093223588069122e+03
4.818043503554895324e+03 5.072885081049715154e+03
4.689333739837254143e+03 4.966953578432985523e+03
4.549102504765815866e+03 4.849273942275052832e+03
4.391047378780576764e+03 4.713123097115864766e+03
4.212089459242930388e+03 4.555010913027401330e+03
4.013467777518068488e+03 4.375944864442752078e+03
3.800195018485079800e+03 4.180927955893072067e+03
3.580137875970118785e+03 3.978026727639932687e+03
3.363000798012782525e+03 3.777284038002308080e+03
3.159420259046709361e+03 3.589693914469223728e+03
2.978997107101057736e+03 3.425137550187479064e+03
2.827453566582982603e+03 3.289505220473462032e+03
2.704522531593798249e+03 3.182568168132419942e+03
2.604253981589961768e+03 3.098301599203147816e+03
2.517768419813948185e+03 3.027646968901373839e+03
2.435479274687429552e+03 2.960697316683547342e+03
2.347787482590953459e+03 2.887359007501824181e+03
2.247152504157397743e+03 2.799561032376658204e+03
2.131971457489751629e+03 2.695486788091615836e+03
2.007649199176324146e+03 2.580825897147758496e+03
1.883058356086155754e+03 2.464992945238990160e+03
1.766944316382620400e+03 2.357214075263969335e+03
1.666050746289285598e+03 2.264516463017253955e+03
1.582778098568333917e+03 2.189346552936713124e+03
1.513965879414074607e+03 2.128395097917601106e+03
1.452606534740478537e+03 2.074380036368329456e+03
1.390820756759042297e+03 2.019093170698339691e+03
1.322962739364266554e+03 1.956645312312373790e+03
1.248991123427308139e+03 1.887052765115756756e+03
1.173706379105944279e+03 1.815416048916303907e+03
1.102834662887464674e+03 1.747727651398475928e+03
1.040711603237346708e+03 1.688419976105492424e+03
9.879122165363495469e+02 1.638004566550051550e+03
9.407340417614519765e+02 1.592661068308545509e+03
8.945244068131307813e+02 1.547672187704228918e+03
8.464882463789479061e+02 1.500273298944490534e+03
7.972005669884672443e+02 1.451139186396279911e+03
7.499033867277979652e+02 1.403571378353301952e+03
7.071712417464035525e+02 1.360102289917866301e+03
6.691226679813350984e+02 1.320791978193829436e+03
6.338435327580042440e+02 1.283751833095880102e+03
5.991324134312685601e+02 1.246891342941332823e+03
5.645567400513566554e+02 1.209861216452105737e+03
5.313932694549413327e+02 1.173904643854924416e+03
5.008140291865921654e+02 1.140100672090957232e+03
4.727481295072310559e+02 1.108353630097391942e+03
4.461386124834418752e+02 1.077705274663082946e+03
4.203343760078078617e+02 1.047603609336302952e+03
3.955882558516060499e+02 1.018293887952857631e+03
3.724506367618097897e+02 9.902446759687551321e+02
3.508785208730514000e+02 9.634047263619305568e+02
3.304314551300232665e+02 9.374102799029050175e+02
3.108927750698795762e+02 9.120973966338691525e+02
2.924205203461112887e+02 8.875924738214190484e+02
2.750975923889228625e+02 8.639504322795854705e+02
2.587599849699235506e+02 8.410432843882695124e+02
2.432693126669630601e+02 8.187707096727795033e+02
2.286423636539104791e+02 7.971413298158732914e+02
2.148817787065106870e+02 7.761493642782606912e+02
2.019050692658360617e+02 7.557347036012205308e+02
1.896630232892469792e+02 7.358609533532550131e+02
1.781229350783527252e+02 7.165016899395807286e+02
1.672479319844262022e+02 6.976273650793112893e+02
1.570027987808261116e+02 6.792104821168163653e+02
1.473539359405344840e+02 6.612254928143102006e+02
1.382693049280679247e+02 6.436486908355683454e+02
1.297183737881768764e+02 6.264581130366250363e+02
1.216720594649044926e+02 6.096334291306948217e+02
1.141025587642005092e+02 5.931552505214514213e+02
1.069833070821870962e+02 5.770049953862085204e+02
1.002890874333119626e+02 5.611655978823005171e+02
9.399598019908586366e+01 5.456214808493325563e+02
8.808130461370822673e+01 5.303584830749858838e+02
8.252356230743789922e+01 5.153637906049556250e+02
7.730238287724530721e+01 5.006258715615127812e+02
7.239847594314389312e+01 4.861345782272352949e+02
6.779359249756619477e+01 4.718815658222576417e+02
6.347045884721892861e+01 4.578596619140987514e+02
5.941272544441266490e+01 4.440626279131217871e+02
5.560492295031569654e+01 4.304851093416961021e+02
5.203241998257145440e+01 4.171225870814274685e+02
4.868138251282165641e+01 4.039713293923850301e+02
4.553873417423999115e+01 3.910284449407909619e+02
4.259210786850636765e+01 3.782934738431258666e+02
3.982981518173060209e+01 3.657678267637606950e+02
3.724082332469375700e+01 3.534531290503060745e+02
3.481472174492439819e+01 3.413511395044869232e+02
3.254168986731929891e+01 3.294637232190785312e+02
3.041246630088441805e+01 3.177928247636014021e+02
2.841831945898669431e+01 3.063404430752976282e+02
2.655101890319201630e+01 2.951095802713578564e+02
2.480280777833607075e+01 2.841057176015067398e+02
2.316637919136171320e+01 2.733342138935844901e+02
2.163485223587751349e+01 2.627998063735955725e+02
2.020174884289934525e+01 2.525066210622869960e+02
1.886097176527484365e+01 2.424581846925798914e+02
1.760678364931116846e+01 2.326574380504692954e+02
1.643378692821644904e+01 2.231068738486164591e+02
1.533690300315221755e+01 2.138096786101017699e+02
1.431135584608249367e+01 2.047690066743086561e+02
1.335265645042279736e+01 1.959871576881181454e+02
1.245658656022093602e+01 1.874656097954954816e+02
1.161918323124852037e+01 1.792050655258916549e+02
1.083672420629776667e+01 1.712054981542115684e+02
1.010571406182078924e+01 1.634661996227585803e+02
9.422870596544688837e+00 1.559859767775060106e+02
8.785112165127980433e+00 1.487632944249682225e+02
8.189546977720157273e+00 1.417960249285889631e+02
7.633462063383430696e+00 1.350814647373155140e+02
7.114312722217425389e+00 1.286163856478653997e+02
6.629712561553837702e+00 1.223970846891430142e+02
6.177424086672816728e+00 1.164194324459063239e+02
