1.127744947709056032e+04 1.125298487304863920e+04
1.137253276204310350e+04 1.134717764711152813e+04
1.146245924757024841e+04 1.143619622832463210e+04
1.154687627639170751e+04 1.151968865879834084e+04
1.162542500596027276e+04 1.159729709164612359e+04
1.169773553095989701e+04 1.166865307151811248e+04
1.176344027554549757e+04 1.173339065159253005e+04
1.182217294131469134e+04 1.179114532618982958e+04
1.187354563428598703e+04 1.184153125819434899e+04
1.191716686665496127e+04 1.188415922541083273e+04
1.195265530905844935e+04 1.191865033009162107e+04
1.197962768594894260e+04 1.194462406593656669e+04
1.199769485618179351e+04 1.196169447607356415e+04
1.200648347789579384e+04 1.196949158345244723e+04
1.200563433722923946e+04 1.196765977867820220e+04
1.199478026836289428e+04 1.195583610227054669e+04
1.197356991140348146e+04 1.193367368309806989e+04
1.194168015362295228e+04 1.190085402728629197e+04
1.189880294510458407e+04 1.185707426498591485e+04
1.184464679532511400e+04 1.180204866992451934e+04
1.177895802676421590e+04 1.173552937528110488e+04
1.170152142150560758e+04 1.165730720216883674e+04
1.161215306609479376e+04 1.156720518928845195e+04
1.151071417359601219e+04 1.146509158997607483e+04
1.139711772096651293e+04 1.135088625353863245e+04
1.127133633290152648e+04 1.122456940324821880e+04
1.113340352604160580e+04 1.108618262573473658e+04
1.098341059374887845e+04 1.093582477615273456e+04
1.082152332649199343e+04 1.077366911914497905e+04
1.064801241766126441e+04 1.059999466306565955e+04
1.046321317805940816e+04 1.041514437031606940e+04
1.026752293198179905e+04 1.021952226296234221e+04
1.006148090916307410e+04 1.001367453990980175e+04
9.845730214750010418e+03 9.798250858996858369e+03
9.620950920217414023e+03 9.573936318134343310e+03
9.387929542665726331e+03 9.341521442542669320e+03
9.147641504783143318e+03 9.101985263433422006e+03
8.901082270081764364e+03 8.856325164399726418e+03
8.649264106147909843e+03 8.605553466407720407e+03
8.393433873498714092e+03 8.350915180006890296e+03
8.134914739705978718e+03 8.093729875537058433e+03
7.874952969249514354e+03 7.835238682214698201e+03
7.614869072656828394e+03 7.576754626746012036e+03
7.356150688676665595e+03 7.319755153941148819e+03
7.100164340655552223e+03 7.065595997448128401e+03
6.848191008499122290e+03 6.815545988707702236e+03
6.601789730591407533e+03 6.571144275383077911e+03
6.362481791694121057e+03 6.333890973804079294e+03
6.131561154549509411e+03 6.105061504596063969e+03
5.910036941953314454e+03 5.885646447332217576e+03
5.698636793432652667e+03 5.676354211443634995e+03
5.497938068973436202e+03 5.477746099284411684e+03
5.308534497476968681e+03 5.290398307752632718e+03
5.131594385298527413e+03 5.115441875781280942e+03
4.968312153169967132e+03 4.954033854997841445e+03
4.819602423312533574e+03 4.807059761778221400e+03
4.684878741350917153e+03 4.673923459728136550e+03
4.562626249050396837e+03 4.553111577506360845e+03
4.451465417837992391e+03 4.443245550471902789e+03
4.350123301316707511e+03 4.343054865102594704e+03
4.257424650448981083e+03 4.251367359008242602e+03
4.172201642461853226e+03 4.167019777716096542e+03
4.092744860035387319e+03 4.088323010177863580e+03
4.017216711894350738e+03 4.013464007442605634e+03
3.943576558207674680e+03 3.940437457111076583e+03
3.869323952410557467e+03 3.866799139961484343e+03
3.791990762045761585e+03 3.790139876180818646e+03
3.708807198529015295e+03 3.707773852266641825e+03
3.617132968040467404e+03 3.617145568089335484e+03
3.514918242373421890e+03 3.516290240530564461e+03
3.400695364800844345e+03 3.403814734283910184e+03
3.274030482849233977e+03 3.279337077136373864e+03
3.135433367759582779e+03 3.143392127328873812e+03
2.986564844741467368e+03 2.997627325220469629e+03
2.829934346353833917e+03 2.844506053626061657e+03
2.668715295458290711e+03 2.687122776441012320e+03
2.506346601702769476e+03 2.528818200590916604e+03
2.346602784819838689e+03 2.373245819198049503e+03
2.193309394957970198e+03 2.224092255073838260e+03
2.050416744515861865e+03 2.085149583798301592e+03
1.921216935016995194e+03 1.959570254298051850e+03
1.808566935573778437e+03 1.850061087009163202e+03
1.713964225610608992e+03 1.758025123163021590e+03
1.637592816902397999e+03 1.683580480280709708e+03
1.578010928465759662e+03 1.625292811524033596e+03
1.532592880569373847e+03 1.580586623323392359e+03
1.497460998960313646e+03 1.545707508493342857e+03
1.468143169365956510e+03 1.516347222653924291e+03
1.439637527622648577e+03 1.487721082778340360e+03
1.407061249106188370e+03 1.455188604304369392e+03
1.366239271150565173e+03 1.414809280033082132e+03
1.314440655659487902e+03 1.364036360191505082e+03
1.250936809850744339e+03 1.302234240451130063e+03
1.177055909387931933e+03 1.230711145081208997e+03
1.096109042564982701e+03 1.152637390703476740e+03
1.013140912921284212e+03 1.072801977216215164e+03
9.342080604439310036e+02 9.969182103963191821e+02
8.648110199470559110e+02 9.301450612351635527e+02
8.083616284360530244e+02 8.756542892117164456e+02
7.655781389818555454e+02 8.340692015517374784e+02
7.349484383438037867e+02 8.039156183991574380e+02
7.133713966442068113e+02 7.822412102272710399e+02
6.962392165018580954e+02 7.647084604794872575e+02
6.778850257963335935e+02 7.460273025179027400e+02
6.534579058246843033e+02 7.217056370986490492e+02
6.209393763253801808e+02 6.899093294678381199e+02
5.814114534032112260e+02 6.516849209881743263e+02
5.382979310525328174e+02 6.102334950954884789e+02
4.963582010402897708e+02 5.699631988977266701e+02
4.601504494864136063e+02 5.350642933216420261e+02
4.321452903935416998e+02 5.077770320233052530e+02
4.120757070789310887e+02 4.878135537080050312e+02
3.972727369692606771e+02 4.726918214991836180e+02
3.834854454009300184e+02 4.585080137521537722e+02
3.669499006007440016e+02 4.418359358438951290e+02
3.462971878623407065e+02 4.214535214681287698e+02
3.226515726008382785e+02 3.984079393186048037e+02
2.989847152704058999e+02 3.754058406616706520e+02
2.785076451709284129e+02 3.553432657659259348e+02
2.625645215989335384e+02 3.394085485681742966e+02
2.502188368635061977e+02 3.267339529305718884e+02
2.390975668766165541e+02 3.151766214972368516e+02
2.268469736983480232e+02 3.026335790787557585e+02
2.128617142551656798e+02 2.885783243266835711e+02
1.983967559071850530e+02 2.741388697821814731e+02
1.852482045973974039e+02 2.609078254538154624e+02
1.743874647714811204e+02 2.497317753469904744e+02
1.652437686212995516e+02 2.400935540250573013e+02
1.564233016778526348e+02 2.307629759408224572e+02
1.470867899607676179e+02 2.210089302407531022e+02
1.375593016831052466e+02 2.111210109800636587e+02
1.287555322800101862e+02 2.018944263121222775e+02
1.211073332488477945e+02 1.936964284047375031e+02
1.142215269563327809e+02 1.861808660615896542e+02
1.074467860206679859e+02 1.787863827834562471e+02
1.006854564269153798e+02 1.714313857218319583e+02
9.430626114528703852e+01 1.644302739285194548e+02
8.855423033153226697e+01 1.579874523697445454e+02
8.324155023230413519e+01 1.519406091394764644e+02
7.810546326380617188e+01 1.460678221858749453e+02
7.316872206496280739e+01 1.403881664024016800e+02
6.858580298128231334e+01 1.350287763447442444e+02
6.434780747066669448e+01 1.299799077470978261e+02
6.032828091532179826e+01 1.251360360294531802e+02
5.650576415862092716e+01 1.204789210183151766e+02
5.293366482772601955e+01 1.160508110104005368e+02
4.959577449971745011e+01 1.118370194432912683e+02
4.645614633068245780e+01 1.078077821202232940e+02
4.350223292857163671e+01 1.039520662462577576e+02
4.072493454970983606e+01 1.002612351396687984e+02
3.811551450393986329e+01 9.672721655190538570e+01
3.566545695539479510e+01 9.334237623625230640e+01
3.336648686030629563e+01 9.009949207447768060e+01
3.121055531617312795e+01 8.699169214138098027e+01
2.918941978180296104e+01 8.401187914161171477e+01
2.729488630788360481e+01 8.115291584834552907e+01
2.551923898779951116e+01 7.840811628283634604e+01
2.385522359966348915e+01 7.577122793986447391e+01
2.229602015801594916e+01 7.323640139457030784e+01
2.083521710890414269e+01 7.079816229513667736e+01
1.946678707108949524e+01 6.845138553912755697e+01
1.818508644013489928e+01 6.619129290506016616e+01
1.698487710101907666e+01 6.401347764168932031e+01
1.586123100857987289e+01 6.191381881651047081e+01
1.480949704690353563e+01 5.988844702317029345e+01
1.382528716521894019e+01 5.793372808848660327e+01
1.290446307362616096e+01 5.604624795562778417e+01
1.204312348682209333e+01 5.422279864857966203e+01
1.123759134691383466e+01 5.246036577576258964e+01
1.048439232512383157e+01 5.075612645363487729e+01
9.780247825018097529e+00 4.910743557012575877e+01
9.122075044350797413e+00 4.751180490644037491e+01
8.506976346851338633e+00 4.596689315003012410e+01
7.932228780594256179e+00 4.447049694978349521e+01
7.395274142939790352e+00 4.302054256154199408e+01
6.893709566896323970e+00 4.161507803837720587e+01
6.425279023244048204e+00 4.025227834473607658e+01
5.987865891505263605e+00 3.893047207666140253e+01
5.579483376697531583e+00 3.764809268727363190e+01
5.198266580215589627e+00 3.640366012973411358e+01
4.842465439302373831e+00 3.519577584946956250e+01
4.510438043645623729e+00 3.402311806859093934e+01
4.200644311336696468e+00 3.288443734193320722e+01
3.911639975785003553e+00 3.177855331523669591e+01
3.642070225071148748e+00 3.070437312823268172e+01
3.390664570766419583e+00 2.966088503405329035e+01
3.156232664815890931e+00 2.864712896642249262e+01
2.937659504918785913e+00 2.766219238371016687e+01
2.733900871363109886e+00 2.670520754028872190e+01
2.543979024622939011e+00 2.577534889835834520e+01
2.366978649974210480e+00 2.487183067187109131e+01
2.202043020358640746e+00 2.399390947670208618e+01
2.048370349287416126e+00 2.314089854644128863e+01
1.905210467480743741e+00 2.231214652320212011e+01
1.771861649668877492e+00 2.150702871267415617e+01
1.647667605510893640e+00 2.072494550554610626e+01
1.532014648265067391e+00 1.996532087710730963e+01
1.424329031400803025e+00 1.922760096083363024e+01
1.324074440349111370e+00 1.851125301034905846e+01
1.230749534870742901e+00 1.781577386477215086e+01
