1.958431523743821162e+04 1.947960239378370898e+04
1.979270073962332754e+04 1.968391569899184105e+04
1.999333516137773040e+04 1.988038186750925161e+04
2.018558764022023024e+04 2.006837360472690125e+04
2.036881410720863278e+04 2.024725145590865941e+04
2.054236803999466792e+04 2.041637412116397536e+04
2.070557719142613132e+04 2.057507530978744762e+04
2.085774041802131251e+04 2.072266063071668032e+04
2.099815925569081810e+04 2.085843907552454766e+04
2.112613323511831186e+04 2.098171852052026225e+04
2.124093314509657284e+04 2.109177958619395940e+04
2.134183305974065661e+04 2.118790714318257596e+04
2.142812235251153106e+04 2.126940217223631407e+04
2.149907799747806348e+04 2.133555477166123455e+04
2.155397231037508391e+04 2.138565182921966698e+04
2.159210589130169319e+04 2.141900930771904677e+04
2.161280034592204538e+04 2.143496537699444161e+04
2.161537768634974054e+04 2.143286070857403320e+04
2.159919708023854400e+04 2.141207403094979963e+04
2.156366566215720013e+04 2.137203273333884135e+04
2.150822571231858456e+04 2.131220143514602387e+04
2.143236711321792609e+04 2.123209376612179403e+04
2.133564581106021069e+04 2.113128963474776538e+04
2.121769237697084463e+04 2.100944467009749860e+04
2.107822041412307226e+04 2.086629962713852001e+04
2.091702546313358471e+04 2.070167704779173437e+04
2.073399524566043692e+04 2.051549131398985264e+04
2.052916141059400979e+04 2.030780247356582549e+04
2.030267186830835271e+04 2.007878678061466417e+04
2.005476655575686891e+04 1.982871087050412461e+04
1.978585713299639610e+04 1.955801274047013794e+04
1.949656770402832626e+04 1.926734290087461341e+04
1.918761210568712340e+04 1.895743890333213494e+04
1.885982306002891710e+04 1.862915443541308196e+04
1.851434709451296294e+04 1.828365583123582837e+04
1.815246156990656164e+04 1.792223701620315114e+04
1.777548409172675019e+04 1.754622787957052060e+04
1.738502557464065103e+04 1.715724706361372228e+04
1.698299925735212310e+04 1.675721068940070472e+04
1.657128707548802777e+04 1.634799892389389970e+04
1.615182265444375480e+04 1.593153861401923132e+04
1.572690685612343623e+04 1.551011726128924602e+04
1.529881459025607364e+04 1.508599205140978120e+04
1.486969572642777166e+04 1.466129125040450890e+04
1.444211423079165979e+04 1.423854237794528126e+04
1.401889638685504906e+04 1.382052403408173996e+04
1.360259361365247423e+04 1.340974082273555723e+04
1.319537802728022871e+04 1.300832058205686553e+04
1.279889043184834918e+04 1.261786394398239463e+04
1.241451170981248652e+04 1.223971467633034445e+04
1.204354142951222275e+04 1.187513408437674661e+04
1.168836576823005998e+04 1.152642479020511382e+04
1.135187066765297823e+04 1.119636835603283362e+04
1.103655688161938269e+04 1.088737549720223433e+04
1.074321551971105691e+04 1.060018588820583682e+04
1.047055588496721066e+04 1.033350088394771774e+04
1.021724061891055317e+04 1.008598003010808861e+04
9.981789879586975076e+03 9.856149066112009677e+03
9.762475879143594284e+03 9.642296553985510400e+03
9.557636216061573577e+03 9.442777853024703290e+03
9.364950037213433461e+03 9.255318895826616426e+03
9.181641906328632103e+03 9.077210427007928956e+03
9.004878526181964844e+03 8.905692380927535851e+03
8.831102481309051655e+03 8.737323407893802141e+03
8.656738674544763853e+03 8.568646717585963415e+03
8.477655610779025665e+03 8.395689376274960523e+03
8.289490562213371959e+03 8.214263079401664072e+03
8.088130424157980087e+03 8.020433485103068961e+03
7.869752364717913224e+03 7.810561125056763558e+03
7.631639239461273064e+03 7.582071835727457255e+03
7.372562486940569215e+03 7.333837624244550170e+03
7.092910205643394875e+03 7.066274809810458464e+03
6.795044589796771106e+03 6.781700429329489452e+03
6.482861104598774546e+03 6.483884299019497121e+03
6.161588920427184348e+03 6.177865761480959009e+03
5.837308663889628406e+03 5.869477240863550833e+03
5.516454486520197861e+03 5.564868869420021838e+03
5.206014676063477054e+03 5.270673331089983549e+03
4.912350748684148130e+03 4.992924664549050249e+03
4.641858833526178387e+03 4.737611211546979575e+03
4.399630226600862443e+03 4.509498321131181001e+03
4.189157712926372369e+03 4.311763742313652074e+03
4.011558079724161871e+03 4.145363109292479749e+03
3.865217100017967368e+03 4.008645119685851114e+03
3.745692657001067346e+03 3.897329963973937083e+03
3.646515915071156087e+03 3.805237690977476177e+03
3.559358801980225962e+03 3.724483001161398533e+03
3.475281820552351746e+03 3.646625280446719898e+03
3.385340592404524159e+03 3.563238254239924572e+03
3.281804134488755608e+03 3.467057396771245294e+03
3.159474002850717625e+03 3.353216901485362996e+03
3.016572913693758892e+03 3.220084511210528945e+03
2.855266187907582662e+03 3.069759324034226665e+03
2.681343328331439807e+03 2.907753398499693049e+03
2.503461580127988327e+03 2.742239187134453005e+03
2.332020660406688876e+03 2.582954009219243744e+03
2.177259776990614228e+03 2.439396770542104605e+03
2.046656729904501390e+03 2.318406814155074244e+03
1.942773675709354848e+03 2.222214781904003758e+03
1.863079052378000824e+03 2.148353018698884625e+03
1.801394388680036855e+03 2.091035006109150800e+03
1.749147828610051874e+03 2.042317004692399905e+03
1.696208920607624805e+03 1.992854086225905803e+03
1.633144345365756863e+03 1.933970159029438491e+03
1.555034322505720638e+03 1.861182565815327052e+03
1.463504921500622686e+03 1.776072620886468258e+03
1.365200651553977195e+03 1.684833258846572107e+03
1.269082714298533801e+03 1.595709352838542600e+03
1.183932613974465994e+03 1.516659254823887977e+03
1.115219105654779923e+03 1.452524873025178294e+03
1.062863245573590120e+03 1.403102215668200415e+03
1.021677537356715789e+03 1.363632419626322417e+03
9.835930362750659697e+02 1.326837333857121621e+03
9.407518287178972969e+02 1.285692863096284100e+03
8.897584209922798664e+02 1.237226009493584797e+03
8.329272494880120803e+02 1.183590302468485334e+03
7.761051213848878660e+02 1.130037455334799688e+03
7.257316775095868024e+02 1.082229037811087665e+03
6.851119493827126234e+02 1.042970809129464897e+03
6.524670980995633727e+02 1.010614287495185977e+03
6.228476635898460927e+02 9.808166135179893672e+02
5.913214337891922696e+02 9.493286888196698783e+02
5.562265287777238427e+02 9.147804001022071816e+02
5.201281248347722794e+02 8.794245176897189822e+02
4.869954306478605872e+02 8.466347106634098054e+02
4.589809021517157248e+02 8.181684785882292772e+02
4.350174247636672362e+02 7.930705966642044586e+02
4.120395917247744251e+02 7.687757239188235872e+02
3.880327285854868933e+02 7.436494726502029380e+02
3.636630566032673642e+02 7.182727009334971626e+02
3.409847693673884805e+02 6.943118057621751404e+02
3.210885993858329357e+02 6.726062350253764635e+02
3.030709704597701375e+02 6.524057428710547129e+02
2.854385341976733912e+02 6.325354473871424261e+02
2.678574566409726572e+02 6.127533259937924868e+02
2.512298306792152971e+02 5.937557900054866877e+02
2.361611319677514587e+02 5.759828776856098784e+02
2.222237708719455327e+02 5.590964535080430551e+02
2.087496968407014890e+02 5.426027581535092850e+02
1.957785660507855425e+02 5.265349491823346852e+02
1.837115221916156713e+02 5.111733624081251719e+02
1.725344700847696231e+02 4.964956087162147469e+02
1.619241164159598156e+02 4.822726817423364309e+02
1.518157643080528771e+02 4.684596274848278199e+02
1.423569481144199358e+02 4.551491641452109889e+02
1.335102495573971453e+02 4.423091747723338472e+02
1.251741396821798418e+02 4.298702722403767780e+02
1.173201370930098335e+02 4.178106192915033716e+02
1.099263197134569339e+02 4.061113690982533626e+02
1.029713802533256768e+02 3.947549122113209137e+02
9.643432376226044767e+01 3.837247121842314073e+02
9.029454300637566178e+01 3.730052368270346506e+02
8.453093316010725289e+01 3.625812501145979354e+02
7.912138592076672694e+01 3.524372335938606398e+02
7.404484068112725481e+01 3.425585804655487436e+02
6.928146225988095352e+01 3.329316921017453978e+02
6.481257014923819781e+01 3.235439201057158698e+02
6.062057188359571569e+01 3.143835124480719401e+02
5.668890028353899169e+01 3.054395632963369849e+02
5.300199091980024235e+01 2.967020750128151008e+02
4.954540531074516707e+01 2.881624885429055780e+02
4.630558109923233445e+01 2.798131398449595508e+02
4.326968611671643572e+01 2.716469221476333473e+02
4.042558433697390541e+01 2.636572550404368940e+02
3.776180324203570393e+01 2.558380559204667577e+02
3.526750230811891385e+01 2.481837128182329479e+02
3.293244164521544803e+01 2.406890663067149205e+02
3.074692409718320718e+01 2.333496281513321264e+02
2.870177112991500223e+01 2.261615696285441288e+02
2.678833513738592842e+01 2.191213852907407329e+02
2.499847317362051413e+01 2.122258551468098915e+02
2.332451959867026403e+01 2.054720268248038337e+02
2.175926005417831277e+01 1.988571982987980107e+02
2.029590671493304654e+01 1.923789011406183533e+02
1.892807595382171826e+01 1.860350030848271956e+02
1.764976867469441757e+01 1.798239919537990943e+02
1.645534472981898233e+01 1.737445671698007459e+02
1.533950182423487796e+01 1.677955159425331715e+02
1.429725663612352626e+01 1.619757033166173130e+02
1.332392688909043343e+01 1.562840625224321798e+02
1.241511433608056869e+01 1.507195856330492063e+02
1.156668842565108335e+01 1.452813457582028889e+02
1.077476868440449032e+01 1.399688858128278923e+02
1.003571166455461672e+01 1.347820259354425048e+02
9.346099301851229058e+00 1.297205067445555926e+02
8.702725753998423741e+00 1.247839801345733406e+02
8.102584904829368995e+00 1.199720088369254256e+02
7.542858552711874331e+00 1.152840662491608441e+02
7.020905248372740104e+00 1.107195376449877529e+02
6.534249524256218855e+00 1.062779438628806190e+02
6.080571756988088161e+00 1.019591605581665590e+02
5.657699306941390560e+00 9.776292498754629889e+01
5.263597694548577621e+00 9.368877294324278182e+01
4.896362203966584836e+00 8.973604901882319496e+01
4.554209967223467714e+00 8.590391694773728659e+01
4.235472503583513237e+00 8.219136997503341036e+01
3.938588654061021099e+00 7.859727655868744023e+01
3.662097752336721079e+00 7.512060536154227464e+01
3.404633604843189332e+00 7.176024617016621221e+01
3.164918745364547981e+00 6.851489244861805616e+01
