2.055199131852467326e+04 2.046130184958274549e+04
2.074414124025424826e+04 2.064983378316110247e+04
2.092585723002656232e+04 2.082783706225302740e+04
2.109641195513826096e+04 2.099458646846019838e+04
2.125507167285658579e+04 2.114935119890382339e+04
2.140110704843628992e+04 2.129140548928150383e+04
2.153376039630379455e+04 2.141999582691205796e+04
2.165225296846908532e+04 2.153434830405270623e+04
2.175582074388430919e+04 2.163370450648592669e+04
2.184370197792377076e+04 2.171730926670484041e+04
2.191510705821798183e+04 2.178438090147747062e+04
2.196926552180883300e+04 2.183415786945285072e+04
2.200543655341360864e+04 2.186590926012507771e+04
2.202286976902579045e+04 2.187889630813574331e+04
2.202082775736455005e+04 2.187239470108315800e+04
2.199862314444735966e+04 2.184573114663486922e+04
2.195560387115559570e+04 2.179826932027274597e+04
2.189113578755794151e+04 2.172939322428353262e+04
2.180464929333164764e+04 2.163855247172124655e+04
2.169564839907543137e+04 2.152527136331950896e+04
2.156369418886438871e+04 2.138913425804487997e+04
2.140842548052464554e+04 2.122980486718972679e+04
2.122957778199922905e+04 2.104704397187308496e+04
2.102699728133545796e+04 2.084072506937992512e+04
2.080065006554073261e+04 2.061084430254297695e+04
2.055061405959836702e+04 2.035750938034485807e+04
2.027709668043925194e+04 2.008095742516097380e+04
1.998050560129401129e+04 1.978162862712759670e+04
1.966138941105690901e+04 1.946010365032339541e+04
1.932041120333546496e+04 1.911707551770132704e+04
1.895847797089170490e+04 1.875348107386994525e+04
1.857674453431452275e+04 1.837050452296739968e+04
1.817645059737138945e+04 1.796941116424285065e+04
1.775899318150098770e+04 1.755161991480920915e+04
1.732616450506116598e+04 1.711894220806572048e+04
1.687984809328342453e+04 1.667327593871391218e+04
1.642194020096459280e+04 1.621652613805505280e+04
1.595473343576272418e+04 1.575098599409007693e+04
1.548078458337922348e+04 1.527920512876788416e+04
1.500251990251577990e+04 1.480359755142618451e+04
1.452242830763870734e+04 1.432663207800694727e+04
1.404340242289914750e+04 1.385116823946046679e+04
1.356816219839357291e+04 1.337988905339987832e+04
1.309921056672719715e+04 1.291525692811681256e+04
1.263952600200495544e+04 1.246018420170909485e+04
1.219216749537998658e+04 1.201765182097893012e+04
1.175976561945366302e+04 1.159021838334529639e+04
1.134445010864690448e+04 1.117994365658718743e+04
1.094780443308618487e+04 1.078833930874150974e+04
1.057110105417494560e+04 1.041661355500563513e+04
1.021553052243692036e+04 1.006589116556103181e+04
9.883299362863401257e+03 9.738248119474550549e+03
9.576830065965874383e+03 9.435959955899092165e+03
9.298106948681315771e+03 9.160884101130055569e+03
9.046564168957982474e+03 8.912399603336323707e+03
8.819378056676458073e+03 8.687690831996971610e+03
8.613919024725031704e+03 8.484136433231627962e+03
8.427772930041266591e+03 8.299332938488974833e+03
8.258703863015394745e+03 8.131057671751261296e+03
8.104555709825908707e+03 7.977171459936275824e+03
7.962153529321652968e+03 7.834577134929925705e+03
7.827867968758383540e+03 7.699755190740823309e+03
7.697782702145028452e+03 7.568935072413820308e+03
7.566874313890651138e+03 7.437338469806278226e+03
7.430127230084283838e+03 7.300215200385182470e+03
7.281954612818522037e+03 7.152339599285628537e+03
7.116836239834387015e+03 6.988582172588032336e+03
6.930376862626996626e+03 6.804927483941040919e+03
6.719397038079301637e+03 6.598541403298594560e+03
6.482583615532897056e+03 6.368358912301723649e+03
6.220666615192623794e+03 6.115241240448738608e+03
5.936481286130947410e+03 5.841996234472191645e+03
5.634823905337533688e+03 5.553239434844784228e+03
5.321774699957104531e+03 5.254733008593899285e+03
5.004146100191186633e+03 4.952876483335869125e+03
4.689542656435216486e+03 4.654754527810227046e+03
4.385741047303609776e+03 4.367558421428558177e+03
4.101105029968977760e+03 4.098948803904567285e+03
3.842644009567055036e+03 3.855325750100931145e+03
3.616540411350461454e+03 3.642214080435073811e+03
3.426478189168737572e+03 3.462855488277822133e+03
3.273167522773712790e+03 3.317670875403386617e+03
3.154402840353428019e+03 3.204432113653521355e+03
3.065187246798672732e+03 3.118341821475588858e+03
2.998143087454115630e+03 3.052498366662181525e+03
2.944436482245293973e+03 2.998734257045732193e+03
2.893895905659023356e+03 2.947785674938220836e+03
2.836385973343450132e+03 2.890532197501475366e+03
2.762818748502937069e+03 2.818899517420962184e+03
2.666920522479943429e+03 2.727426551094997649e+03
2.546269512453680818e+03 2.614140260780965491e+03
2.402688012640941452e+03 2.480848512842064338e+03
2.242279000080647165e+03 2.333134270740853481e+03
2.075203350970440169e+03 2.180115400180631696e+03
1.914094620711638754e+03 2.032987806749987840e+03
1.770837096001700047e+03 1.902178684843602696e+03
1.653314932832118529e+03 1.794496982877996061e+03
1.563911254809507227e+03 1.711843226270452760e+03
1.500383465266511621e+03 1.652044671159175323e+03
1.457055577126213620e+03 1.609960426528428343e+03
1.424725594209235851e+03 1.577457614535914445e+03
1.391477350595628195e+03 1.544167726538153829e+03
1.346540609184134155e+03 1.500842903829151737e+03
1.284670757055564536e+03 1.443091416774271011e+03
1.206951250069210801e+03 1.371990967085859666e+03
1.119763105066884464e+03 1.293126961293735121e+03
1.032991975575944025e+03 1.214987804815617210e+03
9.567537765862413153e+02 1.146134127833601951e+03
8.971823925781609432e+02 1.091640316606802799e+03
8.547795756517891732e+02 1.051771976765016461e+03
8.246818047426025942e+02 1.022307225019574048e+03
7.980934680049263079e+02 9.958173041986717635e+02
7.665558288056735137e+02 9.652635955041287161e+02
7.261904837321874311e+02 9.274999363557483321e+02
6.784235711546673429e+02 8.838001971262286816e+02
6.291969213919722961e+02 8.391186401630355931e+02
5.857241074484530827e+02 7.993528586855170488e+02
5.516932049630760275e+02 7.674261076312766363e+02
5.259116960347110989e+02 7.422715641917050107e+02
5.036041407988641936e+02 7.199738096305167119e+02
4.793736964971594148e+02 6.961976428851751280e+02
4.511758511986517419e+02 6.693544909567032164e+02
4.211744341456146117e+02 6.412126307566499008e+02
3.932988428648158674e+02 6.148834763591726187e+02
3.701768286542821897e+02 5.923868605678370614e+02
3.510973553441600075e+02 5.731112589971444322e+02
3.331233970610031747e+02 5.547522440209959314e+02
3.140626720591628782e+02 5.356320649607874884e+02
2.942165621042711905e+02 5.160057897365649069e+02
2.755512907626857100e+02 4.973704604288194560e+02
2.593185724223598072e+02 4.806443328647380326e+02
2.449274921171934523e+02 4.653566073944583081e+02
2.308896640007253040e+02 4.503953356396100958e+02
2.167467920031791664e+02 4.354315795907845086e+02
2.032232061743551981e+02 4.209956328510722301e+02
1.910050777297136619e+02 4.075697976500120490e+02
1.798148595183106693e+02 3.949402488261438862e+02
1.690209854271288918e+02 3.826555508625783091e+02
1.585646099662479003e+02 3.706754437244754286e+02
1.488015895487058344e+02 3.592414481775834361e+02
1.397959625752180557e+02 3.483878809311709119e+02
1.312697759807816453e+02 3.379214638277558151e+02
1.231295376447056782e+02 3.277771391596049284e+02
1.155021809811392899e+02 3.180341197131832587e+02
1.083468122682300105e+02 3.086617145751896487e+02
1.016154488225266022e+02 2.996237390648374230e+02
9.528414484814511809e+01 2.909011634142547678e+02
8.933027445753421603e+01 2.824762276552075377e+02
8.373242132812508487e+01 2.743323244988509941e+02
7.847031812428839714e+01 2.664539226484921528e+02
7.352478872629599493e+01 2.588264961746929202e+02
6.887769496515345224e+01 2.514364612348318815e+02
6.451198920874976750e+01 2.442712251547470146e+02
6.041168846873954124e+01 2.373191776947881522e+02
5.656164482872495824e+01 2.305694654649245479e+02
5.294749348755687635e+01 2.240119304702279521e+02
4.955561877789057945e+01 2.176370683215351960e+02
4.637312114257717610e+01 2.114359894321454192e+02
4.338778508572244874e+01 2.054003829438065907e+02
4.058803888748956012e+01 1.995225187965789075e+02
3.796287269792440355e+01 1.937954313620706444e+02
3.550186250848780389e+01 1.882127168432405142e+02
3.319517241595053747e+01 1.827683853262630862e+02
3.103352404126138708e+01 1.774568372857604857e+02
2.900816723004561837e+01 1.722728420117508392e+02
2.711085212992746918e+01 1.672115172859388110e+02
2.533380262903546054e+01 1.622683117328326432e+02
2.366969430100293437e+01 1.574391251156217493e+02
2.211163170700493197e+01 1.527203797501127838e+02
2.065311907041963480e+01 1.481087549872297870e+02
1.928803812958423336e+01 1.436011462213766663e+02
1.801062774038387104e+01 1.391946527070589070e+02
1.681546446678179763e+01 1.348865659052102615e+02
1.569744411977843690e+01 1.306743583202617458e+02
1.465176391667594480e+01 1.265556912981957964e+02
1.367390382986601161e+01 1.225285389681358765e+02
1.275961257723064968e+01 1.185910803971726182e+02
1.190489387655566311e+01 1.147416049803763087e+02
1.110599203164070481e+01 1.109785043254260302e+02
1.035937825853950045e+01 1.073002650882190920e+02
9.661737728699764105e+00 1.037054620591998457e+02
9.009957291545545033e+00 1.001927519487155394e+02
8.401113243587063906e+00 9.676093470864751112e+01
7.832459921922050761e+00 9.340900609054548909e+01
7.301420639416758895e+00 9.013601290819521239e+01
6.805577935708630122e+00 8.694103027695776120e+01
6.342664193024569741e+00 8.382315782527878412e+01
5.910552771118531723e+00 8.078151607258133993e+01
5.507249635093363516e+00 7.781524297361727349e+01
5.130885418823503130e+00 7.492350872750211010e+01
4.779707697725331883e+00 7.210567052041201919e+01
4.452074171398932023e+00 6.936116476654942176e+01
4.146446220013063844e+00 6.668939106020866348e+01
3.861382623205789510e+00 6.408971109920591402e+01
3.595533637433106833e+00 6.156144915593407063e+01
3.347635415120954860e+00 5.910389265139662029e+01
3.116504746708056661e+00 5.671629313268545047e+01
2.901033963155264850e+00 5.439795123286317136e+01
2.700186135924460107e+00 5.214831201128254889e+01
2.512991052730621622e+00 4.996676859832060558e+01
