1.839295351639558430e+04 1.830929740381673400e+04
1.857092437045616316e+04 1.848395591057528145e+04
1.874005107904782199e+04 1.864968629420143770e+04
1.889971242230414282e+04 1.880586914698543114e+04
1.904927189159969203e+04 1.895187083084878032e+04
1.918809654133839649e+04 1.908706183113664156e+04
1.931554383871883692e+04 1.921080359918070462e+04
1.943094029574950400e+04 1.932242719803245200e+04
1.953361801972789181e+04 1.942126993045187919e+04
1.962292045405403769e+04 1.950668115212831981e+04
1.969817541204508598e+04 1.957799569050544960e+04
1.975871432547107543e+04 1.963455295107787242e+04
1.980389421735860378e+04 1.967571869795618477e+04
1.983308027000386937e+04 1.970086800855862384e+04
1.984563490958886541e+04 1.970937464859645843e+04
1.984095641674154467e+04 1.970064909545131377e+04
1.981848269855398394e+04 1.967414242196499254e+04
1.977767251806846980e+04 1.962932848278757956e+04
1.971802888260478721e+04 1.956572651859603138e+04
1.963911462029341419e+04 1.948291626976123007e+04
1.954055206027657186e+04 1.938053871970433102e+04
1.942202702863419108e+04 1.925830018351664330e+04
1.928329981124875485e+04 1.911598181360881426e+04
1.912421794501067416e+04 1.895345277272738895e+04
1.894474345370550509e+04 1.877069904320961359e+04
1.874493106183260170e+04 1.856779956078626492e+04
1.852492732364338008e+04 1.834492466135634095e+04
1.828504571823089282e+04 1.810241290487677179e+04
1.802574953404758708e+04 1.784075315662012872e+04
1.774758562272856943e+04 1.756051630590478089e+04
1.745125337969886459e+04 1.726242476518682815e+04
1.713771529046599608e+04 1.694746391250585293e+04
1.680801916438408443e+04 1.661670201224545599e+04
1.646328724116988815e+04 1.627127880856223419e+04
1.610495990330211134e+04 1.591264942331150269e+04
1.573464287492952644e+04 1.554243088796377924e+04
1.535392744279023100e+04 1.516222194803300408e+04
1.496460663451943401e+04 1.477381736944264958e+04
1.456882355399660446e+04 1.437935471839423553e+04
1.416864963403719412e+04 1.398089600989628343e+04
1.376610296786134313e+04 1.358044550523301405e+04
1.336353092502101572e+04 1.318032588060524358e+04
1.296326323978548317e+04 1.278283728411307129e+04
1.256741645565913677e+04 1.239006542334634105e+04
1.217828158648793396e+04 1.200425641878310307e+04
1.179837795435227963e+04 1.162786918246197820e+04
1.142994202791804673e+04 1.126308267280952168e+04
1.107484805401732956e+04 1.091171673620429283e+04
1.073443138242462373e+04 1.057505163356567755e+04
1.040975002593910358e+04 1.025409429879520758e+04
1.010172297846980655e+04 9.949715907607003828e+03
9.811744560323688347e+03 9.663229158932077553e+03
9.541563258576234148e+03 9.396275361591695400e+03
9.292716234803319821e+03 9.150294444691231547e+03
9.065207062805344322e+03 8.925239424532494013e+03
8.856383310235527460e+03 8.718485263426860911e+03
8.663531111214699195e+03 8.527351434242997129e+03
8.484232533151960524e+03 8.349453064668739898e+03
8.316386892588234332e+03 8.182725183212399315e+03
8.158043233465947196e+03 8.025252326708730834e+03
8.006625895495033546e+03 7.874534657496654290e+03
7.858901033041533992e+03 7.727456768234113952e+03
7.711620383188063897e+03 7.580901093457922798e+03
7.560689795634891198e+03 7.430983068726418423e+03
7.401964772548017208e+03 7.273785444439906314e+03
7.231270990729693949e+03 7.105403145227182904e+03
7.044522491841459669e+03 6.922047457379922889e+03
6.838737703295892061e+03 6.720994681494850738e+03
6.612483302828353771e+03 6.501019270177866929e+03
6.365704606282399254e+03 6.262187896120656660e+03
6.100442586683790978e+03 6.006550703740113931e+03
5.820024663718558259e+03 5.737336071565915518e+03
5.529531989548322599e+03 5.459399470856401422e+03
5.234583921612173071e+03 5.178056721159551671e+03
4.941258085899446996e+03 4.899016599239454081e+03
4.655825026777035418e+03 4.628124051955663163e+03
4.384475070196104753e+03 4.371118892998581941e+03
4.133517741451725669e+03 4.133770651124429605e+03
3.908211109074208707e+03 3.920883762762630340e+03
3.712280359710019184e+03 3.735749742951256849e+03
3.547765197227382487e+03 3.580109009096631780e+03
3.413303870061819453e+03 3.452522912192799595e+03
3.305587535547072548e+03 3.349773815400758394e+03
3.218470119438384245e+03 3.266067156391013668e+03
3.144561061840585808e+03 3.194523345615469225e+03
3.075470176350966085e+03 3.127416200155420483e+03
3.002690815556036796e+03 3.057002337363584502e+03
2.918646024375668276e+03 2.976452211858979808e+03
2.817689597611935369e+03 2.880749123546662759e+03
2.697451017225968826e+03 2.767882501827778015e+03
2.558982411588011018e+03 2.638931503804438762e+03
2.406637505534632965e+03 2.497930257780326428e+03
2.247611820978675951e+03 2.351425882547599940e+03
2.091310401897324482e+03 2.207869709808184780e+03
1.947708782897378796e+03 2.076136566761369068e+03
1.824845427337243336e+03 1.963295663409545341e+03
1.726348156596103081e+03 1.872421011200411613e+03
1.650815765604901799e+03 1.802103105985078400e+03
1.593414216768171173e+03 1.747923183790757548e+03
1.547201127556545543e+03 1.703658868160972816e+03
1.503357116834896942e+03 1.661514044076050595e+03
1.452625842610827704e+03 1.613395915333543144e+03
1.388994932006321733e+03 1.554125314205730092e+03
1.312459457461175589e+03 1.483801530680702172e+03
1.227752279193414097e+03 1.406634757252667669e+03
1.142199938129724160e+03 1.329027814905464083e+03
1.063817646273748323e+03 1.257889705550018334e+03
9.986307417524990342e+02 1.198323649454149745e+03
9.480828513889335909e+02 1.151448851819130823e+03
9.090764812783835396e+02 1.114509220023142689e+03
8.753307088009565859e+02 1.082091508082019800e+03
8.395779771298248306e+02 1.048022932291279403e+03
7.975195709981322807e+02 1.008711997253738673e+03
7.497441027038576067e+02 9.647207224934101077e+02
7.001949737579593602e+02 9.194093582527899571e+02
6.542669577920758002e+02 8.772877536513791483e+02
6.158693560776767981e+02 8.415516186948359518e+02
5.848399428183435020e+02 8.119900398027336905e+02
5.578795554422589476e+02 7.858303339932955396e+02
5.308378923796188928e+02 7.596565276327133915e+02
5.012700431490722508e+02 7.314982433377194866e+02
4.701977904582872156e+02 7.022211831622677209e+02
4.405305291398085501e+02 6.741858840020751131e+02
4.144917227027984268e+02 6.491512296871782155e+02
3.921623720514238585e+02 6.271386290334269233e+02
3.715917980780335483e+02 6.065725209660729433e+02
3.508404176344629946e+02 5.859241993053531132e+02
3.297191983415048639e+02 5.650608423290202609e+02
3.094554573440739205e+02 5.449425780927766709e+02
2.911743548011169196e+02 5.264224661010509863e+02
2.746921582449244852e+02 5.093366205427773252e+02
2.590376517417109312e+02 4.929350672242318296e+02
2.436081164817685476e+02 4.767654411459326411e+02
2.287798344018392243e+02 4.611107610628782254e+02
2.150640514460212955e+02 4.463412117520339280e+02
2.024156540553194077e+02 4.324108799120968456e+02
1.903934601434257274e+02 4.189924952579667661e+02
1.788398126214823094e+02 4.059713092725925776e+02
1.679491347009086724e+02 3.934817412723385246e+02
1.578077025973794321e+02 3.815768218285907665e+02
1.482601981193382983e+02 3.701423845056745563e+02
1.391873329321469441e+02 3.590932206023757089e+02
1.306357532052121826e+02 3.484569304885519045e+02
1.226224857852347583e+02 3.382394626610974910e+02
1.150820253087257896e+02 3.283943393113428897e+02
1.079754227203180932e+02 3.188915880734292045e+02
1.012812253613251130e+02 3.097130270196903439e+02
9.497881461644961121e+01 3.008416894699166733e+02
8.904826320645220505e+01 2.922616483687280038e+02
8.347034692804032829e+01 2.839579499886253870e+02
7.822655176754486206e+01 2.759165525489586912e+02
7.329907359419088664e+01 2.681242667760253084e+02
6.867044093460289389e+01 2.605683931693329782e+02
6.432328872412226417e+01 2.532364249680191222e+02
6.024113633359771569e+01 2.461165959919047737e+02
5.640843285965365084e+01 2.391979062356946883e+02
5.281050647377013973e+01 2.324700756720212382e+02
4.943351644814514856e+01 2.259235014317276011e+02
4.626440772013162217e+01 2.195492180646112388e+02
4.329088128089976806e+01 2.133389110634608414e+02
4.050144693838759480e+01 2.072852574120711608e+02
3.788529998369173768e+01 2.013816311588480517e+02
3.543222249744869856e+01 1.956218362210597093e+02
3.313255472434202886e+01 1.900000808818261646e+02
3.097716806133319167e+01 1.845109556907044350e+02
2.895743908471320438e+01 1.791494126310616366e+02
2.706522448200207975e+01 1.739107463369746256e+02
2.529282386995855703e+01 1.687906819119206716e+02
2.363294924719747314e+01 1.637854410914951302e+02
2.207873064525330875e+01 1.588915207882297125e+02
2.062369686468473873e+01 1.541056534465838297e+02
1.926175384732846396e+01 1.494247938783833263e+02
1.798716411235869117e+01 1.448461066644352115e+02
1.679452721155433537e+01 1.403669540788190488e+02
1.567876151813748997e+01 1.359849040906188407e+02
1.463508906760488237e+01 1.316978636236949001e+02
1.365901653832537832e+01 1.275039638069322905e+02
1.274631772054068968e+01 1.234014573201091309e+02
1.189301861501860103e+01 1.193887094551278665e+02
1.109538330214719259e+01 1.154641902294183353e+02
1.034990053381514308e+01 1.116264667615966317e+02
9.653271005843581776e+00 1.078741965995686485e+02
9.002394123361771250e+00 1.042062033278647419e+02
8.394355917678025136e+00 1.006215321625506789e+02
7.826420688090138356e+00 9.711928209064997475e+01
7.296020903501400312e+00 9.369858128877218917e+01
6.800747361747961683e+00 9.035858292627287369e+01
6.338339887798152716e+00 8.709846114361516811e+01
5.906678544011623622e+00 8.391740720682228982e+01
5.503775294457993184e+00 8.081465281589217398e+01
5.127765940977475623e+00 7.778966283641102564e+01
4.776902927204409899e+00 7.484198363289840472e+01
4.449548498651915374e+00 7.197111290989083443e+01
4.144168093574003287e+00 6.917649929491163618e+01
3.859324108753889870e+00 6.645754310301197165e+01
3.593670021723770702e+00 6.381359721490576220e+01
3.345944849243790653e+00 6.124396902046187563e+01
3.114967781541556402e+00 5.874803268509286625e+01
2.899633185100686905e+00 5.632530935269817007e+01
2.698906274854194987e+00 5.397524820302228932e+01
