2.207317327648381615e+04 2.190200470079643492e+04
2.234991538027591741e+04 2.217185663160441254e+04
2.261978177500297897e+04 2.243466535410032884e+04
2.288210715263549719e+04 2.268976917237353337e+04
2.313620320382093996e+04 2.293648542259374517e+04
2.338134584380859451e+04 2.317409907325318272e+04
2.361680104179689442e+04 2.340188646620833242e+04
2.384182539482728316e+04 2.361911569650529782e+04
2.405563493763524457e+04 2.382501595855925552e+04
2.425742714062843879e+04 2.401879929687574622e+04
2.444640089227036151e+04 2.419968035129013151e+04
2.462173854896588455e+04 2.436685925294874687e+04
2.478259677801858197e+04 2.451951298856773428e+04
2.492814041851981892e+04 2.465682805929040114e+04
2.505754209843023636e+04 2.477800023284453346e+04
2.516995108269944467e+04 2.488220475590433489e+04
2.526452451535948785e+04 2.496862651427082528e+04
2.534044678561465844e+04 2.503647875624210428e+04
2.539691230075959538e+04 2.508498700163387912e+04
2.543312551099601478e+04 2.511338926524754424e+04
2.544833277475981959e+04 2.512096632978892740e+04
2.544182639218134136e+04 2.510704596335141832e+04
2.541293881226018493e+04 2.507099847792220316e+04
2.536105935835016862e+04 2.501225178910672184e+04
2.528564478973703444e+04 2.493030124413677549e+04
2.518623847848178775e+04 2.482472981214675747e+04
2.506247495462584266e+04 2.469521224599681227e+04
2.491407150943772285e+04 2.454150510521422621e+04
2.474085679072049606e+04 2.436347537166069742e+04
2.454283137672918747e+04 2.416116154631398604e+04
2.432010329905279650e+04 2.393470767879479536e+04
2.407288204745069743e+04 2.368435678854828802e+04
2.380160936991317794e+04 2.341058177154372243e+04
2.350691841747954822e+04 2.311404391161679450e+04
2.318952485256392902e+04 2.279548326579669447e+04
2.285033756635250757e+04 2.245582897044931087e+04
2.249062692145361871e+04 2.209636683312174864e+04
2.211175077619824151e+04 2.171846536592449411e+04
2.171513127772257212e+04 2.132355256533148349e+04
2.130255903027452950e+04 2.091341975214608829e+04
2.087601347414673000e+04 2.049004183227550675e+04
2.043743664853011433e+04 2.005535133772247718e+04
1.998903279229506006e+04 1.961153673991073083e+04
1.953353145438219508e+04 1.916130420180973670e+04
1.907357662043113305e+04 1.870726994889079288e+04
1.861165155212229001e+04 1.825188712860212763e+04
1.815014590837333890e+04 1.779751981133333175e+04
1.769129947233763960e+04 1.734638275570745463e+04
1.723717058970587823e+04 1.690050689495855477e+04
1.679021976000571522e+04 1.646231818548931915e+04
1.635356427771162816e+04 1.603489079038527052e+04
1.593006992050319604e+04 1.562104869246459930e+04
1.552222618382814653e+04 1.522324535864720747e+04
1.513188842127841053e+04 1.484331797619862664e+04
1.476056948029835985e+04 1.448276969609176012e+04
1.440952798895534033e+04 1.414285531652262398e+04
1.407866781484876992e+04 1.382350667321373840e+04
1.376690920050864042e+04 1.352369461496746590e+04
1.347317374540300079e+04 1.324239167491292392e+04
1.319566501240183788e+04 1.297786991951054188e+04
1.293206206604130784e+04 1.272788757997279026e+04
1.268008406289236882e+04 1.249023796107439193e+04
1.243679537925285877e+04 1.226206566216871761e+04
1.219910214096681921e+04 1.204034965430183547e+04
1.196367489021800066e+04 1.182181940414907876e+04
1.172651216643954103e+04 1.160251600494125159e+04
1.148368044262334297e+04 1.137851922270434261e+04
1.123068312122402858e+04 1.114530726624343515e+04
1.096313226164858497e+04 1.089842201733181719e+04
1.067716206943604266e+04 1.063387927831072557e+04
1.036955640652417787e+04 1.034829528031637892e+04
1.003885628603572877e+04 1.004001889410859076e+04
9.685307419257782385e+03 9.709090715118742082e+03
9.311343287780428000e+03 9.357763095995589538e+03
8.921224764767088345e+03 8.990154239839013826e+03
8.520906096556256671e+03 8.612131261423875912e+03
8.117185809427905951e+03 8.230459104113866488e+03
7.717478247881707830e+03 7.852568930419525714e+03
7.329167581509971569e+03 7.485890799067575244e+03
6.959686097209738364e+03 7.137923752770581814e+03
6.615563786577848077e+03 6.815290486962863724e+03
6.302786681582440906e+03 6.524059559888845797e+03
6.025347638384284437e+03 6.268342133839892085e+03
5.785033272475994636e+03 6.050029330001721064e+03
5.580228658250218359e+03 5.867629610326295733e+03
5.406436270561283891e+03 5.716729071793108233e+03
5.255868265119439457e+03 5.589555571594942194e+03
5.119192815441590938e+03 5.476658582773162379e+03
4.985984225389576750e+03 5.367315046144092776e+03
4.846290179105920288e+03 5.251091987704824533e+03
4.691662341939134421e+03 5.118929006735541407e+03
4.516441843621890257e+03 4.964553288040084226e+03
4.319063149161310321e+03 4.785983799372615977e+03
4.102273689452076724e+03 4.585866213635147687e+03
3.872748642758014284e+03 4.371137817594919397e+03
3.640058066419699571e+03 4.151920660295800189e+03
3.415422025533932811e+03 3.940115037666641911e+03
3.210035492266235906e+03 3.747558039307638865e+03
3.032562718911356114e+03 3.583380721393029035e+03
2.886494947861218861e+03 3.451280308177452753e+03
2.768989160036950125e+03 3.348350915702713792e+03
2.672258782422055901e+03 3.266521273287914482e+03
2.586124741752593309e+03 3.195129914324034871e+03
2.499665626862120007e+03 3.122557724081966626e+03
2.402826375941913284e+03 3.037919302306358077e+03
2.289857139219128385e+03 2.934870517625884077e+03
2.162432497287299157e+03 2.815153250241879505e+03
2.028559215356647655e+03 2.687466561321293284e+03
1.898505622308146258e+03 2.562947490279490012e+03
1.781632453608122660e+03 2.451634137705556441e+03
1.683879744094432453e+03 2.359788851585067732e+03
1.605174777755255718e+03 2.287266979771884507e+03
1.539492859355890914e+03 2.227669379591558027e+03
1.477879182442687807e+03 2.171503206128654710e+03
1.411640698501826819e+03 2.109528177249084820e+03
1.336936410216494323e+03 2.037698679393768543e+03
1.256594478135406234e+03 1.959144363176078969e+03
1.177374620099990807e+03 1.881145429231662320e+03
1.105968234073776784e+03 1.810754012502819023e+03
1.045923866971729012e+03 1.751577855028060867e+03
9.952832871697551127e+02 1.701482592155516159e+03
9.483762151525349964e+02 1.654575378823923984e+03
8.999991488303361393e+02 1.605544115798666780e+03
8.484465078529711946e+02 1.552754803513066463e+03
7.964724903053696607e+02 1.499133475196224026e+03
7.484436512489991173e+02 1.449114584767987026e+03
7.064629759976465948e+02 1.404724870929590224e+03
6.692743417224888844e+02 1.364642294103015502e+03
6.336470197114025495e+02 1.325697294407532354e+03
5.974756418752969012e+02 1.285919911142577803e+03
5.615042545468546678e+02 1.246106672637146630e+03
5.278796301196470040e+02 1.208305218717833213e+03
4.976161655625287494e+02 1.173411413608255543e+03
4.697409068655103965e+02 1.140491981629749262e+03
4.427255073585012042e+02 1.108183180516664834e+03
4.162452004612881069e+02 1.076242735662003042e+03
3.912074198715945386e+02 1.045476104582279959e+03
3.681571629582569471e+02 1.016322477018139125e+03
3.466366891101151850e+02 9.883777532433076658e+02
3.259853142256217211e+02 9.611113513120509424e+02
3.062370643915953110e+02 9.345642397161225290e+02
2.877543030249017875e+02 9.090094139802066593e+02
2.704901783105669324e+02 8.843944780026794206e+02
2.541259574922740399e+02 8.604813336537329178e+02
2.385886784358618229e+02 8.372187604706726916e+02
2.239976943724101659e+02 8.146798744345367140e+02
2.102940623726505578e+02 7.928136633114787628e+02
1.973758448685636040e+02 7.715479558142779979e+02
1.851977597344064463e+02 7.508471938754091752e+02
1.737236482907381117e+02 7.306798845358409835e+02
1.629188051080331263e+02 7.110167884542215688e+02
1.527496173747993851e+02 6.918307093068051472e+02
1.431835952169834343e+02 6.730963798342916107e+02
1.341893329818940117e+02 6.547902829146262320e+02
1.257354868050511101e+02 6.368892332881119955e+02
1.177912188716134949e+02 6.193705947938784675e+02
1.103273132236906804e+02 6.022135258018062132e+02
1.033161346620100858e+02 5.853989340169545130e+02
9.673154891482572282e+01 5.689093876825874077e+02
9.054884650847817795e+01 5.527290322703772745e+02
8.474467041009147295e+01 5.368435130432530968e+02
7.929701820156569170e+01 5.212402542445579456e+02
7.418525060372392943e+01 5.059088372214950482e+02
6.938984763217676743e+01 4.908401121343677573e+02
6.489232870336992676e+01 4.760260003004060536e+02
6.067520466091939824e+01 4.614594374854092393e+02
5.672193145055993568e+01 4.471343186831757066e+02
5.301686543196149870e+01 4.330454441185744372e+02
4.954521531546294710e+01 4.191887480844710012e+02
4.629297227318817676e+01 4.055629569941164050e+02
4.324689908708621999e+01 3.921681268388918511e+02
4.039450859530256110e+01 3.790046059104996061e+02
3.772402490934221930e+01 3.660729973170830931e+02
3.522434629081917024e+01 3.533741265457304621e+02
3.288500971572653953e+01 3.409090093815954674e+02
3.069615705582684839e+01 3.286788791947167283e+02
2.864850249086265421e+01 3.166869529720204923e+02
2.673330184092929329e+01 3.049384167479133225e+02
2.494232378734522371e+01 2.934380502546832190e+02
2.326782200950998458e+01 2.821900881845762683e+02
2.170250864474109775e+01 2.711982257662824054e+02
2.023952904763140381e+01 2.604656257135033570e+02
1.887243779640804675e+01 2.499949265998756971e+02
1.759517489125507339e+01 2.397887923285897500e+02
1.640204226399858811e+01 2.298510159808281514e+02
1.528768654032334240e+01 2.201848678961907524e+02
1.424708012619931630e+01 2.107927335976519601e+02
1.327550252749822235e+01 2.016761584695758529e+02
1.236852265456283817e+01 1.928358932868258648e+02
1.152198206616958487e+01 1.842719402917395826e+02
1.073197900504959357e+01 1.759836395312321997e+02
9.994852500421117725e+00 1.679700712715075781e+02
9.307168900368273157e+00 1.602298560654473931e+02
8.665709120940769949e+00 1.527609363091448813e+02
8.067455898139321846e+00 1.455606284233259942e+02
7.509581739296962155e+00 1.386256774903562814e+02
6.989437547777410664e+00 1.319523104941996792e+02
6.504541879375200786e+00 1.255362880537615666e+02
6.052570382667928683e+00 1.193729597648918741e+02
5.631346158166893545e+00 1.134573138697671766e+02
