2.085825328228695798e+04 2.065871000410644774e+04
2.116990151399576280e+04 2.096185838113280624e+04
2.147690783461626779e+04 2.126013166979304515e+04
2.177864302553507878e+04 2.155290374201150189e+04
2.207444215949993304e+04 2.183951604521093759e+04
2.236360284575130572e+04 2.211927627682501043e+04
2.264540798060657835e+04 2.239147883594197992e+04
2.291912060356134680e+04 2.265539982872447217e+04
2.318396272622190372e+04 2.291027663999711513e+04
2.343913983608067792e+04 2.315533181302681623e+04
2.368384886161291070e+04 2.338978091366631270e+04
2.391725474571972154e+04 2.361281070651113259e+04
2.413849690026651297e+04 2.382358542538641268e+04
2.434671421257189286e+04 2.402127044620474771e+04
2.454103685765222326e+04 2.420502481236568565e+04
2.472056719546351087e+04 2.437398356796691223e+04
2.488441184937262733e+04 2.452728799546526352e+04
2.503168996507822885e+04 2.466409357783810992e+04
2.516151552711788463e+04 2.478355416705734751e+04
2.527301065781612488e+04 2.488483442188485424e+04
2.536532583436161804e+04 2.496712852832529097e+04
2.543764062025366366e+04 2.502966170962836622e+04
2.548916372842046985e+04 2.507169118248151062e+04
2.551914755969209727e+04 2.509251858654263197e+04
2.552689768752263626e+04 2.509149908911158127e+04
2.551179620907043864e+04 2.506806571359175359e+04
2.547329663768294267e+04 2.502172307254379120e+04
2.541092008066671042e+04 2.495204245197038108e+04
2.532430312420697373e+04 2.485870949937933619e+04
2.521322682297273786e+04 2.474155284976728217e+04
2.507755644700957782e+04 2.460048311656682927e+04
2.491726534144014295e+04 2.443551614536323541e+04
2.473256573710199154e+04 2.424690248823376896e+04
2.452380474578624126e+04 2.403502358724457372e+04
2.429141188599629822e+04 2.380033931008744548e+04
2.403607384403422475e+04 2.354356101666488030e+04
2.375875959758141835e+04 2.326567597643426052e+04
2.346050164034659247e+04 2.296772999627487661e+04
2.314246375873213765e+04 2.265089492294243246e+04
2.280620878252368857e+04 2.231673522841971135e+04
2.245339928671608868e+04 2.196690956458752407e+04
2.208570817357518899e+04 2.160308194548487518e+04
2.170521928817950902e+04 2.122732378232516203e+04
2.131434829394967892e+04 2.084203455654677964e+04
2.091542463589929685e+04 2.044952294707429246e+04
2.051071905566636633e+04 2.005203935154742794e+04
2.010254149018219323e+04 1.965188330565226715e+04
1.969309262800946817e+04 1.925124355736025609e+04
1.928447406212012720e+04 1.885220741611423364e+04
1.887924157645037121e+04 1.845732991794971531e+04
1.848016995940599736e+04 1.806939342970984580e+04
1.808981229554005768e+04 1.769095639643706818e+04
1.771047115619891338e+04 1.732434369071782203e+04
1.734417593010165729e+04 1.697164730449550552e+04
1.699276394435653128e+04 1.663477067468383029e+04
1.665762221118034358e+04 1.631517374638341971e+04
1.633841770480826381e+04 1.601263649657249516e+04
1.603427673056185813e+04 1.572640737092756899e+04
1.574420663459847674e+04 1.545561228064058014e+04
1.546628261387919702e+04 1.519844888455274668e+04
1.519834850293662021e+04 1.495287665421200836e+04
1.493810560828814050e+04 1.471669278948401006e+04
1.468258809593905607e+04 1.448698966065540480e+04
1.442884334969618976e+04 1.426084538859095301e+04
1.417347271269191151e+04 1.403481699928865237e+04
1.391274782475601205e+04 1.380505567456977951e+04
1.364288975616909920e+04 1.356758164443439819e+04
1.335963644327648763e+04 1.331778164682283750e+04
1.305903602418055561e+04 1.305127517861332308e+04
1.273759732559674740e+04 1.276400604325601307e+04
1.239258772018431409e+04 1.245262545565573964e+04
1.202324630396635439e+04 1.211577637040472109e+04
1.163022366415691431e+04 1.175357046459958838e+04
1.121679784752880369e+04 1.136896076870713841e+04
1.078767033628356512e+04 1.096649871352862647e+04
1.034950857719554187e+04 1.055299717376745866e+04
9.909548068876121761e+03 1.013602111841236729e+04
9.475560477094442831e+03 9.723884176699742966e+03
9.055235430357064615e+03 9.324963135235444497e+03
8.655833055446148137e+03 8.947312201204334997e+03
8.283789325112309598e+03 8.598221410547108462e+03
7.944670482469706258e+03 8.284172917494945068e+03
7.641725389439872743e+03 8.009229809934538935e+03
7.376119917237483605e+03 7.775264192313808962e+03
7.144951550750711249e+03 7.579665396946232249e+03
6.942645827992524573e+03 7.416764462446442849e+03
6.760115630363873606e+03 7.276691223229820935e+03
6.586955245492807990e+03 7.147666743572700398e+03
6.412216427733854289e+03 7.016775045034529285e+03
6.226031482555514231e+03 6.871794838548638836e+03
6.020910821155264784e+03 6.702889778276192374e+03
5.792781254380163773e+03 6.504077509907030617e+03
5.542177746791201571e+03 6.275025504165075290e+03
5.274205914521779050e+03 6.021294966355050747e+03
4.997618322972907663e+03 5.753344246693020978e+03
4.723452155947811661e+03 5.484844817590636012e+03
4.463515355883848315e+03 5.230693822696617644e+03
4.228641243446718363e+03 5.004743641618475522e+03
4.026155151586157444e+03 4.816618762577600137e+03
3.857327497803634742e+03 4.668504326076955294e+03
3.716572558995965210e+03 4.553978728276398215e+03
3.593436250339828803e+03 4.460208033375364721e+03
3.475927311043890313e+03 4.371873449280178647e+03
3.352820177999199586e+03 4.274016676012948665e+03
3.215451150935388796e+03 4.154557976425061497e+03
3.060863466924258773e+03 4.008916629983610164e+03
2.894160426069047844e+03 3.843640865078257320e+03
2.726203581040583686e+03 3.673424914051125143e+03
2.568426359256198793e+03 3.513886147968415571e+03
2.429339953433594019e+03 3.376677496089380384e+03
2.312466127453395075e+03 3.266730466936527591e+03
2.214548702532254993e+03 3.179888186961887186e+03
2.126742682385779517e+03 3.104353402479563101e+03
2.038844546127651029e+03 3.026214899409831105e+03
1.943489336230742992e+03 2.935235290179259664e+03
1.839795623335197888e+03 2.830166858648608923e+03
1.733570010153236353e+03 2.719181521389954924e+03
1.633167375446505957e+03 2.613959475876441502e+03
1.544457748772115337e+03 2.522591288817600798e+03
1.468548549140935847e+03 2.446560964718212290e+03
1.400820707397443130e+03 2.379584906377324387e+03
1.334433948488782335e+03 2.312417290570411296e+03
1.265269051657951877e+03 2.239587882390997493e+03
1.193980927510527636e+03 2.162192304793875337e+03
1.125092931422897891e+03 2.086490586604764758e+03
1.062794623084462273e+03 2.018083207802989591e+03
1.007447117277293728e+03 1.957369033488161222e+03
9.561454010727482000e+02 1.900526622844506619e+03
9.054723310948281778e+02 1.843227836033074254e+03
8.545910117846905223e+02 1.784581427376020883e+03
8.055105569251285260e+02 1.727267634557025076e+03
7.603286421767728598e+02 1.673906303409605925e+03
7.189846561172040538e+02 1.624370000350526198e+03
6.797439852527741095e+02 1.576583280962158142e+03
6.414053810431551028e+02 1.529225739941898610e+03
6.044291795330636887e+02 1.482927183306965389e+03
5.698721120944462655e+02 1.438897980412026072e+03
5.377272312633572255e+02 1.397104620731110117e+03
5.071820724724845491e+02 1.356687556202203723e+03
4.778256508784754715e+02 1.317268901799752030e+03
4.500008913701622077e+02 1.279222841136663646e+03
4.239333185924136842e+02 1.242758597918602845e+03
3.993222969742058126e+02 1.207585495581577561e+03
3.758953618758190487e+02 1.173468321076535631e+03
3.537240532443740335e+02 1.140472858691308829e+03
3.328652793971541541e+02 1.108632134245892530e+03
3.131564004935412981e+02 1.077804580434194349e+03
2.945074584412035392e+02 1.047912108051912355e+03
2.769065191314144272e+02 1.018933121448302813e+03
2.603014928215753798e+02 9.908114164750242026e+02
2.446387476022886176e+02 9.634909572947000242e+02
2.298674350644155879e+02 9.369198063647265826e+02
2.159393479594055520e+02 9.110498697776363315e+02
2.028088067586579371e+02 8.858365465635404234e+02
1.904331455343263144e+02 8.612350098696305167e+02
1.787725044270749493e+02 8.371998759704182476e+02
1.677888911299783103e+02 8.136894134808743502e+02
1.574460699998683708e+02 7.906655933848429640e+02
1.477095010553500458e+02 7.680938951735308819e+02
1.385462794975049405e+02 7.459431289637947202e+02
1.299250758990447707e+02 7.241852713727037099e+02
1.218160631231488225e+02 7.027954638584600389e+02
1.141907404004649180e+02 6.817532028902248840e+02
1.070219705845304219e+02 6.610413774699985652e+02
1.002840110471727684e+02 6.406451983750084764e+02
9.395245222955517761e+01 6.205520741597971437e+02
8.800415719188450225e+01 6.007515021478999415e+02
8.241720329083398155e+01 5.812349615394075499e+02
7.717082595461495487e+01 5.619958078221879987e+02
7.224536685083860732e+01 5.430311409920719825e+02
6.762222845501317181e+01 5.243478704127919627e+02
6.328381438817890370e+01 5.059552635461934074e+02
5.921347855733097276e+01 4.878623335810868866e+02
5.539547937030107505e+01 4.700778023057703763e+02
5.181493574913446309e+01 4.526100643296452972e+02
4.845778490154621920e+01 4.354671527331614698e+02
4.531074176170783119e+01 4.186567260437572600e+02
4.236125385735032722e+01 4.021887650289781959e+02
3.959746000346402894e+01 3.860777343125859034e+02
3.700816830422137826e+01 3.703369479390196375e+02
3.458282306957524810e+01 3.549778889544620597e+02
3.231147151719708432e+01 3.400102737651183133e+02
3.018473200732000450e+01 3.254421212571748470e+02
2.819376375514492850e+01 3.112798259224778690e+02
2.633023789237223511e+01 2.975282763329781233e+02
2.458630846172508200e+01 2.841918179551288404e+02
2.295458675993084086e+01 2.712741273481646544e+02
2.142811819861071498e+01 2.587772851790306277e+02
2.000035855815542618e+01 2.467018427531480995e+02
1.866515134303831758e+01 2.350469335969502254e+02
1.741670627018304529e+01 2.238103841712612052e+02
1.624957884220975046e+01 2.129888230124453230e+02
1.515865066722263421e+01 2.025777757640211973e+02
1.413910916846612764e+01 1.925716893516988364e+02
1.318643195121709333e+01 1.829641013741592701e+02
1.229637147487904159e+01 1.737477884348622297e+02
1.146493924294298417e+01 1.649148569238061839e+02
1.068839082810948149e+01 1.564568293400916446e+02
9.963211701625436234e+00 1.483647263318324860e+02
9.286103828140843675e+00 1.406291443080048964e+02
