2.134148439948410305e+04 2.115335926638910678e+04
2.162578170472786223e+04 2.143000126501078194e+04
2.190437426193943611e+04 2.170074634374185916e+04
2.217665057337024700e+04 2.196498925226115171e+04
2.244197481779751979e+04 2.222210306631601634e+04
2.269970145158789092e+04 2.247145220552545652e+04
2.294916400151650305e+04 2.271238155591093164e+04
2.318966226910372279e+04 2.294420408756089819e+04
2.342048722412353891e+04 2.316622519092120638e+04
2.364092258378986298e+04 2.337774441165650933e+04
2.385022187240647690e+04 2.357803403038443139e+04
2.404762612328998148e+04 2.376635588320751049e+04
2.423237898131350448e+04 2.394197571667580996e+04
2.440371054117857420e+04 2.410414814530618241e+04
2.456083207806786595e+04 2.425211187341238474e+04
2.470296456471241254e+04 2.438511666372731270e+04
2.482933860138071395e+04 2.450242353296707006e+04
2.493917601277692665e+04 2.460328806225456356e+04
2.503171327017048679e+04 2.468698216637466248e+04
2.510621349837737216e+04 2.475280536575951919e+04
2.516195785108406199e+04 2.480007761041685808e+04
2.519825045146503908e+04 2.482814400643825138e+04
2.521443583309346650e+04 2.483639048351508245e+04
2.520990665080449980e+04 2.482425182614633377e+04
2.518411343798759481e+04 2.479122249709304742e+04
2.513656330660866661e+04 2.473685345123889783e+04
2.506682625434734291e+04 2.466075784411956192e+04
2.497457559089986535e+04 2.456265216020844309e+04
2.485957806931409868e+04 2.444234556743024586e+04
2.472167141499312856e+04 2.429971634276077020e+04
2.456081687031728507e+04 2.413476420325370782e+04
2.437715414790524301e+04 2.394766498705901540e+04
2.417090829365192621e+04 2.373867684274276689e+04
2.394240103326450844e+04 2.350815117020245088e+04
2.369220641181356768e+04 2.325668748691003202e+04
2.342104204446943186e+04 2.298502457018099085e+04
2.312968529924190807e+04 2.269395665444500628e+04
2.281915315304405522e+04 2.238451269860390676e+04
2.249076329658631585e+04 2.205801703900129360e+04
2.214586824169241663e+04 2.171582399071587497e+04
2.178589526939046846e+04 2.135935824460256481e+04
2.141259279364527902e+04 2.099036242264046086e+04
2.102777022104863499e+04 2.061063586795327137e+04
2.063320740580383426e+04 2.022194406580335999e+04
2.023110905535055281e+04 1.982647609871833993e+04
1.982404174946662533e+04 1.942678165321906999e+04
1.941443931961323324e+04 1.902527415972526796e+04
1.900443028713799140e+04 1.862406481179230104e+04
1.859553767957737364e+04 1.822467515483862371e+04
1.818908769199085145e+04 1.782842982264295279e+04
1.778642007755463055e+04 1.743666439790817822e+04
1.739014538909998009e+04 1.705199242343382139e+04
1.700356261328969049e+04 1.667772132136630171e+04
1.662968455864970019e+04 1.631687330424089669e+04
1.627044941830726930e+04 1.597141676402279518e+04
1.592595262252739303e+04 1.564151581161362446e+04
1.559605358266158692e+04 1.532709995782933038e+04
1.528038934490134852e+04 1.502787665999157434e+04
1.497753010267072568e+04 1.474249833768106146e+04
1.468580524056554168e+04 1.446937396608009476e+04
1.440351433570236441e+04 1.420687300668695025e+04
1.412832607243659368e+04 1.395271746354511743e+04
1.385783225953391229e+04 1.370453611959533373e+04
1.358960070176621412e+04 1.345990693831700810e+04
1.332086391932109291e+04 1.321602578089844792e+04
1.304895594624937439e+04 1.297015998280652821e+04
1.277080113138454726e+04 1.271909455210100350e+04
1.248310324448576830e+04 1.245932543660380725e+04
1.218276294284017968e+04 1.218748631490580192e+04
1.186673551495039101e+04 1.190017360495405592e+04
1.153262083885222637e+04 1.159459584556349910e+04
1.117943726623876319e+04 1.126937372196573961e+04
1.080724714591546763e+04 1.092419333153188018e+04
1.041859955330760931e+04 1.056136913721999190e+04
1.001724397808860522e+04 1.018451729812038684e+04
9.608798767519558169e+03 9.799320669796907168e+03
9.199374195090253124e+03 9.412068464267826130e+03
8.795593308978892310e+03 9.029702281555997615e+03
8.403707473308235421e+03 8.658857348576253571e+03
8.029561571560994707e+03 8.305825625045132256e+03
7.678379121407621824e+03 7.976309422752041428e+03
7.354661518442989291e+03 7.675323211049185375e+03
7.061332754058614228e+03 7.406261471948780127e+03
6.799888009454837629e+03 7.171048382340336502e+03
6.568613512614093452e+03 6.968172179903613142e+03
6.363511902473446753e+03 6.793613870607099670e+03
6.177335449773525397e+03 6.639676565359117376e+03
6.001631943445036086e+03 6.497123257923313759e+03
5.827209910554717680e+03 6.355596267953793358e+03
5.645959980658300083e+03 6.205645830895734434e+03
5.451526561744833998e+03 6.039545239313031743e+03
5.240461221850055153e+03 5.852755601839668998e+03
5.012763582854599008e+03 5.644727128512790841e+03
4.771926108544973431e+03 5.419103488267065586e+03
4.524601066885680666e+03 5.183441791504314097e+03
4.279099992885476240e+03 4.947437831329945766e+03
4.044198876657892015e+03 4.721477174248313531e+03
3.828110934437797368e+03 4.515376922848877257e+03
3.637220409182280491e+03 4.336866739465560386e+03
3.473905810846033546e+03 4.189024491678301274e+03
3.334964067808890832e+03 4.068371949719712575e+03
3.212544836513263363e+03 3.965823439945087557e+03
3.097142860006585124e+03 3.870082346514820529e+03
2.980264370630688063e+03 3.770780267866935446e+03
2.855420711152863532e+03 3.659758285257662919e+03
2.719302501362155908e+03 3.532685622414591307e+03
2.574007269229312442e+03 3.392011957369719767e+03
2.426955784607530404e+03 3.246948618793870537e+03
2.286941928336786987e+03 3.108483352860767809e+03
2.160425847307525146e+03 2.984688662400476915e+03
2.050453865901566587e+03 2.879391697205296168e+03
1.955867470317183006e+03 2.791244094342213884e+03
1.871139622547022100e+03 2.713503655061480913e+03
1.789055633790946331e+03 2.637276760629334603e+03
1.704101350937651659e+03 2.555716277523354620e+03
1.614182754568633527e+03 2.466257408212049086e+03
1.522369965273921480e+03 2.372839098298333738e+03
1.434333614384882139e+03 2.282618297648639327e+03
1.354313669871585489e+03 2.200872007225880225e+03
1.283624046581214543e+03 2.129194471464885737e+03
1.220210398470203017e+03 2.065052564929750588e+03
1.159674194913284509e+03 2.003107532133393534e+03
1.098798436963893437e+03 1.939533960752357416e+03
1.037318024176188374e+03 1.874141800818091497e+03
9.774369096348960966e+02 1.809698375699711960e+03
9.219753564071378378e+02 1.749599276785671691e+03
8.716963319459528066e+02 1.694711768057489735e+03
8.251393119347260381e+02 1.643309305662110319e+03
7.802917666288731198e+02 1.593104721591251291e+03
7.361869006457366140e+02 1.543083332169928099e+03
6.935876685597489768e+02 1.494188785346014811e+03
6.537361087452198944e+02 1.447824345092124304e+03
6.168423048144906033e+02 1.404200514784533652e+03
5.821119705830735711e+02 1.362459547652101719e+03
5.487278201810128166e+02 1.321775047231613144e+03
5.167115074063813154e+02 1.282214867132553763e+03
4.865134959694444206e+02 1.244251509600206191e+03
4.582634419094741247e+02 1.208003379163093541e+03
4.315806234426980268e+02 1.173100637592740441e+03
4.061694571338331912e+02 1.139279740412201136e+03
3.820768936114309895e+02 1.106594002414714168e+03
3.594099820192550396e+02 1.075132546056443061e+03
3.380509498759031999e+02 1.044785159988623491e+03
3.178297104362345067e+02 1.015407967330956922e+03
2.987137430063495458e+02 9.869707180905380710e+02
2.807063277995960675e+02 9.594647024846663044e+02
2.637288517072702234e+02 9.328193090760405539e+02
2.477065084338925942e+02 9.069706848815258127e+02
2.326017793589846860e+02 8.818826626652150935e+02
2.183679567671012194e+02 8.575079877430052875e+02
2.049584854210656033e+02 8.338003109062867679e+02
1.923290393745108133e+02 8.107167284072156690e+02
1.804374331794116131e+02 7.882175734813745294e+02
1.692435353926709070e+02 7.662662255057181255e+02
1.587091844128852074e+02 7.448289349392273380e+02
1.487981091508880240e+02 7.238746137660680233e+02
1.394759191304272292e+02 7.033732665347168904e+02
1.307100164546552890e+02 6.832958154369588328e+02
1.224694281944060776e+02 6.636157449314540600e+02
1.147247342381578221e+02 6.443090697943370060e+02
1.074480023731591558e+02 6.253542081560009365e+02
1.006127251091223513e+02 6.067318626133131829e+02
9.419375827576482152e+01 5.884249081787858131e+02
8.816725844055190464e+01 5.704185166615530989e+02
8.251059801118867654e+01 5.527022710472182325e+02
7.720232996753733801e+01 5.352687725508473022e+02
7.222215471641777640e+01 5.181118974565869166e+02
6.755086618164970957e+01 5.012266995505016780e+02
6.317029959750895785e+01 4.846093380683140026e+02
5.906328129959251783e+01 4.682570061552479501e+02
5.521358047378325296e+01 4.521678596246080701e+02
5.160586093019709608e+01 4.363420919323672251e+02
4.822563007171767424e+01 4.207861538688019323e+02
4.505920484595876019e+01 4.055079804707678477e+02
4.209367378917828972e+01 3.905150063271783551e+02
3.931685740765176007e+01 3.758141505147073644e+02
3.671727030378532675e+01 3.614118040079320053e+02
3.428408499260305575e+01 3.473138188731001605e+02
3.200709734616761182e+01 3.335255035884127892e+02
2.987669129727725092e+01 3.200531022279276385e+02
2.788380494934705567e+01 3.069055979877630307e+02
2.601990658380252697e+01 2.940911047391303441e+02
2.427696675454082964e+01 2.816163144002352965e+02
2.264743077974548058e+01 2.694865585846347358e+02
2.112419258659826582e+01 2.577058728841004154e+02
1.970056985365022939e+01 2.462770632115059186e+02
1.837028035710591922e+01 2.352017879922273096e+02
1.712741818548471073e+01 2.244811296199896447e+02
1.596643255895564906e+01 2.141156855703951862e+02
1.488210962443042895e+01 2.041049299831030339e+02
1.386955330762507543e+01 1.944472540106753229e+02
1.292416704225202828e+01 1.851400533001456665e+02
1.204163646702938095e+01 1.761798139055219394e+02
1.121791304535758016e+01 1.675621961894385663e+02
1.044919846836730670e+01 1.592821108861271000e+02
9.731928990934880730e+00 1.513337393697820801e+02
9.062762277558208623e+00 1.437106452759048807e+02
8.438565135866257449e+00 1.364058955584275168e+02
7.856401064255594591e+00 1.294121282311975847e+02
7.313518478870563833e+00 1.227216157264679168e+02
