1.778891894435817812e+04 1.763428506535298584e+04
1.803767313054924671e+04 1.787666677083207469e+04
1.828266828253014683e+04 1.811512113229982060e+04
1.852343098448201999e+04 1.834917921078130166e+04
1.875946754054878693e+04 1.857835398795807123e+04
1.899027442133027216e+04 1.880214946241766665e+04
1.921533020425550785e+04 1.902005290436295400e+04
1.943408383995707845e+04 1.923152359919991432e+04
1.964597387864366101e+04 1.943601148472653949e+04
1.985043059910819284e+04 1.963295935065365848e+04
2.004685731662229227e+04 1.982178557424892279e+04
2.023464149784374968e+04 2.000189460265430898e+04
2.041316856670309062e+04 2.017268992555023215e+04
2.058181235647180074e+04 2.033356543452546612e+04
2.073992677153435216e+04 2.048389791410671023e+04
2.088686746403557117e+04 2.062306715725739923e+04
2.102199361802219209e+04 2.075045780162703886e+04
2.114465027141558676e+04 2.086544349941929613e+04
2.125418411538123837e+04 2.096740144767471429e+04
2.134995674427880294e+04 2.105572459684466594e+04
2.143133934270175450e+04 2.112981756705580483e+04
2.149771168339225915e+04 2.118909620657039341e+04
2.154847778018660392e+04 2.123300118501429097e+04
2.158307060563125196e+04 2.126100274893558526e+04
2.160095545217579274e+04 2.127260574826291122e+04
2.160163402615832092e+04 2.126735199325872964e+04
2.158464896903593399e+04 2.124482374840223201e+04
2.154960669119463637e+04 2.120466743441552899e+04
2.149618467568903725e+04 2.114660083650710658e+04
2.142411219775424615e+04 2.107039214149438340e+04
2.133318903126595251e+04 2.097587848991686405e+04
2.122334543439729168e+04 2.086302643878999515e+04
2.109458819240402227e+04 2.073187682108076115e+04
2.094698580152851355e+04 2.058252932972272902e+04
2.078076570273822290e+04 2.041523967161191831e+04
2.059630771292645659e+04 2.023041262442109655e+04
2.039404618734444011e+04 2.002850370811645189e+04
2.017453083126521597e+04 1.981007988993736944e+04
1.993858130540356433e+04 1.957597418392787586e+04
1.968709477809380769e+04 1.932709276969542407e+04
1.942100460270650001e+04 1.906437369034673247e+04
1.914147134422981253e+04 1.878897945089625864e+04
1.884981797238746003e+04 1.850223178777546127e+04
1.854735473129474849e+04 1.820543537703147013e+04
1.823553386553133532e+04 1.790003498855417274e+04
1.791620863321279103e+04 1.758787840757043887e+04
1.759122583801883229e+04 1.727080411615619960e+04
1.726233081161967129e+04 1.695054688779598291e+04
1.693105592292949223e+04 1.662863801668460655e+04
1.659877127282915171e+04 1.630645090385563162e+04
1.626676363772191689e+04 1.598527238901864803e+04
1.593659919917746447e+04 1.566667490803437795e+04
1.561049967226003901e+04 1.535290353581161799e+04
1.529060923111687589e+04 1.504612687085746620e+04
1.497881917609610537e+04 1.474826382480152461e+04
1.467621769996136027e+04 1.446045800027741825e+04
1.438347237788534949e+04 1.418344422683513403e+04
1.410115581272022973e+04 1.391786071371292746e+04
1.382901427724618952e+04 1.366352363948759375e+04
1.356594917284711846e+04 1.341940565277822134e+04
1.331087346254676231e+04 1.318448367898911783e+04
1.306232893012987006e+04 1.295734661759495611e+04
1.281845192065877563e+04 1.273615649393885906e+04
1.257744869599554113e+04 1.251912849485975312e+04
1.233728662047417674e+04 1.230419577568245768e+04
1.209585898105969500e+04 1.208918150271591367e+04
1.185105553121206685e+04 1.187186488190176533e+04
1.160046131162570964e+04 1.164964088743812681e+04
1.134177785473436779e+04 1.141997925096193649e+04
1.107259881912892160e+04 1.118015174995288544e+04
1.079065084112653858e+04 1.092750342927819656e+04
1.049433055446601247e+04 1.066002023760821248e+04
1.018272534240061032e+04 1.037636227654195864e+04
9.856185327012464768e+03 1.007652082946107657e+04
9.516498978732324758e+03 9.762032980646614305e+03
9.166743564888642140e+03 9.435875724831163097e+03
8.811299486908674226e+03 9.102514053724507903e+03
8.455201832529666717e+03 8.767224861351520303e+03
8.103796686384896020e+03 8.435731674419910632e+03
7.762262752573607941e+03 8.113682359198822269e+03
7.435316138076102106e+03 7.806314886746052252e+03
7.127151514450334616e+03 7.518387407889706992e+03
6.841127250343174637e+03 7.253821986457098319e+03
6.579579638735584922e+03 7.015486931596013164e+03
6.343452618626555704e+03 6.804767308577313997e+03
6.131484723452480466e+03 6.620603032288056056e+03
5.940334612296734122e+03 6.459549206947916900e+03
5.764393987058385392e+03 6.315460907716803376e+03
5.596691014684446600e+03 6.180397917438983313e+03
5.429904433858589073e+03 6.045733544094219724e+03
5.257439441850086041e+03 5.903379693503718954e+03
5.074430060076727386e+03 5.747059012767424974e+03
4.878240014016061650e+03 5.573022642615705081e+03
4.669147349373796715e+03 5.381060072749705796e+03
4.450329321679858367e+03 5.174628442687794632e+03
4.227304519230791811e+03 4.960260398062906461e+03
4.007033702711051319e+03 4.746481999911591629e+03
3.796678726314047708e+03 4.542230754461748802e+03
3.602661914536155109e+03 4.355648723026406515e+03
3.429687302826412179e+03 4.192845578045378716e+03
3.279410918046950883e+03 4.056217616494325284e+03
3.149220791627916242e+03 3.942840961689246342e+03
3.032543979139378735e+03 3.844691782136069378e+03
2.921245055793216579e+03 3.751502557386748776e+03
2.808263494125558282e+03 3.654078350529870477e+03
2.688741556896615293e+03 3.545858377079077854e+03
2.560609742469934645e+03 3.423869234757905815e+03
2.425860376558169264e+03 3.290586152830977881e+03
2.290659587223417020e+03 3.154164164574056031e+03
2.162451632607857846e+03 3.024546580015527070e+03
2.046516501307137560e+03 2.908826786405500116e+03
1.944830089174513205e+03 2.809731755386709210e+03
1.855943979544692411e+03 2.725473952336165439e+03
1.775066579475373373e+03 2.649810669621640500e+03
1.696090656757541183e+03 2.574662257125036831e+03
1.614604421732487253e+03 2.494138197821805988e+03
1.529499098116748200e+03 2.406791056119648147e+03
1.443556738643319477e+03 2.316456106320119943e+03
1.361592986536031958e+03 2.229686848579211983e+03
1.287139776519790757e+03 2.151240858094942269e+03
1.220822563928764339e+03 2.081955920232358039e+03
1.160594869831156757e+03 2.019140653388056535e+03
1.102708422475680663e+03 1.957900270450750213e+03
1.044545625000509972e+03 1.894888592222502893e+03
9.862320979819467084e+02 1.830402237502074058e+03
9.298344410154160187e+02 1.767245288441595676e+03
8.776588212245026170e+02 1.708432502046814761e+03
8.301691925208632483e+02 1.654540372811205998e+03
7.858838056257238804e+02 1.603694034632401099e+03
7.430659479264594438e+02 1.553774066382544561e+03
7.010621839197441432e+02 1.504070152264365106e+03
6.606618742211005610e+02 1.455633802042249272e+03
6.229228175394119944e+02 1.409766742447741535e+03
5.879035851066988698e+02 1.366529049806113335e+03
5.548087097087098982e+02 1.325003519079284615e+03
5.229716959071233759e+02 1.284474967614568186e+03
4.924941471036381131e+02 1.245109042417710498e+03
4.637846400350003364e+02 1.207374685978443040e+03
4.369002605090532825e+02 1.171329509102966767e+03
4.114573353125629183e+02 1.136578663877990493e+03
3.872203004648110323e+02 1.102903900581813332e+03
3.642615399557504361e+02 1.070391455968506307e+03
3.426626127214858570e+02 1.039117564726215278e+03
3.222911539933630820e+02 1.008955217560097026e+03
3.029963014602642488e+02 9.797710353018444494e+02
2.847622780747411753e+02 9.515501151797772081e+02
2.675856556461853870e+02 9.242808724199263679e+02
2.513862378475646437e+02 8.978895671481012641e+02
2.360921747295093098e+02 8.723122265976703602e+02
2.216711288543473870e+02 8.475155212644023095e+02
2.080828021108465293e+02 8.234571942230724062e+02
1.952822553866905082e+02 8.000904714145302705e+02
1.832267223674335810e+02 7.773719462946847898e+02
1.718755793829537595e+02 7.552614495586494741e+02
1.611902485989470222e+02 7.337218512213286203e+02
1.511341049916504460e+02 7.127188789979145440e+02
1.416724904895016266e+02 6.922201527008855919e+02
1.327728597383547537e+02 6.721930344980244172e+02
1.244043281850435676e+02 6.526070526048175680e+02
1.165375114917729746e+02 6.334344753666200631e+02
1.091444678665324375e+02 6.146501644894759693e+02
1.021986414256413553e+02 5.962314388811749950e+02
9.567480667407919270e+01 5.781579476461868126e+02
8.954901347248497245e+01 5.604115708601588040e+02
8.379849472893737072e+01 5.429774600465277672e+02
7.840160659900082862e+01 5.258443804002854449e+02
7.333784529123911966e+01 5.090027628244581592e+02
6.858780023593803321e+01 4.924444522891443512e+02
6.413310296127265531e+01 4.761626268901517847e+02
5.995637783063185822e+01 4.601517183650009315e+02
5.604119461335754693e+01 4.444073336874578786e+02
5.237202253524513651e+01 4.289265677348533927e+02
4.893418294570126648e+01 4.137123262856557062e+02
4.571380956631959691e+01 3.987709483578758523e+02
4.269781102371165105e+01 3.841085056616876159e+02
3.987383187726862843e+01 3.697307103516668576e+02
3.723021523126718790e+01 3.556428969909462694e+02
3.475596694807003928e+01 3.418500059381839833e+02
3.244072141623779260e+01 3.283565682262740779e+02
3.027470740974498042e+01 3.151675620908425799e+02
2.824871241215853956e+01 3.022913079458047605e+02
2.635405888415886011e+01 2.897359977159599680e+02
2.458257761439733002e+01 2.775084489278452224e+02
2.292658020156646259e+01 2.656141617353051174e+02
2.137883285629269636e+01 2.540573788088978517e+02
1.993253147239663292e+01 2.428411473817637898e+02
1.858127790595093032e+01 2.319673869036128053e+02
1.731905617101233119e+01 2.214373896175152652e+02
1.614021036155241617e+01 2.112521715110166838e+02
1.503942693149387466e+01 2.014116749029933260e+02
1.401171554230471905e+01 1.919147503199274070e+02
1.305239059901316701e+01 1.827592426337663483e+02
1.215705375042114689e+01 1.739420758401758462e+02
1.132157730991663591e+01 1.654593360205038550e+02
1.054208849205620879e+01 1.573063486999257634e+02
9.814953608399829221e+00 1.494777047797370528e+02
9.136764494466824260e+00 1.419673579004992803e+02
8.504326165299866958e+00 1.347687488178216029e+02
7.914644185511745533e+00 1.278748738424334590e+02
7.364912707669396319e+00 1.212783482536461008e+02
