2.268226174061652273e+04 2.242759796942039611e+04
2.301861972612859972e+04 2.275345674454988693e+04
2.335104693505759860e+04 2.307512396580022323e+04
2.367894529741890801e+04 2.339201436093279699e+04
2.400170134502385554e+04 2.370352868885983116e+04
2.431867432736679257e+04 2.400904286990070614e+04
2.462918624274438480e+04 2.430789892206581499e+04
2.493254338783572530e+04 2.459942497974991784e+04
2.522803620281850453e+04 2.488293549882718798e+04
2.551491713200197773e+04 2.515771228488239649e+04
2.579241763389533662e+04 2.542301950341106203e+04
2.605976097627238778e+04 2.567811502865588045e+04
2.631614774753494203e+04 2.592223850258389211e+04
2.656075116274750690e+04 2.615460770101095841e+04
2.679274112533249718e+04 2.637443919364349131e+04
2.701128315199902136e+04 2.658094792641436652e+04
2.721551821292975364e+04 2.677333121176867644e+04
2.740458531374646554e+04 2.695078759839845952e+04
2.757763353572366395e+04 2.711252719048996369e+04
2.773381362278882807e+04 2.725776684635632046e+04
2.787228093715315481e+04 2.738573317980784486e+04
2.799221253307605366e+04 2.749567522136033585e+04
2.809281197488691396e+04 2.758687015787412020e+04
2.817331304857412761e+04 2.765863083762583847e+04
2.823298528020432786e+04 2.771030638900274789e+04
2.827114038742066623e+04 2.774128700993826351e+04
2.828716058661733769e+04 2.775103537005968974e+04
2.828049878063020878e+04 2.773908547048710534e+04
2.825066275088365364e+04 2.770502302953914841e+04
2.819724901197939471e+04 2.764851983576089333e+04
2.812000051381328012e+04 2.756939299440469404e+04
2.801873882212161698e+04 2.746753344466643466e+04
2.789336357076621425e+04 2.734290431791420997e+04
2.774397694864449659e+04 2.719566664686106014e+04
2.757083285711047574e+04 2.702612713785644883e+04
2.737425144167653343e+04 2.683465089804819945e+04
2.715473109144929549e+04 2.662177431268035798e+04
2.691306928950542715e+04 2.638832703708573172e+04
2.665014015793280487e+04 2.613520681753683311e+04
2.636689428540770314e+04 2.586337967458769708e+04
2.606460823551223075e+04 2.557413541620906472e+04
2.574471480984941081e+04 2.526891452101964387e+04
2.540865217142119945e+04 2.494915435133345454e+04
2.505811185265546737e+04 2.461654862024724935e+04
2.469517324830571670e+04 2.427318926511334939e+04
2.432189150944684297e+04 2.392113827325909733e+04
2.394025371427935170e+04 2.356238806686803218e+04
2.355219317641786984e+04 2.319890131027593452e+04
2.315956592583769088e+04 2.283256777573353247e+04
2.276414682572556558e+04 2.246519106310016650e+04
2.236798342171422337e+04 2.209888270141609610e+04
2.197345452858396675e+04 2.173613122714817655e+04
2.158281218319291656e+04 2.137929796194846858e+04
2.119809338986037983e+04 2.103054372962106936e+04
2.082092256965058186e+04 2.069168593299011991e+04
2.045273025615751612e+04 2.036436388393508969e+04
2.009472195664914761e+04 2.004998824140538636e+04
1.974665741121924657e+04 1.974849794783211473e+04
1.940743512797019503e+04 1.945894386398748975e+04
1.907594314624966501e+04 1.918034634281693434e+04
1.875039971295534997e+04 1.891097267340336475e+04
1.842864972881089125e+04 1.864864846259053593e+04
1.810857549474809639e+04 1.839118642613880729e+04
1.778766286196134752e+04 1.813584798601076909e+04
1.746338933850257672e+04 1.787980388550871794e+04
1.713316081855358425e+04 1.762001233550094548e+04
1.679417729794913612e+04 1.735302093136798067e+04
1.644377585691637796e+04 1.707540804956674401e+04
1.607910985984471699e+04 1.678328935521193853e+04
1.569758421215741146e+04 1.647291921671454838e+04
1.529729495785798827e+04 1.614112816208383447e+04
1.487699947459650866e+04 1.578537725755419706e+04
1.443713748900053542e+04 1.540503896441737743e+04
1.397951266178616061e+04 1.500110478671437522e+04
1.350794630483788569e+04 1.457714161517556204e+04
1.302761482019001051e+04 1.413855925902339732e+04
1.254497017142400910e+04 1.369266219129952515e+04
1.206679719223145003e+04 1.324747928793093706e+04
1.159989352245748159e+04 1.281142886262815773e+04
1.115042246377685296e+04 1.239245809252904837e+04
1.072378254911040676e+04 1.199787831536006161e+04
1.032424701556371656e+04 1.163382319315406312e+04
9.954902892833513761e+03 1.130518462717118382e+04
9.616876223113655215e+03 1.101445869580247927e+04
9.309155641449293398e+03 1.076141850393436107e+04
9.027568098874260613e+03 1.054143706216991086e+04
8.765605736685423835e+03 1.034637262716305486e+04
8.514343408850847482e+03 1.016403281421471547e+04
8.264535258523639641e+03 9.980965059051399294e+03
8.007550423643383510e+03 9.783701743915253246e+03
7.737105901987653851e+03 9.561500669911838486e+03
7.449877905995134824e+03 9.307656171922151771e+03
7.146129303959392018e+03 9.020902924489500947e+03
6.829985081353956957e+03 8.706334338239534191e+03
6.508649527601874070e+03 8.374483836839935975e+03
6.191213036827823089e+03 8.039563209973948688e+03
5.887073399778905696e+03 7.716905506183696161e+03
5.604458490138961679e+03 7.420464861804202883e+03
5.349294510394694043e+03 7.160868730039155707e+03
5.123778619882466046e+03 6.942940968470388725e+03
4.924934701726567255e+03 6.763010187758209213e+03
4.744556950629436869e+03 6.608273068288915965e+03
4.571747951111905422e+03 6.460516528420594113e+03
4.396781198186129586e+03 6.302563229915942429e+03
4.213434523919912863e+03 6.122687207370584474e+03
4.019502979665694056e+03 5.916127090204176056e+03
3.817554877110103462e+03 5.687002476988651324e+03
3.615326323710291490e+03 5.449340605098761444e+03
3.422835879724139886e+03 5.221772714622567037e+03
3.247505796217021725e+03 5.018393415584920149e+03
3.091802575068117221e+03 4.844293406969494754e+03
2.953524968447205993e+03 4.695981539120874913e+03
2.826376742732076309e+03 4.562230005648184488e+03
2.702173377211445768e+03 4.427946371431422449e+03
2.574934118921750269e+03 4.281890618628021002e+03
2.443401760222199300e+03 4.121764346190690048e+03
2.311167813673981982e+03 3.954653630995233925e+03
2.184808489200970143e+03 3.793356108182649223e+03
2.069353083820932170e+03 3.647600462375580719e+03
1.965425345766649116e+03 3.518699170688992581e+03
1.870162471162151178e+03 3.401422078109964332e+03
1.778410327118520399e+03 3.286331902971102863e+03
1.686592539965266269e+03 3.167063862818742109e+03
1.594965290517962785e+03 3.044486010244813770e+03
1.506479657483748269e+03 2.924372721099384762e+03
1.424215593821739731e+03 2.812483191329959936e+03
1.348839894542806405e+03 2.710024876024800051e+03
1.278210265519944187e+03 2.613248354523146190e+03
1.209863507656220463e+03 2.518044441459538120e+03
1.142983121523437831e+03 2.423315107211414670e+03
1.078681489508498316e+03 2.331207278268075243e+03
1.018439026580767404e+03 2.244274859383764579e+03
9.623142776787047978e+02 2.162612909166943609e+03
9.091249490995888891e+02 2.084407110794707023e+03
8.579567949708147125e+02 2.008402595656733638e+03
8.089594478422517341e+02 1.934980522063732224e+03
7.627329680952249191e+02 1.865076217716028850e+03
7.193242475013313424e+02 1.798753526206032348e+03
6.781698096689074191e+02 1.735274314567871670e+03
6.389348377376614962e+02 1.674262720618762387e+03
6.017316490736862988e+02 1.615893166879882074e+03
5.666686260675008953e+02 1.560281107784324377e+03
5.335422140875645027e+02 1.507173330861712657e+03
5.021305243960496796e+02 1.456319992655314536e+03
4.724122210046681971e+02 1.407676066594738813e+03
4.443756588980721176e+02 1.361184874177123220e+03
4.178977763949180257e+02 1.316684105414289434e+03
3.928702339197693618e+02 1.274029003905809304e+03
3.692414332530692036e+02 1.233122803967724394e+03
3.469473470124778487e+02 1.193856601424839482e+03
3.259189980577673964e+02 1.156101112655011775e+03
3.060898755279183092e+02 1.119734620447529551e+03
2.873966195152308956e+02 1.084645555819831316e+03
2.697788931584178158e+02 1.050731710540859467e+03
2.531792673773949787e+02 1.017899363633326288e+03
2.375434151368486653e+02 9.860563046577499335e+02
2.228199893492807178e+02 9.551103277618567517e+02
2.089600483778778539e+02 9.249774727793155762e+02
1.959169408597868767e+02 8.955820708382381099e+02
1.836462240562166244e+02 8.668562354361708913e+02
1.721055831303645220e+02 8.387394080057781593e+02
1.612547515232821240e+02 8.111779494701894464e+02
1.510554206203140666e+02 7.841265327680248447e+02
1.414710862057430063e+02 7.575597220447865539e+02
1.324670454787311655e+02 7.314623960491370553e+02
1.240103715328767748e+02 7.058220939967042113e+02
1.160698363608781420e+02 6.806288033889763938e+02
1.086158358755785400e+02 6.558747995583205466e+02
1.016203172994449631e+02 6.315544867125910287e+02
9.505670890960895747e+01 6.076642523704566656e+02
8.889984682581554409e+01 5.842085943579337481e+02
8.312590303186750873e+01 5.612086212346337106e+02
7.771233651839501988e+01 5.386859210445071540e+02
7.263783415035818791e+01 5.166596845512076470e+02
6.788225127488563260e+01 4.951467600835569556e+02
6.342655464386837139e+01 4.741617163184924948e+02
5.925276760321299463e+01 4.537169121723201783e+02
5.534391714176154409e+01 4.338227233897143265e+02
5.168397672372435636e+01 4.144905505007224633e+02
4.825782056654047381e+01 3.957321013580807403e+02
4.505118500345842136e+01 3.775562521059065375e+02
4.205062396460130714e+01 3.599690963409576625e+02
3.924346614187906113e+01 3.429741307432693134e+02
3.661777409602014899e+01 3.265724418083125329e+02
3.416230524020606651e+01 3.107628920987261267e+02
3.186647354974144619e+01 2.955422529932783391e+02
2.972030976514962930e+01 2.809051707311559767e+02
2.771443296104931164e+01 2.668445824548764449e+02
2.584002047124744905e+01 2.533519921213769237e+02
2.408877695588650525e+01 2.404176279478535889e+02
2.245290500827214331e+01 2.280305933666685974e+02
2.092507723975846901e+01 2.161790111091897586e+02
1.949840976915173130e+01 2.048501577592043361e+02
1.816643593333196094e+01 1.940303552491909329e+02
1.692308186444511975e+01 1.837049516440834509e+02
1.576264622645326163e+01 1.738589082771361518e+02
1.467977892108952176e+01 1.644769446618427935e+02
1.366946066028111417e+01 1.555436198878605865e+02
1.272698363452056114e+01 1.470434075047014346e+02
1.184793322526849657e+01 1.389607640495651708e+02
